#x u 
0.0 4.511752184078217e+26 2.068084624542748e+19 
3134.796238244514 -1.1290737503272635e+25 -5.1754173716961517e+17 
6269.592476489028 2.7785784051762684e+23 1.2736371687501716e+16 
9404.38871473354 -1.1648249309875363e+22 -533929265565443.94 
12539.184952978056 -4.5236892965899663e+21 -207355632553171.28 
15673.98119122257 -4.822362355809076e+21 -221046126542416.53 
18808.777429467085 -4.938354389078416e+21 -226362937632448.62 
21943.5736677116 -5.062004705887343e+21 -232030787031278.72 
25078.369905956115 -5.188629177385974e+21 -237834964920033.0 
28213.16614420063 -5.318424169863476e+21 -243784472278945.34 
31347.962382445145 -5.451465943656504e+21 -249882804712155.47 
34482.75862068966 -5.587835794150799e+21 -256133688617432.72 
37617.55485893417 -5.72761697218934e+21 -262540940020488.97 
40752.35109717868 -5.870894813064321e+21 -269108470497890.06 
43887.14733542319 -6.017756786703199e+21 -275840289473095.16 
47021.943573667704 -6.168292551141542e+21 -282740506665312.56 
50156.739811912215 -6.322594007214531e+21 -289813334600351.7 
53291.53605015673 -6.480755354690498e+21 -297063091181018.4 
56426.33228840124 -6.642873149750531e+21 -304494202324467.56 
59561.12852664575 -6.809046363972011e+21 -312111204662504.4 
62695.92476489026 -6.979376444733887e+21 -319918748311893.75 
65830.72100313478 -7.153967377140397e+21 -327921599713635.44 
68965.51724137929 -7.332925747519184e+21 -336124644542099.7 
72100.3134796238 -7.516360808475743e+21 -344532890688408.75 
75235.10971786831 -7.704384545588662e+21 -353151471317829.0 
78369.90595611282 -7.89711174580072e+21 -361985648002389.06 
81504.70219435733 -8.094660067482774e+21 -371040813933602.0 
84639.49843260185 -8.297150112246454e+21 -380322497215734.8 
87774.29467084636 -8.504705498591027e+21 -389836364239725.1 
90909.09090909087 -8.71745293736921e+21 -399588223142572.06 
94043.88714733538 -8.935522309132689e+21 -409584027353629.6 
97178.68338557989 -9.159046743424542e+21 -419829879229065.06 
100313.4796238244 -9.388162700064716e+21 -430332033776789.0 
103448.27586206891 -9.62301005245807e+21 -441096902475068.9 
106583.07210031342 -9.863732172973763e+21 -452131057187238.25 
109717.86833855794 -1.0110476020475515e+22 -463441234173648.25 
112852.66457680245 -1.0363392230042026e+22 -475034338203948.6 
115987.46081504696 -1.0622635204927688e+22 -486917446772426.3 
119122.25705329147 -1.0888363210825072e+22 -499097814418734.3 
122257.05329153598 -1.1160738472487643e+22 -511582877156591.8 
125391.84952978049 -1.1439927272765544e+22 -524380257013467.4 
128526.645768025 -1.1726100054113962e+22 -537497766684030.6 
131661.44200626953 -1.2019431522647383e+22 -550943414299716.6 
134796.23824451404 -1.2320100754802273e+22 -564725408317342.1 
137931.03448275855 -1.2628291306662803e+22 -578852162530257.9 
141065.83072100306 -1.2944191326016139e+22 -593332301205087.6 
144200.62695924757 -1.3267993667212178e+22 -608174664346909.2 
147335.42319749208 -1.3599896008902658e+22 -623388313095860.2 
150470.2194357366 -1.3940100974726047e+22 -638982535258719.0 
153605.0156739811 -1.4288816257005353e+22 -654966850979136.2 
156739.81191222562 -1.464625474353888e+22 -671351018549776.4 
159874.60815047013 -1.5012634647566794e+22 -688145040369655.0 
163009.40438871464 -1.5388179640991208e+22 -705359169050403.2 
166144.20062695915 -1.5773118990927408e+22 -723003913675332.5 
169278.99686520366 -1.616768769966913e+22 -741090046215164.0 
172413.79310344817 -1.657212664815375e+22 -759628608104307.8 
175548.58934169268 -1.6986682743017125e+22 -778630916981617.2 
178683.3855799372 -1.7411609067328874e+22 -798108573599669.8 
181818.1818181817 -1.7847165035098682e+22 -818073468906883.9 
184952.97805642622 -1.8293616549645943e+22 -838537791306858.1 
188087.77429467073 -1.875123616593095e+22 -859514034099323.0 
191222.57053291524 -1.92203032569476e+22 -881015003107187.0 
194357.36677115975 -1.9701104184279106e+22 -903053824494351.6 
197492.16300940426 -2.0193932472919284e+22 -925643952779129.0 
200626.95924764877 -2.069908899046617e+22 -948799179048155.0 
203761.75548589329 -2.1216882130799007e+22 -972533639375753.5 
206896.5517241378 -2.1747628002350402e+22 -996861823453867.9 
210031.3479623823 -2.2291650621088524e+22 -1021798583437875.2 
213166.14420062682 -2.284928210832673e+22 -1047359143013686.0 
216300.94043887133 -2.3420862893480837e+22 -1073559106691671.9 
219435.73667711584 -2.4006741921897954e+22 -1100414469333115.8 
222570.53291536035 -2.460727686788406e+22 -1127941625914980.2 
225705.32915360486 -2.5222834353060937e+22 -1156157381538906.0 
228840.12539184937 -2.5853790170186437e+22 -1185078961690561.8 
231974.9216300939 -2.6500529512573024e+22 -1214724022755643.0 
235109.7178683384 -2.7163447209245276e+22 -1245110662798952.8 
238244.5141065829 -2.78429479659791e+22 -1276257432613144.8 
241379.31034482742 -2.8539446612371087e+22 -1308183347043839.2 
244514.10658307193 -2.9253368355088807e+22 -1340907896598009.2 
247648.90282131644 -2.9985149037456424e+22 -1374451059342766.2 
250783.69905956095 -3.0735235405533978e+22 -1408833313101765.2 
253918.49529780546 -3.1504085380852183e+22 -1444075647956759.5 
257053.29153604998 -3.229216833996868e+22 -1480199579061920.8 
260188.0877742945 -3.3099965401017635e+22 -1517227159778694.5 
263322.884012539 -3.3927969717428534e+22 -1555180995139191.2 
266457.6802507835 -3.4776686778993514e+22 -1594084255646317.5 
269592.476489028 -3.564663472046551e+22 -1633960691419143.0 
272727.27272727253 -3.6538344637874833e+22 -1674834646692160.2 
275862.06896551704 -3.7452360912758295e+22 -1716731074677278.8 
278996.86520376155 -3.838924154449895e+22 -1759675552797578.2 
282131.66144200607 -3.934955849098033e+22 -1803694298302106.8 
285266.4576802506 -4.033389801776248e+22 -1848814184271270.8 
288401.2539184951 -4.134286105599252e+22 -1895062756022613.8 
291536.0501567396 -4.237706356926816e+22 -1942468247927020.8 
294670.8463949841 -4.343713692967798e+22 -1991059600645560.5 
297805.6426332286 -4.45237283032488e+22 -2040866478797542.0 
300940.43887147313 -4.563750104503538e+22 -2091919289070503.2 
304075.23510971764 -4.677913510409311e+22 -2144249198783258.5 
307210.03134796215 -4.794932743858121e+22 -2197888154913274.2 
310344.82758620667 -4.9148792441250125e+22 -2252868903600032.5 
313479.6238244512 -5.037826237557248e+22 -2309225010136281.0 
316614.4200626957 -5.163848782278373e+22 -2366990879459369.0 
319749.2163009402 -5.293023814010593e+22 -2426201777155178.0 
322884.0125391847 -5.425430193043372e+22 -2486893850987469.0 
326018.8087774292 -5.5611487523769925e+22 -2549104152965795.0 
329153.60501567373 -5.7002623470704425e+22 -2612870661965461.5 
332288.40125391824 -5.84285590482373e+22 -2678232306913293.5 
335423.19749216276 -5.989016477825545e+22 -2745228990553432.0 
338557.99373040727 -6.138833295897939e+22 -2813901613807621.5 
341692.7899686518 -6.292397820970375e+22 -2884292100744895.0 
344827.5862068963 -6.449803802916466e+22 -2956443424175862.5 
347962.3824451408 -6.611147336787508e+22 -3030399631887263.5 
351097.1786833853 -6.776526921477696e+22 -3106205873532789.0 
354231.9749216298 -6.946043519856887e+22 -3183908428196553.0 
357366.77115987433 -7.1198006204076195e+22 -3263554732646101.5 
360501.56739811884 -7.297904300403966e+22 -3345193410292161.0 
363636.36363636336 -7.480463290670842e+22 -3428874300872827.5 
366771.15987460787 -7.667589041963253e+22 -3514648490880321.0 
369905.9561128524 -7.859395793006095e+22 -3602568344748857.5 
373040.7523510969 -8.056000640235909e+22 -3692687536822714.0 
376175.5485893414 -8.257523609287332e+22 -3785061084123973.0 
379310.3448275859 -8.464087728267727e+22 -3879745379939947.0 
382445.1410658304 -8.67581910286482e+22 -3976798228250826.0 
385579.93730407493 -8.892846993333236e+22 -4076278879018518.5 
388714.73354231945 -9.115303893406705e+22 -4178248064358280.0 
391849.52978056396 -9.343325611184493e+22 -4282768035615158.5 
394984.32601880847 -9.577051352041064e+22 -4389902601367926.5 
398119.122257053 -9.816623803609882e+22 -4499717166383702.5 
401253.9184952975 -1.0062189222892975e+23 -4612278771546988.0 
404388.714733542 -1.0313897525549626e+23 -4727656134787597.0 
407523.5109717865 -1.057190237741868e+23 -4845919693032398.0 
410658.307210031 -1.083636128833022e+23 -4967141645206439.0 
413793.10344827553 -1.1107435708264042e+23 -5091395996309827.0 
416927.89968652005 -1.1385291125913523e+23 -5218758602597166.0 
420062.69592476456 -1.1670097169715176e+23 -5349307217887165.0 
423197.49216300907 -1.1962027711405277e+23 -5483121541030687.0 
426332.2884012536 -1.2261260972167214e+23 -5620283264566253.0 
429467.0846394981 -1.2567979631434022e+23 -5760876124592681.0 
432601.8808777426 -1.2882370938412667e+23 -5904985951889250.0 
435736.6771159871 -1.3204626826398145e+23 -6052700724314696.0 
438871.4733542316 -1.353494402994719e+23 -6204110620516982.0 
442006.26959247614 -1.3873524204983045e+23 -6359308074986596.0 
445141.06583072065 -1.4220574051904773e+23 -6518387834487033.0 
448275.86206896516 -1.4576305441776134e+23 -6681447015896949.0 
451410.65830720967 -1.4940935545671108e+23 -6848585165499186.0 
454545.4545454542 -1.5314686967255093e+23 -7019904319752965.0 
457680.2507836987 -1.569778787868257e+23 -7195509067586279.0 
460815.0470219432 -1.6090472159894238e+23 -7375506614246604.0 
463949.8432601877 -1.649297954139893e+23 -7560006846748807.0 
467084.6394984322 -1.6905555750626987e+23 -7749122400960255.0 
470219.43573667674 -1.73284526619449e+23 -7942968730364059.0 
473354.23197492125 -1.7761928450422514e+23 -8141664176542531.0 
476489.02821316576 -1.8206247749446747e+23 -8345330041423667.0 
479623.82445141027 -1.86616818122781e+23 -8554090661335025.0 
482758.6206896548 -1.9128508677648525e+23 -8768073482909990.0 
485893.4169278993 -1.9607013339501802e+23 -8987409140892937.0 
489028.2131661438 -2.0097487920979984e+23 -9212231537890636.0 
492163.0094043883 -2.0600231852762076e+23 -9442677926118670.0 
495297.8056426328 -2.111555205586416e+23 -9678888991192802.0 
498432.60188087734 -2.1643763129011907e+23 -9921008938016358.0 
501567.39811912185 -2.2185187540700704e+23 -1.016918557881616e+16 
504702.19435736636 -2.2740155826059942e+23 -1.042357042338066e+16 
507836.99059561087 -2.330900678864203e+23 -1.0684318771555432e+16 
510971.7868338554 -2.3892087707258958e+23 -1.0951589808052378e+16 
514106.5830720999 -2.4489754547993407e+23 -1.1225546699630736e+16 
517241.3793103444 -2.510237218151288e+23 -1.1506356694709002e+16 
520376.1755485889 -2.5730314605820373e+23 -1.179419122546875e+16 
523510.9717868334 -2.637396517457707e+23 -1.208922601251256e+16 
526645.768025078 -2.7033716831136564e+23 -1.2391641172139962e+16 
529780.5642633225 -2.7709972348433428e+23 -1.2701621326306964e+16 
532915.360501567 -2.840314457487287e+23 -1.301935571533621e+16 
536050.1567398115 -2.911365668637113e+23 -1.3345038313446646e+16 
539184.952978056 -2.9841942444701198e+23 -1.3678867947173202e+16 
542319.7492163006 -3.0588446462300464e+23 -1.4021048416748742e+16 
545454.5454545451 -3.135362447370305e+23 -1.437178862052241e+16 
548589.3416927896 -3.2137943613762045e+23 -1.4731302682490348e+16 
551724.1379310341 -3.294188270283139e+23 -1.5099810083016594e+16 
554858.9341692786 -3.3765932539081714e+23 -1.5477535792824024e+16 
557993.7304075231 -3.461059619812863e+23 -1.5864710410337248e+16 
561128.5266457676 -3.547638934015633e+23 -1.626157030246093e+16 
564263.3228840121 -3.636384052472378e+23 -1.666835774887985e+16 
567398.1191222566 -3.72734915334458e+23 -1.7085321089968624e+16 
570532.9153605012 -3.8205897700746444e+23 -1.7512714878401466e+16 
573667.7115987457 -3.9161628252886084e+23 -1.7950800034554498e+16 
576802.5078369902 -4.014126665546926e+23 -1.839984400579554e+16 
579937.3040752347 -4.114541096964577e+23 -1.8860120929758436e+16 
583072.1003134792 -4.2174674217221896e+23 -1.933191180170191e+16 
586206.8965517237 -4.322968475490515e+23 -1.9815504646054724e+16 
589341.6927899682 -4.431108665791091e+23 -2.0311194692252224e+16 
592476.4890282127 -4.541954011316487e+23 -2.081928455497156e+16 
595611.2852664572 -4.6555721822342034e+23 -2.1340084418875456e+16 
598746.0815047018 -4.772032541498728e+23 -2.1873912227977284e+16 
601880.8777429463 -4.891406187197041e+23 -2.242109387974331e+16 
605015.6739811908 -5.0137659959534235e+23 -2.298196342405045e+16 
608150.4702194353 -5.139186667420015e+23 -2.3556863267120788e+16 
611285.2664576798 -5.2677447698803565e+23 -2.414614438055796e+16 
614420.0626959243 -5.399518786993686e+23 -2.475016651561232e+16 
617554.8589341688 -5.5345891657085593e+23 -2.53692984228061e+16 
620689.6551724133 -5.6730383653750663e+23 -2.600391807705258e+16 
623824.4514106578 -5.814950908085548e+23 -2.665441290840658e+16 
626959.2476489024 -5.9604134302746515e+23 -2.7321180038587424e+16 
630094.0438871469 -6.109514735610173e+23 -2.8004626523418348e+16 
633228.8401253914 -6.262345849206961e+23 -2.8705169601330852e+16 
636363.6363636359 -6.419000073196962e+23 -2.942323694808518e+16 
639498.4326018804 -6.57957304368945e+23 -3.015926693786287e+16 
642633.2288401249 -6.744162789156039e+23 -3.0913708910890704e+16 
645768.0250783694 -6.912869790276275e+23 -3.168702344775895e+16 
648902.8213166139 -7.085797041280277e+23 -3.2479682650602316e+16 
652037.6175548584 -7.26305011282583e+23 -3.3292170431314116e+16 
655172.413793103 -7.444737216448408e+23 -3.4124982806970644e+16 
658307.2100313475 -7.630969270623435e+23 -3.497862820264534e+16 
661442.006269592 -7.821859968481084e+23 -3.5853627761798424e+16 
664576.8025078365 -8.017525847215009e+23 -3.675051566443031e+16 
667711.598746081 -8.218086359227342e+23 -3.766983945319438e+16 
670846.3949843255 -8.42366394505337e+23 -3.861216036766697e+16 
673981.19122257 -8.634384108110486e+23 -3.9578053686979704e+16 
677115.9874608145 -8.850375491317002e+23 -4.056810908102251e+16 
680250.783699059 -9.071769955627534e+23 -4.158293097043222e+16 
683385.5799373036 -9.298702660533089e+23 -4.262313889558664e+16 
686520.3761755481 -9.5313121465748e+23 -4.368936789482842e+16 
689655.1724137926 -9.769740419921794e+23 -4.478226889215108e+16 
692789.9686520371 -1.0014133039064736e+24 -4.5902509094582584e+16 
695924.7648902816 -1.0264639203678122e+24 -4.70507723995096e+16 
699059.5611285261 -1.0521411845705438e+24 -4.822775981219128e+16 
702194.3573667706 -1.078460772272284e+24 -4.943418987371716e+16 
705329.1536050151 -1.1054387513638349e+24 -5.0670799099670744e+16 
708463.9498432596 -1.1330915916785074e+24 -5.193834242976598e+16 
711598.7460815042 -1.1614361750468102e+24 -5.323759368873188e+16 
714733.5423197487 -1.1904898056026693e+24 -5.456934605872586e+16 
717868.3385579932 -1.2202702203474598e+24 -5.5934412563565176e+16 
721003.1347962377 -1.2507955999782986e+24 -5.7333626565071e+16 
724137.9310344822 -1.282084579987208e+24 -5.876784227182911e+16 
727272.7272727267 -1.3141562620379341e+24 -6.023793526067711e+16 
730407.5235109712 -1.34703022562735e+24 -6.174480301123683e+16 
733542.3197492157 -1.3807265400385793e+24 -6.3289365453818296e+16 
736677.1159874602 -1.4152657765931268e+24 -6.4872565531029544e+16 
739811.9122257048 -1.4506690212095013e+24 -6.649536977343517e+16 
742946.7084639493 -1.4869578872759908e+24 -6.815876888961533e+16 
746081.5047021938 -1.5241545288454646e+24 -6.986377837098541e+16 
749216.3009404383 -1.5622816541602313e+24 -7.1611439111744744e+16 
752351.0971786828 -1.6013625395152437e+24 -7.340281804433411e+16 
755485.8934169273 -1.6414210434680714e+24 -7.523900879078917e+16 
758620.6896551718 -1.6824816214043637e+24 -7.712113233038762e+16 
761755.4858934163 -1.724569340467647e+24 -7.905033768399765e+16 
764890.2821316608 -1.7677098948626288e+24 -8.10278026155459e+16 
768025.0783699054 -1.8119296215412835e+24 -8.305473435103286e+16 
771159.8746081499 -1.8572555162813504e+24 -8.513237031553406e+16 
774294.6708463944 -1.9037152501670264e+24 -8.726197888863755e+16 
777429.4670846389 -1.9513371864819357e+24 -8.944486017877958e+16 
780564.2633228834 -2.000150398024681e+24 -9.168234681694981e+16 
783699.0595611279 -2.0501846848575496e+24 -9.397580477025182e+16 
786833.8557993724 -2.1014705924992075e+24 -9.632663417581456e+16 
789968.6520376169 -2.1540394305724777e+24 -9.873627019556459e+16 
793103.4482758614 -2.2079232919186115e+24 -1.0120618389238043e+17 
796238.244514106 -2.2631550721897018e+24 -1.0373788312816413e+17 
799373.0407523505 -2.3197684899312025e+24 -1.0633291348437896e+17 
802507.836990595 -2.377798107166835e+24 -1.0899285920561381e+17 
805642.6332288395 -2.437279350498403e+24 -1.1171934416675176e+17 
808777.429467084 -2.498248532733451e+24 -1.1451403286433163e+17 
811912.2257053285 -2.560742875053925e+24 -1.1737863143270998e+17 
815047.021943573 -2.624800529739397e+24 -1.2031488868564147e+17 
818181.8181818175 -2.6904606034587247e+24 -1.2332459718391598e+17 
821316.614420062 -2.75776318114435e+24 -1.2640959432970165e+17 
824451.4106583066 -2.8267493504638067e+24 -1.2957176348826363e+17 
827586.2068965511 -2.8974612269034095e+24 -1.3281303513774347e+17 
830721.0031347956 -2.9699419794794086e+24 -1.3613538804769902e+17 
833855.7993730401 -3.044235857092315e+24 -1.3954085048712827e+17 
836990.5956112846 -3.120388215540499e+24 -1.4303150146270995e+17 
840125.3918495291 -3.198445545209528e+24 -1.466094719880208e+17 
843260.1880877736 -3.2784554994541543e+24 -1.5027694638450054e+17 
846394.9843260181 -3.360466923690303e+24 -1.5403616361496294e+17 
849529.7805642626 -3.4445298852147756e+24 -1.5788941865046323e+17 
852664.5768025072 -3.530695703770936e+24 -1.6183906387135958e+17 
855799.3730407517 -3.6190169828790006e+24 -1.6588751050342246e+17 
858934.1692789962 -3.7095476419500507e+24 -1.7003723008986762e+17 
862068.9655172407 -3.802342949203362e+24 -1.74290756000212e+17 
865203.7617554852 -3.897459555407213e+24 -1.786506849768755e+17 
868338.5579937297 -3.9949555284637063e+24 -1.8311967872047046e+17 
871473.3542319742 -4.0948903888587607e+24 -1.877004655147491e+17 
874608.1504702187 -4.19732514599885e+24 -1.923958418921969e+17 
877742.9467084632 -4.3023223354567684e+24 -1.9720867434129306e+17 
880877.7429467078 -4.409946057149054e+24 -2.0214190105647782e+17 
884012.5391849523 -4.520262014468461e+24 -2.0719853373189574e+17 
887147.3354231968 -4.633337554395352e+24 -2.1238165940001043e+17 
890282.1316614413 -4.749241708612488e+24 -2.176944423162125e+17 
893416.9278996858 -4.868045235648267e+24 -2.2314012589057187e+17 
896551.7241379303 -4.989820664074237e+24 -2.28722034667911e+17 
899686.5203761748 -5.114642336783174e+24 -2.344435763574132e+17 
902821.3166144193 -5.242586456374823e+24 -2.403082439130007e+17 
905956.1128526638 -5.373731131676949e+24 -2.4631961766575466e+17 
909090.9090909084 -5.508156425430142e+24 -2.524813675096773e+17 
912225.7053291529 -5.645944403165446e+24 -2.5879725514213254e+17 
915360.5015673974 -5.787179183304683e+24 -2.6527113636032938e+17 
918495.2978056419 -5.931946988514065e+24 -2.7190696341525635e+17 
921630.0940438864 -6.080336198342396e+24 -2.7870878742449603e+17 
924764.8902821309 -6.232437403176081e+24 -2.8568076084539974e+17 
927899.6865203754 -6.38834345954382e+24 -2.9282714001012954e+17 
931034.4827586199 -6.548149546804733e+24 -3.001522877241135e+17 
934169.2789968645 -6.711953225254582e+24 -3.076606759295018e+17 
937304.075235109 -6.879854495685493e+24 -3.1535688843524915e+17 
940438.8714733535 -7.051955860435627e+24 -3.232456237154936e+17 
943573.667711598 -7.228362385966011e+24 -3.313316977779359e+17 
946708.4639498425 -7.409181767002815e+24 -3.396200471039735e+17 
949843.260188087 -7.594524392283994e+24 -3.481157316623819e+17 
952978.0564263315 -7.784503411950732e+24 -3.5682393799838106e+17 
956112.852664576 -7.979234806624676e+24 -3.657499823999805e+17 
959247.6489028205 -8.178837458213147e+24 -3.7489931414352826e+17 
962382.445141065 -8.383433222485579e+24 -3.8427751882045114e+17 
965517.2413793096 -8.593147003465414e+24 -3.938903217472088e+17 
968652.0376175541 -8.808106829683004e+24 -4.037435914605544e+17 
971786.8338557986 -9.028443932335968e+24 -4.138433433002265e+17 
974921.6300940431 -9.254292825404744e+24 -4.2419574308126534e+17 
978056.4263322876 -9.485791387772309e+24 -4.348071108581933e+17 
981191.2225705321 -9.723080947398063e+24 -4.456839247833533e+17 
984326.0188087766 -9.966306367597361e+24 -4.5683282506176864e+17 
987460.8150470211 -1.0215616135479372e+25 -4.6826061800493235e+17 
990595.6112852657 -1.047116245259727e+25 -4.799742801860043e+17 
993730.4075235102 -1.0733101327865985e+25 -4.9198096269895155e+17 
996865.2037617547 -1.1001592672804362e+25 -5.0428799552423296e+17 
999999.9999999992 -1.1276800399159904e+25 -5.1690289200369363e+17 
