#x u 
0.0 7.298024148282925e+21 334524834583510.94 
3134.796238244514 -1.8263431054922305e+20 -8371541568566.456 
6269.592476489028 4.4945137657236024e+18 206018292549.23065 
9404.38871473354 -1.8841727399971e+17 -8636619465.29825 
12539.184952978056 -7.317333128913582e+16 -3354099143.4998536 
15673.98119122257 -7.800454344257002e+16 -3575550924.6716995 
18808.777429467085 -7.988078270628787e+16 -3661553466.811569 
21943.5736677116 -8.188089920490448e+16 -3753234259.7441607 
25078.369905956115 -8.392912440245974e+16 -3847120246.0734973 
28213.16614420063 -8.602863463858286e+16 -3943357021.9612923 
31347.962382445145 -8.818066346931578e+16 -4042001130.843558 
34482.75862068966 -9.038652589607525e+16 -4143112849.3558526 
37617.55485893417 -9.264756854923214e+16 -4246753903.996909 
40752.35109717868 -9.496517177731861e+16 -4352987566.812031 
43887.14733542319 -9.73407504578762e+16 -4461878692.576031 
47021.943573667704 -9.977575486244957e+16 -4573493758.403135 
50156.739811912215 -1.022716715409969e+17 -4687900904.373285 
53291.53605015673 -1.048300242298168e+17 -4805169975.112814 
56426.33228840124 -1.0745237478221398e+17 -4925372562.4139805 
59561.12852664575 -1.101403241216132e+17 -5048582048.958839 
62695.92476489026 -1.1289551321849195e+17 -5174873653.137883 
65830.72100313478 -1.1571962409328306e+17 -5304324474.919737 
68965.51724137929 -1.1861438084251298e+17 -5437013542.953095 
72100.3134796238 -1.2158155069116038e+17 -5573021862.821672 
75235.10971786831 -1.2462294507175757e+17 -5712432466.4871855 
78369.90595611282 -1.2774042073049334e+17 -5855330462.9687 
81504.70219435733 -1.3093588086064008e+17 -6001803090.305715 
84639.49843260185 -1.3421127626414901e+17 -6151939768.829407 
87774.29467084636 -1.3756860654269805e+17 -6305832155.748458 
90909.09090909087 -1.4100992131860888e+17 -6463574201.096944 
94043.88714733538 -1.445373214862252e+17 -6625262205.085396 
97178.68338557989 -1.4815296049433414e+17 -6790994876.898496 
100313.4796238244 -1.518590456606781e+17 -6960873394.963112 
103448.27586206891 -1.5565783951953597e+17 -7135001468.7154 
106583.07210031342 -1.5955166120309955e+17 -7313485401.909142 
109717.86833855794 -1.6354288785735555e+17 -7496434157.510023 
112852.66457680245 -1.6763395609325456e+17 -7683959424.219342 
115987.46081504696 -1.7182736347417165e+17 -7876175684.662197 
119122.25705329147 -1.761256700406463e+17 -8073200285.278292 
122257.05329153598 -1.8053149987330592e+17 -8275153507.959097 
125391.84952978049 -1.8504754269484346e+17 -8482158643.47904 
128526.645768025 -1.8967655551206154e+17 -8694342066.763912 
131661.44200626953 -1.944213642990501e+17 -8911833314.039553 
134796.23824451404 -1.992848657223982e+17 -9134765161.913652 
137931.03448275855 -2.042700289095318e+17 -9363273708.437185 
141065.83072100306 -2.0937989726137802e+17 -9597498456.189495 
144200.62695924757 -2.1461759031036954e+17 -9837582397.441952 
147335.42319749208 -2.1998630562484317e+17 -10083672101.455894 
150470.2194357366 -2.2548932076109472e+17 -10335917803.96346 
153605.0156739811 -2.311299952643463e+17 -10594473498.883247 
156739.81191222562 -2.3691177271976845e+17 -10859497032.330158 
159874.60815047013 -2.428381828547533e+17 -11131150198.979414 
163009.40438871464 -2.4891284369375114e+17 -11409598840.842484 
166144.20062695915 -2.551394637670123e+17 -11695012948.513657 
169278.99686520366 -2.6152184437461587e+17 -11987566764.947922 
172413.79310344817 -2.6806388190715942e+17 -12287438891.83358 
175548.58934169268 -2.747695702244931e+17 -12594812398.62617 
178683.3855799372 -2.8164300309393046e+17 -12909874934.311266 
181818.1818181817 -2.8868837668944134e+17 -13232818841.963455 
184952.97805642622 -2.95909992153382e+17 -13563841276.170116 
188087.77429467073 -3.0331225822232506e+17 -13903144323.391895 
191222.57053291524 -3.108996939185549e+17 -14250935125.334927 
194357.36677115975 -3.186769313088712e+17 -14607426005.41002 
197492.16300940426 -3.2664871833242323e+17 -14972834598.354612 
200626.95924764877 -3.348199216992993e+17 -15347383983.096437 
203761.75548589329 -3.431955298616242e+17 -15731302818.94079 
206896.5517241378 -3.517806560589732e+17 -16124825485.16482 
210031.3479623823 -3.605805414399651e+17 -16528192224.1042 
213166.14420062682 -3.69600558261927e+17 -16941649287.819565 
216300.94043887133 -3.7884621317059795e+17 -17365449088.431965 
219435.73667711584 -3.883231505618911e+17 -17799850352.218445 
222570.53291536035 -3.9803715602776506e+17 -18245118277.56153 
225705.32915360486 -4.079941598882906e+17 -18701524696.85023 
228840.12539184937 -4.182002408120572e+17 -19169348242.43174 
231974.9216300939 -4.286616295271375e+17 -19648874516.714672 
235109.7178683384 -4.393847126248885e+17 -20140396266.527203 
238244.5141065829 -4.50376036458923e+17 -20644213561.83625 
241379.31034482742 -4.616423111416145e+17 -21160633978.937218 
244514.10658307193 -4.731904146405676e+17 -21689972788.226704 
247648.90282131644 -4.8502739697755437e+17 -22232553146.672714 
250783.69905956095 -4.9716048453248237e+17 -22788706295.099934 
253918.49529780546 -5.0959708445503744e+17 -23358771760.40972 
257053.29153604998 -5.2234478918669325e+17 -23943097562.85804 
260188.0877742945 -5.3541138109584557e+17 -24542040428.518547 
263322.884012539 -5.488048372288844e+17 -25155966007.06086 
266457.6802507835 -5.625333341801095e+17 -25785249094.977028 
269592.476489028 -5.766052530834652e+17 -26430273864.391945 
272727.27272727253 -5.910291847291542e+17 -27091434097.59737 
275862.06896551704 -6.058139348082479e+17 -27769133427.452614 
278996.86520376155 -6.209685292884943e+17 -28463785583.798622 
282131.66144200607 -6.365022199245988e+17 -29175814646.036568 
285266.4576802506 -6.524244899063424e+17 -29905655302.024982 
288401.2539184951 -6.687450596479841e+17 -30653753113.4535 
291536.0501567396 -6.854738927224873e+17 -31420564787.854546 
294670.8463949841 -7.026212019442047e+17 -32206558457.419502 
297805.6426332286 -7.201974556037252e+17 -33012213964.789043 
300940.43887147313 -7.382133838586724e+17 -33838023155.993336 
304075.23510971764 -7.566799852843776e+17 -34684490180.72001 
307210.03134796215 -7.756085335884125e+17 -35552131800.09371 
310344.82758620667 -7.950105844931017e+17 -36441477702.1541 
313479.6238244512 -8.148979827901938e+17 -37353070825.22592 
316614.4200626957 -8.352828695720187e+17 -38287467689.37834 
319749.2163009402 -8.561776896435165e+17 -39245238736.17582 
322884.0125391847 -8.775951991196832e+17 -40226968676.92808 
326018.8087774292 -8.995484732130765e+17 -41233256849.65167 
329153.60501567373 -9.220509142161238e+17 -42264717584.960846 
332288.40125391824 -9.451162596831103e+17 -43321980581.11114 
335423.19749216276 -9.687585908168512e+17 -44405691288.425125 
338557.99373040727 -9.929923410651396e+17 -45516511303.33424 
341692.7899686518 -1.0178323049322543e+18 -46655118772.27825 
344827.5862068963 -1.0432936470108749e+18 -47822208805.70789 
347962.3824451408 -1.0693919112399418e+18 -49018493902.4443 
351097.1786833853 -1.0961430303941048e+18 -50244704384.65334 
354231.9749216298 -1.1235633358105564e+18 -51501588843.701355 
357366.77115987433 -1.1516695673591713e+18 -52789914597.16401 
360501.56739811884 -1.1804788836620603e+18 -54110468157.26754 
363636.36363636336 -1.2100088725687598e+18 -55464055711.04788 
366771.15987460787 -1.240277561893477e+18 -56851503612.52149 
369905.9561128524 -1.2713034304209206e+18 -58273658887.167076 
373040.7523510969 -1.303105419187449e+18 -59731389749.02792 
376175.5485893414 -1.3357029430444183e+18 -61225586130.74923 
379310.3448275859 -1.3691159025107784e+18 -62757160226.87501 
382445.1410658304 -1.403364695922182e+18 -64327047050.735 
385579.93730407493 -1.4384702318839977e+18 -65936205005.26289 
388714.73354231945 -1.474453942035838e+18 -67585616468.09336 
391849.52978056396 -1.5113377941354074e+18 -69276288391.29501 
394984.32601880847 -1.5491443054696312e+18 -71009252916.10692 
398119.122257053 -1.5878965566012718e+18 -72785568003.0517 
401253.9184952975 -1.6276182054594248e+18 -74606318077.812 
404388.714733542 -1.6683335017824858e+18 -76472614693.26355 
407523.5109717865 -1.710067301922418e+18 -78385597208.06877 
410658.307210031 -1.7528450840193513e+18 -80346433482.246 
413793.10344827553 -1.7966929635557711e+18 -82356320590.13786 
416927.89968652005 -1.8416377092998077e+18 -84416485551.2157 
420062.69592476456 -1.8877067596473503e+18 -86528186079.16463 
423197.49216300907 -1.934928239372954e+18 -88692711349.70758 
426332.2884012536 -1.9833309767997893e+18 -90911382787.63622 
429467.0846394981 -2.0329445213990886e+18 -93185554873.53 
432601.8808777426 -2.0837991618298606e+18 -95516615970.65514 
435736.6771159871 -2.1359259444298627e+18 -97905989172.54901 
438871.4733542316 -2.1893566921691238e+18 -100355133171.80681 
442006.26959247614 -2.2441240240776282e+18 -102865543150.60162 
445141.06583072065 -2.3002613751589443e+18 -105438751693.48079 
448275.86206896516 -2.357803016802023e+18 -108076329722.99619 
451410.65830720967 -2.416784077703596e+18 -110779887458.73906 
454545.4545454542 -2.4772405653139635e+18 -113551075400.36624 
457680.2507836987 -2.539209387819235e+18 -116391585335.21613 
460815.0470219432 -2.6027283766734756e+18 -119303151371.13141 
463949.8432601877 -2.667836309694506e+18 -122287550995.11743 
467084.6394984322 -2.7345729347374254e+18 -125346606158.48332 
470219.43573667674 -2.8029789939603645e+18 -128482184389.12837 
473354.23197492125 -2.8730962486972145e+18 -131696199931.65237 
476489.02821316576 -2.9449675049525985e+18 -134990614915.98532 
479623.82445141027 -3.018636639534564e+18 -138367440555.25293 
482758.6206896548 -3.094148626841023e+18 -141828738373.6043 
485893.4169278993 -3.171549566316249e+18 -145376621464.75613 
489028.2131661438 -3.250886710594203e+18 -149013255782.01868 
492163.0094043883 -3.332208494345879e+18 -152740861460.5919 
495297.8056426328 -3.415564563848268e+18 -156561714172.94052 
498432.60188087734 -3.501005807292998e+18 -160478146518.0728 
501567.39811912185 -3.588584385853167e+18 -164492549445.57318 
504702.19435736636 -3.6783537655272965e+18 -168607373715.25677 
507836.99059561087 -3.7703687497798897e+18 -172825131393.33868 
510971.7868338554 -3.864685512998487e+18 -177148397386.02957 
514106.5830720999 -3.961361634787675e+18 -181579811011.49335 
517241.3793103444 -4.0604561351209416e+18 -186122077611.13077 
520376.1755485889 -4.1620295103718927e+18 -190777970201.16696 
523510.9717868334 -4.2661437702467876e+18 -195550331165.55502 
526645.768025078 -4.372862475640953e+18 -200442073991.22836 
529780.5642633225 -4.4822507774421755e+18 -205456185046.75995 
532915.360501567 -4.594375456304799e+18 -210595725405.516 
536050.1567398115 -4.709304963418738e+18 -215863832714.41547 
539184.952978056 -4.827109462298391e+18 -221263723109.43808 
542319.7492163006 -4.94786087161686e+18 -226798693179.04877 
545454.5454545451 -5.071632909111737e+18 -232472121976.73782 
548589.3416927896 -5.198501136589143e+18 -238287473083.90466 
551724.1379310341 -5.328543006053595e+18 -244248296724.34546 
554858.9341692786 -5.461837906991815e+18 -250358231931.63577 
557993.7304075231 -5.598467214839373e+18 -256621008770.73126 
561128.5266457676 -5.738514340659697e+18 -263040450615.14026 
564263.3228840121 -5.882064782065843e+18 -269620476481.06268 
567398.1191222566 -6.029206175416104e+18 -276365103419.9174 
570532.9153605012 -6.180028349315231e+18 -283278448970.71686 
573667.7115987457 -6.334623379454106e+18 -290364733673.7923 
576802.5078369902 -6.493085644821148e+18 -297628283647.3987 
579937.3040752347 -6.65551188531994e+18 -305073533228.7735 
583072.1003134792 -6.822001260828131e+18 -312705027681.2643 
586206.8965517237 -6.992655411733732e+18 -320527425969.1732 
589341.6927899682 -7.167578520985695e+18 -328545503602.01697 
592476.4890282127 -7.346877377696777e+18 -336764155549.9338 
595611.2852664572 -7.530661442337389e+18 -345188399232.0253 
598746.0815047018 -7.719042913560339e+18 -353823377579.44745 
601880.8777429463 -7.912136796697155e+18 -362674362175.1291 
605015.6739811908 -8.110060973967907e+18 -371746756472.0273 
608150.4702194353 -8.312936276447303e+18 -381046099091.893 
611285.2664576798 -8.520886557831086e+18 -390578067206.55206 
614420.0626959243 -8.734038770047667e+18 -400348480003.77344 
617554.8589341688 -8.952523040761266e+18 -410363302239.83325 
620689.6551724133 -9.176472752813758e+18 -420628647880.9522 
623824.4514106578 -9.406024625653797e+18 -431150783835.8192 
626959.2476489024 -9.641318798802893e+18 -441936133781.48663 
630094.0438871469 -9.882498917409456e+18 -452991282084.9745 
633228.8401253914 -1.0129712219942908e+19 -464322977822.9683 
636363.6363636359 -1.0383109628081646e+19 -475938138902.0783 
639498.4326018804 -1.0642845838849444e+19 -487843856282.1635 
642633.2288401249 -1.0909079419056708e+19 -500047398305.304 
645768.0250783694 -1.1181972902104162e+19 -512556215133.0631 
648902.8213166139 -1.1461692887208229e+19 -525377943294.7498 
652037.6175548584 -1.1748410141108394e+19 -538520410349.45605 
655172.413793103 -1.2042299702318897e+19 -551991639664.7173 
658307.2100313475 -1.2343540987988374e+19 -565799855314.7131 
661442.006269592 -1.2652317903432454e+19 -579953487100.9961 
664576.8025078365 -1.296881895440651e+19 -594461175698.8146 
667711.598746081 -1.3293237362186822e+19 -609331777932.1776 
670846.3949843255 -1.3625771181530585e+19 -624574372180.8684 
673981.19122257 -1.3966623421586672e+19 -640198263922.7208 
677115.9874608145 -1.431600216983104e+19 -656212991414.5363 
680250.783699059 -1.4674120719102441e+19 -672628331515.1134 
683385.5799373036 -1.5041197697816005e+19 -689454305653.9406 
686520.3761755481 -1.5417457203433953e+19 -706701185949.1908 
689655.1724137926 -1.5803128939275373e+19 -724379501478.7701 
692789.9686520371 -1.6198448354748013e+19 -742500044708.2263 
695924.7648902816 -1.6603656789088375e+19 -761073878079.4658 
699059.5611285261 -1.7019001618697243e+19 -780112340764.2799 
702194.3573667706 -1.744473640816099e+19 -799627055586.8181 
705329.1536050151 -1.7881121065050632e+19 -819629936119.2249 
708463.9498432596 -1.8328421998593223e+19 -840133193954.7759 
711598.7460815042 -1.8786912282312462e+19 -861149346162.9531 
714733.5423197487 -1.9256871820737905e+19 -882691222931.0171 
717868.3385579932 -1.973858752028432e+19 -904771975396.7267 
721003.1347962377 -2.023235346440581e+19 -927405083677.0067 
724137.9310344822 -2.07384710931311e+19 -950604365097.4375 
727272.7272727267 -2.1257249387090285e+19 -974383982627.6212 
730407.5235109712 -2.1789005056144978e+19 -998758453527.5607 
733542.3197492157 -2.233406273273701e+19 -1023742658210.3241 
736677.1159874602 -2.289275517007404e+19 -1049351849326.4211 
739811.9122257048 -2.346542344527246e+19 -1075601661075.4135 
742946.7084639493 -2.4052417167582163e+19 -1102508118750.4631 
746081.5047021938 -2.4654094691820024e+19 -1130087648521.6423 
749216.3009404383 -2.527082333714268e+19 -1158357087463.974 
752351.0971786828 -2.5902979611291922e+19 -1187333693836.3325 
755485.8934169273 -2.6550949440449405e+19 -1217035157617.4697 
758620.6896551718 -2.7215128404841538e+19 -1247479611305.59 
761755.4858934163 -2.789592198023775e+19 -1278685640988.1008 
764890.2821316608 -2.859374578549013e+19 -1310672297688.252 
768025.0783699054 -2.930902583626543e+19 -1343459108995.641 
771159.8746081499 -3.0042198805124055e+19 -1377066090987.6455 
774294.6708463944 -3.0793712288105177e+19 -1411513760449.071 
777429.4670846389 -3.1564025077980185e+19 -1446823147397.4731 
780564.2633228834 -3.235360744434191e+19 -1483015807921.8074 
783699.0595611279 -3.3162941420700365e+19 -1520113837342.2495 
786833.8557993724 -3.3992521098760307e+19 -1558139883699.2068 
789968.6520376169 -3.4842852930060165e+19 -1597117161579.7625 
793103.4482758614 -3.57144560351565e+19 -1637069466289.9866 
796238.244514106 -3.660786252054275e+19 -1678021188381.7698 
799373.0407523505 -3.752361780349557e+19 -1719997328543.0476 
802507.836990595 -3.846228094504796e+19 -1763023512860.518 
805642.6332288395 -3.942442499129129e+19 -1807126008464.1694 
808777.429467084 -4.041063732321544e+19 -1852331739563.142 
811912.2257053285 -4.142152001529979e+19 -1898668303882.7256 
815047.021943573 -4.245769020307465e+19 -1946163989512.55 
818181.8181818175 -4.351978045987735e+19 -1994847792176.2114 
821316.614420062 -4.460843918303311e+19 -2044749432932.9417 
824451.4106583066 -4.572433098969651e+19 -2095899376322.0693 
827586.2068965511 -4.686813712259468e+19 -2148328848961.3706 
830721.0031347956 -4.804055586592023e+19 -2202069858610.6577 
833855.7993730401 -4.924230297162791e+19 -2257155213712.2446 
836990.5956112846 -5.047411209639532e+19 -2313618543420.2256 
840125.3918495291 -5.173673524951406e+19 -2371494318130.8066 
843260.1880877736 -5.303094325198567e+19 -2430817870526.2026 
846394.9843260181 -5.435752620710129e+19 -2491625417144.9463 
849529.7805642626 -5.5717293982793196e+19 -2553954080491.7793 
852664.5768025072 -5.711107670605232e+19 -2617841911700.638 
855799.3730407517 -5.853972526971382e+19 -2683327913764.5474 
858934.1692789962 -6.000411185192048e+19 -2750452065346.631 
862068.9655172407 -6.1505130448579805e+19 -2819255345186.756 
865203.7617554852 -6.304369741914184e+19 -2889779757118.724 
868338.5579937297 -6.46207520460284e+19 -2962068355713.2563 
871473.3542319742 -6.623725710805766e+19 -3036165272562.455 
874608.1504702187 -6.7894199468212216e+19 -3112115743221.7695 
877742.9467084632 -6.959259067611112e+19 -3189966134825.9336 
880877.7429467078 -7.133346758555244e+19 -3269763974395.718 
884012.5391849523 -7.311789298750411e+19 -3351557977852.793 
887147.3354231968 -7.494695625892859e+19 -3435398079760.3735 
890282.1316614413 -7.682177402783888e+19 -3521335463807.868 
893416.9278996858 -7.874349085499071e+19 -3609422594058.114 
896551.7241379303 -8.071327993262737e+19 -3699713246976.2476 
899686.5203761748 -8.273234380070409e+19 -3792262544259.7812 
902821.3166144193 -8.480191508102796e+19 -3887126986489.934 
905956.1128526638 -8.692325722976403e+19 -3984364487624.7944 
909090.9090909084 -8.909766530876454e+19 -4084034410355.2847 
912225.7053291529 -9.132646677619415e+19 -4186197602345.6494 
915360.5015673974 -9.361102229693181e+19 -4290916433380.3994 
918495.2978056419 -9.59527265732448e+19 -4398254833440.554 
921630.0940438864 -9.835300919624319e+19 -4508278331732.361 
924764.8902821309 -1.0081333551863372e+20 -4621054096692.36 
927899.6865203754 -1.0333520754930622e+20 -4736650976993.174 
931034.4827586199 -1.0592016487029685e+20 -4855139543575.033 
934169.2789968645 -1.0856978557668998e+20 -4976592132728.736 
937304.075235109 -1.112856872400314e+20 -5101082890256.337 
940438.8714733535 -1.1406952789584388e+20 -5228687816736.563 
943573.667711598 -1.1692300705584418e+20 -5359484813922.6045 
946708.4639498425 -1.1984786674548072e+20 -5493553732300.457 
949843.260188087 -1.2284589256742573e+20 -5630976419836.955 
952978.0564263315 -1.259189147916696e+20 -5771836771947.27 
956112.852664576 -1.2906880947288626e+20 -5916220782712.354 
959247.6489028205 -1.3229749959574941e+20 -6064216597377.673 
962382.445141065 -1.3560695624889952e+20 -6215914566165.138 
965517.2413793096 -1.3899919982827708e+20 -6371407299431.212 
968652.0376175541 -1.4247630127055692e+20 -6530789724204.691 
971786.8338557986 -1.4604038331743671e+20 -6694159142138.873 
974921.6300940431 -1.496936218115542e+20 -6861615288913.379 
978056.4263322876 -1.5343824702482114e+20 -7033260395122.035 
981191.2225705321 -1.5727654501998815e+20 -7209199248683.869 
984326.0188087766 -1.6121085904626503e+20 -7389539258815.168 
987460.8150470211 -1.6524359096985502e+20 -7574390521601.955 
990595.6112852657 -1.6937720274027335e+20 -7763865887212.646 
993730.4075235102 -1.7361421789334684e+20 -7958081028792.192 
996865.2037617547 -1.7795722309181473e+20 -8157154513079.654 
999999.9999999992 -1.824088697044635e+20 -8361207872792.209 
