#x u 
0.0 7059851771176709.0 323607554.3049162 
3134.796238244514 -176674005219722.1 -8098334.739761544 
6269.592476489028 4347835037639.1406 199294.8480512301 
9404.38871473354 -182267712137.52844 -8354.770239683588 
12539.184952978056 -70784834348.88371 -3244.654943967968 
15673.98119122257 -75458454619.11838 -3458.8879216241926 
18808.777429467085 -77273553403.91522 -3542.091074980909 
21943.5736677116 -79208498460.00749 -3630.7858886826634 
25078.369905956115 -81189989999.774 -3721.6124156056735 
28213.16614420063 -83221096431.5065 -3814.711325537895 
31347.962382445145 -85303006646.88782 -3910.1372069899526 
34482.75862068966 -87436988351.14159 -4007.948329155596 
37617.55485893417 -89624340043.85825 -4108.204434603248 
40752.35109717868 -91866393208.92145 -4210.96683093242 
43887.14733542319 -94164513250.88326 -4316.298423189824 
47021.943573667704 -96520100457.70068 -4424.263745647688 
50156.739811912215 -98934590951.69127 -4534.928991917057 
53291.53605015673 -101409457635.44374 -4648.3620441843 
56426.33228840124 -103946211137.27916 -4764.63250236718 
59561.12852664575 -106546400753.67757 -4883.811713507722 
62695.92476489026 -109211615376.6779 -5005.972801510848 
65830.72100313478 -111943484401.06285 -5131.1906974101175 
68965.51724137929 -114743678618.96732 -5259.542170921792 
72100.3134796238 -117613911116.98679 -5391.105864489397 
75235.10971786831 -120555938190.08589 -5525.962330580296 
78369.90595611282 -123571560270.7713 -5664.194072416904 
81504.70219435733 -126662622865.52138 -5805.885587853412 
84639.49843260185 -129831017498.81357 -5951.123416352496 
87774.29467084636 -133078682680.85901 -6099.996189670201 
90909.09090909087 -136407604922.48593 -6252.594687093651 
94043.88714733538 -139819819810.61407 -6409.011895491733 
97178.68338557989 -143317413139.40265 -6569.3430735189995 
100313.4796238244 -146902522084.3198 -6733.685818940677 
103448.27586206891 -150577336418.58167 -6902.140138531228 
106583.07210031342 -154344099790.0451 -7074.808520811306 
109717.86833855794 -158205111080.51053 -7251.79601208361 
112852.66457680245 -162162725852.1269 -7433.210295473922 
115987.46081504696 -166219357863.69092 -7619.161771671395 
119122.25705329147 -170377480634.43103 -7809.763639902505 
122257.05329153598 -174639629050.42166 -8005.1319785725345 
125391.84952978049 -179008401030.39825 -8205.385826072426 
128526.645768025 -183486459268.65195 -8410.647262387467 
131661.44200626953 -188076533049.88687 -8621.041491197528 
134796.23824451404 -192781420106.92722 -8836.696921174804 
137931.03448275855 -197603988492.64246 -9057.745245332097 
141065.83072100306 -202547178463.73892 -9284.321518564377 
144200.62695924757 -207614004399.37787 -9516.564234760559 
147335.42319749208 -212807556774.94876 -9754.615404835178 
150470.2194357366 -218131004183.19357 -9998.62063581249 
153605.0156739811 -223587595371.4604 -10248.729210059575 
156739.81191222562 -229180661271.9861 -10505.094164154489 
159874.60815047013 -234913617035.96753 -10767.872368426146 
163009.40438871464 -240789964107.2708 -11037.224609339495 
166144.20062695915 -246813292360.369 -11313.315676347253 
169278.99686520366 -252987282288.778 -11596.314453010937 
172413.79310344817 -259315707203.08813 -11886.3940108677 
175548.58934169268 -265802435409.37637 -12183.731704967398 
178683.3855799372 -272451432376.7713 -12488.509271651197 
181818.1818181817 -279266762926.68317 -12800.912930128738 
184952.97805642622 -286252593460.7451 -13121.133488588182 
188087.77429467073 -293413194209.2241 -13449.366453842824 
191222.57053291524 -300752941472.3375 -13785.81214299208 
194357.36677115975 -308276319867.41565 -14130.675797348242 
197492.16300940426 -315987924658.55005 -14484.167701725071 
200626.95924764877 -323892464278.045 -14846.5033136154 
203761.75548589329 -331994763121.6563 -15217.903405486823 
206896.5517241378 -340299764636.7178 -15598.594220521894 
210031.3479623823 -348812534674.7646 -15988.807639952494 
213166.14420062682 -357538265071.6371 -16388.781359764558 
216300.94043887133 -366482277421.2196 -16798.75907473546 
219435.73667711584 -375650026980.7298 -17218.99066653126 
222570.53291536035 -385047106582.874 -17649.73238979543 
225705.32915360486 -394679250386.77277 -18091.24704826193 
228840.12539184937 -404552337338.5135 -18543.80415481259 
231974.9216300939 -414672394340.2792 -19007.680075376826 
235109.7178683384 -425045599277.00244 -19483.158163551278 
238244.5141065829 -435678284132.846 -19970.528896746117 
241379.31034482742 -446576938409.69885 -20470.090023844517 
244514.10658307193 -457748212973.2396 -20982.146730481898 
247648.90282131644 -469198924362.0417 -21507.01182399632 
250783.69905956095 -480936059527.28674 -22045.00593704749 
253918.49529780546 -492966780902.1594 -22596.457745804986 
257053.29153604998 -505298431611.559 -23161.704194575632 
260188.0877742945 -517938540560.5988 -23741.090715430553 
263322.884012539 -530894827162.01495 -24334.9714323635 
266457.6802507835 -544175205619.16064 -24943.709346644653 
269592.476489028 -557787788913.904 -25567.676510638557 
272727.27272727253 -571740892823.0251 -26207.254205266163 
275862.06896551704 -586043040294.2959 -26862.833136548445 
278996.86520376155 -600702966360.4061 -27534.813659554897 
282131.66144200607 -615729623567.054 -28223.606028721624 
285266.4576802506 -631132187761.2952 -28929.63066742661 
288401.2539184951 -646920064064.9838 -29653.318448627382 
291536.0501567396 -663102892897.0457 -30395.11098005187 
294670.8463949841 -679690555949.0109 -31155.460889207614 
297805.6426332286 -696693182058.2638 -31934.8321052338 
300940.43887147313 -714121153000.4298 -32733.700138090073 
304075.23510971764 -731985109339.2338 -33552.55236089368 
307210.03134796215 -750295956558.4276 -34391.888305151806 
310344.82758620667 -769064871665.7747 -35252.21997704956 
313479.6238244512 -788303310293.5045 -36134.07219538733 
316614.4200626957 -808023014130.4596 -37037.98294313286 
319749.2163009402 -828236018452.751 -37964.50372147776 
322884.0125391847 -848954659623.7534 -38914.199900136206 
326018.8087774292 -870191582616.868 -39887.651066082355 
329153.60501567373 -891959748720.0676 -40885.45137786407 
332288.40125391824 -914272443535.223 -41908.20993062758 
335423.19749216276 -937143285257.3678 -42956.551131236316 
338557.99373040727 -960586233145.1895 -44031.11507958744 
341692.7899686518 -984615596137.325 -45132.55795431266 
344827.5862068963 -1009246041662.6732 -46261.55240543127 
347962.3824451408 -1034492604720.1799 -47418.78795784631 
351097.1786833853 -1060370697228.1975 -48604.97142618072 
354231.9749216298 -1086896117550.7166 -49820.827337233546 
357366.77115987433 -1114085060110.345 -51067.098356475544 
360501.56739811884 -1141954125109.2065 -52344.54572010023 
363636.36363636336 -1170520328489.676 -53653.94967920054 
366771.15987460787 -1199801112257.711 -54996.1099621786 
369905.9561128524 -1229814355163.0425 -56371.84625554243 
373040.7523510969 -1260578383611.0447 -57781.99869769016 
376175.5485893414 -1292111982696.7065 -59227.428380907055 
379310.3448275859 -1324434407391.509 -60709.01786313164 
382445.1410658304 -1357565394036.987 -62227.671696580066 
385579.93730407493 -1391525172275.859 -63784.31697915912 
388714.73354231945 -1426334477404.056 -65379.903927728585 
391849.52978056396 -1462014563007.9692 -67015.40646672036 
394984.32601880847 -1498587213787.3137 -68691.82282718773 
398119.122257053 -1536074758620.511 -70410.17615845604 
401253.9184952975 -1574500084042.1372 -72171.51515965277 
404388.714733542 -1613886648248.643 -73976.91473591221 
407523.5109717865 -1654258495580.2668 -75827.47667631853 
410658.307210031 -1695640271319.1086 -77724.33034570378 
413793.10344827553 -1738057236712.2395 -79668.63338560339 
416927.89968652005 -1781535284305.8645 -81661.57242783587 
420062.69592476456 -1826100953775.6042 -83704.36382877422 
423197.49216300907 -1871781448349.5898 -85798.25442840939 
426332.2884012536 -1918604651732.9001 -87944.52232976734 
429467.0846394981 -1966599145350.4604 -90144.47769015978 
432601.8808777426 -2015794225831.5852 -92399.4635207111 
435736.6771159871 -2066219922856.0664 -94710.85649973179 
438871.4733542316 -2117907017562.566 -97080.06780932304 
442006.26959247614 -2170887061595.6257 -99508.54399898634 
445141.06583072065 -2225192396664.316 -101997.76787078378 
448275.86206896516 -2280856174418.3364 -104549.25937758887 
451410.65830720967 -2337912376593.3022 -107164.57653271007 
454545.4545454542 -2396395835588.4697 -109845.31633890387 
457680.2507836987 -2456342255695.5225 -112593.1157473483 
460815.0470219432 -2517788235033.673 -115409.6526496559 
463949.8432601877 -2580771288032.868 -118296.6468961925 
467084.6394984322 -2645329868270.372 -121255.86133225194 
470219.43573667674 -2711503391652.468 -124289.1028521162 
473354.23197492125 -2779332260152.1914 -127398.22348100058 
476489.02821316576 -2848857886334.958 -130585.12149574826 
479623.82445141027 -2920122718699.3228 -133851.74258565795 
482758.6206896548 -2993170267641.5884 -137200.08104470643 
485893.4169278993 -3068045131853.345 -140632.18098633413 
489028.2131661438 -3144793025187.254 -144150.13758222698 
492163.0094043883 -3223460804244.7363 -147756.09833644037 
495297.8056426328 -3304096496917.663 -151452.26440513183 
498432.60188087734 -3386749331869.926 -155240.8919608152 
501567.39811912185 -3471469768728.9014 -159124.2935900934 
504702.19435736636 -3558309528801.074 -163104.83971582292 
507836.99059561087 -3647321626390.902 -167184.96004678562 
510971.7868338554 -3738560401011.5654 -171367.14506755 
514106.5830720999 -3832081550705.7173 -175653.94757800832 
517241.3793103444 -3927942166409.8145 -180047.9842790663 
520376.1755485889 -4026200767092.3926 -184551.937391726 
523510.9717868334 -4126917335492.859 -189168.55630128222 
526645.768025078 -4230153354588.888 -193900.6592322742 
529780.5642633225 -4335971845113.069 -198751.13496875673 
532915.360501567 -4444437404315.223 -203722.94462887486 
536050.1567398115 -4555616245849.172 -208819.12348826928 
539184.952978056 -4669576240483.89 -214042.7828387462 
542319.7492163006 -4786386957493.359 -219397.11187582492 
545454.5454545451 -4906119706913.909 -224885.3796241882 
548589.3416927896 -5028847583023.111 -230510.93691771166 
551724.1379310341 -5154645509212.1455 -236277.21844245118 
554858.9341692786 -5283590284078.741 -242187.74483520232 
557993.7304075231 -5415760628423.995 -248246.1248236636 
561128.5266457676 -5551237233053.017 -254456.05740416163 
564263.3228840121 -5690102807638.603 -260821.33406934026 
567398.1191222566 -5832442131033.695 -267345.84110395575 
570532.9153605012 -5978342103173.198 -274033.56195563194 
573667.7115987457 -6127891798341.244 -280888.57967062405 
576802.5078369902 -6281182519480.692 -287915.0793800099 
579937.3040752347 -6438307853501.875 -295117.35083445377 
583072.1003134792 -6599363727921.218 -302499.7910027277 
586206.8965517237 -6764448469235.171 -310066.90675248374 
589341.6927899682 -6933662863124.593 -317823.317617446 
592476.4890282127 -7107110216209.103 -325773.7586378798 
595611.2852664572 -7284896419027.058 -333923.08325907844 
598746.0815047018 -7467130010260.027 -342276.2662882839 
601880.8777429463 -7653922242597.543 -350838.4069276619 
605015.6739811908 -7845387150649.844 -359614.73190148035 
608150.4702194353 -8041641620941.732 -368610.59867846005 
611285.2664576798 -8242805463646.181 -377831.49877313164 
614420.0626959243 -8449001485739.0625 -387283.0611111031 
617554.8589341688 -8660355565661.367 -396971.05546176195 
620689.6551724133 -8876996729943.994 -406901.3959588702 
623824.4514106578 -9099057232190.617 -417080.14472684753 
626959.2476489024 -9326672634380.502 -427513.5156107053 
630094.0438871469 -9559981890095.684 -438207.87799131905 
633228.8401253914 -9799127429376.867 -449169.7606724183 
636363.6363636359 -10044255245375.71 -460405.8558470919 
639498.4326018804 -10295514983316.473 -471923.0231675945 
642633.2288401249 -10553060032140.555 -483728.29393602506 
645768.0250783694 -10817047618720.492 -495828.8754111985 
648902.8213166139 -11087638904205.191 -508232.1552121789 
652037.6175548584 -11364999082246.016 -520945.7058074507 
655172.413793103 -11649297479369.863 -533977.2891022811 
658307.2100313475 -11940707658075.43 -547334.8611509181 
661442.006269592 -12239407523002.867 -561026.5770099205 
664576.8025078365 -12545579429994.906 -575060.795724599 
667711.598746081 -12859410297586.236 -589446.0854278823 
670846.3949843255 -13181091720731.953 -604191.2285437017 
673981.19122257 -13510820087137.844 -619305.2271124234 
677115.9874608145 -13848796696808.543 -634797.3082674156 
680250.783699059 -14195227885113.734 -650676.9298770037 
683385.5799373036 -14550325149112.057 -666953.7863398689 
686520.3761755481 -14914305276662.75 -683637.8145116791 
689655.1724137926 -15287390478228.848 -700739.1997573582 
692789.9686520371 -15669808521857.58 -718268.3821498221 
695924.7648902816 -16061792872002.215 -736236.0628443629 
699059.5611285261 -16463582832429.11 -754653.2106391262 
702194.3573667706 -16875423692861.799 -773531.0687057406 
705329.1536050151 -17297566878866.574 -792881.1614681577 
708463.9498432596 -17730270104943.38 -812715.3016292288 
711598.7460815042 -18173797531374.35 -833045.5973714767 
714733.5423197487 -18628419925485.16 -853884.4597626701 
717868.3385579932 -19094414827477.945 -875244.6103730887 
721003.1347962377 -19572066720423.656 -897139.0890841206 
724137.9310344822 -20061667203967.13 -919581.2620654237 
727272.7272727267 -20563515171858.133 -942584.8299231789 
730407.5235109712 -21077916993999.258 -966163.8360488089 
733542.3197492157 -21605186703690.242 -990332.6751978798 
736677.1159874602 -22145646190140.99 -1015106.102302467 
739811.9122257048 -22699625395748.383 -1040499.2414951774 
742946.7084639493 -23267462517684.363 -1066527.5953265848 
746081.5047021938 -23849504213976.914 -1093207.0541875092 
749216.3009404383 -24446105814819.562 -1120553.9059729064 
752351.0971786828 -25057631539738.848 -1148584.8460186226 
755485.8934169273 -25684454720591.906 -1177316.9873110827 
758620.6896551718 -26326958029857.52 -1206767.8709453994 
761755.4858934163 -26985533713877.17 -1236955.476815255 
764890.2821316608 -27660583831423.86 -1267898.2345501597 
768025.0783699054 -28352520498480.477 -1299615.0347386485 
771159.8746081499 -29061766139871.867 -1332125.240465202 
774294.6708463944 -29788753747654.633 -1365448.6991553605 
777429.4670846389 -30533927145699.152 -1399605.7547026612 
780564.2633228834 -31297741260196.06 -1434617.25986544 
783699.0595611279 -32080662396581.547 -1470504.5889569381 
786833.8557993724 -32883168523799.824 -1507289.650872017 
789968.6520376169 -33705749566458.176 -1544994.902477091 
793103.4482758614 -34548907704649.19 -1583643.3623539286 
796238.244514106 -35413157680841.18 -1623258.6248705287 
799373.0407523505 -36299027113675.83 -1663864.8745718487 
802507.836990595 -37207056819320.94 -1705486.9009198898 
805642.6332288395 -38137801141365.03 -1748150.1134277715 
808777.429467084 -39091828289751.29 -1791880.55720978 
811912.2257053285 -40069720688443.766 -1836704.928932399 
815047.021943573 -41072075331246.69 -1882650.5931388007 
818181.8181818175 -42099504145759.445 -1929745.5989451495 
821316.614420062 -43152634366268.375 -1978018.697144688 
824451.4106583066 -44232108916596.22 -2027499.3577658415 
827586.2068965511 -45338586803316.055 -2078217.7881026033 
830721.0031347956 -46472743518928.57 -2130204.951198548 
833855.7993730401 -47635271454455.38 -2183492.584759372 
836990.5956112846 -48826880321583.7 -2238113.2205001996 
840125.3918495291 -50048297585308.28 -2294100.2039712006 
843260.1880877736 -51300268908105.86 -2351487.7149092765 
846394.9843260181 -52583558605950.414 -2410310.788130307 
849529.7805642626 -53898950115699.82 -2470605.3349408964 
852664.5768025072 -55247246473379.81 -2532408.165048365 
855799.3730407517 -56629270803685.26 -2595757.008984198 
858934.1692789962 -58045866821791.164 -2660690.541091603 
862068.9655172407 -59497899348509.76 -2727248.403125156 
865203.7617554852 -60986254839004.78 -2795471.2284728447 
868338.5579937297 -62511841924549.82 -2865400.6669774246 
871473.3542319742 -64075591966969.0 -2937079.410340984 
874608.1504702187 -65678459626283.39 -3010551.2181370147 
877742.9467084632 -67321423442788.8 -3085860.944486585 
880877.7429467078 -69005486434582.18 -3163054.565445274 
884012.5391849523 -70731676710644.2 -3242179.207106031 
887147.3354231968 -72501048098949.77 -3323283.1743936 
890282.1316614413 -74314680789386.45 -3406415.9805404 
893416.9278996858 -76173681992215.33 -3491628.3772772127 
896551.7241379303 -78079186613415.0 -3578972.385799887 
899686.5203761748 -80032357947877.27 -3668501.328555976 
902821.3166144193 -82034388390462.25 -3760269.8618512647 
905956.1128526638 -84086500164395.72 -3854334.0092518805 
909090.9090909084 -86189946066961.27 -3950751.1957793846 
912225.7053291529 -88346010233436.78 -4049580.2829416846 
915360.5015673974 -90556008920705.58 -4150881.604664907 
918495.2978056419 -92821291311442.34 -4254717.004166918 
921630.0940438864 -95143240338792.08 -4361149.871768355 
924764.8902821309 -97523273531073.62 -4470245.183619277 
927899.6865203754 -99962843876669.12 -4582069.541348572 
931034.4827586199 -102463440710264.3 -4696691.21268934 
934169.2789968645 -105026590621940.05 -4814180.173148912 
937304.075235109 -107653858389937.06 -4934608.148761228 
940438.8714733535 -110346847936948.58 -5058048.659915047 
943573.667711598 -113107203309571.22 -5184577.066241284 
946708.4639498425 -115936609681318.84 -5314270.612578325 
949843.260188087 -118836794380583.56 -5447208.476079235 
952978.0564263315 -121809527945095.98 -5583471.814532379 
956112.852664576 -124856625203629.83 -5723143.815930231 
959247.6489028205 -127979946384778.28 -5866309.749278964 
962382.445141065 -131181398252582.53 -6013057.01663925 
965517.2413793096 -134462935269695.2 -6163475.206430224 
968652.0376175541 -137826560789677.56 -6317656.14807024 
971786.8338557986 -141274328280014.7 -6475693.968027642 
974921.6300940431 -144808342576519.66 -6637685.147312503 
978056.4263322876 -148430761168964.38 -6803728.580402357 
981191.2225705321 -152143795517926.44 -6973925.635601434 
984326.0188087766 -155949712403827.78 -7148380.216878345 
987460.8150470211 -159850835309966.1 -7327198.827264682 
990595.6112852657 -163849545841129.7 -7510490.633887136 
993730.4075235102 -167948285178335.22 -7698367.534663956 
996865.2037617547 -172149555572475.62 -7890944.226527826 
999999.9999999992 -176455921759971.94 -8088338.280555386 
