#x u 
0.0 1.4113387386018435e+21 64692559037799.98 
3134.796238244514 -3.531899487296274e+19 -1618942425713.034 
6269.592476489028 8.691779117000532e+17 39841139358.765915 
9404.38871473354 -3.643734145278055e+16 -1670204890.2757335 
12539.184952978056 -1.4150728332154694e+16 -648637214.4021167 
15673.98119122257 -1.5085019138479098e+16 -691462980.8144107 
18808.777429467085 -1.5447858326323954e+16 -708094704.2568508 
21943.5736677116 -1.5834653688652652e+16 -725824524.2772788 
25078.369905956115 -1.623075261999771e+16 -743980798.7424575 
28213.16614420063 -1.6636769381086388e+16 -762591683.982384 
31347.962382445145 -1.7052942525090492e+16 -781668114.7211106 
34482.75862068966 -1.7479526355250128e+16 -801221747.649248 
37617.55485893417 -1.7916781291687398e+16 -821264519.8287045 
40752.35109717868 -1.83649742750633e+16 -841808667.2134029 
43887.14733542319 -1.88243789235588e+16 -862866731.8319741 
47021.943573667704 -1.92952756998822e+16 -884451569.4601802 
50156.739811912215 -1.9777952082589036e+16 -906576357.4643484 
53291.53605015673 -2.0272702741609816e+16 -929254602.8449417 
56426.33228840124 -2.077982971817152e+16 -952500150.4811977 
59561.12852664575 -2.129964260910254e+16 -976327191.5874057 
62695.92476489026 -2.1832458755862936e+16 -1000750272.3754438 
65830.72100313478 -2.2378603438297984e+16 -1025784302.9342616 
68965.51724137929 -2.2938410073234016e+16 -1051444566.3316885 
72100.3134796238 -2.3512220417955856e+16 -1077746727.9478755 
75235.10971786831 -2.410038477892312e+16 -1104706845.035412 
78369.90595611282 -2.4703262225656304e+16 -1132341376.520917 
81504.70219435733 -2.5321220809854612e+16 -1160667193.0572739 
84639.49843260185 -2.595463779011183e+16 -1189701587.3219712 
87774.29467084636 -2.6603899862243196e+16 -1219462284.573507 
90909.09090909087 -2.726940339537247e+16 -1249967453.4719527 
94043.88714733538 -2.7951554673914796e+16 -1281235717.1706378 
97178.68338557989 -2.865077014559363e+16 -1313286164.6861737 
100313.4796238244 -2.936747667567651e+16 -1346138362.552233 
103448.27586206891 -3.0102111807564348e+16 -1379812366.7651353 
106583.07210031342 -3.085512402992215e+16 -1414328735.027192 
109717.86833855794 -3.1626973050503364e+16 -1449708539.295836 
112852.66457680245 -3.241813007677234e+16 -1485973378.6490026 
115987.46081504696 -3.322907810355879e+16 -1523145392.4718149 
119122.25705329147 -3.4060312207934816e+16 -1561247273.9718919 
122257.05329153598 -3.491233985146015e+16 -1600302284.0331278 
125391.84952978049 -3.5785681189975412e+16 -1640334265.4166126 
128526.645768025 -3.6680869391151016e+16 -1681367657.316504 
131661.44200626953 -3.759845095999408e+16 -1723427510.2793784 
134796.23824451404 -3.853898607248287e+16 -1766539501.4974842 
137931.03448275855 -3.950304891753658e+16 -1810729950.4850404 
141065.83072100306 -4.049122804755411e+16 -1856025835.1460328 
144200.62695924757 -4.150412673772683e+16 -1902454808.2437036 
147335.42319749208 -4.2542363354336024e+16 -1950045214.2822065 
150470.2194357366 -4.360657173226292e+16 -1998826106.810587 
153605.0156739811 -4.469740156193418e+16 -2048827266.1599927 
156739.81191222562 -4.581551878594304e+16 -2100079217.6247842 
159874.60815047013 -4.696160600560346e+16 -2152613250.0979013 
163009.40438871464 -4.813636289768322e+16 -2206461435.1720004 
166144.20062695915 -4.9340506641555304e+16 -2261656646.7187123 
169278.99686520366 -5.057477235702587e+16 -2318232580.9580793 
172413.79310344817 -5.183991355311402e+16 -2376223777.0300617 
175548.58934169268 -5.3136702588060024e+16 -2435665638.080536 
178683.3855799372 -5.446593114084543e+16 -2496594452.8745656 
181818.1818181817 -5.5828410694509784e+16 -2559047417.950239 
184952.97805642622 -5.722497303155616e+16 -2623062660.326795 
188087.77429467073 -5.865647074174734e+16 -2688679260.780839 
191222.57053291524 -6.012377774260523e+16 -2755937277.7048416 
194357.36677115975 -6.162778981292839e+16 -2824877771.562528 
197492.16300940426 -6.316942513965501e+16 -2895542829.956084 
200626.95924764877 -6.4749624878409496e+16 -2967975593.320195 
203761.75548589329 -6.636935372807471e+16 -3042220281.258747 
206896.5517241378 -6.802960051973223e+16 -3118322219.5405 
210031.3479623823 -6.9731378820333544e+16 -3196327867.7701907 
213166.14420062682 -7.147572755147369e+16 -3276284847.7517557 
216300.94043887133 -7.326371162364416e+16 -3358241972.5610185 
219435.73667711584 -7.509642258635157e+16 -3442249276.3456793 
222570.53291536035 -7.69749792944983e+16 -3528358044.870756 
225705.32915360486 -7.890052859143546e+16 -3616620846.828097 
228840.12539184937 -8.087424600910314e+16 -3707091565.929009 
231974.9216300939 -8.289733648568256e+16 -3799825433.7998195 
235109.7178683384 -8.49710351011988e+16 -3894879063.7004156 
238244.5141065829 -8.709660783152515e+16 -3992310485.0862603 
241379.31034482742 -8.92753523212509e+16 -4092179179.034864 
244514.10658307193 -9.150859867588459e+16 -4194546114.5584307 
247648.90282131644 -9.379771027387373e+16 -4299473785.82489 
250783.69905956095 -9.61440845989349e+16 -4407026250.310096 
253918.49529780546 -9.854915409320522e+16 -4517269167.9044895 
257053.29153604998 -1.0101438703173542e+17 -4630269840.997927 
260188.0877742945 -1.0354128841886027e+17 -4746097255.567242 
263322.884012539 -1.0613140090699229e+17 -4864822123.29158 
266457.6802507835 -1.0878630573839771e+17 -4986516924.721369 
269592.476489028 -1.1150762371053176e+17 -5111255953.527086 
272727.27272727253 -1.1429701616552246e+17 -5239115361.854943 
275862.06896551704 -1.1715618600440688e+17 -5370173206.817124 
278996.86520376155 -1.2008687872673894e+17 -5504509498.144995 
282131.66144200607 -1.2309088349620264e+17 -5642206247.034381 
285266.4576802506 -1.2617003423288245e+17 -5783347516.212693 
288401.2539184951 -1.2932621073285613e+17 -5928019471.258588 
291536.0501567396 -1.3256133981579334e+17 -6076310433.205347 
294670.8463949841 -1.3587739650126342e+17 -6228310932.46015 
297805.6426332286 -1.3927640521446922e+17 -6384113764.072081 
300940.43887147313 -1.4276044102214365e+17 -6543814044.382686 
304075.23510971764 -1.463316308993605e+17 -6707509269.093689 
307210.03134796215 -1.499921550280338e+17 -6875299372.787396 
310344.82758620667 -1.537442481278994e+17 -7047286789.935921 
313479.6238244512 -1.5759020082079405e+17 -7223576517.436563 
316614.4200626957 -1.6153236102906096e+17 -7404276178.711485 
319749.2163009402 -1.6557313540893712e+17 -7589496089.410962 
322884.0125391847 -1.6971499081979622e+17 -7779349324.760168 
326018.8087774292 -1.7396045583014582e+17 -7973951788.5906 
329153.60501567373 -1.78312122261298e+17 -8173422284.098486 
332288.40125391824 -1.82772646769654e+17 -8377882586.373055 
335423.19749216276 -1.8734475246857197e+17 -8587457516.739243 
338557.99373040727 -1.920312305908039e+17 -8802275018.960133 
341692.7899686518 -1.9683494219252026e+17 -9022466237.34554 
344827.5862068963 -2.017588198999614e+17 -9248165596.81457 
347962.3824451408 -2.0680586969978077e+17 -9479510884.960842 
351097.1786833853 -2.1197917277417606e+17 -9716643336.170773 
354231.9749216298 -2.1728188738192496e+17 -9959707717.845972 
357366.77115987433 -2.2271725078647517e+17 -10208852418.782543 
360501.56739811884 -2.2828858123226912e+17 -10464229539.761326 
363636.36363636336 -2.3399927997050266e+17 -10725994986.404057 
366771.15987460787 -2.398528333355627e+17 -10994308564.352562 
369905.9561128524 -2.4585281487340454e+17 -11269334076.828758 
373040.7523510969 -2.5200288752317226e+17 -11551239424.635166 
376175.5485893414 -2.5830680585339328e+17 -11840196708.657019 
379310.3448275859 -2.6476841835411158e+17 -12136382334.92841 
382445.1410658304 -2.713916697863601e+17 -12439977122.326725 
385579.93730407493 -2.7818060359040307e+17 -12751166412.961023 
388714.73354231945 -2.851393643542255e+17 -13070140185.321922 
391849.52978056396 -2.922722003437679e+17 -13397093170.261866 
394984.32601880847 -2.995834660964593e+17 -13732224969.87673 
398119.122257053 -3.0707762507962464e+17 -14075740179.361164 
401253.9184952975 -3.147592524153973e+17 -14427848511.912346 
404388.714733542 -3.226330376737905e+17 -14788764926.758066 
407523.5109717865 -3.307037877356426e+17 -15158709760.387562 
410658.307210031 -3.389764297271777e+17 -15537908861.065159 
413793.10344827553 -3.474560140279753e+17 -15926593726.70872 
416927.89968652005 -3.561477173541846e+17 -16325001646.217236 
420062.69592476456 -3.650568459188694e+17 -16733375844.33369 
423197.49216300907 -3.741888386714044e+17 -17151965630.13171 
426332.2884012536 -3.835492706179098e+17 -17581026549.216686 
429467.0846394981 -3.9314385622474515e+17 -18020820539.73428 
432601.8808777426 -4.029784529071459e+17 -18471616092.28155 
435736.6771159871 -4.130590646051253e+17 -18933688413.818188 
438871.4733542316 -4.233918454488292e+17 -19407319595.6781 
442006.26959247614 -4.3398310351558336e+17 -19892798785.783867 
445141.06583072065 -4.448393046809202e+17 -20390422365.169086 
448275.86206896516 -4.5596707656594445e+17 -20900494128.916637 
451410.65830720967 -4.673732125834389e+17 -21423325471.62305 
454545.4545454542 -4.790646760851895e+17 -21959235577.502335 
457680.2507836987 -4.910486046130527e+17 -22508551615.245464 
460815.0470219432 -5.0333231425636486e+17 -23071608937.753956 
463949.8432601877 -5.159233041183564e+17 -23648751286.870102 
467084.6394984322 -5.2882926089429e+17 -24240331003.228615 
470219.43573667674 -5.4205806356412704e+17 -24846709241.3577 
473354.23197492125 -5.5561778820257914e+17 -25468256190.16078 
476489.02821316576 -5.695167129094834e+17 -26105351298.91399 
479623.82445141027 -5.837633228635181e+17 -26758383508.916634 
482758.6206896548 -5.983663155023309e+17 -27427751490.93676 
485893.4169278993 -6.133346058322545e+17 -28113863888.596222 
489028.2131661438 -6.286773318708431e+17 -28817139567.844402 
492163.0094043883 -6.444038602255594e+17 -29538007872.67228 
495297.8056426328 -6.605237918120078e+17 -30276908887.223507 
498432.60188087734 -6.770469677152177e+17 -31034293704.461987 
501567.39811912185 -6.939834751975406e+17 -31810624701.56048 
504702.19435736636 -7.113436538568443e+17 -32606375822.17806 
507836.99059561087 -7.291381019387487e+17 -33422032865.798645 
510971.7868338554 -7.473776828067703e+17 -34258093784.30769 
514106.5830720999 -7.660735315743118e+17 -35115068985.98764 
517241.3793103444 -7.852370619025601e+17 -35993481647.11795 
520376.1755485889 -8.048799729684306e+17 -36893868031.36988 
523510.9717868334 -8.250142566068202e+17 -37816777817.1911 
526645.768025078 -8.456522046315208e+17 -38762774433.37973 
529780.5642633225 -8.668064163392676e+17 -39732435403.052925 
532915.360501567 -8.884898062015081e+17 -40726352696.21998 
536050.1567398115 -9.107156117485797e+17 -41745133091.17522 
539184.952978056 -9.334974016511144e+17 -42789398544.931076 
542319.7492163006 -9.568490840035999e+17 -43859786572.91787 
545454.5454545451 -9.807849148151508e+17 -44956950638.18145 
548589.3416927896 -1.0053195067126906e+18 -46081560550.317085 
551724.1379310341 -1.0304678378618353e+18 -47234302874.382805 
554858.9341692786 -1.0562452611109418e+18 -48415881350.04164 
557993.7304075231 -1.0826675133638952e+18 -49627017321.18884 
561128.5266457676 -1.1097507251873562e+18 -50868450176.3264 
564263.3228840121 -1.1375114306583462e+18 -52140937799.95382 
567398.1191222566 -1.1659665774581532e+18 -53445257035.24995 
570532.9153605012 -1.1951335372187594e+18 -54782204158.3297 
573667.7115987457 -1.225030116128079e+18 -56152595364.36384 
576802.5078369902 -1.2556745658004846e+18 -57557267265.85969 
579937.3040752347 -1.2870855944192737e+18 -58997077403.40577 
583072.1003134792 -1.319282378157854e+18 -60472904769.19356 
586206.8965517237 -1.3522845728866412e+18 -61985650343.63462 
589341.6927899682 -1.386112326172804e+18 -63536237645.40204 
592476.4890282127 -1.4207862895801917e+18 -65125613295.2307 
595611.2852664572 -1.4563276312769413e+18 -66754747593.82163 
598746.0815047018 -1.4927580489584701e+18 -68424635114.2025 
601880.8777429463 -1.530099783093736e+18 -70136295308.90604 
605015.6739811908 -1.5683756305028608e+18 -71890773132.33737 
608150.4702194353 -1.6076089582744046e+18 -73689139678.71025 
611285.2664576798 -1.647823718030775e+18 -75532492835.94104 
614420.0626959243 -1.6890444605505024e+18 -77421957955.9005 
617554.8589341688 -1.7312963507562816e+18 -79358688541.43152 
620689.6551724133 -1.7746051830779505e+18 -81343866950.55305 
623824.4514106578 -1.818997397199767e+18 -83378705118.27989 
626959.2476489024 -1.8645000942016346e+18 -85464445296.499 
630094.0438871469 -1.9111410531040694e+18 -87602360812.35402 
633228.8401253914 -1.9589487478270838e+18 -89793756845.60115 
636363.6363636359 -2.007952364573262e+18 -92039971225.41072 
639498.4326018804 -2.0581818196457027e+18 -94342375247.10042 
642633.2288401249 -2.1096677777116705e+18 -96702374509.29967 
645768.0250783694 -2.162441670523113e+18 -99121409772.0561 
648902.8213166139 -2.2165357161055066e+18 -101600957836.40799 
652037.6175548584 -2.2719829384266824e+18 -104142532445.959 
655172.413793103 -2.328817187557686e+18 -106747685211.00609 
658307.2100313475 -2.3870731603379753e+18 -109418006555.78479 
661442.006269592 -2.4467864215575347e+18 -112155126689.40968 
664576.8025078365 -2.5079934256688993e+18 -114960716601.10408 
667711.598746081 -2.570731539042296e+18 -117836489080.32495 
670846.3949843255 -2.635039062777512e+18 -120784199762.4075 
673981.19122257 -2.700955256086393e+18 -123805648200.36516 
677115.9874608145 -2.7685203602602665e+18 -126902678963.50204 
680250.783699059 -2.83777562323692e+18 -130077182763.50772 
683385.5799373036 -2.9087633247821164e+18 -133331097608.72006 
686520.3761755481 -2.981526802301055e+18 -136666409987.26413 
689655.1724137926 -3.056110477295494e+18 -140085156079.78674 
692789.9686520371 -3.132559882482712e+18 -143589423002.52786 
695924.7648902816 -3.2109216895928525e+18 -147181350081.4871 
699059.5611285261 -3.291243737861619e+18 -150863130158.46527 
702194.3573667706 -3.373575063235756e+18 -154637010929.77576 
705329.1536050151 -3.457965928309065e+18 -158505296318.4448 
708463.9498432596 -3.54446785300733e+18 -162470347880.73755 
711598.7460815042 -3.633133646040785e+18 -166534586247.86884 
714733.5423197487 -3.7240174371434127e+18 -170700492603.77826 
717868.3385579932 -3.8171747101186913e+18 -174970610199.8722 
721003.1347962377 -3.9126623367119846e+18 -179347545907.65808 
724137.9310344822 -4.010538611330293e+18 -183833971810.2177 
727272.7272727267 -4.110863286630487e+18 -188432626833.492 
730407.5235109712 -4.213697609997836e+18 -193146318418.3724 
733542.3197492157 -4.319104360937004e+18 -197977924234.62082 
736677.1159874602 -4.427147889398436e+18 -202930393937.66296 
739811.9122257048 -4.5378941550634593e+18 -208006750969.32852 
742946.7084639493 -4.651410767612131e+18 -213210094403.63687 
746081.5047021938 -4.767767027998382e+18 -218543600838.75787 
749216.3009404383 -4.887033970757699e+18 -224010526336.29733 
752351.0971786828 -5.009284407373094e+18 -229614208409.0964 
755485.8934169273 -5.134592970725939e+18 -235358068058.75516 
758620.6896551718 -5.263036160658682e+18 -241245611864.12628 
761755.4858934163 -5.394692390677407e+18 -247280434122.05133 
764890.2821316608 -5.529642035822615e+18 -253466219041.65067 
768025.0783699054 -5.667967481737529e+18 -259806742993.50238 
771159.8746081499 -5.809753174963865e+18 -266305876815.08572 
774294.6708463944 -5.955085674495709e+18 -272967588173.89453 
777429.4670846389 -6.104053704623112e+18 -279795943989.6657 
780564.2633228834 -6.256748209097467e+18 -286795112917.19855 
783699.0595611279 -6.413262406651983e+18 -293969367891.2875 
786833.8557993724 -6.573691847910932e+18 -301323088735.3109 
789968.6520376169 -6.738134473722549e+18 -308860764835.0787 
793103.4482758614 -6.906690674951046e+18 -316586997879.5646 
796238.244514106 -7.079463353764438e+18 -324506504670.19794 
799373.0407523505 -7.256557986455465e+18 -332624120000.43304 
802507.836990595 -7.438082687833969e+18 -340944799607.3503 
805642.6332288395 -7.624148277230171e+18 -349473623197.0941 
808777.429467084 -7.814868346148889e+18 -358215797545.99146 
811912.2257053285 -8.010359327616239e+18 -367176659679.2428 
815047.021943573 -8.210740567260991e+18 -376361680129.1346 
818181.8181818175 -8.416134396174123e+18 -385776466274.7521 
821316.614420062 -8.62666620559094e+18 -395426765765.2396 
824451.4106583066 -8.842464523441407e+18 -405318470028.6924 
827586.2068965511 -9.063661092815408e+18 -415457617868.82697 
830721.0031347956 -9.290390952390738e+18 -425850399151.6173 
833855.7993730401 -9.522792518873127e+18 -436503158584.1575 
836990.5956112846 -9.7610076714985e+18 -447422399588.0528 
840125.3918495291 -1.0005181838649063e+19 -458614788269.7068 
843260.1880877736 -1.0255464086636192e+19 -470087157489.92194 
846394.9843260181 -1.0512007210704118e+19 -481846511035.3092 
849529.7805642626 -1.077496782831021e+19 -493900027894.03516 
852664.5768025072 -1.1044506474738573e+19 -506255066638.5405 
855799.3730407517 -1.1320787701105584e+19 -518919169917.8851 
858934.1692789962 -1.160398017481694e+19 -531900069062.473 
862068.9655172407 -1.1894256782537736e+19 -545205688803.966 
865203.7617554852 -1.2191794735738294e+19 -558844152113.2672 
868338.5579937297 -1.2496775678880377e+19 -572823785159.526 
871473.3542319742 -1.2809385800309637e+19 -587153122393.2 
874608.1504702187 -1.312981594592205e+19 -601840911756.2649 
877742.9467084632 -1.3458261735673725e+19 -616896120022.7576 
880877.7429467078 -1.3794923683005217e+19 -632327938272.9174 
884012.5391849523 -1.4140007317253358e+19 -648145787504.2657 
887147.3354231968 -1.449372330912528e+19 -664359324383.0494 
890282.1316614413 -1.4856287599311227e+19 -680978447139.5574 
893416.9278996858 -1.5227921530314445e+19 -698013301610.908 
896551.7241379303 -1.560885198157888e+19 -715474287434.9918 
899686.5203761748 -1.5999311507997209e+19 -733372064399.3656 
902821.3166144193 -1.6399538481883773e+19 -751717558948.9702 
905956.1128526638 -1.6809777238498945e+19 -770521970856.6332 
909090.9090909084 -1.723027822521378e+19 -789796780060.4423 
912225.7053291529 -1.7661298154405994e+19 -809553753672.145 
915360.5015673974 -1.8103100160180673e+19 -829804953160.871 
918495.2978056419 -1.8555953959011475e+19 -850562741716.5627 
921630.0940438864 -1.9020136014400532e+19 -871839791797.6056 
924764.8902821309 -1.9495929705657016e+19 -893649092867.2556 
927899.6865203754 -1.998362550089796e+19 -916003959323.6056 
931034.4827586199 -2.0483521134376366e+19 -938918038627.9032 
934169.2789968645 -2.0995921788245602e+19 -962405319636.2119 
937304.075235109 -2.152114027887055e+19 -986480141139.4977 
940438.8714733535 -2.205949724779974e+19 -1011157200617.3501 
943573.667711598 -2.261132135751427e+19 -1036451563210.6755 
946708.4639498425 -2.3176949492073288e+19 -1062378670918.8253 
949843.260188087 -2.3756726962778964e+19 -1088954352026.8074 
952978.0564263315 -2.4351007718986138e+19 -1116194830768.3315 
956112.852664576 -2.496015456418565e+19 -1144116737230.5657 
959247.6489028205 -2.558453937749293e+19 -1172737117506.6797 
962382.445141065 -2.6224543340677206e+19 -1202073444102.3384 
965517.2413793096 -2.6880557170869535e+19 -1232143626602.5198 
968652.0376175541 -2.755298135909231e+19 -1262966022605.1558 
971786.8338557986 -2.824222641475581e+19 -1294559448928.3022 
974921.6300940431 -2.894871311627097e+19 -1326943193097.6592 
978056.4263322876 -2.9672872767931286e+19 -1360137025121.452 
981191.2225705321 -3.0415147463220335e+19 -1394161209559.8472 
984326.0188087766 -3.1175990354705973e+19 -1429036517896.2966 
987460.8150470211 -3.1955865930686276e+19 -1464784241218.3481 
990595.6112852657 -3.27552502987557e+19 -1501426203215.6804 
993730.4075235102 -3.357463147646537e+19 -1538984773503.31 
996865.2037617547 -3.44145096892537e+19 -1577482881278.0498 
999999.9999999992 -3.5275397675829817e+19 -1616944029316.5825 
