#x u 
0.0 1.492809886260358e+17 6842701121.78421 
3134.796238244514 -3735782435512033.0 -171239773.42809623 
6269.592476489028 91935221500176.84 4214101.486486441 
9404.38871473354 -3854071828340.609 -176661.9378090248 
12539.184952978056 -1496758606471.8274 -68608.0565517824 
15673.98119122257 -1595581144867.9163 -73137.8526756529 
18808.777429467085 -1633959781255.182 -74897.03618455991 
21943.5736677116 -1674872347477.9465 -76772.36793573898 
25078.369905956115 -1716768991034.356 -78692.80649377301 
28213.16614420063 -1759714675259.3286 -80661.32995261591 
31347.962382445145 -1803734623700.39 -82679.0948509653 
34482.75862068966 -1848855725949.516 -84747.33411033418 
37617.55485893417 -1895105518976.221 -86867.31032994267 
40752.35109717868 -1942512230191.0293 -89040.31774595901 
43887.14733542319 -1991104794382.6934 -91267.6829922868 
47021.943573667704 -2040912871657.8088 -93550.76591112014 
50156.739811912215 -2091966865744.2952 -95890.9603792826 
53291.53605015673 -2144297942678.899 -98289.69515384 
56426.33228840124 -2197938049908.7444 -100748.43474001091 
59561.12852664575 -2252919935838.5215 -103268.68028222604 
62695.92476489026 -2309277169781.861 -105851.97047900027 
65830.72100313478 -2367044162308.3745 -108499.88251973086 
68965.51724137929 -2426256186006.14 -111214.03304304396 
72100.3134796238 -2486949396701.506 -113996.07911924434 
75235.10971786831 -2549160855230.206 -116847.71925810358 
78369.90595611282 -2612928549789.2676 -119770.6944432514 
81504.70219435733 -2678291418857.003 -122766.78919254958 
84639.49843260185 -2745289374674.8535 -125837.83264291941 
87774.29467084636 -2813963327297.1074 -128985.69966093797 
90909.09090909087 -2884355209248.584 -132212.31198290616 
94043.88714733538 -2956508000849.5415 -135519.63938751028 
97178.68338557989 -3030465756223.3022 -138909.7009023927 
100313.4796238244 -3106273629967.9883 -142384.56604346336 
103448.27586206891 -3183977904490.3506 -145946.35608496753 
106583.07210031342 -3263626018046.1797 -149597.2453602266 
109717.86833855794 -3345266593574.7676 -153339.46259486437 
112852.66457680245 -3428949468407.015 -157175.29227417213 
115987.46081504696 -3514725724874.275 -161107.07604409117 
119122.25705329147 -3602647721787.602 -165137.21414391973 
122257.05329153598 -3692769126741.213 -169268.166870365 
125391.84952978049 -3785144949242.46 -173502.45607513806 
128526.645768025 -3879831574707.395 -177842.6667004088 
131661.44200626953 -3976886799340.3022 -182291.44835610336 
134796.23824451404 -4076369865868.112 -186851.51694002876 
137931.03448275855 -4178341500075.0 -191525.6562993723 
141065.83072100306 -4282863948109.4575 -196316.7199327415 
144200.62695924757 -4390001014605.9077 -201227.63273435534 
147335.42319749208 -4499818101714.227 -206261.3927832919 
150470.2194357366 -4612382249112.736 -211421.07317939095 
153605.0156739811 -4727762175016.272 -216709.8239246978 
156739.81191222562 -4846028318150.918 -222130.87384807077 
159874.60815047013 -4967252880692.565 -227687.53257242343 
163009.40438871464 -5091509872229.174 -233383.19252748773 
166144.20062695915 -5218875154837.551 -239221.33101276084 
169278.99686520366 -5349426489326.871 -245205.51231389437 
172413.79310344817 -5483243582630.682 -251339.3898728232 
175548.58934169268 -5620408136302.0625 -257626.7085106635 
178683.3855799372 -5761003896115.337 -264071.30670422903 
181818.1818181817 -5905116702856.007 -270677.1189200953 
184952.97805642622 -6052834544410.299 -277448.17801115644 
188087.77429467073 -6204247609219.3125 -284388.6176782854 
191222.57053291524 -6359448341092.285 -291502.6749962538 
194357.36677115975 -6518531495356.245 -298794.69300198456 
197492.16300940426 -6681594196376.122 -306269.12334571144 
200626.95924764877 -6848735996551.726 -313930.52900910703 
203761.75548589329 -7020058936911.976 -321783.5870951615 
206896.5517241378 -7195667609363.483 -329833.0916917355 
210031.3479623823 -7375669220572.438 -338083.9568073352 
213166.14420062682 -7560173657445.73 -346541.21937731927 
216300.94043887133 -7749293554244.709 -355210.0423419296 
219435.73667711584 -7943144361439.321 -364095.7178010144 
222570.53291536035 -8141844416411.613 -373203.6702505375 
225705.32915360486 -8345515016040.743 -382539.4599026313 
228840.12539184937 -8554280491125.921 -392108.78608754784 
231974.9216300939 -8768268282607.92 -401917.49073609733 
235109.7178683384 -8987609019630.979 -411971.56194494065 
238244.5141065829 -9212436599562.117 -422277.1376306196 
241379.31034482742 -9442888270074.818 -432840.50927777536 
244514.10658307193 -9679104713318.715 -443668.12578312313 
247648.90282131644 -9921230132127.346 -454766.59739350824 
250783.69905956095 -10169412338237.352 -466142.6997373463 
253918.49529780546 -10423802842588.566 -477803.3779530969 
257053.29153604998 -10684556947847.695 -489755.7509217293 
260188.0877742945 -10951833843274.879 -502007.1156089846 
263322.884012539 -11225796701958.547 -514564.9515188406 
266457.6802507835 -11506612780381.326 -527436.9252565794 
269592.476489028 -11794453520319.215 -540630.8952016018 
272727.27272727253 -12089494653183.066 -554154.9162949019 
275862.06896551704 -12391916306977.652 -568017.2449490671 
278996.86520376155 -12701903116012.041 -582226.344086657 
282131.66144200607 -13019644333391.67 -596790.8883079598 
285266.4576802506 -13345333946265.854 -611719.7691865112 
288401.2539184951 -13679170793861.578 -627022.1006932756 
291536.0501567396 -14021358688446.436 -642707.2247555148 
294670.8463949841 -14372106539417.521 -658784.7169588038 
297805.6426332286 -14731628480650.238 -675264.3923977964 
300940.43887147313 -15100144001127.775 -692156.3116761675 
304075.23510971764 -15477878078825.443 -709470.7870541014 
307210.03134796215 -15865061317897.459 -727218.3887450732 
310344.82758620667 -16261930089329.137 -745409.9513691014 
313479.6238244512 -16668726675256.703 -764056.5805714596 
316614.4200626957 -17085699417073.469 -783169.6598121885 
319749.2163009402 -17513102867323.117 -802760.8573263914 
322884.0125391847 -17951197945349.78 -822842.1332540384 
326018.8087774292 -18400252096766.63 -843425.7469422852 
329153.60501567373 -18860539456924.684 -864524.2644289144 
332288.40125391824 -19332341018586.312 -886150.5661166364 
335423.19749216276 -19815944803908.43 -908317.8546435114 
338557.99373040727 -20311646040723.734 -931039.6629494678 
341692.7899686518 -20819747343098.78 -954329.8625384723 
344827.5862068963 -21340558896260.76 -978202.6719411113 
347962.3824451408 -21874398646107.01 -1002672.665387939 
351097.1786833853 -22421592493517.14 -1027754.7817041804 
354231.9749216298 -22982474493574.617 -1053464.3334311615 
357366.77115987433 -23557387059693.082 -1079817.0161746459 
360501.56739811884 -24146681172657.06 -1106828.9181808543 
363636.36363636336 -24750716594719.406 -1134516.5301469157 
366771.15987460787 -25369862089016.086 -1162896.7552778258 
369905.9561128524 -26004495644545.05 -1191986.9196012449 
373040.7523510969 -26655004706826.992 -1221804.782545428 
376175.5485893414 -27321786414261.758 -1252368.5477807592 
379310.3448275859 -28005247840231.875 -1283696.874326926 
382445.1410658304 -28705806241151.664 -1315808.8879344736 
385579.93730407493 -29423889310767.203 -1348724.1927542838 
388714.73354231945 -30159935440974.2 -1382462.883306726 
391849.52978056396 -30914393989275.098 -1417045.5567554885 
394984.32601880847 -31687725552903.68 -1452493.3254868502 
398119.122257053 -32480402249704.082 -1488827.8299978313 
401253.9184952975 -33292908006008.676 -1526071.2521039015 
404388.714733542 -34125738851850.48 -1564246.3284811862 
407523.5109717865 -34979403223779.52 -1603376.364555109 
410658.307210031 -35854422275395.586 -1643485.2487403213 
413793.10344827553 -36751330195631.21 -1684597.4670332072 
416927.89968652005 -37670674534901.94 -1726738.1179622621 
420062.69592476456 -38613016539407.15 -1769932.9279092683 
423197.49216300907 -39578931493937.25 -1814208.2668176875 
426332.2884012536 -40569009073452.93 -1859591.164300657 
429467.0846394981 -41583853703539.89 -1906109.3261536052 
432601.8808777426 -42624084929785.914 -1953791.1512740261 
435736.6771159871 -43690337796239.04 -2002665.7489961367 
438871.4733542316 -44783263233277.266 -2052762.9568560692 
442006.26959247614 -45903528455275.91 -2104113.3588058194 
445141.06583072065 -47051817368344.484 -2156748.303888992 
448275.86206896516 -48228830988247.53 -2210699.9253840847 
451410.65830720967 -49435287868592.38 -2266001.16041968 
454545.4545454542 -50671924539509.305 -2322685.770072294 
457680.2507836987 -51939495957221.086 -2380788.359965517 
460815.0470219432 -53238775964934.14 -2440344.4013905334 
463949.8432601877 -54570557765347.54 -2501390.252961844 
467084.6394984322 -55935654404924.3 -2563963.1828149264 
470219.43573667674 -57334899270068.664 -2628101.3913524216 
473354.23197492125 -58769146595517.945 -2693844.0345528843 
476489.02821316576 -60239271985423.92 -2761231.2478637174 
479623.82445141027 -61746172947605.516 -2830304.1706999815 
482758.6206896548 -63290769441297.445 -2901104.9715636717 
485893.4169278993 -64874004438576.54 -2973676.8737912774 
489028.2131661438 -66496844499675.91 -3048064.1819387847 
492163.0094043883 -68160280362578.18 -3124312.30882151 
495297.8056426328 -69865327547435.49 -3202467.8032332975 
498432.60188087734 -71613026976333.19 -3282578.3783682785 
501567.39811912185 -73404445608742.72 -3364692.9409604874 
504702.19435736636 -75240677092878.39 -3448861.621150711 
507836.99059561087 -77122842433229.7 -3535135.803092665 
510971.7868338554 -79052090674740.19 -3623568.156319732 
514106.5830720999 -81029599604236.56 -3714212.667899761 
517241.3793103444 -83056576469654.25 -3807124.675402835 
520376.1755485889 -85134258717419.38 -3902360.9006984793 
523510.9717868334 -87263914748237.31 -3999979.4845939553 
526645.768025078 -89446844691633.58 -4100040.0223295917 
529780.5642633225 -91684381199798.17 -4202603.599956799 
532915.360501567 -93977890261399.95 -4307732.831629712 
536050.1567398115 -96328772035953.02 -4415491.897837486 
539184.952978056 -98738461709123.75 -4525946.584595711 
542319.7492163006 -101208430369291.52 -4639164.323611766 
545454.5454545451 -103740185905806.31 -4755214.23344493 
548589.3416927896 -106335273929598.69 -4874167.161691923 
551724.1379310341 -108995278716891.23 -4996095.728232684 
554858.9341692786 -111721824176647.98 -5121074.369565993 
557993.7304075231 -114516574842212.72 -5249179.384256038 
561128.5266457676 -117381236887543.28 -5380488.979508856 
564263.3228840121 -120317559168613.08 -5515083.31890509 
567398.1191222566 -123327334290763.9 -5653044.571325035 
570532.9153605012 -126412399702857.81 -5794456.961104916 
573667.7115987457 -129574638818938.64 -5939406.819456783 
576802.5078369902 -132815982167936.27 -6087982.637176307 
579937.3040752347 -136138408571941.2 -6240275.118662293 
583072.1003134792 -139543946353763.97 -6396377.237280337 
586206.8965517237 -143034674574699.12 -6556384.2921123095 
589341.6927899682 -146612724303443.53 -6720393.966134589 
592476.4890282127 -150280279916953.1 -6888506.385860629 
595611.2852664572 -154039580433865.44 -7060824.182475952 
598746.0815047018 -157892920881143.72 -7237452.554495049 
601880.8777429463 -161842653694803.44 -7418499.331979257 
605015.6739811908 -165891190155772.5 -7604075.042363295 
608150.4702194353 -170041001861927.94 -7794292.977937827 
611285.2664576798 -174294622237171.06 -7989269.26502731 
614420.0626959243 -178654648078268.25 -8189122.934896292 
617554.8589341688 -183123741140252.4 -8393975.99642041 
620689.6551724133 -187704629761401.88 -8603953.510568772 
623824.4514106578 -192400110528982.1 -8819183.666752152 
626959.2476489024 -197213049986891.38 -9039797.861089522 
630094.0438871469 -202146386386168.8 -9265930.776637118 
633228.8401253914 -207203131479217.5 -9497720.465619633 
636363.6363636359 -212386372358709.2 -9735308.433708258 
639498.4326018804 -217699273342370.16 -9978839.726400863 
642633.2288401249 -223145077904985.1 -10228463.017566599 
645768.0250783694 -228727110658895.4 -10484330.700213425 
648902.8213166139 -234448779384074.88 -10746598.97952921 
652037.6175548584 -240313577108818.7 -11015427.968244096 
655172.413793103 -246325084242221.3 -11290981.784368584 
658307.2100313475 -252486970759860.84 -11573428.651372714 
661442.006269592 -258802998444225.06 -11862941.000876894 
664576.8025078365 -265277023181304.2 -12159695.57792007 
667711.598746081 -271912997314627.3 -12463873.548863715 
670846.3949843255 -278714972057986.28 -12775660.611988675 
673981.19122257 -285687099968285.94 -13095247.110850826 
677115.9874608145 -292833637480188.5 -13422828.1504715 
680250.783699059 -300158947504289.44 -13758603.716442319 
683385.5799373036 -307667502090454.4 -14102778.797018493 
686520.3761755481 -315363885157791.4 -14455563.508267876 
689655.1724137926 -323252795292771.56 -14817173.222344395 
692789.9686520371 -331339048617207.0 -15187828.69896386 
695924.7648902816 -339627581728023.9 -15567756.220170386 
699059.5611285261 -348123454710790.75 -15957187.728482561 
702194.3573667706 -356831854228837.6 -16356360.968503363 
705329.1536050151 -365758096689685.2 -16765519.632071644 
708463.9498432596 -374907631490574.9 -17184913.507037528 
711598.7460815042 -384286044345121.0 -17614798.629753564 
714733.5423197487 -393899060693297.6 -18055437.441383034 
717868.3385579932 -403752549196956.06 -18507098.94812619 
721003.1347962377 -413852525322958.9 -18970058.88545962 
724137.9310344822 -424205155015917.2 -19444599.88648038 
727272.7272727267 -434816758462670.44 -19931011.654452793 
730407.5235109712 -445693813950856.4 -20429591.139666267 
733542.3197492157 -456842961824104.4 -20940642.720720146 
736677.1159874602 -468271008536331.94 -21464478.390350193 
739811.9122257048 -479984930807518.44 -22001417.945905715 
742946.7084639493 -491991879883305.25 -22551789.184585806 
746081.5047021938 -504299185900945.2 -23115928.103550714 
749216.3009404383 -516914362364371.75 -23694179.10503584 
752351.0971786828 -529845110731262.56 -24286895.20660093 
755485.8934169273 -543099325114949.7 -24894438.256645177 
758620.6896551718 -556685097103907.06 -25517179.15531429 
761755.4858934163 -570610720701614.1 -26155498.08092758 
764890.2821316608 -584884697389786.0 -26809784.7220628 
768025.0783699054 -599515741318206.8 -27480438.51544697 
771159.8746081499 -614512784624482.6 -28167868.88980499 
774294.6708463944 -629884982886960.1 -28872495.51581512 
777429.4670846389 -645641720714004.6 -29594748.56231725 
780564.2633228834 -661792617472937.5 -30335068.958924666 
783699.0595611279 -678347533162152.0 -31093908.665200878 
786833.8557993724 -695316574430162.8 -31871730.946572375 
789968.6520376169 -712710100745347.1 -32669010.65714968 
793103.4482758614 -730538730720098.6 -33486234.52962637 
796238.244514106 -748813348593090.5 -34323901.472425 
799373.0407523505 -767545110873529.2 -35182522.874267556 
802507.836990595 -786745453151569.4 -36062622.916360706 
805642.6332288395 -806426097079215.8 -36964738.892394036 
808777.429467084 -826599057526091.1 -37889421.53655155 
811912.2257053285 -847276649914390.9 -38837235.359734066 
815047.021943573 -868471497737407.2 -39808758.994193144 
818181.8181818175 -890196540266238.5 -40804585.54678862 
821316.614420062 -912465040449532.8 -41825322.96109121 
824451.4106583066 -935290593011197.8 -42871594.388557166 
827586.2068965511 -958687132750927.2 -43944038.568996705 
830721.0031347956 -982668943052333.0 -45043310.22055733 
833855.7993730401 -1007250664603598.6 -46170080.43944594 
836990.5956112846 -1032447304335851.9 -47325037.10963061 
840125.3918495291 -1058274244584801.6 -48508885.32277489 
843260.1880877736 -1084747252481317.4 -49722347.80866629 
846394.9843260181 -1111882489576699.2 -50966165.37640329 
849529.7805642626 -1139696521708525.5 -52241097.366610505 
852664.5768025072 -1168206329113250.5 -53547922.114965595 
855799.3730407517 -1197429316792030.5 -54887437.42733606 
858934.1692789962 -1227383325136441.5 -56260461.06683064 
862068.9655172407 -1258086640820606.2 -57667831.253065 
865203.7617554852 -1289558007966075.2 -59110407.17393261 
868338.5579937297 -1321816639585802.2 -60589069.51017156 
871473.3542319742 -1354882229313879.0 -62104720.973032415 
874608.1504702187 -1388774963428130.5 -63658286.85537302 
877742.9467084632 -1423515533173060.2 -65250715.59652269 
880877.7429467078 -1459125147390772.5 -66882979.36126612 
884012.5391849523 -1495625545467663.8 -68556074.633302 
887147.3354231968 -1533039010604938.5 -70271022.8235473 
890282.1316614413 -1571388383421388.8 -72028870.89367157 
893416.9278996858 -1610697075897111.0 -73830691.9952593 
896551.7241379303 -1650989085666775.2 -75677586.12499496 
899686.5203761748 -1692289010670850.0 -77570680.79625419 
902821.3166144193 -1734622064173126.2 -79511131.72748446 
905956.1128526638 -1778014090153315.0 -81500123.54777588 
909090.9090909084 -1822491579084163.0 -83538870.52005573 
912225.7053291529 -1868081684103129.0 -85628617.2823653 
915360.5015673974 -1914812237588868.0 -87770639.60769057 
918495.2978056419 -1962711768152712.2 -89966245.18281151 
921630.0940438864 -2011809518055324.8 -92216774.40663844 
924764.8902821309 -2062135461059067.8 -94523601.20851775 
927899.6865203754 -2113720320727084.2 -96888133.8870108 
931034.4827586199 -2166595589180400.5 -99311815.96966721 
934169.2789968645 -2220793546324457.8 -101796127.09431152 
937304.075235109 -2276347279556380.0 -104342583.91236769 
940438.8714733535 -2333290703964745.5 -106952741.01475482 
943573.667711598 -2391658583034140.5 -109628191.88092425 
946708.4639498425 -2451486549867700.5 -112370569.8516377 
949843.260188087 -2512811128940975.5 -115181549.12610322 
952978.0564263315 -2575669758400435.0 -118062845.78407623 
956112.852664576 -2640100812919705.5 -121016218.8335286 
959247.6489028205 -2706143627127035.5 -124043471.28450303 
962382.445141065 -2773838519618282.0 -127146451.24980985 
965517.2413793096 -2843226817570587.5 -130327053.07325996 
968652.0376175541 -2914350881972144.5 -133587218.48614171 
971786.8338557986 -2987254133483455.0 -136928937.79264545 
974921.6300940431 -3061981078945330.5 -140354251.08493632 
978056.4263322876 -3138577338549425.5 -143865249.4885996 
981191.2225705321 -3217089673688189.0 -147464076.4392291 
984326.0188087766 -3297566015501647.0 -151152928.99096027 
987460.8150470211 -3380055494138909.0 -154934059.1577628 
990595.6112852657 -3464608468751990.5 -158809775.2883058 
993730.4075235102 -3551276558239693.5 -162782443.47519994 
996865.2037617547 -3640112672760734.0 -166854488.99942803 
999999.9999999992 -3731171045982110.5 -171028397.8133185 
