#x u 
0.0 3.9461247144521365e+23 1.8088138522514924e+16 
3134.796238244514 -9.875245024158771e+21 -452658780110449.9 
6269.592476489028 2.4302347443647454e+20 11139643543777.947 
9404.38871473354 -1.018793643941144e+19 -466991843668.57336 
12539.184952978056 -3.956565300044343e+18 -181359957929.31174 
15673.98119122257 -4.2177944394973097e+18 -193334107767.84207 
18808.777429467085 -4.3192448318020454e+18 -197984363099.55176 
21943.5736677116 -4.4273934071838126e+18 -202941647913.65564 
25078.369905956115 -4.5381432746600013e+18 -208018170044.6912 
28213.16614420063 -4.651666182520607e+18 -213221802043.21503 
31347.962382445145 -4.768028830594884e+18 -218555601274.86243 
34482.75862068966 -4.887302322458058e+18 -224022826968.12167 
37617.55485893417 -5.009559471958612e+18 -229626816744.4992 
40752.35109717868 -5.134874916115923e+18 -235370991795.35675 
43887.14733542319 -5.263325158993271e+18 -241258858891.07996 
47021.943573667704 -5.394988618389321e+18 -247294012526.48355 
50156.739811912215 -5.529945673746264e+18 -253480137113.53192 
53291.53605015673 -5.668278715240122e+18 -259821009229.7578 
56426.33228840124 -5.810072194056376e+18 -266320499924.8817 
59561.12852664575 -5.955412673932229e+18 -272982577084.72165 
62695.92476489026 -6.104388884032965e+18 -279811307852.1804 
65830.72100313478 -6.257091773111064e+18 -286810861110.63116 
68965.51724137929 -6.413614565008051e+18 -293985510029.9761 
72100.3134796238 -6.574052815598459e+18 -301339634673.9348 
75235.10971786831 -6.738504471114699e+18 -308877724674.5504 
78369.90595611282 -6.907069927925931e+18 -316604381973.82666 
81504.70219435733 -7.079852093849578e+18 -324524323632.2462 
84639.49843260185 -7.256956450976106e+18 -332642384708.4756 
87774.29467084636 -7.438491120053503e+18 -340963521211.6548 
90909.09090909087 -7.624566926491521e+18 -349492813127.11835 
94043.88714733538 -7.815297468031448e+18 -358235467517.1432 
97178.68338557989 -8.010799184092707e+18 -367196821699.9977 
100313.4796238244 -8.211191426859317e+18 -376382346508.2747 
103448.27586206891 -8.416596534141967e+18 -385797649628.85876 
106583.07210031342 -8.627139904061781e+18 -395448479026.4821 
109717.86833855794 -8.842950071604669e+18 -405340726452.82086 
112852.66457680245 -9.064158787092163e+18 -415480431043.297 
115987.46081504696 -9.290901096618492e+18 -425873783003.7155 
119122.25705329147 -9.523315424493177e+18 -436527127389.4181 
122257.05329153598 -9.761543657742338e+18 -447446967979.14484 
125391.84952978049 -1.0005731232731513e+19 -458639971245.4472 
128526.645768025 -1.0256027223956726e+19 -470112970424.3606 
131661.44200626953 -1.0512584435051969e+19 -481872969687.09595 
134796.23824451404 -1.0775559492074676e+19 -493927148416.02136 
137931.03448275855 -1.1045112939126088e+19 -506282865587.55304 
141065.83072100306 -1.1321409336360382e+19 -518947664264.8267 
144200.62695924757 -1.1604617360444072e+19 -531929276202.8205 
147335.42319749208 -1.1894909907532657e+19 -545235626568.48804 
150470.2194357366 -1.2192464198825988e+19 -558874838778.833 
153605.0156739811 -1.2497461888761575e+19 -572855239460.1403 
156739.81191222562 -1.2810089175910908e+19 -587185363531.4033 
159874.60815047013 -1.3130536916649746e+19 -601873959414.9397 
163009.40438871464 -1.3459000741674123e+19 -616929994377.2402 
166144.20062695915 -1.3795681175433312e+19 -632362660003.3136 
169278.99686520366 -1.414078375855063e+19 -648181377807.9731 
172413.79310344817 -1.4494519173303566e+19 -664395804987.6222 
175548.58934169268 -1.4857103372240683e+19 -681015840316.0286 
178683.3855799372 -1.522875771001798e+19 -698051630187.4851 
181818.1818181817 -1.5609709078536118e+19 -715513574811.0016 
184952.97805642622 -1.6000190045458168e+19 -733412334559.4545 
188087.77429467073 -1.6400438996189424e+19 -751758836477.6923 
191222.57053291524 -1.681070027940745e+19 -770564280953.5092 
194357.36677115975 -1.7231224356234514e+19 -789840148555.4102 
197492.16300940426 -1.7662267953143409e+19 -809598207041.3391 
200626.95924764877 -1.8104094218687902e+19 -829850518542.7471 
203761.75548589329 -1.8556972884152656e+19 -850609446928.4337 
206896.5517241378 -1.9021180428221264e+19 -871887665352.6125 
210031.3479623823 -1.949700024576372e+19 -893698163991.7935 
213166.14420062682 -1.9984722820846432e+19 -916054257975.1836 
216300.94043887133 -2.0484645904071053e+19 -938969595513.4377 
219435.73667711584 -2.0997074694349062e+19 -962458166230.7571 
222570.53291536035 -2.1522322025222844e+19 -986534309705.4568 
225705.32915360486 -2.2060708555847393e+19 -1011212724224.1915 
228840.12539184937 -2.2612562966750306e+19 -1036508475755.12 
231974.9216300939 -2.317822216048925e+19 -1062437007145.5281 
235109.7178683384 -2.375803146732821e+19 -1089014147549.5532 
238244.5141065829 -2.4352344856058237e+19 -1116256122091.7808 
241379.31034482742 -2.4961525150092227e+19 -1144179561772.557 
244514.10658307193 -2.5585944248965706e+19 -1172801513621.0686 
247648.90282131644 -2.6225983355378835e+19 -1202139451102.408 
250783.69905956095 -2.6882033207917138e+19 -1232211284784.9785 
253918.49529780546 -2.7554494319594185e+19 -1263035373274.7622 
257053.29153604998 -2.824377722236168e+19 -1294630534423.084 
260188.0877742945 -2.8950302717736047e+19 -1327016056814.744 
263322.884012539 -2.9674502133693977e+19 -1360211711543.5461 
266457.6802507835 -3.0416817587994608e+19 -1394237764282.3975 
269592.476489028 -3.117770225808887e+19 -1429114987655.328 
272727.27272727253 -3.195762065778074e+19 -1464864673918.9885 
275862.06896551704 -3.2757048920808767e+19 -1501508647961.4219 
278996.86520376155 -3.3576475091521475e+19 -1539069280625.9856 
282131.66144200607 -3.441639942282443e+19 -1577569502368.567 
285266.4576802506 -3.5277334681581134e+19 -1617032817256.412 
288401.2539184951 -3.6159806461653115e+19 -1657483317317.1528 
291536.0501567396 -3.706435350477035e+19 -1698945697246.8018 
294670.8463949841 -3.799152802942836e+19 -1741445269485.684 
297805.6426332286 -3.894189606801259e+19 -1785007979671.4712 
300940.43887147313 -3.991603781235705e+19 -1829660422478.7783 
304075.23510971764 -4.091454796794687e+19 -1875429857854.9688 
307210.03134796215 -4.1938036116981195e+19 -1922344227662.1272 
310344.82758620667 -4.298712709051806e+19 -1970432172735.335 
313479.6238244512 -4.40624613499281e+19 -2019723050367.6833 
316614.4200626957 -4.516469537789072e+19 -2070246952232.665 
319749.2163009402 -4.629450207917154e+19 -2122034722754.8875 
322884.0125391847 -4.745257119142533e+19 -2175117977940.332 
326018.8087774292 -4.863960970627556e+19 -2229529124677.656 
329153.60501567373 -4.9856342300926886e+19 -2285301380522.3164 
332288.40125391824 -5.110351178057447e+19 -2342468793975.6235 
335423.19749216276 -5.238187953188022e+19 -2401066265271.087 
338557.99373040727 -5.369222598779277e+19 -2461129567680.714 
341692.7899686518 -5.5035351103995355e+19 -2522695369354.3193 
344827.5862068963 -5.6412074847272395e+19 -2585801255705.1025 
347962.3824451408 -5.782323769609287e+19 -2650485752355.221 
351097.1786833853 -5.926970115371521e+19 -2716788348655.366 
354231.9749216298 -6.075234827412783e+19 -2784749521792.6943 
357366.77115987433 -6.22720842011463e+19 -2854410761501.816 
360501.56739811884 -6.382983672099592e+19 -2925814595393.938 
363636.36363636336 -6.542655682871754e+19 -2999004614919.628 
366771.15987460787 -6.706321930874288e+19 -3074025501981.0156 
369905.9561128524 -6.8740823329991795e+19 -3150923056209.731 
373040.7523510969 -7.046039305585669e+19 -3229744222927.201 
376175.5485893414 -7.2222978269446e+19 -3310537121804.3813 
379310.3448275859 -7.402965501446786e+19 -3393351076238.413 
382445.1410658304 -7.5881526252146e+19 -3478236643464.1567 
385579.93730407493 -7.77797225345684e+19 -3565245645418.9727 
388714.73354231945 -7.972540269487992e+19 -3654431200379.572 
391849.52978056396 -8.171975455474074e+19 -3745847755390.296 
394984.32601880847 -8.376399564948111e+19 -3839551119502.5786 
398119.122257053 -8.585937397139735e+19 -3935598497845.916 
401253.9184952975 -8.800716873164023e+19 -4034048526551.109 
404388.714733542 -9.020869114116299e+19 -4134961308547.156 
407523.5109717865 -9.246528521120503e+19 -4238398450253.587 
410658.307210031 -9.477832857379899e+19 -4344423099190.682 
413793.10344827553 -9.714923332280448e+19 -4453099982530.511 
416927.89968652005 -9.957944687597904e+19 -4564495446612.31 
420062.69592476456 -1.020704528586153e+20 -4678677497446.415 
423197.49216300907 -1.0462377200928157e+20 -4795715842231.34 
426332.2884012536 -1.072409631082205e+20 -4915681931909.452 
429467.0846394981 -1.0992362392897141e+20 -5038649004787.185 
432601.8808777426 -1.1267339221379773e+20 -5164692131246.42 
435736.6771159871 -1.15491946673515e+20 -5293888259574.3125 
438871.4733542316 -1.1838100801233035e+20 -5426316262939.622 
442006.26959247614 -1.2134233997831784e+20 -5562056987544.102 
445141.06583072065 -1.2437775044017245e+20 -5701193301978.465 
448275.86206896516 -1.2748909249089854e+20 -5843810147812.94 
451410.65830720967 -1.3067826557910824e+20 -5989994591453.434 
454545.4545454542 -1.339472166686185e+20 -6139835877294.798 
457680.2507836987 -1.3729794142705723e+20 -6293425482203.866 
460815.0470219432 -1.407324854442013e+20 -6450857171365.27 
463949.8432601877 -1.4425294548079252e+20 -6612227055524.339 
467084.6394984322 -1.478614707485926e+20 -6777633649661.911 
470219.43573667674 -1.51560264222459e+20 -6947177933136.902 
473354.23197492125 -1.5535158398524316e+20 -7120963411333.367 
476489.02821316576 -1.5923774460633163e+20 -7299096178849.698 
479623.82445141027 -1.6322111855467086e+20 -7481684984268.505 
482758.6206896548 -1.673041376471408e+20 -7668841296546.689 
485893.4169278993 -1.71489294533158e+20 -7860679373066.388 
489028.2131661438 -1.75779144216418e+20 -8057316329388.084 
492163.0094043883 -1.8017630561470425e+20 -8258872210748.755 
495297.8056426328 -1.8468346315871476e+20 -8465470065348.441 
498432.60188087734 -1.8930336843088652e+20 -8677236019470.19 
501567.39811912185 -1.9403884184521245e+20 -8894299354479.111 
504702.19435736636 -1.9889277436908126e+20 -9116792585747.568 
507836.99059561087 -2.0386812928818944e+20 -9344851543554.719 
510971.7868338554 -2.0896794401560193e+20 -9578615456009.777 
514106.5830720999 -2.1419533194606825e+20 -9818227034049.635 
517241.3793103444 -2.195534843567245e+20 -10063832558562.701 
520376.1755485889 -2.250456723553417e+20 -10315581969692.17 
523510.9717868334 -2.3067524887730887e+20 -10573628958373.27 
526645.768025078 -2.3644565073257444e+20 -10838131060160.252 
529780.5642633225 -2.4236040070378753e+20 -11109249751400.61 
532915.360501567 -2.4842310969693078e+20 -11387150547814.979 
536050.1567398115 -2.5463747894574576e+20 -11672003105543.19 
539184.952978056 -2.6100730227130804e+20 -11963981324717.936 
542319.7492163006 -2.6753646839812198e+20 -12263263455629.312 
545454.5454545451 -2.7422896332815568e+20 -12570032207545.172 
548589.3416927896 -2.810888727742616e+20 -12884474860253.64 
551724.1379310341 -2.8812038465447107e+20 -13206783378395.838 
554858.9341692786 -2.9532779164868307e+20 -13537154528658.771 
557993.7304075231 -3.027154938193102e+20 -13875789999899.7 
561128.5266457676 -3.102880012974813e+20 -14222896526275.543 
564263.3228840121 -3.180499370364376e+20 -14578686013452.463 
567398.1191222566 -3.260060396338088e+20 -14943375667972.34 
570532.9153605012 -3.3416116622448656e+20 -15317188129855.74 
573667.7115987457 -3.4252029544586655e+20 -15700351608521.73 
576802.5078369902 -3.51088530477264e+20 -16093100022107.795 
579937.3040752347 -3.598711021553636e+20 -16495673140275.035 
583072.1003134792 -3.688733721676009e+20 -16908316730585.463 
586206.8965517237 -3.7810083632543046e+20 -17331282708541.223 
589341.6927899682 -3.8755912791947084e+20 -17764829291376.703 
592476.4890282127 -3.9725402115858425e+20 -18209221155698.25 
595611.2852664572 -4.0719143469498086e+20 -18664729599066.87 
598746.0815047018 -4.173774352375089e+20 -19131632705623.25 
601880.8777429463 -4.278182412553294e+20 -19610215515855.746 
605015.6739811908 -4.3852022677424013e+20 -20100770200615.316 
608150.4702194353 -4.4948992526796646e+20 -20603596239483.39 
611285.2664576798 -4.6073403364679293e+20 -21119000603601.707 
614420.0626959243 -4.722594163459711e+20 -21647297943075.617 
617554.8589341688 -4.8407310951640144e+20 -22188810779065.39 
620689.6551724133 -4.961823253201444e+20 -22743869700682.727 
623824.4514106578 -5.0859445633338625e+20 -23312813566812.637 
626959.2476489024 -5.213170800595447e+20 -23895989712984.01 
630094.0438871469 -5.34357963555273e+20 -24493754163415.12 
633228.8401253914 -5.4772506817218406e+20 -25106471848363.438 
636363.6363636359 -5.6142655441719014e+20 -25734516826912.516 
639498.4326018804 -5.7547078693442506e+20 -26378272515332.05 
642633.2288401249 -5.8986633961178903e+20 -27038131921150.332 
645768.0250783694 -6.046220008152366e+20 -27714497883081.99 
648902.8213166139 -6.197467787540011e+20 -28407783316957.668 
652037.6175548584 -6.352499069800331e+20 -29118411467805.965 
655172.413793103 -6.511408500250066e+20 -29846816168240.734 
658307.2100313475 -6.674293091783403e+20 -30593442103312.69 
661442.006269592 -6.841252284097506e+20 -31358745081985.484 
664576.8025078365 -7.012388004399645e+20 -32143192315403.78 
667711.598746081 -7.187804729632913e+20 -32947262702121.37 
670846.3949843255 -7.367609550258553e+20 -33771447120465.113 
673981.19122257 -7.551912235633769e+20 -34616248728211.86 
677115.9874608145 -7.740825301025018e+20 -35482183269762.24 
680250.783699059 -7.934464076297667e+20 -36369779390998.42 
683385.5799373036 -8.132946776323933e+20 -37279578962017.91 
686520.3761755481 -8.336394573152061e+20 -38212137407940.836 
689655.1724137926 -8.544931669980871e+20 -39168024047992.53 
692789.9686520371 -8.758685376984786e+20 -40147822443068.0 
695924.7648902816 -8.977786189035591e+20 -41152130751990.94 
699059.5611285261 -9.202367865368547e+20 -42181562096685.01 
702194.3573667706 -9.43256751124124e+20 -43236744936479.59 
705329.1536050151 -9.668525661635295e+20 -44318323451779.14 
708463.9498432596 -9.910386367051733e+20 -45426957937329.87 
711598.7460815042 -1.0158297281452641e+21 -46563325205324.24 
714733.5423197487 -1.0412409752402704e+21 -47728118998589.195 
717868.3385579932 -1.0672878913465597e+21 -48922050414110.305 
721003.1347962377 -1.0939863778911807e+21 -50145848337150.97 
724137.9310344822 -1.1213527340795513e+21 -51400259886230.67 
727272.7272727267 -1.1494036668459921e+21 -52686050869234.54 
730407.5235109712 -1.1781563010531633e+21 -54004006250932.875 
733542.3197492157 -1.207628189946654e+21 -55354930632195.484 
736677.1159874602 -1.2378373258710944e+21 -56739648741193.79 
739811.9122257048 -1.2688021512543401e+21 -58159005936890.99 
742946.7084639493 -1.3005415698664155e+21 -59613868725126.586 
746081.5047021938 -1.3330749583601154e+21 -61105125287610.945 
749216.3009404383 -1.366422178100283e+21 -62633686024152.83 
752351.0971786828 -1.4006035872890075e+21 -64200484108450.68 
755485.8934169273 -1.4356400533941437e+21 -65806476057787.984 
758620.6896551718 -1.471552965888731e+21 -67452642316978.89 
761755.4858934163 -1.508364249309087e+21 -69139987856921.93 
764890.2821316608 -1.5460963766395643e+21 -70869542788126.31 
768025.0783699054 -1.5847723830321068e+21 -72642362989585.94 
771159.8746081499 -1.6244158798690234e+21 -74459530753384.36 
774294.6708463944 -1.6650510691775425e+21 -76322155445425.19 
777429.4670846389 -1.7067027584049537e+21 -78231374182691.39 
780564.2633228834 -1.7493963755633495e+21 -80188352527445.78 
783699.0595611279 -1.793157984753218e+21 -82194285198796.72 
786833.8557993724 -1.8380143020753562e+21 -84250396802064.56 
789968.6520376169 -1.883992711940828e+21 -86357942576393.0 
793103.4482758614 -1.9311212837889198e+21 -88518209161061.5 
796238.244514106 -1.9794287892232992e+21 -90732515380968.94 
799373.0407523505 -2.0289447195768526e+21 -93002213051765.08 
802507.836990595 -2.0796993039159048e+21 -95328687805122.97 
805642.6332288395 -2.1317235274947981e+21 -97713359934655.36 
808777.429467084 -2.1850491506721368e+21 -100157685262992.16 
811912.2257053285 -2.2397087283002147e+21 -102663156030547.73 
815047.021943573 -2.2957356295995012e+21 -105231301806521.88 
818181.8181818175 -2.3531640585302675e+21 -107863690422689.4 
821316.614420062 -2.4120290746738357e+21 -110561928930548.52 
824451.4106583066 -2.4723666146361496e+21 -113327664582412.22 
827586.2068965511 -2.5342135139867663e+21 -116162585837042.1 
830721.0031347956 -2.597607529746681e+21 -119068423390437.75 
833855.7993730401 -2.6625873634386515e+21 -122046951232413.42 
836990.5956112846 -2.729192684714203e+21 -125099987729603.92 
840125.3918495291 -2.7974641555715947e+21 -128229396735562.77 
843260.1880877736 -2.867443455179648e+21 -131437088728629.4 
846394.9843260181 -2.9391733053225136e+21 -134725021978259.36 
849529.7805642626 -3.0126974964809707e+21 -138095203740532.19 
852664.5768025072 -3.0880609145661654e+21 -141549691483564.5 
855799.3730407517 -3.1653095683220827e+21 -145090594143578.03 
858934.1692789962 -3.244490617413521e+21 -148720073412387.2 
862068.9655172407 -3.3256524012166515e+21 -152440345057094.38 
865203.7617554852 -3.4088444683298223e+21 -156253680272796.75 
868338.5579937297 -3.494117606822559e+21 -160162407069132.72 
871473.3542319742 -3.581523875241279e+21 -164168911691512.28 
874608.1504702187 -3.6711166343905736e+21 -168275640077900.34 
877742.9467084632 -3.762950579909575e+21 -172485099352041.3 
880877.7429467078 -3.8570817756631684e+21 -176799859354038.25 
884012.5391849523 -3.953567687968539e+21 -181222554209218.84 
887147.3354231968 -4.0524672206778637e+21 -185755883936245.9 
890282.1316614413 -4.15384075113861e+21 -190402616095457.25 
893416.9278996858 -4.257750167053432e+21 -195165587478438.25 
896551.7241379303 -4.364258904262102e+21 -200047705839859.62 
899686.5203761748 -4.4734319854685813e+21 -205051951672639.22 
902821.3166144193 -4.5853360599368325e+21 -210181380027507.03 
905956.1128526638 -4.700039444179628e+21 -215439122378087.94 
909090.9090909084 -4.817612163665205e+21 -220828388532640.3 
912225.7053291529 -4.938125995567254e+21 -226352468593617.22 
915360.5015673974 -5.061654512584295e+21 -232014734966248.38 
918495.2978056419 -5.188273127855235e+21 -237818644417365.88 
921630.0940438864 -5.31805914099842e+21 -243767740185731.22 
924764.8902821309 -5.451091785302409e+21 -249865654145151.28 
927899.6865203754 -5.587452276097256e+21 -256116109021709.22 
931034.4827586199 -5.727223860335793e+21 -262522920666457.4 
934169.2789968645 -5.870491867415211e+21 -269090000384962.56 
937304.075235109 -6.017343761269954e+21 -275821357325127.44 
940438.8714733535 -6.167869193767758e+21 -282721100924740.94 
943573.667711598 -6.322160059441345e+21 -289793443420257.0 
946708.4639498425 -6.480310551589262e+21 -297042702418328.1 
949843.260188087 -6.642417219780084e+21 -304473303531668.94 
952978.0564263315 -6.808579028795193e+21 -312089783080856.9 
956112.852664576 -6.97889741904594e+21 -319896790863719.06 
959247.6489028205 -7.1534763685022e+21 -327899092993996.2 
962382.445141065 -7.332422456170044e+21 -336101574811014.75 
965517.2413793096 -7.515844927157313e+21 -344509243862144.06 
968652.0376175541 -7.703855759366821e+21 -353127232959863.7 
971786.8338557986 -7.896569731858036e+21 -361960803315303.2 
974921.6300940431 -8.094104494918691e+21 -371015347750169.94 
978056.4263322876 -8.296580641889391e+21 -380296393989023.4 
981191.2225705321 -8.504121782784763e+21 -389809608033900.1 
984326.0188087766 -8.716854619756299e+21 -399560797623363.06 
987460.8150470211 -8.934909024443094e+21 -409555915778078.6 
990595.6112852657 -9.158418117257345e+21 -419801064435087.44 
993730.4075235102 -9.387518348653302e+21 -430302498172986.1 
996865.2037617547 -9.62234958242913e+21 -441066628030295.56 
999999.9999999992 -9.863055181112555e+21 -452100025419347.0 
