#x u 
0.0 -154255.2214355518 0.028237601179937066 
3134.796238244514 -239281.63825947954 0.030563913384121934 
6269.592476489028 -393012.5601876105 0.028134924419937923 
9404.38871473354 -530283.1309341515 0.02467583184207018 
12539.184952978056 -647072.7858114874 0.020261374133400283 
15673.98119122257 -738839.5149342412 0.01506343890042632 
18808.777429467085 -802035.3520030994 0.009283000334598505 
21943.5736677116 -834216.5036062772 0.0031435883940773264 
25078.369905956115 -834138.5254341911 -0.0031173860245387536 
28213.16614420063 -801804.4329137288 -0.009257811209435836 
31347.962382445145 -738464.5845326517 -0.015040237083801877 
34482.75862068966 -646568.3305246906 -0.020241057394562795 
37617.55485893417 -529669.2965612825 -0.024659156560149213 
40752.35109717868 -392287.96514242736 -0.028123686804628723 
43887.14733542319 -239736.8686599689 -0.03050067483660701 
47021.943573667704 -77915.15391285071 -0.031698202592803676 
50156.739811912215 86919.53774097332 -0.03166996170708757 
53291.53605015673 248393.05320758215 -0.030417044253749963 
56426.33228840124 400261.21598583594 -0.027987900517021026 
59561.12852664575 536651.2883047686 -0.024476465419881424 
62695.92476489026 652289.0697352769 -0.02001852606311656 
65830.72100313478 742702.8503788929 -0.01478647084178048 
68965.51724137929 804396.3317693158 -0.008982623190594563 
72100.3134796238 834983.8286400883 -0.0028314177421671707 
75235.10971786831 833282.5233097024 0.0034292785542142015 
78369.90595611282 799358.2052095368 0.009557364741115924 
81504.70219435733 734522.726808315 0.015315867890472085 
84639.49843260185 641283.2743124139 0.020482106840340734 
87774.29467084636 523245.41484268225 0.02485630326944843 
90909.09090909087 384973.669250826 0.028269307119501774 
94043.88714733538 231815.00222081674 0.030589137623393423 
97178.68338557989 69692.05528833256 0.03172608699791714 
100313.4796238244 -95125.88154816188 0.03163618944133216 
103448.27586206891 -256265.30310308325 0.03032292128973433 
106583.07210031342 -407494.9522778711 0.027837066587232704 
109717.86833855794 -542966.7826054364 0.024274753268329473 
112852.66457680245 -657442.1020497916 0.01977373589327751 
115987.46081504696 -746494.153086215 0.014508068682939744 
119122.25705329147 -806679.2952956996 0.008681374846748361 
122257.05329153598 -835670.1708473568 0.002518972478671656 
125391.84952978049 -832345.7033631563 -0.003740838487421179 
128526.645768025 -796834.4499113181 -0.009855991329794943 
131661.44200626953 -730509.6297079428 -0.015590013252468917 
134796.23824451404 -635936.0217668497 -0.02072116978187863 
137931.03448275855 -516770.7849640774 -0.025051039233006413 
141065.83072100306 -377622.03580248647 -0.02841218567060545 
144200.62695924757 -223870.65267050697 -0.03067463365231355 
147335.42319749208 -61462.197419543416 -0.031750894375514295 
150470.2194357366 103322.99935294113 -0.031599348866981715 
153605.0156739811 264112.69851875864 -0.03022585738745577 
156739.81191222562 414689.1667347321 -0.027683532815517154 
159874.60815047013 549229.6160238858 -0.024070686774000725 
163009.40438871464 662531.3708299424 -0.019527027922184026 
166144.20062695915 750213.0553411874 -0.014228259425689824 
169278.99686520366 808884.0211752928 -0.00837928451979594 
172413.79310344817 836275.4636610913 -0.002206282906836868 
175548.58934169268 831328.1564542002 0.004052035606803599 
178683.3855799372 794233.4117912799 0.010153662012486474 
181818.1818181817 726425.6824509843 0.015862646581174058 
184952.97805642622 630527.0915035816 0.020958223033107327 
188087.77429467073 510246.0348823362 0.0252433455639079 
191222.57053291524 370233.77781248617 0.0285523086005348 
194357.36677115975 215904.59051005353 0.030757154631338244 
197492.16300940426 53226.37849817719 0.03177262231959441 
200626.95924764877 -111510.09613898888 0.031559443557103946 
203761.75548589329 -271934.4783569187 0.030125861960880053 
206896.5517241378 -421843.16160898696 0.027527314092700345 
210031.3479623823 -555439.1811448155 0.02386428572875348 
213166.14420062682 -667556.382481293 0.01927842607737603 
216300.94043887133 -753859.1964575221 0.013947070207975018 
219435.73667711584 -811010.2955776859 0.00807638150866225 
222570.53291536035 -836799.6483755766 0.0018933793535799443 
225705.32915360486 -830229.9812719651 -0.004362839730193179 
228840.12539184937 -791555.3431170918 -0.010450347918914605 
231974.9216300939 -722271.2811284615 -0.016133741434616912 
235109.7178683384 -625057.0081201559 -0.021193243602871913 
238244.5141065829 -503671.79741535557 -0.025433203610880976 
241379.31034482742 -362809.6118480202 -0.02868966231914513 
244514.10658307193 -207917.5883463156 -0.03083669255698059 
247648.90282131644 -44985.39729407299 -0.031791268722822924 
250783.69905956095 119686.37786189336 -0.03151647738200717 
253918.49529780546 279729.88400425494 -0.030022944708293614 
257053.29153604998 428956.24305398786 -0.02736842557001436 
260188.0877742945 561594.8757192702 -0.023655570150867777 
263322.884012539 672516.6496415319 -0.0190279544700752 
266457.6802507835 757432.2228058379 -0.013664528301578249 
269592.476489028 813057.9122812671 -0.007772695191092535 
272727.27272727253 837242.6741515556 -0.0015802921665716678 
275862.06896551704 829051.2843254966 0.004673220713537153 
278996.86520376155 788800.5036274001 0.010746020274314321 
282131.66144200607 718046.828664537 0.01640327152003961 
285266.4576802506 619526.302145185 0.02142620869716188 
288401.2539184951 497048.71018067247 0.02562059496010637 
291536.0501567396 355350.2579588983 0.028824233504870254 
294670.8463949841 199910.42081706857 0.030913239715071962 
297805.6426332286 36740.05307774808 0.031806831776735496 
300940.43887147313 -127851.05152616501 0.03147045450886461 
304075.23510971764 -287498.15940542304 0.029917115611362944 
307210.03134796215 -436027.72119117784 0.027206882657628266 
310344.82758620667 -567696.1027230533 0.02344456028310384 
313479.6238244512 -677411.6912276905 0.01877563739284402 
316614.4200626957 -760931.787847882 0.013380661109472693 
319749.2163009402 -815026.6726934693 0.007468255020814174 
322884.0125391847 -837604.4980221558 0.0012670517113391117 
326018.8087774292 -827792.1799334546 -0.0049831484538206015 
329153.60501567373 -785969.1604996957 -0.011040650402541052 
332288.40125391824 -713752.7347646777 -0.0166712106970326 
335423.19749216276 -613935.5100096563 -0.021657095720279324 
338557.99373040727 -490377.41565710254 -0.025805501431343757 
341692.7899686518 -347856.43969119067 -0.028956009102187878 
344827.5862068963 -191883.86391973775 -0.030986788708835686 
347962.3824451408 -28491.143955193573 -0.03181931004468926 
351097.1786833853 136003.324781467 -0.031421379379277026 
354231.9749216298 295238.5414405354 -0.029808384489731492 
357366.77115987433 443056.89475750487 -0.0270427003163591 
360501.56739811884 573742.2921819983 -0.023231277588505853 
363636.36363636336 682241.1509251309 -0.018521504746357362 
366771.15987460787 764357.6682905821 -0.013095501485861307 
369905.9561128524 816916.0463408264 -0.007163074961433235 
373040.7523510969 837883.9145032099 -0.0009536347201267451 
376175.5485893414 826452.0600315155 0.005292626361847064 
379310.3448275859 783065.1508287386 0.011334046431752065 
382445.1410658304 709399.2056249642 0.016937084240230167 
385579.93730407493 608290.0115702922 0.0218856605335721 
388714.73354231945 483631.02544629225 0.02598916725248504 
391849.52978056396 340258.06873774814 0.029088222334287345 
394984.32601880847 183796.25827922107 0.031059277659475512 
398119.122257053 20391.161341732197 0.03182174912865644 
401253.9184952975 -143710.09887323287 0.03134944073304468 
404388.714733542 -302555.0593800624 0.02967864590219322 
407523.5109717865 -450502.49071280425 0.0268969527201497 
410658.307210031 -581730.9802626142 0.02310733214858158 
413793.10344827553 -689823.9286817701 0.01839481461319515 
416927.89968652005 -768492.2829274824 0.012844956616597855 
420062.69592476456 -813759.1429345076 0.0066295220526852855 
423197.49216300907 -826170.3318703133 9.411838719703769e-05 
426332.2884012536 -810665.338424106 -0.006260116190353451 
429467.0846394981 -773301.1724752056 -0.011937307315390038 
432601.8808777426 -717061.8628280706 -0.016647366678759563 
435736.6771159871 -640296.1184947611 -0.020383534467306293 
438871.4733542316 -539148.31436636 -0.02331413689479235 
442006.26959247614 -411798.89875101834 -0.025588540654745397 
445141.06583072065 -261079.06100548478 -0.02721475172956362 
448275.86206896516 -94013.83766521259 -0.0280750303689046 
451410.65830720967 80449.44507037845 -0.028022114930757687 
454545.4545454542 253484.13370811904 -0.026962701709233296 
457680.2507836987 417269.19576358417 -0.02488597137598265 
460815.0470219432 565045.6319217109 -0.021852730047058642 
463949.8432601877 690990.1950061359 -0.017975288855389657 
467084.6394984322 790215.4566122288 -0.013402801976794098 
470219.43573667674 858883.107759679 -0.008312029106151475 
473354.23197492125 894337.7722250576 -0.002899830293480846 
476489.02821316576 895208.4190868494 0.0026245048786634985 
479623.82445141027 861461.38045432 0.008047350517721763 
482758.6206896548 794401.6534039458 0.013159005328649505 
485893.4169278993 696622.4357775579 0.017761801757358305 
489028.2131661438 571904.8472915275 0.021677749789717232 
492163.0094043883 425071.71373900806 0.024755419820613113 
495297.8056426328 261801.06844619554 0.02687579843270842 
498432.60188087734 88406.5828762863 0.027956890642089477 
501567.39811912185 -88406.58287623456 0.02795689064208963 
504702.19435736636 -261801.0684461455 0.026875798432708885 
507836.99059561087 -425071.71373896213 0.02475541982061385 
510971.7868338554 -571904.8472914876 0.021677749789718214 
514106.5830720999 -696622.4357775254 0.01776180175735953 
517241.3793103444 -794401.6534039214 0.01315900532865089 
520376.1755485889 -861461.380454305 0.0080473505177233 
523510.9717868334 -895208.4190868447 0.002624504878665082 
526645.768025078 -894337.7722250636 -0.0028998302934792695 
529780.5642633225 -858883.1077596948 -0.008312029106149983 
532915.360501567 -790215.4566122529 -0.0134028019767927 
536050.1567398115 -690990.195006168 -0.017975288855388422 
539184.952978056 -565044.3937237789 -0.021852673290877696 
542319.7492163006 -417247.4770490941 -0.024884975839486026 
545454.5454545451 -253298.1925347534 -0.02695417858858879 
548589.3416927896 -79415.57207004164 -0.027974724542974783 
551724.1379310341 98202.92846433377 -0.027883011970749914 
554858.9341692786 274227.58340810443 -0.026612053356360556 
557993.7304075231 444951.23955720005 -0.024068912725470473 
561128.5266457676 607801.031891979 -0.02016725240834197 
564263.3228840121 758519.3080405788 -0.014964452244064279 
567398.1191222566 887069.8175411299 -0.008854588555156737 
570532.9153605012 976496.064120125 -0.0026233154547687675 
573667.7115987457 1009022.4236772298 0.0028321216242296744 
576802.5078369902 977730.0686334074 0.007041272142794047 
579937.3040752347 894309.0337608388 0.010321745914498904 
583072.1003134792 783227.657995957 0.013520392708221245 
586206.8965517237 664079.3154905337 0.01721474007599859 
589341.6927899682 537144.6012117377 0.021063593901949184 
592476.4890282127 386999.50018288015 0.0239861200110527 
595611.2852664572 202348.42812254655 0.025085401749459363 
598746.0815047018 -6921.306051015985 0.024444839598333424 
601880.8777429463 -213117.2705414326 0.02298762245409093 
605015.6739811908 -391922.19335125026 0.021519257979093622 
608150.4702194353 -540124.2316584053 0.01992681183037532 
611285.2664576798 -671769.8601316533 0.017365310812291184 
614420.0626959243 -796915.6159378802 0.013239491677837468 
617554.8589341688 -905397.4527929741 0.007952970200547216 
620689.6551724133 -972848.1348289184 0.002634825925013162 
623824.4514106578 -982838.4114640871 -0.0018757684366818349 
626959.2476489024 -942024.6237920987 -0.0057272080655175455 
630094.0438871469 -872472.3449745717 -0.00970964938115235 
633228.8401253914 -789259.9240550133 -0.014236964273744006 
636363.6363636359 -686879.2335884304 -0.018734103910758644 
639498.4326018804 -548636.0569947931 -0.022080464847633933 
642633.2288401249 -369014.5142950049 -0.023648765934512084 
645768.0250783694 -165301.4534287724 -0.02385236379286329 
648902.8213166139 33967.11845728987 -0.023630320696369528 
652037.6175548584 211832.99481032797 -0.023415336437121265 
655172.413793103 373289.9846081408 -0.022671544571144696 
658307.2100313475 532596.3529267232 -0.02048795149365859 
661442.006269592 691165.761297946 -0.01660182016816122 
664576.8025078365 829559.6230222189 -0.011773376610536967 
667711.598746081 922241.3919677888 -0.007114564658828458 
670846.3949843255 959787.3705919622 -0.0030732188351364383 
673981.19122257 955379.9663708642 0.0008651856001139749 
677115.9874608145 928900.0240698992 0.005451831061035785 
680250.783699059 885434.714676198 0.010695599589569308 
683385.5799373036 810820.3534140164 0.015667439531208693 
686520.3761755481 688859.7748366173 0.019300391517761 
689655.1724137926 522010.659838815 0.021350443449119395 
692789.9686520371 333653.064762846 0.02251426116016325 
695924.7648902816 149377.1407390074 0.023585962139805988 
699059.5611285261 -23251.254894580667 0.024544268320168962 
702194.3573667706 -195433.22380859236 0.024532697626223836 
705329.1536050151 -377898.89467349515 0.02275465273799087 
708463.9498432596 -562213.9389647867 0.019342072681091522 
711598.7460815042 -722567.6708365048 0.015283318530760454 
714733.5423197487 -836423.1299128366 0.011484151236618396 
717868.3385579932 -902559.6451062146 0.007945623512227953 
721003.1347962377 -937761.4716702633 0.003917988168438723 
724137.9310344822 -955825.3031270265 -0.0011378120821047273 
727272.7272727267 -951095.4355985996 -0.006799043902121318 
730407.5235109712 -903907.4156177682 -0.011937029873757454 
733542.3197492157 -802222.5256983085 -0.015717613953474298 
736677.1159874602 -656662.6330242776 -0.018301242393130454 
739811.9122257048 -493052.93224478053 -0.020513763295069494 
742946.7084639493 -330183.2652320113 -0.0228408968312924 
746081.5047021938 -165985.55099358197 -0.024809163085746 
749216.3009404383 13577.151795606234 -0.025407980162907684 
752351.0971786828 212529.04473026752 -0.024111448842079927 
755485.8934169273 413202.9139130597 -0.021426879958072374 
758620.6896551718 587422.3138004007 -0.018393926728346575 
761755.4858934163 719060.3139364811 -0.01556028370866678 
764890.2821316608 814526.2475266549 -0.01250840443499427 
768025.0783699054 890414.7339456569 -0.008426427838894676 
771159.8746081499 951532.7164211592 -0.003117348842139493 
774294.6708463944 982584.2413946515 0.0026207331698246423 
777429.4670846389 962371.057536952 0.007649287257501609 
780564.2633228834 885638.8262633539 0.011497183684096284 
783699.0595611279 769615.7521943281 0.014669314899736129 
786833.8557993724 638341.0442702688 0.01793926139611584 
789968.6520376169 501177.7444157154 0.021377064834813723 
793103.4482758614 347955.03034427785 0.024140450143387844 
796238.244514106 165642.59614696997 0.02525368373956824 
799373.0407523505 -41216.89993136678 0.0245587852886725 
802507.836990595 -248059.1025079803 0.022841933211613888 
805642.6332288395 -428674.4716382514 0.02100426702195395 
808777.429467084 -575366.5114241045 0.019149490469925572 
811912.2257053285 -699985.8725646987 0.01654610278628119 
815047.021943573 -815038.8662186489 0.012500622775674576 
818181.8181818175 -914991.3860193697 0.00721922344188845 
821316.614420062 -977636.2101369664 0.0017468947105214383 
824451.4106583066 -984245.0660065257 -0.0029573278638609494 
827586.2068965511 -937432.2891164158 -0.006843081801286019 
830721.0031347956 -858023.6029464364 -0.010631731227216848 
833855.7993730401 -764250.3442029794 -0.014871696832728038 
836990.5956112846 -655110.1184507748 -0.01918685458565878 
840125.3918495291 -515284.8804752282 -0.02251473727127299 
843260.1880877736 -336282.67814654636 -0.02408955763917743 
846394.9843260181 -131372.91784754707 -0.02414136763112152 
849529.7805642626 71613.21108197008 -0.023580670705689116 
852664.5768025072 252295.15868727784 -0.023003545297996496 
855799.3730407517 411698.8501119647 -0.02206501611713207 
858934.1692789962 563779.5717117027 -0.01987914746174111 
862068.9655172407 713724.1841564762 -0.016023143196103967 
865203.7617554852 846122.1838120754 -0.011086713981062282 
868338.5579937297 935680.3206814548 -0.00618545524268989 
871473.3542319742 969414.5216738221 -0.0019453132084656568 
874608.1504702187 957153.0630785447 0.00198004712699646 
877742.9467084632 919439.3342732551 0.0063587604772941606 
880877.7429467078 865634.2335369525 0.011383735179121347 
884012.5391849523 785255.3813805631 0.016284795262619882 
887147.3354231968 661603.0103837645 0.019964462471298895 
890282.1316614413 493233.16638093995 0.02199507737212482 
893416.9278996858 300548.5696272504 0.022934887553755376 
896551.7241379303 110392.45252970871 0.02363644146768778 
899686.5203761748 -65378.49362622041 0.024279033796980154 
902821.3166144193 -235076.31063573906 0.02414524874105283 
905956.1128526638 -410963.93308494263 0.022377357935428666 
909090.9090909084 -588989.2033752133 0.018917698873385926 
912225.7053291529 -746062.4645027104 0.014642876297238665 
915360.5015673974 -857997.8654015244 0.010548402694818739 
918495.2978056419 -919489.3120126723 0.006837420154242192 
921630.0940438864 -945331.4298398483 0.0028662840005078336 
924764.8902821309 -951782.984583113 -0.002002513174629611 
927899.6865203754 -937796.204165462 -0.007544103287862496 
931034.4827586199 -885908.9468182626 -0.01271897614197742 
934169.2789968645 -781856.8238432527 -0.01658119996713061 
937304.075235109 -632227.7300577881 -0.01909895986262161 
940438.8714733535 -461498.5547075271 -0.021031634974773547 
943573.667711598 -291429.59818272287 -0.022999306590317008 
946708.4639498425 -124291.05989526432 -0.024728491031563885 
949843.260188087 52684.40056863959 -0.025270834570568702 
952978.0564263315 246582.22561458865 -0.02396688749788184 
956112.852664576 443893.2210664187 -0.021142611800597413 
959247.6489028205 617368.748574334 -0.01780649542301222 
962382.445141065 747707.1614751844 -0.014664796551018485 
965517.2413793096 837533.6217589749 -0.011487642612238206 
968652.0376175541 903226.685558151 -0.007487916966561488 
971786.8338557986 953407.7207008515 -0.002308661173911681 
974921.6300940431 976880.1987337471 0.0034255677501364218 
978056.4263322876 952806.8195344383 0.00857949885608529 
981191.2225705321 872472.9123421073 0.012511697955859 
984326.0188087766 749755.8778110193 0.015563820166963685 
987460.8150470211 609251.9514625778 0.01852775457288485 
990595.6112852657 464451.9437130754 0.021658178148379698 
993730.4075235102 308724.09235336666 0.024276409680970876 
996865.2037617547 130223.41016045616 0.02530182788153507 
999999.9999999992 -154255.22143658463 0.02823760117988972 
