#x u 
0.0 -302629.51397422655 -0.0018155274886919835 
3134.796238244514 -26961.21882695632 0.009018117282618428 
6269.592476489028 190220.75258725398 0.016912734934409472 
9404.38871473354 398587.1890882679 0.02419828653658951 
12539.184952978056 589849.143479741 0.03055085256348699 
15673.98119122257 757821.1785946385 0.03575716890261277 
18808.777429467085 897265.8040254764 0.03965162467541722 
21943.5736677116 1003793.5388400063 0.042117781486572664 
25078.369905956115 1073883.4564605781 0.04307889263460127 
28213.16614420063 1104902.6939531753 0.0424932515067869 
31347.962382445145 1095158.6545622929 0.04035852245336444 
34482.75862068966 1044172.172260658 0.036717107712649195 
37617.55485893417 952998.3111618588 0.031665053536707746 
40752.35109717868 824430.855461861 0.025362252991941996 
43887.14733542319 663068.4463102684 0.018034983508002644 
47021.943573667704 475179.07226333884 0.009967972361266843 
50156.739811912215 268334.423179453 0.001488440890336935 
53291.53605015673 50936.993631017685 -0.007056154447658211 
56426.33228840124 -168277.14361563427 -0.015320429324526527 
59561.12852664575 -380692.6075908942 -0.022978204112465504 
62695.92476489026 -578146.8526680915 -0.029734618497281172 
65830.72100313478 -753143.5036999478 -0.03533474428045799 
68965.51724137929 -899041.0055294235 -0.0395689328071733 
72100.3134796238 -1010249.9597778263 -0.04227755165699387 
75235.10971786831 -1082454.2943383637 -0.043355879707095014 
78369.90595611282 -1112811.6709503096 -0.04275957584443698 
81504.70219435733 -1100095.4520814754 -0.040509133071201166 
84639.49843260185 -1044778.7605331801 -0.03669031392778836 
87774.29467084636 -949028.0959633868 -0.031450799036044176 
90909.09090909087 -816591.7373176664 -0.024994345042942845 
94043.88714733538 -652628.1003288003 -0.017572087195314536 
97178.68338557989 -463494.4733155151 -0.009471844811295949 
100313.4796238244 -256491.40380842445 -0.0010069468670435618 
103448.27586206891 -39587.935837849625 0.00749579285918392 
106583.07210031342 178866.15174355323 0.01570868119779538 
109717.86833855794 390453.50731037825 0.023315186216082105 
112852.66457680245 587009.2009097312 0.0300215746181286 
115987.46081504696 760925.6730370793 0.035568366624698484 
119122.25705329147 905444.6493790774 0.03974065312575713 
122257.05329153598 1014934.7759501102 0.042376364217427465 
125391.84952978049 1085128.499043651 0.04337264037535139 
128526.645768025 1113295.3215192412 0.04269031438881456 
131661.44200626953 1098350.2540579098 0.040355744049160105 
134796.23824451404 1040897.5750680256 0.03645958717132261 
137931.03448275855 943198.4917720279 0.03115310959116486 
141065.83072100306 809065.322177304 0.024642360505783906 
144200.62695924757 643703.6606038361 0.01717992025194325 
147335.42319749208 453510.53132340993 0.009054655663837362 
150470.2194357366 245825.36242507157 0.0005804925960351762 
153605.0156739811 28647.110396744625 -0.007915494865614148 
156739.81191222562 -189664.469499225 -0.01610558278710418 
159874.60815047013 -400697.8438781553 -0.023673872260396626 
163009.40438871464 -596304.2289558821 -0.030328192185579143 
166144.20062695915 -768907.4502754936 -0.035811193274821504 
169278.99686520366 -911799.9142907879 -0.0399103058190643 
172413.79310344817 -1019414.8371843855 -0.042466101507725965 
175548.58934169268 -1087556.945516326 -0.043378793913269584 
178683.3855799372 -1113575.2273653217 -0.04261253601383397 
181818.1818181817 -1096470.8703814212 -0.04019698221704049 
184952.97805642622 -1036934.8562207829 -0.03622598637822907 
188087.77429467073 -937309.7649459611 -0.030853815124114878 
191222.57053291524 -801482.3745694822 -0.024289087922073595 
194357.36677115975 -634722.6524119937 -0.01678644129090305 
197492.16300940426 -443478.22489984706 -0.008636295542339882 
200626.95924764877 -235126.62945427766 -0.0001534709927617367 
203761.75548589329 -17692.85844195995 0.0083347847859845 
206896.5517241378 200453.30949161225 0.016501111913119367 
210031.3479623823 410907.3708000878 0.024030440783912373 
213166.14420062682 605541.3612396976 0.030632022069036622 
216300.94043887133 776812.8937070544 0.036050535741456564 
219435.73667711584 918063.5338592995 0.040075880992622846 
222570.53291536035 1023790.4107137943 0.042551432324713596 
225705.32915360486 1089873.009535828 0.04338049372572086 
228840.12539184937 1113742.2856654203 0.04253046829982378 
231974.9216300939 1094484.7165686947 0.040034277048209416 
235109.7178683384 1032875.2235053687 0.03598895985474182 
238244.5141065829 931336.1171343033 0.030551735229166176 
241379.31034482742 793828.2119902261 0.023933749085312664 
244514.10658307193 625686.4948708046 0.016391653449378513 
247648.90282131644 433410.24758550484 0.008217366929802664 
250783.69905956095 224413.54185251842 -0.00027337288263695227 
253918.49529780546 6743.751810174144 -0.008753080550936501 
257053.29153604998 -211220.27726932554 -0.01689483958532797 
260188.0877742945 -421078.93126058974 -0.02438459142533729 
263322.884012539 -614724.2090559939 -0.030933046328041627 
266457.6802507835 -784649.0134858948 -0.036286766191241784 
269592.476489028 -924244.7340811032 -0.040238001925835785 
272727.27272727253 -1028071.6941101196 -0.04263295687473289 
275862.06896551704 -1092084.54770953 -0.043378120520367096 
278996.86520376155 -1113798.4584116393 -0.04244423396622438 
282131.66144200607 -1092387.5048768334 -0.03986754317344409 
285266.4576802506 -1028711.3165358612 -0.03574828617645867 
288401.2539184951 -925270.6689046383 -0.030246601844481098 
291536.0501567396 -786097.9190427328 -0.02357610483455468 
294670.8463949841 -616591.1599896625 -0.015995380994519144 
297805.6426332286 -423300.9983013158 -0.007797759847457954 
300940.43887147313 -213678.40614422027 0.00070014169260358 
304075.23510971764 4207.02957574281 0.00917056688491292 
307210.03134796215 221968.1134009792 0.017286996707962028 
310344.82758620667 431210.80982802005 0.02473639862868258 
313479.6238244512 623847.7346950141 0.031231021805504647 
316614.4200626957 792408.1003671963 0.03651939229390177 
319749.2163009402 930334.4468236166 0.04039614416634072 
322884.0125391847 1032251.2814185082 0.04271029140595672 
326018.8087774292 1094188.4942412563 0.04337148287540327 
329153.60501567373 1113744.7471654192 0.042353795607109085 
332288.40125391824 1090181.2735335312 0.039696806415244854 
335423.19749216276 1024442.9821530129 0.03550393860736714 
338557.99373040727 919109.90767192 0.029938241513957475 
341692.7899686518 778285.6932398352 0.0232158225524284 
344827.5862068963 607430.4187159697 0.0155972246923409 
347962.3824451408 413145.2180494149 0.007377149953182229 
351097.1786833853 202917.77835335484 -0.0011269962769255813 
354231.9749216298 -15160.442401630105 -0.009587257009445667 
357366.77115987433 -232694.91655294827 -0.01767752112342083 
360501.56739811884 -441298.640686763 -0.02508576642100107 
363636.36363636336 -632906.2785545413 -0.03152580237310078 
366771.15987460787 -800084.5762034383 -0.03674819898847862 
369905.9561128524 -936328.3154754785 -0.04055006600280327 
373040.7523510969 -1036327.0746715766 -0.04278326584679874 
376175.5485893414 -1096186.1275962251 -0.043360572036401944 
379310.3448275859 -1113586.5646636845 -0.042259334037781884 
382445.1410658304 -1087875.0692902724 -0.03952241209856592 
385579.93730407493 -1020080.9538384789 -0.035256387369761714 
388714.73354231945 -912864.1562657409 -0.029627203651398547 
391849.52978056396 -770400.7703559585 -0.02285346475870025 
394984.32601880847 -598213.0733571522 -0.01519769164721248 
398119.122257053 -402951.6901925166 -0.006955958693428533 
401253.9184952975 -192139.57715887 0.001553595263674018 
404388.714733542 26111.09161027544 0.010002898525462196 
407523.5109717865 243399.2858997449 0.018066301724234173 
410658.307210031 451345.6179736197 0.025432789173553794 
413793.10344827553 641907.0491383641 0.031817704142513434 
416927.89968652005 807687.947795642 0.03697365570421329 
420062.69592476456 942235.7676728156 0.040700252928494 
423197.49216300907 1040306.1096156354 0.042852241249224945 
426332.2884012536 1098080.6529306462 0.04334555306691359 
429467.0846394981 1113323.4864541683 0.04216084059188859 
432601.8808777426 1085466.81985521 0.039344263974554886 
435736.6771159871 1015624.2017353656 0.03500555127961918 
438871.4733542316 906535.1405089523 0.0293135005519337 
442006.26959247614 762447.5464771955 0.02248915857832757 
445141.06583072065 588944.9222752561 0.014796980896931638 
448275.86206896516 392726.29409672576 0.00653439007651338 
451410.65830720967 181348.93991898163 -0.001979763354180337 
454545.4545454542 -37055.05393314292 -0.010417337281329077 
457680.2507836987 -254078.95538667383 -0.01845320701802227 
460815.0470219432 -461351.57412613207 -0.025777402511728893 
463949.8432601877 -650851.9266354628 -0.03210677614198692 
467084.6394984322 -815220.8430239386 -0.03719590137272568 
470219.43573667674 -948057.5374901467 -0.0408468306520238 
473354.23197492125 -1044184.5867393569 -0.042917219815133564 
476489.02821316576 -1099863.1310979577 -0.04332626797908139 
479623.82445141027 -1112943.638520844 -0.042058045178585225 
482758.6206896548 -1082945.2938314422 -0.03916205417715162 
485893.4169278993 -1011064.7241494126 -0.03475112089200408 
489028.2131661438 -900118.497594043 -0.02899680431909284 
492163.0094043883 -754424.1786400888 -0.022122525099823927 
495297.8056426328 -579625.4870206045 -0.014394673352705506 
498432.60188087734 -382470.07388455514 -0.006112094854966745 
501567.39811912185 -170551.07058596925 0.0024055354046179957 
504702.19435736636 47977.023155237606 0.010829937069982766 
507836.99059561087 264700.2277513617 0.018836589108704158 
510971.7868338554 471258.05135391944 0.026116840040410774 
514106.5830720999 659659.4416954893 0.032389433909547544 
517241.3793103444 822591.7699697793 0.037411194864216527 
520376.1755485889 953711.8136495326 0.04098661489837879 
523510.9717868334 1047906.0395983999 0.04297595100468463 
526645.768025078 1101504.8699913507 0.043301259903277996 
529780.5642633225 1112435.1917509781 0.041949801500404955 
532915.360501567 1080300.2460952387 0.03897451293110473 
536050.1567398115 1006384.5889369008 0.03449162471874658 
539184.952978056 893589.1377903717 0.028675726927669315 
542319.7492163006 746304.7143011955 0.021752645174370488 
545454.5454545451 570233.2389943035 0.013990472347717466 
548589.3416927896 372165.7738441848 0.005689118277973642 
551724.1379310341 159726.10506141649 -0.002831221084633871 
554858.9341692786 -58912.52286923968 -0.011242241872373993 
557993.7304075231 -275330.3154137336 -0.019219903463102775 
561128.5266457676 -481175.2479775923 -0.026456550176319395 
564263.3228840121 -668479.4519127556 -0.03267242886321375 
567398.1191222566 -829968.2183707432 -0.03762636467116488 
570532.9153605012 -959351.378102319 -0.041125350134088245 
573667.7115987457 -1051583.3993405874 -0.043032608879989276 
576802.5078369902 -1103074.8894785936 -0.04327350207576969 
579937.3040752347 -1111839.468987923 -0.041838716932154144 
583072.1003134792 -1077567.4351273573 -0.03878452339437214 
586206.8965517237 -1001626.3794415091 -0.03423024266371553 
589341.6927899682 -886993.9758272611 -0.028353224831547185 
592476.4890282127 -738129.80760712 -0.02138163817666595 
595611.2852664572 -560794.4502483914 -0.01358539765762044 
598746.0815047018 -361825.5354213749 -0.005265635750968228 
601880.8777429463 -148880.171548407 0.003256845140498753 
605015.6739811908 69849.00037290467 0.01165372386244942 
608150.4702194353 285937.57919037086 0.019601507100952122 
611285.2664576798 491044.5399184928 0.026793640533355367 
614420.0626959243 677228.5595087218 0.03295200331634708 
617554.8589341688 837256.05871619 0.037837537834964026 
620689.6551724133 964891.570931271 0.0412597912275515 
623824.4514106578 1055156.9441451721 0.04308493092077046 
626959.2476489024 1104540.9137818818 0.043241559155108314 
630094.0438871469 1111142.0897009233 0.04172373749259215 
633228.8401253914 1074737.4787179548 0.038591045372955865 
636363.6363636359 996778.3246205909 0.03396588230833698 
639498.4326018804 880319.4488063181 0.028028335178049934 
642633.2288401249 729888.8330732305 0.021008886391222507 
645768.0250783694 551305.0605511627 0.013179259593591102 
648902.8213166139 351451.92269909126 0.004841810941394048 
652037.6175548584 138019.5209484745 -0.0036820621223059603 
655172.413793103 -80780.77236456095 -0.012064062802200449 
658307.2100313475 -296520.8662924655 -0.019981298379517135 
661442.006269592 -500871.29213617695 -0.027128339876114398 
664576.8025078365 -685917.0882720903 -0.033228671776767006 
667711.598746081 -844465.4829024777 -0.03804530677475841 
670846.3949843255 -970336.5372949893 -0.041390347880603084 
673981.19122257 -1058621.9015964416 -0.04313298976678708 
677115.9874608145 -1105891.0746809472 -0.04320518973458941 
680250.783699059 -1110328.5794182906 -0.04160444162376138 
683385.5799373036 -1071797.0933249732 -0.0383936121838566 
686520.3761755481 -991829.9443466066 -0.03369812241021385 
689655.1724137926 -873558.0340021087 -0.027700738034860457 
692789.9686520371 -721576.9778419756 -0.02063419172694687 
695924.7648902816 -541762.7583319978 -0.012771959896811761 
699059.5611285261 -341045.2235785132 -0.004417612285721127 
702194.3573667706 -127147.43274265082 0.004106836922872604 
705329.1536050151 91701.71324404445 0.012473133323391132 
708463.9498432596 307072.6980220842 0.020359061978386116 
711598.7460815042 510648.8559759663 0.027460375483739596 
714733.5423197487 694540.5379541095 0.033502135792480243 
717868.3385579932 851594.216974323 0.03824937566929282 
721003.1347962377 975686.0998215724 0.041516784277889345 
724137.9310344822 1061980.2812935566 0.04317668059922699 
727272.7272727267 1107128.9265029714 0.043164426257787075 
730407.5235109712 1109402.1197308032 0.04148090168333728 
733542.3197492157 1068747.0928230684 0.03819220426649383 
736677.1159874602 986779.362596391 0.03342679682447205 
739811.9122257048 866706.8865352613 0.02737018693927029 
742946.7084639493 713192.6367936125 0.02025734902454457 
746081.5047021938 532167.58631802 0.012363391048127325 
749216.3009404383 330605.1386918174 0.0039929692728873315 
752351.0971786828 116261.38402496465 -0.004531283059827177 
755485.8934169273 -102615.32809572056 -0.012881054583477726 
758620.6896551718 -317594.0856628646 -0.0207347949762905 
761755.4858934163 -520374.39518915326 -0.027789584220810827 
764890.2821316608 -703095.2333646229 -0.033772212833520415 
768025.0783699054 -858642.416226937 -0.03844974045310315 
771159.8746081499 -980946.5106812342 -0.04163935860035005 
774294.6708463944 -1065243.1835102336 -0.04321645842795245 
777429.4670846389 -1108267.4793576126 -0.04311979309441812 
780564.2633228834 -1108375.1097084852 -0.041353608194406984 
783699.0595611279 -1065597.732927844 -0.037987213640365586 
786833.8557993724 -981633.5939008702 -0.03315214706638244 
789968.6520376169 -859769.1628089084 -0.02703674625197868 
793103.4482758614 -704735.9085940762 -0.0198782949632392 
796238.244514106 -522518.793353888 -0.011953480249089089 
799373.0407523505 -320131.7003467117 -0.0035678775524532382 
802507.836990595 -105361.47567289529 0.0049553927891676335 
805642.6332288395 113523.32717057611 0.013287936653010712 
808777.429467084 328088.7417329054 0.021108773964724725 
811912.2257053285 530051.2698924617 0.02811631120141328 
815047.021943573 711581.1720804517 0.0340391471013319 
818181.8181818175 865605.361270436 0.038646421356249024 
821316.614420062 986109.4892206298 0.04175786044554116 
824451.4106583066 1068401.525983717 0.043251984596579036 
827586.2068965511 1109299.647239042 0.043070979800060916 
830721.0031347956 1107245.1860972482 0.04122247015303503 
833855.7993730401 1062354.312806911 0.037778967668368746 
836990.5956112846 976405.6378473055 0.03287494195990005 
840125.3918495291 852759.4606809667 0.026701312394821153 
843260.1880877736 696215.7614628064 0.01949765764860772 
846394.9843260181 512819.58460142266 0.011542530712068778 
849529.7805642626 309627.8570284509 0.003142563607355377 
852664.5768025072 94453.05236763135 -0.005378854446445314 
855799.3730407517 -124420.31964225991 -0.013693437410108682 
858934.1692789962 -338554.59519496054 -0.02148075418937854 
862068.9655172407 -539681.6148744895 -0.028440471128936322 
865203.7617554852 -720000.7963279608 -0.034302894178184565 
868338.5579937297 -872479.6504701572 -0.038839196946295486 
871473.3542319742 -991164.6048658768 -0.041871865177247565 
874608.1504702187 -1071442.867188253 -0.04328283197294178 
877742.9467084632 -1110214.809350952 -0.0430176548004475 
880877.7429467078 -1106001.1535750804 -0.04108704933390345 
884012.5391849523 -1059001.9668348453 -0.03756671251615214 
887147.3354231968 -971082.2149149562 -0.03259434405944616 
890282.1316614413 -845674.7345878406 -0.02636342784866016 
893416.9278996858 -687636.9308481442 -0.019115381204367485 
896551.7241379303 -503071.9472372382 -0.011130547912376448 
899686.5203761748 -299091.1055180712 -0.0027170492615099344 
902821.3166144193 -83536.26304778649 0.005801492466524361 
905956.1128526638 135298.86008572046 0.014097419696573263 
909090.9090909084 348977.72195199755 0.021851033829367466 
912225.7053291529 549250.3961240909 0.028762881000274104 
915360.5015673974 728347.3319429156 0.03456414878151637 
918495.2978056419 879283.2525499939 0.03902761714314927 
921630.0940438864 996170.8814679515 0.04197917001227347 
924764.8902821309 1074459.0855950066 0.04330552547122997 
927899.6865203754 1111083.8618559726 0.042957010442021624 
931034.4827586199 1104610.4528930006 0.040948698070726215 
934169.2789968645 1055337.2138871113 0.037359295606924366 
937304.075235109 965291.1499059185 0.032326443703549514 
940438.8714733535 838114.0088108403 0.02604063264614987 
943573.667711598 678836.677673383 0.01873879356303253 
946708.4639498425 493642.1780718349 0.010700861365521055 
949843.260188087 289567.1943853251 0.0022430863349534244 
952978.0564263315 74176.41961594348 -0.006295284684879247 
956112.852664576 -144643.69901246668 -0.014568381063382483 
959247.6489028205 -358791.5553537413 -0.022242879726098706 
962382.445141065 -560075.3790971817 -0.029019461017055343 
965517.2413793096 -740345.9350190836 -0.03464763041485354 
968652.0376175541 -891876.4039315071 -0.03893801716214273 
971786.8338557986 -1007923.7206584238 -0.041767575013911824 
974921.6300940431 -1083115.0592239667 -0.04306641100474911 
978056.4263322876 -1113988.7622375933 -0.04281109723990141 
981191.2225705321 -1099306.638573075 -0.04101718145124972 
984326.0188087766 -1040262.5308996255 -0.03774309977134907 
987460.8150470211 -940085.4064259344 -0.03308282063933003 
990595.6112852657 -803969.6410911692 -0.027184706201801637 
993730.4075235102 -638383.1382931231 -0.02024238169932732 
996865.2037617547 -449517.9506358113 -0.012564166612795847 
999999.9999999992 -302629.7166447569 -0.0018155367786483138 
