#x u 
0.0 95467.20575280902 -0.042710502993987154 
3134.796238244514 129768.58363827827 -0.043450063038416385 
6269.592476489028 212859.07260713045 -0.04004300790676113 
9404.38871473354 287118.11719129136 -0.035115002070620294 
12539.184952978056 350269.52119421994 -0.028829319643886953 
15673.98119122257 399876.48233283294 -0.02142878665334069 
18808.777429467085 434020.2139202866 -0.013199603826070768 
21943.5736677116 451380.3960558041 -0.0044599926485792245 
25078.369905956115 451285.71039372485 0.0044520863238098046 
28213.16614420063 433739.8184462779 0.01319200323780299 
31347.962382445145 399421.21938256844 0.021421785741316618 
34482.75862068966 349657.0125056001 0.02882318836623613 
37617.55485893417 286371.578357165 0.035109999072076355 
40752.35109717868 212012.16297406686 0.04003910705789206 
43887.14733542319 129454.24294967727 0.043419903850413374 
47021.943573667704 41890.330831392115 0.0451216541285816 
50156.739811912215 -47293.47925373071 0.0450785512548994 
53291.53605015673 -134648.45176781254 0.043292262016332926 
56426.33228840124 -216796.57227267127 0.03983186216970507 
59561.12852664575 -290561.17515731347 0.034831165284036285 
62695.92476489026 -353089.78521168546 0.02848354817342877 
65830.72100313478 -401964.42276635347 0.021034473020865065 
68965.51724137929 -435295.1069012954 0.012771995362192394 
72100.3134796238 -451792.94095726166 0.004015624986297155 
75235.10971786831 -450819.95413492725 -0.004896029499839772 
78369.90595611282 -432413.77180854866 -0.013618354656869992 
81504.70219435733 -397286.1605537537 -0.02181405840551077 
84639.49843260185 -346795.50415319786 -0.02916621310218102 
87774.29467084636 -282894.2749322187 -0.03539051112245679 
90909.09090909087 -208053.53170651506 -0.04024625902926269 
94043.88714733538 -125167.3640041904 -0.04354568518161149 
97178.68338557989 -37440.97770151991 -0.04516120085891197 
100313.4796238244 51733.25020209658 -0.04503033411336345 
103448.27586206891 138906.9547114832 -0.043158145558497445 
106583.07210031342 220709.13101732422 -0.03961703267538821 
109717.86833855794 293976.49116149853 -0.03454393020400656 
112852.66457680245 355875.78829735797 -0.028135014880507344 
115987.46081504696 404013.3782691044 -0.020638119288117266 
119122.25705329147 436527.7817669295 -0.012343148177805805 
122257.05329153598 452161.66768187087 -0.0035708678593605048 
125391.84952978049 450310.474065986 0.00533949782318719 
128526.645768025 431045.78652662353 0.014043385268489033 
131661.44200626953 395112.5700129116 0.022204215383078964 
134796.23824451404 343900.36104120594 0.029506409085866943 
137931.03448275855 279389.53435536893 0.03566759074271903 
141065.83072100306 204074.72188867303 0.04044950762463625 
144200.62695924757 120868.34541402379 0.04366724313437856 
147335.42319749208 32987.9932723116 0.04519636752630775 
150470.2194357366 -56168.0036822087 0.044977749601305385 
153605.0156739811 -143151.98544467078 0.043019843308652765 
156739.81191222562 -224600.28377928247 0.039398360832039535 
159874.60815047013 -297363.2951795538 0.03425334480145623 
163009.40438871464 -358627.2759512015 0.02778375284845818 
166144.20062695915 -406023.1496051494 0.020239763919903387 
169278.99686520366 -437718.1189816531 0.011913103864804406 
172413.79310344817 -452486.54046718706 0.0031257644035916697 
175548.58934169268 -449757.3196000217 -0.005782448283057499 
178683.3855799372 -429635.9952777034 -0.01446705385008837 
181818.1818181817 -392900.65857072274 -0.022592218833749157 
184952.97805642622 -340971.86396174086 -0.029843743322603814 
188087.77429467073 -275857.69654194446 -0.035941211059658765 
191222.57053291524 -200076.1194145655 -0.04064883313148034 
194357.36677115975 -116557.60412938613 -0.043784565919137125 
197492.16300940426 -28531.809426706157 -0.04522715072004889 
200626.95924764877 60597.30957929634 -0.04492080281875491 
203761.75548589329 147383.13225330305 -0.04287736868036059 
206896.5517241378 228469.6531661441 -0.03917586784805065 
210031.3479623823 300721.2587344998 -0.033959437259478704 
213166.14420062682 361343.9813138566 -0.027429796145237308 
216300.94043887133 407993.5418521897 -0.019839445551634957 
219435.73667711584 438866.0030978684 -0.011481904132024994 
222570.53291536035 452767.5278046698 -0.0026803577883730677 
225705.32915360486 449160.5443859879 0.006224837918881596 
228840.12539184937 428184.53479363286 0.014889319311196306 
231974.9216300939 390650.6407545047 0.02297803112611442 
235109.7178683384 338010.29694182635 0.030178183095254996 
238244.5141065829 272299.1040353586 0.03621134553558034 
241379.31034482742 196058.11209784815 0.040844216217752236 
244514.10658307193 112235.55823743204 0.04389764215706698 
247648.90282131644 24072.858357939243 0.045253547454556536 
250783.69905956095 -65020.738306944986 0.044859499288826724 
253918.49529780546 -151599.98476987955 0.042730735491850476 
257053.29153604998 -232316.86389822065 0.03894957530241537 
260188.0877742945 -304050.0561465174 0.0336622360833731 
263322.884012539 -364025.6408994039 0.027073179100149756 
266457.6802507835 -409924.3639072021 0.019437203009109706 
269592.476489028 -439971.32278539764 0.011049590800365376 
272727.27272727253 -453004.6024421208 0.002234691212489641 
275862.06896551704 -448520.2063035042 -0.00666662382448321 
278996.86520376155 -426691.5458476455 -0.015310140697425914 
282131.66144200607 -388362.7347874096 -0.023361614841282245 
285266.4576802506 -335015.9472158504 -0.030509695967409902 
288401.2539184951 -268714.1019738879 -0.03647796797087032 
291536.0501567396 -192021.08963420126 -0.041035637933773975 
294670.8463949841 -107902.62692172489 -0.04400646088120914 
297805.6426332286 -19611.57252764002 -0.04527555516968264 
300940.43887147313 69437.86084874193 -0.04479384495718463 
304075.23510971764 155802.13401325775 -0.042579957964679435 
307210.03134796215 236141.54284493247 -0.03871950514263671 
310344.82758620667 307349.36456453736 -0.03336177009787894 
313479.6238244512 366671.99462092295 -0.02671393630051976 
316614.4200626957 411815.428504969 -0.01903307530474567 
319749.2163009402 441033.97084226704 -0.010616205798728233 
322884.0125391847 453197.7413863067 -0.0017888078999391556 
326018.8087774292 447836.36745722906 0.007107763152240276 
329153.60501567373 425157.17324070714 0.015729477194447252 
332288.40125391824 386037.1625672595 0.02374293277650379 
335423.19749216276 331989.1051977081 0.03083824978653011 
338557.99373040727 265103.0380572049 0.03674105250653853 
341692.7899686518 187965.44356353572 0.04122307971407012 
344827.5862068963 103559.2304215738 0.04411101153752941 
347962.3824451408 15148.384623872513 0.045293171730958454 
351097.1786833853 -73848.24879990026 0.04472384619146513 
354231.9749216298 -159989.1724283286 0.042425050722352746 
357366.77115987433 -239943.3190609925 0.03848567968259818 
360501.56739811884 -310618.8639975409 0.03305806844438086 
363636.36363636336 -369282.78581571067 0.026352102588336486 
366771.15987460787 -413666.5522362412 0.01862710163379778 
369905.9561128524 -442053.84420511115 0.010181791159954837 
373040.7523510969 -453346.92590520653 0.0013427510957404072 
376175.5485893414 -447109.0941708501 -0.007548213117240325 
379310.3448275859 -423581.5657874765 -0.016147288131945544 
382445.1410658304 -383674.14964502695 -0.024121947948782044 
385579.93730407493 -328930.0644526357 -0.03116381268706787 
388714.73354231945 -261466.26333671215 -0.03700057366449946 
391849.52978056396 -183891.55116413033 -0.041406522642653404 
394984.32601880847 -99205.21601370812 -0.04421125767611509 
398119.122257053 -10676.659697059853 -0.04530607145690411 
401253.9184952975 78304.51386383415 -0.04464707857262813 
404388.714733542 164444.1758057282 -0.04225303462402612 
407523.5109717865 244883.64299820038 -0.03819486645082707 
410658.307210031 317667.58482171723 -0.03257654875049376 
413793.10344827553 382117.5533741715 -0.02551742751290917 
416927.89968652005 438557.960828054 -0.017161368067622373 
420062.69592476456 486818.2167497142 -0.007739275400516619 
423197.49216300907 523755.87870133517 0.0023259994116148043 
426332.2884012536 541566.0663429874 0.012352948110509217 
429467.0846394981 529435.9522827967 0.021489762770389276 
432601.8808777426 479391.6615520541 0.028996117557781087 
435736.6771159871 393203.08119828976 0.03457416384351324 
438871.4733542316 284397.70110412943 0.03847549508782724 
442006.26959247614 171789.16049906937 0.041218759079548424 
445141.06583072065 68080.85255311933 0.043080564981543314 
448275.86206896516 -27184.813401410836 0.04378411439112046 
451410.65830720967 -123487.37411624222 0.04269881810777173 
454545.4545454542 -227045.10839892423 0.03941091225426924 
457680.2507836987 -331671.56861633435 0.03414755215179279 
460815.0470219432 -421729.46077290556 0.027643594830621773 
463949.8432601877 -484528.63890980696 0.020572604038230434 
467084.6394984322 -519978.69593743933 0.013100844568991757 
470219.43573667674 -537899.9381957676 0.005004271879042616 
473354.23197492125 -545919.2231023685 -0.003785383755856805 
476489.02821316576 -540552.939821068 -0.012782760331383963 
479623.82445141027 -510750.4278539914 -0.021123880509836025 
482758.6206896548 -450159.4177797518 -0.028142193675733798 
485893.4169278993 -365234.4320347185 -0.03375476202606617 
489028.2131661438 -270643.8254214334 -0.038266377506313135 
492163.0094043883 -176730.19490044066 -0.04180899057525077 
495297.8056426328 -82090.60537388994 -0.0440148382014284 
498432.60188087734 21066.554942625145 -0.04427372592920314 
501567.39811912185 134578.11633091632 -0.04230859789094802 
504702.19435736636 248135.0989300845 -0.038466752776092406 
507836.99059561087 345912.06919000717 -0.033420812791080265 
510971.7868338554 419202.94488782284 -0.027591658475170578 
514106.5830720999 471932.01936794864 -0.020895124699549735 
517241.3793103444 513391.4794718696 -0.013071147524336406 
520376.1755485889 545965.4388040648 -0.004239473007679275 
523510.9717868334 560841.7647876497 0.0049134736146604924 
526645.768025078 546289.0748468451 0.013524569576200726 
529780.5642633225 499847.9237420619 0.02112239060784153 
532915.360501567 431640.9911068983 0.027788702779194808 
536050.1567398115 355278.6522141866 0.033757475464353884 
539184.952978056 275790.63618553925 0.03888906426077753 
542319.7492163006 187106.78444114391 0.04258682295729305 
545454.5454545451 81659.61200822849 0.04425067313374461 
548589.3416927896 -37898.13140621828 0.043787096816561774 
551724.1379310341 -157040.49714524113 0.04163101328328643 
554858.9341692786 -259611.4324197412 0.03825655739099071 
557993.7304075231 -339733.3727914687 0.03370868409218872 
561128.5266457676 -403720.43125490873 0.027677169035301423 
564263.3228840121 -460714.05730938516 0.02005571548542429 
567398.1191222566 -512031.154238201 0.011390612608982009 
570532.9153605012 -549867.0721138358 0.0027070294829862375 
573667.7115987457 -565743.0523298751 -0.005163728026905639 
576802.5078369902 -558906.5454755095 -0.012105182489343827 
579937.3040752347 -535444.567261326 -0.018570647920017253 
583072.1003134792 -499373.0871078734 -0.024923528574849703 
586206.8965517237 -446060.6275267365 -0.030923124762806065 
589341.6927899682 -366116.2971424171 -0.03584980219644786 
592476.4890282127 -256492.89165320236 -0.03910547933273161 
595611.2852664572 -127194.1053203036 -0.0406587204179088 
598746.0815047018 4105.186564487611 -0.040897024256052426 
601880.8777429463 124770.06513726746 -0.04008147222472145 
605015.6739811908 234606.80156958065 -0.0380054747129099 
608150.4702194353 340553.01726536907 -0.034225582073024154 
611285.2664576798 444370.0086419586 -0.028616684690054777 
614420.0626959243 536322.9427853236 -0.02165739466098389 
617554.8589341688 601552.9375163373 -0.014134879669617266 
620689.6551724133 632532.6569069887 -0.006569445174378709 
623824.4514106578 634613.6774127138 0.0010465706787786727 
626959.2476489024 618926.5507684625 0.008932544647025609 
630094.0438871469 590162.0056478302 0.01697073255017076 
633228.8401253914 542101.221171808 0.02451425485602251 
636363.6363636359 465570.78182516806 0.030765725410480685 
639498.4326018804 360396.8575090506 0.03533977849452303 
642633.2288401249 238700.18617400152 0.03842869729737253 
645768.0250783694 115953.5282866745 0.04040655691184016 
648902.8213166139 -936.6750121464679 0.041295875310680415 
652037.6175548584 -116161.86520464587 0.04066294343965487 
655172.413793103 -235684.05424123572 0.03805471000514116 
658307.2100313475 -356052.81758429616 0.0335183366428785 
661442.006269592 -463313.6225709134 0.02765552995277362 
664576.8025078365 -543330.823314935 0.02115082592258106 
667711.598746081 -592834.1291864028 0.014263829988538156 
670846.3949843255 -619723.328348553 0.006811006998880546 
673981.19122257 -632439.2252278801 -0.0013540121453767848 
677115.9874608145 -629671.3395246982 -0.009877956418236808 
680250.783699059 -601276.3868823108 -0.01796135383193249 
683385.5799373036 -539452.2905704683 -0.02488365887389496 
686520.3761755481 -448394.8516717905 -0.030459926267276054 
689655.1724137926 -342230.59428976936 -0.03496064636449542 
692789.9686520371 -233315.96042710484 -0.03858998686868504 
695924.7648902816 -123087.4903909748 -0.041080393079190224 
699059.5611285261 -4931.199096189652 -0.0418370062411336 
702194.3573667706 124122.5422166714 -0.04048500992934949 
705329.1536050151 255361.67778314662 -0.03724727324425558 
708463.9498432596 372649.2815296878 -0.03275605228329726 
711598.7460815042 464681.05431855517 -0.02749528841473953 
714733.5423197487 532534.9249406558 -0.021455875096450906 
717868.3385579932 584747.2319920397 -0.014359795978077992 
721003.1347962377 625246.3361535008 -0.00620884053271721 
724137.9310344822 646952.3278243323 0.0024290534820122986 
727272.7272727267 637854.9088120959 0.010707808991314396 
730407.5235109712 593224.7484480217 0.018074379404440864 
733542.3197492157 521133.4981877528 0.024534776885747126 
736677.1159874602 435462.9812560227 0.030347704366209077 
739811.9122257048 343702.9010840889 0.035479832342849474 
742946.7084639493 242275.26641082054 0.03940604583273147 
746081.5047021938 124171.86614665226 0.04147349289317465 
749216.3009404383 -9281.915829251724 0.04145363455352215 
752351.0971786828 -145075.98431332415 0.039707039266604904 
755485.8934169273 -267277.7208024157 0.036790861920154856 
758620.6896551718 -368878.5345685154 0.032922520966407555 
761755.4858934163 -454459.05223193625 0.027861547658776412 
764890.2821316608 -531059.213010209 0.021329259687747806 
768025.0783699054 -597025.4219004194 0.013518280360384672 
771159.8746081499 -640705.1990220175 0.005147855237897715 
774294.6708463944 -650472.6487578377 -0.003002851253739082 
777429.4670846389 -625624.2888176055 -0.010603718715875609 
780564.2633228834 -576742.0706019005 -0.017801829599199973 
783699.0595611279 -515163.5256033237 -0.02475187395118752 
786833.8557993724 -442612.39731376525 -0.031154955567409156 
789968.6520376169 -351830.1359657312 -0.03630215199351137 
793103.4482758614 -237442.58534579084 -0.03958716665881372 
796238.244514106 -105506.68952702123 -0.040957847753690935 
799373.0407523505 28448.2367608387 -0.04083915742342528 
802507.836990595 150988.46189689013 -0.039614016181314264 
805642.6332288395 259970.20017555656 -0.03721085857112457 
808777.429467084 361887.28733694553 -0.03323177707861241 
811912.2257053285 460357.91916686774 -0.027484140323774744 
815047.021943573 548040.4603777432 -0.02035218964231189 
818181.8181818175 610639.7605937902 -0.01261155343628613 
821316.614420062 638927.9448543154 -0.004873586715804569 
824451.4106583066 636254.1907543587 0.00276614428194633 
827586.2068965511 613736.8229937067 0.010517110745108117 
830721.0031347956 578249.8039433404 0.018354756798577124 
833855.7993730401 525849.7308020854 0.02573234197104942 
836990.5956112846 447524.05852822866 0.03185857925110354 
840125.3918495291 341147.741256021 0.03626032426376568 
843260.1880877736 216979.1773850543 0.03904902664184113 
846394.9843260181 90796.19391998582 0.040619972858317456 
849529.7805642626 -28255.762456399498 0.04110795610259654 
852664.5768025072 -142497.0624554142 0.04017672076856197 
855799.3730407517 -258337.73132723806 0.0373659590267153 
858934.1692789962 -374644.6373257399 0.032630970499086705 
862068.9655172407 -479272.6807112548 0.02650540175675059 
865203.7617554852 -557581.1980817765 0.01971176532856004 
868338.5579937297 -604139.4240064877 0.012622899627614837 
871473.3542319742 -625456.4540318955 0.005132042271116578 
874608.1504702187 -630987.0918546825 -0.002942307560133564 
877742.9467084632 -621959.3280981993 -0.011354006570512106 
880877.7429467078 -589817.2610849687 -0.019369589399475928 
884012.5391849523 -525920.148072354 -0.026226048455577827 
887147.3354231968 -432267.05288930517 -0.03163661677055301 
890282.1316614413 -321909.0370964518 -0.03582429460381016 
893416.9278996858 -208525.2349633472 -0.039058550580886725 
896551.7241379303 -96000.31902303107 -0.04119140292863031 
899686.5203761748 21193.394995390623 -0.04168754249939354 
902821.3166144193 147390.77129997459 -0.04012135229597248 
905956.1128526638 276246.1028994821 -0.03662057927470273 
909090.9090909084 392526.3569187435 -0.03179044412848674 
912225.7053291529 483481.4357916523 -0.026196051712253064 
915360.5015673974 548012.0633909188 -0.019942903501281674 
918495.2978056419 594163.137597608 -0.012789665386150836 
921630.0940438864 627726.9406745094 -0.004665643048999625 
924764.8902821309 644056.2296899611 0.003961482040564266 
927899.6865203754 631772.3522766 0.012265472010191321 
931034.4827586199 584507.9513281373 0.019611572908855904 
934169.2789968645 508343.2749160599 0.02591063774648014 
937304.075235109 417093.0718818486 0.03141731332014392 
940438.8714733535 320341.6980843503 0.03619623674770132 
943573.667711598 216709.98087510726 0.03982789301690776 
946708.4639498425 99299.0521571965 0.04167192590657044 
949843.260188087 -32574.041546027383 0.04141760568370245 
952978.0564263315 -167863.13605780786 0.039347347141626896 
956112.852664576 -290478.9953378534 0.03603889529768311 
959247.6489028205 -391328.5211982561 0.0318196528803971 
962382.445141065 -473236.2825952953 0.026544545874794295 
965517.2413793096 -543758.8499429274 0.019926001437038942 
968652.0376175541 -603616.6876833574 0.012061929721645468 
971786.8338557986 -643047.1968593742 0.003597828880732846 
974921.6300940431 -650019.0806341437 -0.00465739953908626 
978056.4263322876 -621744.2833129307 -0.01226908591088564 
981191.2225705321 -567427.711031405 -0.019314700182447082 
984326.0188087766 -499377.0073679134 -0.02598966460329674 
987460.8150470211 -421795.23548788857 -0.032107892935928084 
990595.6112852657 -328971.95786430023 -0.037033551655296815 
993730.4075235102 -214666.18944231706 -0.040125733184875535 
996865.2037617547 -83305.5575937289 -0.04120821095611072 
999999.9999999992 95467.20574962272 -0.042710502994133204 
