#x u 
0.0 81649169283473.61 3742612.330836186 
3134.796238244514 -2043285711302.132 -93659.52443327421 
6269.592476489028 50282748652.81134 2304.89540439803 
9404.38871473354 -2109128252.5854838 -96.62954240110705 
12539.184952978056 -819718102.0065482 -37.52819736918101 
15673.98119122257 -873649066.4883925 -40.00432665137729 
18808.777429467085 -894483609.8234112 -40.96500611830637 
21943.5736677116 -916673487.0004056 -41.9892065780951 
25078.369905956115 -939378298.0381544 -43.03813271495315 
28213.16614420063 -962641764.6780777 -44.11347193278333 
31347.962382445145 -986486404.0088949 -45.21590851482071 
34482.75862068966 -1010935842.3266869 -46.34615990310608 
37617.55485893417 -1036013969.2775216 -47.50495207624168 
40752.35109717868 -1061744670.0568901 -48.6930215476657 
43887.14733542319 -1088151499.044881 -49.911114241961066 
47021.943573667704 -1115257331.0825148 -51.15998237889247 
50156.739811912215 -1143084066.0613978 -52.44038234699235 
53291.53605015673 -1171652449.9626815 -53.753076045861604 
56426.33228840124 -1200982005.5880837 -55.098835043853285 
59561.12852664575 -1231091009.9158425 -56.47844438687337 
62695.92476489026 -1261996469.8894677 -57.89270364198074 
65830.72100313478 -1293714117.9909375 -59.342426020247636 
68965.51724137929 -1326258498.4052382 -60.82843878753032 
72100.3134796238 -1359643188.7506907 -62.35158711009959 
75235.10971786831 -1393881123.9843833 -63.912740050586216 
78369.90595611282 -1428984936.996529 -65.51279521062001 
81504.70219435733 -1464967257.3681767 -67.15267989657814 
84639.49843260185 -1501840986.88657 -68.8333502919228 
87774.29467084636 -1539619616.1402347 -70.55579219094352 
90909.09090909087 -1578317611.849003 -72.32102514498965 
94043.88714733538 -1617950825.2637534 -74.13010807584764 
97178.68338557989 -1658536831.9689152 -75.98414244824643 
100313.4796238244 -1700095156.8287735 -77.88427105929308 
103448.27586206891 -1742647421.1431088 -79.83167443643832 
106583.07210031342 -1786217485.290095 -81.8275687180266 
109717.86833855794 -1830831609.9668581 -83.87320682212095 
112852.66457680245 -1876518574.089106 -85.96988091258874 
115987.46081504696 -1923309657.9776556 -88.11892267793746 
119122.25705329147 -1971238462.165907 -90.32170033546802 
122257.05329153598 -2020340627.1692793 -92.57961498315568 
125391.84952978049 -2070653555.1702685 -94.89409987683582 
128526.645768025 -2122216178.7948396 -97.26662317672069 
131661.44200626953 -2175068736.651604 -99.69869070870104 
134796.23824451404 -2229252490.6124487 -102.19184455053528 
137931.03448275855 -2284809380.056718 -104.74765679634471 
141065.83072100306 -2341781685.563878 -107.36772231446216 
144200.62695924757 -2400211780.857973 -110.05365533460375 
147335.42319749208 -2460141973.9579105 -112.80709138208674 
150470.2194357366 -2521614355.239053 -115.62969188301751 
153605.0156739811 -2584670571.733423 -118.52314789709312 
156739.81191222562 -2649351539.817382 -121.48918245292322 
159874.60815047013 -2715697204.7853417 -124.52955423963206 
163009.40438871464 -2783746461.8435435 -127.64606503668988 
166144.20062695915 -2853537264.422742 -130.84056929812093 
169278.99686520366 -2925106851.4273844 -134.11498086416154 
172413.79310344817 -2998492014.9397492 -137.47127277085733 
175548.58934169268 -3073729401.770313 -140.9114710898023 
178683.3855799372 -3150855905.9993525 -144.43764809115083 
181818.1818181817 -3229909184.531893 -148.05191971511996 
184952.97805642622 -3310928230.4626255 -151.7564479349636 
188087.77429467073 -3393953869.43004 -155.5534446913542 
191222.57053291524 -3479029080.9843707 -159.4451745080321 
194357.36677115975 -3566199163.4653974 -163.43395677170275 
197492.16300940426 -3655511848.6088333 -167.52217136785626 
200626.95924764877 -3747017451.046943 -171.71226952400616 
203761.75548589329 -3840769038.232386 -176.00678685103136 
206896.5517241378 -3936822536.5192432 -180.40835264867363 
210031.3479623823 -4035236722.547582 -184.91969177111164 
213166.14420062682 -4136073147.4952884 -189.54362076115746 
216300.94043887133 -4239396096.128359 -194.28304332679966 
219435.73667711584 -4345272628.844977 -199.140948429804 
222570.53291536035 -4453772643.495052 -204.12040948835542 
225705.32915360486 -4564968838.793644 -209.2245806778233 
228840.12539184937 -4678936521.473841 -214.45668879871312 
231974.9216300939 -4795753315.773766 -219.82002405836238 
235109.7178683384 -4915498889.475284 -225.31793513795998 
238244.5141065829 -5038254752.071555 -230.95383074173594 
241379.31034482742 -5164104073.487291 -236.73118453601984 
244514.10658307193 -5293131432.205614 -242.6535383387776 
247648.90282131644 -5425422474.132247 -248.72450165500652 
250783.69905956095 -5561063573.506976 -254.94775073079154 
253918.49529780546 -5700141618.648188 -261.32703186667067 
257053.29153604998 -5842743962.666387 -267.86617011928155 
260188.0877742945 -5988958465.620881 -274.569079506818 
263322.884012539 -6138873525.660565 -281.439769700696 
266457.6802507835 -6292578079.840409 -288.4823481731313 
269592.476489028 -6450161660.480779 -295.70102174409664 
272727.27272727253 -6611714606.689402 -303.1001022307351 
275862.06896551704 -6777328435.228535 -310.68401663566834 
278996.86520376155 -6947096267.39266 -318.4573174721168 
282131.66144200607 -7121113199.599574 -326.4246884870024 
285266.4576802506 -7299476603.093989 -334.5909455808036 
288401.2539184951 -7482286439.167002 -342.96103739747076 
291536.0501567396 -7669645673.8639965 -351.54004997536 
294670.8463949841 -7861660772.191752 -360.3332150968777 
297805.6426332286 -8058442155.26531 -369.3459175418891 
300940.43887147313 -8260104516.591555 -378.5836970098277 
304075.23510971764 -8466767003.709462 -388.05224547504554 
307210.03134796215 -8678553365.000156 -397.7574049688065 
310344.82758620667 -8895592142.382475 -407.70516982878354 
313479.6238244512 -9118016880.964844 -417.90169234084 
316614.4200626957 -9345966243.907572 -428.3532868016139 
319749.2163009402 -9579583954.188375 -439.0664284570886 
322884.0125391847 -9819018602.19277 -450.0477490377799 
326018.8087774292 -10064423438.664017 -461.30403420051414 
329153.60501567373 -10315956234.460749 -472.8422263415978 
332288.40125391824 -10573779174.031229 -484.6694309068877 
335423.19749216276 -10838058680.55125 -496.7929210878667 
338557.99373040727 -11108965120.878714 -509.22013803552346 
341692.7899686518 -11386672455.82553 -521.9586890631283 
344827.5862068963 -11671357962.937849 -535.0163491176044 
347962.3824451408 -11963202100.454893 -548.4010681188993 
351097.1786833853 -12262388463.628708 -562.1209814046885 
354231.9749216298 -12569103730.479982 -576.1844180812469 
357366.77115987433 -12883537558.211035 -590.5999050838795 
360501.56739811884 -13205882504.077095 -605.3761699891534 
363636.36363636336 -13536334084.982601 -620.5221475676407 
366771.15987460787 -13875091014.002314 -636.046991680425 
369905.9561128524 -14222355537.399479 -651.9600889752801 
373040.7523510969 -14578333760.368454 -668.2710693268848 
376175.5485893414 -14943235927.527557 -684.9898116374335 
379310.3448275859 -15317276730.190565 -702.1264485721456 
382445.1410658304 -15700675733.113804 -719.6913748402161 
385579.93730407493 -16093657926.1264 -737.6952597052805 
388714.73354231945 -16496454302.098274 -756.149059702306 
391849.52978056396 -16909302350.393272 -775.0640270124018 
394984.32601880847 -17332446445.742584 -794.4517131266053 
398119.122257053 -17766138209.970383 -814.3239718955994 
401253.9184952975 -18210636926.45934 -834.6929661504469 
404388.714733542 -18666209994.479065 -855.5711777827382 
407523.5109717865 -19133133322.788197 -876.9714170888774 
410658.307210031 -19611691573.21077 -898.9068276215709 
413793.10344827553 -20102178264.04786 -921.3908872446611 
416927.89968652005 -20604895827.133812 -944.4374098338233 
420062.69592476456 -21120155695.76579 -968.0605511984812 
423197.49216300907 -21648278405.46296 -992.2748183247269 
426332.2884012536 -22189593619.703766 -1017.0950777334886 
429467.0846394981 -22744440023.74502 -1042.5365600683872 
432601.8808777426 -23313165128.890865 -1068.6148624896875 
435736.6771159871 -23896125093.043343 -1095.3459532859356 
438871.4733542316 -24493684626.33779 -1122.7461813606285 
442006.26959247614 -25106216955.281876 -1150.8322888414234 
445141.06583072065 -25734103767.344578 -1179.6214226828508 
448275.86206896516 -26377735103.46946 -1209.1311432248121 
451410.65830720967 -27037509257.400196 -1239.3794318846058 
454545.4545454542 -27713832779.11945 -1270.3847019666862 
457680.2507836987 -28407120624.31592 -1302.1658140994955 
460815.0470219432 -29117796401.790604 -1334.7420937630804 
463949.8432601877 -29846292640.112217 -1368.1333470612622 
467084.6394984322 -30593051051.860203 -1402.3598736082079 
470219.43573667674 -31358522852.668842 -1437.4424791219728 
473354.23197492125 -32143169205.813896 -1473.4024910461967 
476489.02821316576 -32947461796.296154 -1510.261777565148 
479623.82445141027 -33771883462.64368 -1548.0427670042568 
482758.6206896548 -34616928809.07575 -1586.7684644399535 
485893.4169278993 -35483104787.17762 -1626.4624654641852 
489028.2131661438 -36370931299.74354 -1667.1489700161226 
492163.0094043883 -37280941870.86 -1708.8527988366482 
495297.8056426328 -38213684356.89442 -1751.5994119358108 
498432.60188087734 -39169721620.090034 -1795.4149260303022 
501567.39811912185 -40149632107.6202 -1840.3261288511587 
504702.19435736636 -41154010350.09144 -1886.3604914360242 
507836.99059561087 -42183467437.013084 -1933.546181450767 
510971.7868338554 -43238631497.78827 -1981.9120791769665 
514106.5830720999 -44320148151.61207 -2031.4877947212797 
517241.3793103444 -45428680863.97135 -2082.303683722764 
520376.1755485889 -46564911191.70136 -2134.390860755517 
523510.9717868334 -47729538964.7983 -2187.7812125520286 
526645.768025078 -48923282469.42646 -2242.5074138119485 
529780.5642633225 -50146878647.57513 -2298.602946017734 
532915.360501567 -51401083272.83137 -2356.102117025476 
536050.1567398115 -52686671064.43967 -2415.040079250943 
539184.952978056 -54004435761.824196 -2475.45284696622 
542319.7492163006 -55355190231.6131 -2537.377315472292 
545454.5454545451 -56739766661.59389 -2600.8512840908065 
548589.3416927896 -58159016829.6018 -2665.913481879735 
551724.1379310341 -59613812395.04627 -2732.6035931580313 
554858.9341692786 -61105045193.16085 -2800.9622814562013 
557993.7304075231 -62633627580.63126 -2871.031213718336 
561128.5266457676 -64200492905.52129 -2942.8530877749113 
564263.3228840121 -65806596121.180435 -3016.4716637591227 
567398.1191222566 -67452914487.965775 -3091.931796765554 
570532.9153605012 -69140448292.31688 -3169.279467502278 
573667.7115987457 -70870221577.78432 -3248.5618107781565 
576802.5078369902 -72643282954.02406 -3329.8271450454263 
579937.3040752347 -74460706542.46295 -3413.125005979977 
583072.1003134792 -76323593031.61362 -3498.50618323845 
586206.8965517237 -78233070742.08945 -3586.0227562598857 
589341.6927899682 -80190296624.89679 -3675.7281261121993 
592476.4890282127 -82196457216.18018 -3767.677044983809 
595611.2852664572 -84252769638.68657 -3861.9256480099652 
598746.0815047018 -86360482695.61957 -3958.5314900715543 
601880.8777429463 -88520877988.97563 -4057.5535849695657 
605015.6739811908 -90735270936.94202 -4159.0524416937 
608150.4702194353 -93005011635.04074 -4263.090095650398 
611285.2664576798 -95331485636.3385 -4369.730138621617 
614420.0626959243 -97716114776.8466 -4479.037753460107 
617554.8589341688 -100160358082.36124 -4591.079755304116 
620689.6551724133 -102665712655.38234 -4705.924634679053 
623824.4514106578 -105233714409.03215 -4823.642596291395 
626959.2476489024 -107865938635.41959 -4944.305592740141 
630094.0438871469 -110564000547.95482 -5067.987359244277 
633228.8401253914 -113329555955.60542 -5194.763456246451 
636363.6363636359 -116164302083.366 -5324.711320094811 
639498.4326018804 -119069978396.65335 -5457.910314775326 
642633.2288401249 -122048367291.71637 -5594.44177783374 
645768.0250783694 -125101294686.42749 -5734.389061510591 
648902.8213166139 -128230630706.95619 -5877.837577506958 
652037.6175548584 -131438290636.19055 -6024.87485247007 
655172.413793103 -134726236087.7626 -6175.59059207734 
658307.2100313475 -138096476204.43082 -6330.076744097189 
661442.006269592 -141551068733.55145 -6488.427553361669 
664576.8025078365 -145092121058.1449 -6650.73961203014 
667711.598746081 -148721791420.25833 -6817.111915877553 
670846.3949843255 -152442290483.2673 -6987.6459333211515 
673981.19122257 -156255883121.64343 -7162.445682175655 
677115.9874608145 -160164890169.9776 -7341.61780204731 
680250.783699059 -164171689983.0341 -7525.27161587311 
683385.5799373036 -168278719939.02545 -7713.519187050124 
686520.3761755481 -172488478160.8866 -7906.4753852054655 
689655.1724137926 -176803525569.8969 -8104.257966356246 
692789.9686520371 -181226488078.7117 -8306.987659155904 
695924.7648902816 -185760058602.58954 -8514.788243055256 
699059.5611285261 -190406998768.66153 -8727.78661341337 
702194.3573667706 -195170140534.48715 -8946.11284375297 
705329.1536050151 -200052388037.39957 -9169.900260358987 
708463.9498432596 -205056719755.0986 -9399.285533301578 
711598.7460815042 -210186190710.33234 -9634.40877194749 
714733.5423197487 -215443934372.64612 -9875.413609267649 
717868.3385579932 -220833164202.42905 -10122.447272541147 
721003.1347962377 -226357175153.36673 -10375.660654948171 
724137.9310344822 -232019345504.3479 -10635.20840495444 
727272.7272727267 -237823139057.16788 -10901.249034943665 
730407.5235109712 -243772107355.31262 -11173.945032991918 
733542.3197492157 -249869891561.47775 -11453.462960785064 
736677.1159874602 -256120224013.27643 -11739.9735381128 
739811.9122257048 -262526929862.34537 -12033.651732003285 
742946.7084639493 -269093929171.31403 -12334.676867121267 
746081.5047021938 -275825239404.76514 -12643.232753950315 
749216.3009404383 -282724977855.91895 -12959.507813211354 
752351.0971786828 -289797363630.2561 -13283.695178645114 
755485.8934169273 -297046719305.4282 -13615.992783170816 
758620.6896551718 -304477472799.69025 -13956.603452427722 
761755.4858934163 -312094159876.7772 -14305.735025009317 
764890.2821316608 -319901427199.1386 -14663.60049514308 
768025.0783699054 -327904035462.4663 -15030.418156301033 
771159.8746081499 -336106862317.47943 -15406.411732265993 
774294.6708463944 -344514905332.6476 -15791.81050739216 
777429.4670846389 -353133285566.3635 -16186.849482333842 
780564.2633228834 -361967251999.35114 -16591.76956704754 
783699.0595611279 -371022186385.5533 -17006.817791211484 
786833.8557993724 -380303607694.8468 -17432.24749463241 
789968.6520376169 -389817175652.12006 -17868.318475440232 
793103.4482758614 -399568693620.16327 -18315.297107955994 
796238.244514106 -409564111509.74097 -18773.456462108858 
799373.0407523505 -419809529139.46924 -19243.076444315182 
802507.836990595 -430311199858.9803 -19724.443951777084 
805642.6332288395 -441075534003.85425 -20217.85302087685 
808777.429467084 -452109102168.88654 -20723.604969436696 
811912.2257053285 -463418638900.1157 -21242.00856066693 
815047.021943573 -475011047459.66644 -21773.380218987277 
818181.8181818175 -486893405596.1957 -22318.04429474059 
821316.614420062 -499072971382.25543 -22876.33333476384 
824451.4106583066 -511557188030.7704 -23448.588308837516 
827586.2068965511 -524353687396.07306 -24035.15877829267 
830721.0031347956 -537470292899.916 -24636.403040400597 
833855.7993730401 -550915022954.8805 -25252.688297304372 
836990.5956112846 -564696095343.7843 -25884.39087005055 
840125.3918495291 -578821932147.8651 -26531.8964385398 
843260.1880877736 -593301164593.9441 -27195.60027798515 
846394.9843260181 -608142637767.6609 -27875.907488900237 
849529.7805642626 -623355415781.8271 -28573.233247079435 
852664.5768025072 -638948787884.5574 -29288.003095279462 
855799.3730407517 -654932275168.7991 -30020.653260639716 
858934.1692789962 -671315636890.749 -30771.630951965304 
862068.9655172407 -688108875727.6523 -31541.394605887617 
865203.7617554852 -705322242416.1912 -32330.414101927414 
868338.5579937297 -722966241034.9044 -33139.17100427869 
871473.3542319742 -741051635849.6747 -33968.15887245346 
874608.1504702187 -759589459399.1125 -34817.883626095616 
877742.9467084632 -778591020560.6497 -35688.86390646929 
880877.7429467078 -798067911639.8693 -36581.631391053015 
884012.5391849523 -818032014753.0874 -37496.731074016454 
887147.3354231968 -838495508666.9589 -38434.721566392305 
890282.1316614413 -859470876905.3158 -39396.17545359736 
893416.9278996858 -880970916721.1742 -40381.67969241693 
896551.7241379303 -903008747755.4495 -41391.8359939872 
899686.5203761748 -925597819703.8594 -42427.261162211566 
902821.3166144193 -948751919572.3486 -43488.58741471482 
905956.1128526638 -972485179769.5645 -44576.462744015356 
909090.9090909084 -996812087611.1996 -45691.55134564057 
912225.7053291529 -1021747495471.4031 -46834.53407842057 
915360.5015673974 -1047306630235.8186 -48006.1088954829 
918495.2978056419 -1073505101554.946 -49206.991223058605 
921630.0940438864 -1100358909825.5198 -50437.91432960421 
924764.8902821309 -1127884455338.592 -51699.62975105926 
927899.6865203754 -1156098549045.5608 -52992.907792693535 
931034.4827586199 -1185018423905.8765 -54318.53805972156 
934169.2789968645 -1214661745361.2595 -55677.32994957686 
937304.075235109 -1245046620615.0078 -57070.11309064438 
940438.8714733535 -1276191607926.545 -58497.737782401935 
943573.667711598 -1308115727442.6401 -59961.07550616584 
946708.4639498425 -1340838473807.172 -61461.01951697509 
949843.260188087 -1374379829233.6455 -62998.485455764625 
952978.0564263315 -1408760275540.488 -64574.41191257125 
956112.852664576 -1444000805077.389 -66189.76093703795 
959247.6489028205 -1480122932037.84 -67845.51856437752 
962382.445141065 -1517148705688.7363 -69542.69542667877 
965517.2413793096 -1555100725462.478 -71282.32744686709 
968652.0376175541 -1594002156287.119 -73065.4765407719 
971786.8338557986 -1633876742649.0774 -74893.23125831892 
974921.6300940431 -1674748821616.1733 -76766.7073744188 
978056.4263322876 -1716643336597.4265 -78687.04851121432 
981191.2225705321 -1759585853320.2297 -80655.42685988142 
984326.0188087766 -1803602577619.8828 -82673.04398382745 
987460.8150470211 -1848720373119.6536 -84741.1316156689 
990595.6112852657 -1894966777360.3257 -86860.95238243886 
993730.4075235102 -1942370016976.2808 -89033.8004861002 
996865.2037617547 -1990959023033.0288 -91261.00247693322 
999999.9999999992 -2040763505687.536 -93543.91553444913 
