#x u 
0.0 -231078.67700045797 -0.014311937862950963 
3134.796238244514 -304427.71519946435 -0.007855237566309558 
6269.592476489028 -503062.41397050064 -0.007377196695768843 
9404.38871473354 -678923.0198930354 -0.006461667276280789 
12539.184952978056 -828594.0754714522 -0.005299216599699797 
15673.98119122257 -946222.1997327771 -0.003931789405628437 
18808.777429467085 -1027259.9682976408 -0.0024123214567726703 
21943.5736677116 -1068573.6205491363 -0.0007995690579596736 
25078.369905956115 -1068565.5596517907 0.0008441026537101189 
28213.16614420063 -1027236.0972955949 0.0024551329384760105 
31347.962382445145 -946183.4426789129 0.003971223298528467 
34482.75862068966 -828541.8997763009 0.005333746560411317 
37617.55485893417 -678860.6638884727 0.006490013986225188 
40752.35109717868 -502927.90438234725 0.00739531274570542 
43887.14733542319 -307546.93633726984 0.008014634960165995 
47021.943573667704 -100273.13653383468 0.008324031456227003 
50156.739811912215 110878.22276306254 0.008311537879705296 
53291.53605015673 317741.9241671799 0.00797763735686905 
56426.33228840124 512318.55390769517 0.007335241811957879 
59561.12852664575 687083.8389446243 0.0064091926634197785 
62695.92476489026 835279.6104049521 0.005235300206927694 
65830.72100313478 951175.1417912279 0.0038589588322086666 
68965.51724137929 1030288.7560211249 0.0023333916232138705 
72100.3134796238 1069561.1317597039 0.0007175922228932671 
75235.10971786831 1067473.6072931713 -0.0009259564493909055 
78369.90595611282 1024106.9071365155 -0.0025336984106756515 
81504.70219435733 941138.0204186826 -0.00404346232254966 
84639.49843260185 821775.351758053 -0.005396865655137609 
87774.29467084636 670634.6523421231 -0.006541572337960782 
90909.09090909087 493560.52895319916 -0.007433316594375022 
94043.88714733538 297400.4331812842 -0.008037614697963448 
97178.68338557989 89739.87065521843 -0.008331098457309625 
100313.4796238244 -121390.93025601807 -0.008302418863331277 
103448.27586206891 -327827.5471584042 -0.007952684955156372 
106583.07210031342 -521587.081627316 -0.007295420933609837 
109717.86833855794 -695176.8576749505 -0.006356043180731333 
112852.66457680245 -841884.1633293 -0.005170877408965179 
115987.46081504696 -956035.8310256064 -0.0037857539468369727 
119122.25705329147 -1033217.6188435425 -0.0022542354813818847 
122257.05329153598 -1070444.9091235735 -0.0006355457904771921 
125391.84952978049 -1066278.1235515964 0.001007720439055745 
128526.645768025 -1020878.3916136364 0.0026120181463075444 
131661.44200626953 -936001.3197229557 0.004115309182077676 
134796.23824451404 -814929.1019672591 0.005459461322435708 
137931.03448275855 -662343.5977515798 0.006592496240257712 
141065.83072100306 -484145.28442097956 0.007470599505738329 
144200.62695924757 -287225.08596027753 0.008059814889213243 
147335.42319749208 -79197.90114885004 0.00833735744764724 
150470.2194357366 131891.8643704067 0.008292494617768651 
153605.0156739811 337881.3750409748 0.007926961244002525 
156739.81191222562 530805.0220241926 0.007254892492083397 
159874.60815047013 703202.4530788527 0.0063022772425762935 
163009.40438871464 848407.0641817629 0.005105953101564278 
166144.20062695915 960803.7969260633 0.0037121818914116573 
169278.99686520366 1036046.2726788307 0.0021748607073370854 
172413.79310344817 1071224.8669259448 0.000553437718190899 
175548.58934169268 1064979.2243738049 -0.0010893866926360747 
178683.3855799372 1017550.8638519609 -0.002690084549351935 
181818.1818181817 930773.838786464 -0.004186756908879584 
184952.97805642622 808003.8144032005 -0.005521527491320931 
188087.77429467073 653988.3042438392 -0.006642780754144391 
191222.57053291524 474683.08394483104 -0.00750715786382657 
194357.36677115975 277021.88155369874 -0.008081233380778818 
197492.16300940426 68648.25045188305 -0.008342807820197203 
200626.95924764877 -142380.00664898526 -0.008281766105543075 
203761.75548589329 -347902.4327212741 -0.007900468718280726 
206896.5517241378 -539971.4810751771 -0.007213660418122608 
210031.3479623823 -711159.846775502 -0.006247900063567902 
213166.14420062682 -854847.6803237986 -0.005040533581558357 
216300.94043887133 -965478.5770604584 -0.0036382498014877326 
219435.73667711584 -1038774.4431834925 -0.002095274999424515 
222570.53291536035 -1071900.929520816 -0.0004712759694746279 
225705.32915360486 -1063577.0357365226 0.0011709472895424797 
228840.12539184937 -1014124.6465794228 0.002767890048359168 
231974.9216300939 -925456.0846084617 0.00425779857343281 
235109.7178683384 -801000.1607308092 0.005583058142162382 
238244.5141065829 -645569.5821763262 0.006692421002664294 
241379.31034482742 -465174.8452382725 0.007542988122954113 
244514.10658307193 -266791.8095426793 0.008101868095332854 
247648.90282131644 -58091.94174423327 0.008347449046240466 
250783.69905956095 152854.3398782038 0.008270234367043825 
253918.49529780546 357889.74827198626 0.007873209947978623 
257053.29153604998 549085.5697051125 0.0071717287127793326 
260188.0877742945 719048.2670053275 0.0061929169173010525 
263322.884012539 861205.3874313796 0.004974625178502743 
266457.6802507835 970059.7186002235 0.003563964821606985 
269592.476489028 1041401.8645648592 0.0020154861312129397 
272727.27272727253 1072473.025482476 0.00038906878141065494 
275862.06896551704 1062071.690267726 -0.0012523941651196018 
278996.86520376155 1010600.1011088896 -0.0028454284270879727 
282131.66144200607 920048.6464724792 -0.0043284306559964 
285266.4576802506 793918.7953632472 -0.005644046168095756 
288401.2539184951 637087.8059327267 -0.006741391905319127 
291536.0501567396 455620.7867803334 -0.007578054552061732 
294670.8463949841 256536.72752901632 -0.008121756700214136 
297805.6426332286 47534.99277691116 -0.008351509585719534 
300940.43887147313 -163308.27679086677 -0.008258155900549242 
304075.23510971764 -367853.47930186946 -0.007844677574776986 
307210.03134796215 -558191.0350553001 -0.007127055655103305 
310344.82758620667 -726908.994428464 -0.006135405855464753 
313479.6238244512 -867392.3172309758 -0.004912233702247627 
316614.4200626957 -974225.0660651488 -0.003504080664970465 
319749.2163009402 -1043594.0388190693 -0.001950822788542903 
322884.0125391847 -1073319.754037836 -0.00028946745589826766 
326018.8087774292 -1062236.0548982832 0.0014149769171959692 
329153.60501567373 -1009438.5749394658 0.0030354990696874152 
332288.40125391824 -914726.353383274 0.0044066360305270134 
335423.19749216276 -780880.1100598493 0.005434946298383359 
338557.99373040727 -616064.8640681377 0.006217682746204984 
341692.7899686518 -433160.01004151325 0.007022796927107277 
344827.5862068963 -245005.07485494265 0.008083482980620203 
347962.3824451408 -59017.836840679505 0.009365225464194589 
351097.1786833853 123848.06741594308 0.010532501465758959 
354231.9749216298 304837.87170801486 0.011158955970433334 
357366.77115987433 482065.88200786995 0.010985987598161684 
360501.56739811884 648793.1007840568 0.010015040972512962 
363636.36363636336 795725.1556804484 0.008414164198194992 
366771.15987460787 914259.5428086553 0.006379138876284488 
369905.9561128524 998158.7996006375 0.00406446310908221 
373040.7523510969 1043593.4531546811 0.0015864645827809297 
376175.5485893414 1048684.0966137992 -0.0009534197354536798 
379310.3448275859 1013222.1542555231 -0.0034564353381553205 
382445.1410658304 938578.9384372912 -0.005825790679272529 
385579.93730407493 827640.9003076714 -0.007969862851475294 
388714.73354231945 684698.0108180593 -0.009805740641517666 
391849.52978056396 515277.8676613464 -0.011262430704624706 
394984.32601880847 325931.94321776775 -0.012283602875225775 
398119.122257053 123982.23929412717 -0.012829768452942624 
401253.9184952975 -82761.85448918788 -0.012879807229571095 
404388.714733542 -286305.5495848368 -0.012431784206964513 
407523.5109717865 -478777.8167766722 -0.0115030244233599 
410658.307210031 -652735.7586678825 -0.010129442994615299 
413793.10344827553 -801452.4263231884 -0.008364156277645297 
416927.89968652005 -919176.9502032852 -0.006275427862327303 
420062.69592476456 -1001356.9261352917 -0.003944028820316657 
423197.49216300907 -1044814.456659701 -0.0014601142898775868 
426332.2884012536 -1047869.0402396888 0.0010802628208892344 
429467.0846394981 -1010402.5562103528 0.003578866197420025 
432601.8808777426 -933863.8325016496 0.005939074914330792 
435736.6771159871 -821212.6195013026 0.008069619764003534 
438871.4733542316 -676805.1365868921 0.00988811263439086 
442006.26959247614 -506225.6172396639 0.011324232455093322 
445141.06583072065 -316070.36688596645 0.012322444511261046 
448275.86206896516 -113692.68394378416 0.012844147969523502 
451410.65830720967 93081.49202935747 0.012869168571178072 
454545.4545454542 296256.2092086455 0.012396538770231572 
457680.2507836987 487974.70674403635 0.011444535148377788 
460815.0470219432 660823.2354910638 0.01004997166007483 
463949.8432601877 808117.7474909028 0.008266776037916163 
467084.6394984322 924162.3679252049 0.006163904408661308 
470219.43573667674 1004469.6544421664 0.0038226747616682518 
473354.23197492125 1045934.1264316037 0.0013336223844315465 
476489.02821316576 1046952.3538766471 -0.0012070011345505782 
479623.82445141027 1007484.9619493765 -0.003700949952115378 
482758.6206896548 929058.1536343582 -0.006051783134548821 
485893.4169278993 814704.691500271 -0.00816859402589907 
489028.2131661438 668846.6208529252 -0.009969525605917802 
492163.0094043883 497124.2693621933 -0.011384935898831898 
495297.8056426328 306178.13574268157 -0.012360091026674163 
498432.60188087734 103392.10184699821 -0.012857281766872454 
501567.39811912185 -103392.10184693955 -0.01285728176687253 
504702.19435736636 -306178.1357426253 -0.012360091026674399 
507836.99059561087 -497124.2693621413 -0.011384935898832273 
510971.7868338554 -668846.6208528795 -0.009969525605918302 
514106.5830720999 -814704.691500233 -0.00816859402589969 
517241.3793103444 -929058.1536343299 -0.006051783134549452 
520376.1755485889 -1007484.9619493589 -0.003700949952116041 
523510.9717868334 -1046952.3538766416 -0.00120700113455127 
526645.768025078 -1045934.1264316104 0.0013336223844308496 
529780.5642633225 -1004469.6544421847 0.003822674761667544 
532915.360501567 -924162.367925234 0.006163904408660651 
536050.1567398115 -808117.747490941 0.008266776037915586 
539184.952978056 -660823.2354911101 0.01004997166007434 
542319.7492163006 -487974.7067440891 0.011444535148377412 
545454.5454545451 -296256.2092087025 0.012396538770231329 
548589.3416927896 -93081.49202941667 0.01286916857117799 
551724.1379310341 113692.68394372541 0.012844147969523568 
554858.9341692786 316070.3668859102 0.012322444511261242 
557993.7304075231 506225.6172396125 0.011324232455093635 
561128.5266457676 676805.1365868468 0.009888112634391273 
564263.3228840121 821212.6195012658 0.008069619764004075 
567398.1191222566 933863.8325016231 0.0059390749143314265 
570532.9153605012 1010402.5562103364 0.00357886619742076 
573667.7115987457 1047869.0402396839 0.0010802628208899743 
576802.5078369902 1044814.4566597083 -0.0014601142898768079 
579937.3040752347 1001356.9261353104 -0.003944028820315916 
583072.1003134792 919176.9502033148 -0.006275427862326637 
586206.8965517237 801452.4263232278 -0.008364156277644735 
589341.6927899682 652735.7586679304 -0.010129442994614851 
592476.4890282127 478777.81677672593 -0.011503024423359544 
595611.2852664572 286305.54958489374 -0.012431784206964263 
598746.0815047018 82761.85448924676 -0.012879807229571005 
601880.8777429463 -123982.23929406908 -0.012829768452942652 
605015.6739811908 -325931.94321771164 -0.012283602875225936 
608150.4702194353 -515277.867661295 -0.011262430704625017 
611285.2664576798 -684698.010818015 -0.00980574064151814 
614420.0626959243 -827640.9003076351 -0.007969862851475867 
617554.8589341688 -938578.9384372649 -0.00582579067927319 
620689.6551724133 -1013222.1542555072 -0.003456435338155987 
623824.4514106578 -1048684.0966137943 -0.0009534197354543553 
626959.2476489024 -1043593.4531546885 0.0015864645827802606 
630094.0438871469 -998147.3794540417 0.004064986582638176 
633228.8401253914 -914094.0882770355 0.006386722935846643 
636363.6363636359 -794558.1378540001 0.008467657642095085 
639498.4326018804 -643464.8876337721 0.010259274149400425 
642633.2288401249 -464419.62434694736 0.011794851929809863 
645768.0250783694 -259862.58067813388 0.013220521057974687 
648902.8213166139 -32649.579072254215 0.014712832827725772 
652037.6175548584 208720.17546766973 0.016227240312112305 
655172.413793103 444847.8313136773 0.017243820585534933 
658307.2100313475 648061.9397995883 0.01687341279838133 
661442.006269592 796398.0787241242 0.014483747310669075 
664576.8025078365 889357.515720381 0.010407303945787368 
667711.598746081 948383.2100409854 0.005949389819397943 
670846.3949843255 996449.1043590326 0.0024400912704053276 
673981.19122257 1033717.3715528108 0.00010774531110132723 
677115.9874608145 1034522.9868195495 -0.0020678230590546504 
680250.783699059 971569.053765615 -0.005252284351472404 
683385.5799373036 844313.5686264362 -0.009458928348149338 
686520.3761755481 682102.1391608217 -0.013405514199745018 
689655.1724137926 517844.23000272596 -0.015718459338951517 
692789.9686520371 359045.31750273786 -0.01625544258130658 
695924.7648902816 186329.81441087835 -0.01616530967147361 
699059.5611285261 -19058.463054897606 -0.016617432636405454 
702194.3573667706 -247841.03336360134 -0.017533083081763205 
705329.1536050151 -464484.3869602538 -0.01765360463054062 
708463.9498432596 -636631.397148535 -0.015875169395885475 
711598.7460815042 -761553.1633765706 -0.012446600913170031 
714733.5423197487 -862107.1482445337 -0.008769645235004469 
717868.3385579932 -956732.2693312785 -0.00600992452604129 
721003.1347962377 -1035269.1489373349 -0.003976201493397347 
724137.9310344822 -1066205.8120061043 -0.0014418929065030427 
727272.7272727267 -1027844.5112961552 0.0024347384068526424 
730407.5235109712 -930686.6018513525 0.007090422058058516 
733542.3197492157 -807526.3295689819 0.011014125848105082 
736677.1159874602 -681644.660943723 0.013205280641614732 
739811.9122257048 -546449.5600964968 0.01410444923137296 
742946.7084639493 -377798.37314926606 0.015023144374046348 
746081.5047021938 -165818.56285612183 0.016677316405290896 
749216.3009404383 67485.63779676284 0.018370117991190794 
752351.0971786828 283619.0564725079 0.018685099239730586 
755485.8934169273 460077.6944498735 0.016961653615656172 
758620.6896551718 606078.9336224741 0.01400171118294496 
761755.4858934163 745321.7198803109 0.011264832204214838 
764890.2821316608 884213.328281358 0.00939736055394364 
768025.0783699054 999238.0587234107 0.0076397965203522855 
771159.8746081499 1056961.2630383691 0.004731423155937031 
774294.6708463944 1045800.850659296 0.00035612738052943536 
777429.4670846389 986290.3577316969 -0.004395469940947146 
780564.2633228834 909133.1460470121 -0.008037737315060807 
783699.0595611279 824152.7608416547 -0.01011630390659838 
786833.8557993724 712737.7971082418 -0.011554527535190411 
789968.6520376169 551600.4661456092 -0.013561739306485878 
793103.4482758614 342690.5187115581 -0.016256571206066207 
796238.244514106 117604.41974268411 -0.01845680604072129 
799373.0407523505 -88378.01001253059 -0.01885918895097095 
802507.836990595 -265596.7096187392 -0.017370477417562355 
805642.6332288395 -432149.25288624835 -0.015191919393872672 
808777.429467084 -606944.225552073 -0.013569707893675193 
811912.2257053285 -782322.4169258508 -0.01252532470633043 
815047.021943573 -925317.1203764922 -0.010898902720259973 
818181.8181818175 -1006472.2318499816 -0.0076565991433399415 
821316.614420062 -1026131.5720501636 -0.003083404704547372 
824451.4106583066 -1010746.2395600956 0.0013965300301852003 
827586.2068965511 -983230.4897293157 0.004586899909858891 
830721.0031347956 -938616.7105567995 0.006640810324684821 
833855.7993730401 -850607.6481896677 0.008763322813775148 
836990.5956112846 -702066.0601117444 0.011813892015528541 
840125.3918495291 -507264.7053569125 0.015283618125201764 
843260.1880877736 -302348.9023425055 0.017726801613417976 
846394.9843260181 -113847.27242670071 0.018196175156614425 
849529.7805642626 61904.504755171816 0.017175679574054813 
852664.5768025072 247086.9370059782 0.016033009148351287 
855799.3730407517 451065.77192113316 0.015569899434770832 
858934.1692789962 652665.3200107109 0.015195174799579532 
862068.9655172407 814976.2464053064 0.013588829837614017 
865203.7617554852 917398.2233075195 0.010156412876692944 
868338.5579937297 971483.6343067314 0.00574173781202174 
871473.3542319742 1004162.7388188608 0.0018458106259564757 
874608.1504702187 1026184.9547800457 -0.0008300592638767691 
877742.9467084632 1019086.6048170656 -0.002989693694559429 
880877.7429467078 954439.4004162182 -0.005865249908401368 
884012.5391849523 825130.1232482251 -0.00978617397156033 
887147.3354231968 655727.927620479 -0.013703856019599647 
890282.1316614413 480943.1697827719 -0.01617602836414861 
893416.9278996858 314677.5487607905 -0.01677968350243504 
896551.7241379303 141992.4825002257 -0.016470941815026865 
899686.5203761748 -57831.153037063814 -0.016517551692325286 
902821.3166144193 -281687.7632799994 -0.01712955345339045 
905956.1128526638 -497924.6095472154 -0.017229187042186275 
909090.9090909084 -671758.7869925129 -0.01560151960144724 
912225.7053291529 -794398.739369355 -0.012214636704282807 
915360.5015673974 -885542.7694192814 -0.008319819102746363 
918495.2978056419 -966906.5482476244 -0.005224633052366777 
921630.0940438864 -1034850.019831061 -0.0030261382716632403 
924764.8902821309 -1061054.95124223 -0.000631739849108866 
927899.6865203754 -1020643.9408790545 0.002959845037511237 
931034.4827586199 -918227.3375494418 0.007470032269470936 
934169.2789968645 -784502.628870344 0.011498847887330682 
937304.075235109 -646944.7132099813 0.013868143706806136 
940438.8714733535 -505300.53177087614 0.014741726172049364 
943573.667711598 -337475.9110752533 0.015349631047083132 
946708.4639498425 -129388.67938414626 0.01661132186847136 
949843.260188087 102866.14678739967 0.01810909382282555 
952978.0564263315 322118.9897055028 0.018492940989469745 
956112.852664576 501208.8313866849 0.01689165593053332 
959247.6489028205 643666.2373223371 0.013846437952985739 
962382.445141065 772565.2614516325 0.010785219697064547 
965517.2413793096 899571.9943099389 0.008589604603841167 
968652.0376175541 1006998.365717412 0.006758841105255292 
971786.8338557986 1061937.517780733 0.004045767158334641 
974921.6300940431 1047772.5055056137 -0.00010900367444094741 
978056.4263322876 980043.6489529214 -0.004857581679266875 
981191.2225705321 890066.8612049132 -0.008700941567862226 
984326.0188087766 793546.7430865009 -0.010930085379166982 
987460.8150470211 677129.3584118912 -0.012242008865984127 
990595.6112852657 516901.9884492574 -0.013888593397932168 
993730.4075235102 309123.6633392942 -0.016255226478426726 
996865.2037617547 83680.60636397087 -0.018506338188324152 
999999.9999999992 -231078.67700098094 -0.014311937862974938 
