#x u 
0.0 -196540.8511922075 -0.00713103413592657 
3134.796238244514 -308536.996147086 -0.002539135812836135 
6269.592476489028 -509249.3589616153 -0.002462494195828722 
9404.38871473354 -687230.2886122637 -0.0021513374964008047 
12539.184952978056 -838716.6642402723 -0.0017606841977937607 
15673.98119122257 -957768.1507227654 -0.0013018656092455387 
18808.777429467085 -1039782.7992037452 -0.0007927053167398343 
21943.5736677116 -1081589.074283628 -0.0002528911073358015 
25078.369905956115 -1081570.3289555402 0.0002967023938792977 
28213.16614420063 -1039727.2880894266 0.0008348224215137998 
31347.962382445145 -957678.020950716 0.001340659888556149 
34482.75862068966 -838595.3704933899 0.001794654073757806 
37617.55485893417 -687084.2596085512 0.002179249034184723 
40752.35109717868 -509003.61888004787 0.0024795724930587685 
43887.14733542319 -311239.82189634035 0.0026840109503008594 
47021.943573667704 -101440.38936900567 0.0027846587762667043 
50156.739811912215 112281.74028754042 0.002777623922232615 
53291.53605015673 321661.93806637486 0.0026631784258148924 
56426.33228840124 518603.47734953254 0.0024457478912826205 
59561.12852664575 695490.6341086075 0.002133740351559582 
62695.92476489026 845483.1867481448 0.0017392211298170694 
65830.72100313478 962780.927290808 0.001277446273751424 
68965.51724137929 1042847.9552638988 0.0007662726046297652 
72100.3134796238 1082588.0808486647 0.00022546719449180875 
75235.10971786831 1080464.5544573383 -0.00032405702599438676 
78369.90595611282 1036559.4927983708 -0.0008610499699991852 
81504.70219435733 952570.7034255267 -0.0013647461348173474 
84639.49843260185 831746.0305654315 -0.0018156676032995579 
87774.29467084636 678757.761068662 -0.0021963772543846837 
90909.09090909087 499521.9472028699 -0.0024921530561024113 
94043.88714733538 300969.6330706722 -0.002691557366153563 
97178.68338557989 90778.83132057528 -0.0027868792252303716 
100313.4796238244 -122922.38539568524 -0.002774432539605515 
103448.27586206891 -331870.1967740244 -0.0026546986222774054 
106583.07210031342 -527984.5965669581 -0.002432307580609531 
109717.86833855794 -703681.8462079252 -0.002115859270203176 
112852.66457680245 -852167.7377777322 -0.0017175907387125822 
115987.46081504696 -967700.325842096 -0.001252903019541212 
119122.25705329147 -1045811.9683271892 -0.0007397655742942266 
122257.05329153598 -1083482.090118501 -0.00019802141418128426 
125391.84952978049 -1079253.9886192956 0.00035138022869330636 
128526.645768025 -1033291.1644008553 0.0008871940075728052 
131661.44200626953 -947370.9986397858 0.001388700018035728 
134796.23824451404 -824816.0218357126 0.0018365050361427793 
137931.03448275855 -670365.4316461985 0.0022132924538850254 
141065.83072100306 -489991.82824076223 0.002504491911950013 
144200.62695924757 -290670.2540129238 0.0026988427351245844 
147335.42319749208 -80108.46887840325 0.002788829382302592 
150470.2194357366 133551.10859356335 0.002770972072257377 
153605.0156739811 342046.26828734844 0.002645961346688203 
156739.81191222562 537314.5079839377 0.0024186313669913428 
159874.60815047013 711804.8101049428 0.0020977729773688893 
163009.40438871464 858769.6393593128 0.001695793763119807 
166144.20062695915 972525.8697516028 0.001228238249650032 
169278.99686520366 1048674.5509113984 0.0007131867960930949 
172413.79310344817 1084271.0153858552 0.0001705564283085004 
175548.58934169268 1077938.7488509198 -0.00037866935197257206 
178683.3855799372 1029922.619883226 -0.0009132519985951362 
181818.1818181817 942079.4108988217 -0.0014125192149889746 
184952.97805642622 817806.0164270672 -0.0018571643513212166 
188087.77429467073 661908.0852905277 -0.0022299929921261886 
191222.57053291524 480414.1862942258 -0.0025165878638892074 
194357.36677115975 280342.68363205635 -0.0027058663506255905 
197492.16300940426 69430.33693212898 -0.0027905090583428705 
200626.95924764877 -144166.87903001197 -0.0027672428558095964 
203761.75548589329 -352189.1656566472 -0.002636967446452129 
206896.5517241378 -546592.3067175546 -0.002404720576847298 
210031.3479623823 -719858.7379753247 -0.0020794832271976453 
213166.14420062682 -865288.2511922799 -0.0016738323170686787 
216300.94043887133 -977257.0910028564 -0.001203454356247309 
219435.73667711584 -1051435.425382373 -0.0006865388478302275 
222570.53291536035 -1084954.7801349969 -0.00014307490062825284 
225705.32915360486 -1076518.9627137643 0.00040592174913378913 
228840.12539184937 -1026454.1859515198 0.0009392214157719187 
231974.9216300939 -936696.4534194393 0.0014362014155173616 
235109.7178683384 -810716.6942209917 0.0018776435451435909 
238244.5141065829 -653386.5422568397 0.002246477249368133 
241379.31034482742 -470789.95027289726 0.0025284397387664286 
244514.10658307193 -269987.9235712402 0.0027126275314552726 
247648.90282131644 -58745.47112494212 0.00279191809044412 
250783.69905956095 154768.66711011724 0.0027632452519489523 
253918.49529780546 362297.90514969133 0.0026277177938633933 
257053.29153604998 555817.0929391615 0.0023905765593473394 
260188.0877742945 727842.8486903554 0.0020609917935628967 
263322.884012539 871722.9410540725 0.0016517085305405516 
266457.6802507835 981893.5307274804 0.0011785537430559238 
269592.476489028 1054094.3239703493 0.0006598243140181156 
272727.27272727253 1085533.3180494255 0.00011557949649963414 
275862.06896551704 1074994.7679090516 -0.00043313477704061 
278996.86520376155 1022886.1989997791 -0.0009650997403994931 
282131.66144200607 931222.6482801526 -0.0014597443227482784 
285266.4576802506 803548.7427917072 -0.001897940631388267 
288401.2539184951 644801.6290265844 -0.002262743626847234 
291536.0501567396 461120.05360544065 -0.0025400463871002553 
294670.8463949841 259606.97811069275 -0.002719125621864861 
297805.6426332286 48054.907753123385 -0.0027930563419480553 
300940.43887147313 -165355.44459508316 -0.0027589796483921923 
304075.23510971764 -372371.5063471341 -0.0026182132860207707 
307210.03134796215 -564987.9719616494 -0.002376200686281543 
310344.82758620667 -735756.3678926898 -0.002042300469898838 
313479.6238244512 -878073.0848614915 -0.0016294245492616934 
316614.4200626957 -986434.739249709 -0.0011535388251189445 
319749.2163009402 -1056650.9887959424 -0.0006330457856270565 
322884.0125391847 -1086006.573018295 -8.807288262867487e-05 
326018.8087774292 -1073366.3122642313 0.0004603057963706275 
329153.60501567373 -1019219.0050774087 0.0009908844626082703 
332288.40125391824 -925658.5263711817 0.0014831456533479165 
335423.19749216276 -796302.857340739 0.0019180536415537878 
338557.99373040727 -636154.1782251789 0.002278790546833522 
341692.7899686518 -451405.4341365791 0.002551406682622803 
344827.5862068963 -249200.85406177552 0.0027253599912320323 
347962.3824451408 -37359.683729731245 0.002793923705400471 
351097.1786833853 175926.18453185004 0.002754446466645178 
354231.9749216298 382408.9923148164 0.0026084548412008343 
357366.77115987433 574104.0554688222 0.002361594299552826 
360501.56739811884 743598.5297351733 0.002023410992766151 
363636.36363636336 884338.0634677834 0.0016069826840846898 
366771.15987460787 990880.2611234321 0.0011284127164321962 
369905.9561128524 1059105.160996785 0.0006062063593896445 
373040.7523510969 1086374.5546550665 6.055518220933633e-05 
376175.5485893414 1071633.9110929554 -0.000487439385552817 
379310.3448275859 1015452.9929695354 -0.0010165745994731726 
382445.1410658304 920003.969508769 -0.001506372984119226 
385579.93730407493 788978.347910767 -0.001937916785990132 
388714.73354231945 627445.1861502667 -0.0022946236772223016 
391849.52978056396 441653.0624060549 -0.002562795849159938 
394984.32601880847 238781.49118102013 -0.0027318310639261306 
398119.122257053 26658.904644557202 -0.0027944315514328334 
401253.9184952975 -186523.61092678813 -0.002747640780953223 
404388.714733542 -392487.5159031655 -0.0025948622711720274 
407523.5109717865 -583169.4434289644 -0.0023465303554048404 
410658.307210031 -751126.5124705164 -0.002015420727313033 
413793.10344827553 -890025.5233273391 -0.0016069256266556236 
416927.89968652005 -994968.601747425 -0.0011151444085541768 
420062.69592476456 -1062314.8130189213 -0.0005399702216424781 
423197.49216300907 -1089049.084287286 7.752497809303903e-05 
426332.2884012536 -1072479.6009256612 0.0006374636681060182 
429467.0846394981 -1011236.9433020165 0.0010260518193042152 
432601.8808777426 -907456.5590560224 0.0012175915192488172 
435736.6771159871 -768339.7654719795 0.001350812683658725 
438871.4733542316 -604977.5161733351 0.0016823571630145868 
442006.26959247614 -428417.99790265353 0.0024162611853967633 
445141.06583072065 -245733.6442608626 0.0035353695259029445 
448275.86206896516 -59254.4662189731 0.004779392709713181 
451410.65830720967 130574.0550984233 0.005790101752884681 
454545.4545454542 321359.29297736444 0.006301605792763365 
457680.2507836987 507001.3073492959 0.0062355572043206395 
460815.0470219432 678747.7735429832 0.005666638175176071 
463949.8432601877 827520.6821498653 0.004728535992949944 
467084.6394984322 945699.2310898866 0.0035431408105577166 
470219.43573667674 1027753.256123147 0.0022003053470833317 
473354.23197492125 1070163.3666005055 0.0007678335386700174 
476489.02821316576 1071204.245174009 -0.0006949701157251423 
479623.82445141027 1030822.6197620273 -0.0021309421697207395 
482758.6206896548 950579.111362223 -0.0034845107473133446 
485893.4169278993 833576.7342867027 -0.004703333388004356 
489028.2131661438 684339.9673108335 -0.005740278253051823 
492163.0094043883 508639.79220065987 -0.006555246712407372 
495297.8056426328 313270.5300031905 -0.007116723957661884 
498432.60188087734 105787.10483420681 -0.00740299767883925 
501567.39811912185 -105787.10483414601 -0.0074029976788392935 
504702.19435736636 -313270.5300031317 -0.0071167239576620175 
507836.99059561087 -508639.7922006053 -0.0065552467124075885 
510971.7868338554 -684339.9673107858 -0.005740278253052118 
514106.5830720999 -833576.734286664 -0.004703333388004708 
517241.3793103444 -950579.1113621943 -0.0034845107473137817 
520376.1755485889 -1030822.6197620091 -0.0021309421697211844 
523510.9717868334 -1071204.2451740021 -0.0006949701157255763 
526645.768025078 -1070162.4552132117 0.0007678753145913322 
529780.5642633225 -1027736.8861163948 0.002201055710975309 
532915.360501567 -945555.6691608089 0.0035497213629933485 
536050.1567398115 -826702.6654139485 0.0047660320203293995 
539184.952978056 -675349.3169863753 0.005822415697194844 
542319.7492163006 -496056.1726892861 0.006737257292900386 
545454.5454545451 -293014.46483898564 0.0076008682714355826 
548589.3416927896 -70201.09973716794 0.00855746076612026 
551724.1379310341 166404.37405123058 0.009690900874793525 
554858.9341692786 405018.0252008156 0.01083660340825892 
557993.7304075231 626152.4382062975 0.011479958371110004 
561128.5266457676 807076.9612804356 0.010946136244890674 
564263.3228840121 932598.328739437 0.00888005177488799 
567398.1191222566 1004445.80995198 0.0056633582710613264 
570532.9153605012 1039159.1646435336 0.0023059429632217693 
573667.7115987457 1053063.6601326268 -0.0002525189148642721 
576802.5078369902 1046389.8619326098 -0.001877876787056848 
579937.3040752347 1002251.5430616469 -0.0032931339600404843 
583072.1003134792 903284.8951940711 -0.005317717070085741 
586206.8965517237 750685.3203169475 -0.007993963736670863 
589341.6927899682 566506.4759854601 -0.01047798345814614 
592476.4890282127 376238.42728922924 -0.011831777668630852 
595611.2852664572 188983.25379573693 -0.011923034970431004 
598746.0815047018 -4564.0119398735405 -0.011506662967182354 
601880.8777429463 -214421.45184534646 -0.011401039828841924 
605015.6739811908 -432630.030966013 -0.011617407404627536 
608150.4702194353 -633441.1754885638 -0.011353926914288647 
611285.2664576798 -792508.9436962726 -0.009860771043536502 
614420.0626959243 -905244.7307340265 -0.0072673034379567725 
617554.8589341688 -985335.2564128137 -0.004501010642293754 
620689.6551724133 -1045233.7704090932 -0.002381657729417105 
623824.4514106578 -1079335.6475369905 -0.0008404694739168233 
626959.2476489024 -1067665.2610855065 0.0009181466630492289 
630094.0438871469 -996271.0601524963 0.0034863786860444266 
633228.8401253914 -872902.3442669057 0.006536252197236014 
636363.6363636359 -721452.2331373707 0.009073298818446936 
639498.4326018804 -560922.2529736686 0.010396876197093525 
642633.2288401249 -390873.5688142224 0.010760463225359871 
645768.0250783694 -198444.5326500372 0.011040967421075347 
648902.8213166139 20710.275023210794 0.011767814711150154 
652037.6175548584 249867.03853973592 0.01253477770522486 
655172.413793103 460564.81701565936 0.012413803507922634 
658307.2100313475 634317.1454446861 0.010935663671296416 
661442.006269592 774188.7588902484 0.008605981896928969 
664576.8025078365 894378.3998943873 0.00641361353322408 
667711.598746081 999051.2559898638 0.004847301517522519 
670846.3949843255 1072921.1110615977 0.003452466906862293 
673981.19122257 1093669.3817459254 0.0013909523415048758 
677115.9874608145 1053272.5788595437 -0.00158852475271325 
680250.783699059 965895.0766989813 -0.004793090458657966 
683385.5799373036 854080.0666204828 -0.0072203761043668655 
686520.3761755481 727727.537914051 -0.008520922604225621 
689655.1724137926 577859.1691376439 -0.00927994907471658 
692789.9686520371 391553.34082259715 -0.010326049866557427 
695924.7648902816 172123.72095939 -0.01179711649619016 
699059.5611285261 -56929.09467662909 -0.012947997555089066 
702194.3573667706 -268623.6285508267 -0.012903425030783998 
705329.1536050151 -452595.21289652167 -0.011565267537345159 
708463.9498432596 -617775.7788762841 -0.00972078866994646 
711598.7460815042 -775168.010890458 -0.008238442177877794 
714733.5423197487 -919138.1519163713 -0.007196296348140182 
717868.3385579932 -1027169.7915040961 -0.005857743228152416 
721003.1347962377 -1078563.6789238637 -0.0035172288349601417 
724137.9310344822 -1072605.6378019599 -0.00032362248472274954 
727272.7272727267 -1027243.4579240298 0.0027874541601278454 
730407.5235109712 -959756.7627023696 0.0049840436420141585 
733542.3197492157 -869769.7688515504 0.006318052069223997 
736677.1159874602 -742416.9941730681 0.007578799152900384 
739811.9122257048 -568213.4872067368 0.009378038799711424 
742946.7084639493 -358566.5121698261 0.011432094724083079 
746081.5047021938 -140411.2249595917 0.01279849874480894 
749216.3009404383 64633.0224057516 0.012820119880121796 
752351.0971786828 254953.2303710608 0.011785635687456017 
755485.8934169273 442352.1398183783 0.010613411326720848 
758620.6896551718 631439.1870654911 0.009892235510348329 
761755.4858934163 806993.9874855966 0.009287493305481398 
764890.2821316608 942881.961018727 0.007935798891699208 
768025.0783699054 1023409.4731991844 0.005410929096418771 
771159.8746081499 1054897.9920209653 0.002243020817772129 
774294.6708463944 1055507.2326128301 -0.0005572081876145824 
777429.4670846389 1034156.3300425563 -0.002471560360390662 
780564.2633228834 980785.4841557667 -0.003924971527959013 
783699.0595611279 878201.5738840015 -0.005743934053971097 
786833.8557993724 722991.9498215937 -0.008196371255102388 
789968.6520376169 533405.6785551195 -0.01062606756192118 
793103.4482758614 335759.9797222712 -0.012068795109892717 
796238.244514106 143459.66047060542 -0.012204653408618567 
799373.0407523505 -49569.03591007825 -0.01164765672967811 
802507.836990595 -254428.36630146892 -0.011270398123609226 
805642.6332288395 -467298.76971956 -0.011275508284125803 
808777.429467084 -665284.1344542656 -0.010990605977719163 
811912.2257053285 -822725.566096301 -0.009601500686761905 
815047.021943573 -931120.6807428923 -0.007051250937766752 
818181.8181818175 -1001979.3781203335 -0.00415819752725654 
821316.614420062 -1049860.5986978975 -0.0018271636176029403 
824451.4106583066 -1073623.270489339 -0.0001808576353050531 
827586.2068965511 -1055735.0193224812 0.0014785816100314822 
830721.0031347956 -980426.3916006924 0.0038415272537523333 
833855.7993730401 -851604.7484257827 0.00677098753182367 
836990.5956112846 -691644.9611332441 0.00935640904781489 
840125.3918495291 -522228.7612032746 0.010787508049670843 
843260.1880877736 -347217.94973229483 0.011132225404495925 
846394.9843260181 -155344.88267674894 0.01120392838939956 
849529.7805642626 60382.28090223141 0.01166043773079237 
852664.5768025072 287262.10278858093 0.012284280987995064 
855799.3730407517 497986.52191029425 0.0122017491130345 
858934.1692789962 671190.464055313 0.010810225414750307 
862068.9655172407 806167.5506376557 0.008438152836460346 
865203.7617554852 916585.897400182 0.006043027489235891 
868338.5579937297 1010095.7130598637 0.004263858319700506 
871473.3542319742 1075507.7519083004 0.002822306397676194 
874608.1504702187 1091200.5333278452 0.0008989826771472051 
877742.9467084632 1046034.1340652467 -0.0019145505801136452 
880877.7429467078 950847.5532688339 -0.005092718454861938 
884012.5391849523 828467.9534022743 -0.007634998421358693 
887147.3354231968 692694.1746925227 -0.00902749630049203 
890282.1316614413 538239.3702899696 -0.009699366225654437 
893416.9278996858 352025.8386154522 -0.01049785699525673 
896551.7241379303 133722.6897141164 -0.011737329848972562 
899686.5203761748 -96331.84413660107 -0.01282454793738757 
902821.3166144193 -310436.00517274946 -0.012855464674524773 
905956.1128526638 -494369.1279710813 -0.011556550510268547 
909090.9090909084 -654178.1865198629 -0.009581243448741903 
912225.7053291529 -802097.1678893083 -0.007849975245565525 
915360.5015673974 -936713.5548927073 -0.006627140270253962 
918495.2978056419 -1038504.5967776303 -0.005303760431653266 
921630.0940438864 -1085655.4662513833 -0.003111497771265606 
924764.8902821309 -1073699.4593387477 -1.3960446495221148e-05 
927899.6865203754 -1018458.9467156342 0.0031650009027879293 
931034.4827586199 -939274.4378812624 0.005513847162575788 
934169.2789968645 -840169.9871876179 0.006897653006803623 
937304.075235109 -708697.5519700525 0.008009163639985415 
940438.8714733535 -533544.4281094003 0.00955698624285662 
943573.667711598 -322207.23457623675 0.011448105144654577 
946708.4639498425 -99929.68641647036 0.01282688072357806 
949843.260188087 109230.43660158919 0.012931238493311483 
952978.0564263315 299584.6537802189 0.011867141367318366 
956112.852664576 481498.7829173675 0.010488294632390474 
959247.6489028205 662346.8743702444 0.009508478692203549 
962382.445141065 831081.7948679032 0.008779768665846755 
965517.2413793096 962936.5197877914 0.007494169662430377 
968652.0376175541 1039567.9321348233 0.005094307236979606 
971786.8338557986 1063685.2559641614 0.0019330011994157248 
974921.6300940431 1052969.158396726 -0.0010143102385365766 
978056.4263322876 1019812.5970257215 -0.003084584373384619 
981191.2225705321 958254.1623024138 -0.004529792671288604 
984326.0188087766 851836.417405652 -0.006157535531758131 
987460.8150470211 694052.9018676048 -0.008391736432999456 
990595.6112852657 499761.2541839952 -0.01074478154739247 
993730.4075235102 295321.43075373245 -0.0122555784133481 
996865.2037617547 100601.57111372522 -0.01257206963740516 
999999.9999999992 -196540.851193342 -0.007131034135978572 
