#x u 
0.0 -50290.7386988618 -0.0493623730805756 
3134.796238244514 -73227.72905968156 -0.04627979914431639 
6269.592476489028 -122253.97143043045 -0.042733257962795534 
9404.38871473354 -165133.71641154657 -0.03746918187960749 
12539.184952978056 -201675.58795041108 -0.03075836655184958 
15673.98119122257 -230417.2937445351 -0.022858062935571972 
18808.777429467085 -250248.8073423111 -0.014073840398413731 
21943.5736677116 -260403.20518657705 -0.004745382780944651 
25078.369905956115 -260487.8181201543 0.004766578659607013 
28213.16614420063 -250499.374130573 0.014094216631602166 
31347.962382445145 -230824.12607920376 0.02287683162543972 
34482.75862068966 -202222.9152791114 0.030774800155469656 
37617.55485893417 -165801.7497828628 0.03748270799100864 
40752.35109717868 -122969.03508084858 0.042741160516429164 
43887.14733542319 -75381.11109884121 0.04634681351397067 
47021.943573667704 -24878.20157760839 0.0481602364791727 
50156.739811912215 26586.747329668 0.048111304394733004 
53291.53605015673 77023.5874326104 0.04620190946304118 
56426.33228840124 124481.92748066595 0.042505887934762905 
59561.12852664575 167126.55474030902 0.037166164863012295 
62695.92476489026 203308.4026221048 0.030389227195391083 
65830.72100313478 231628.32004137916 0.022437138929277272 
68965.51724137929 250991.17655303932 0.013617407104093296 
72100.3134796238 260648.2110164367 0.0042710905123602245 
75235.10971786831 260225.98616854614 -0.005240389034638044 
78369.90595611282 249740.8294328822 -0.014549222878578688 
81504.70219435733 229598.2015384716 -0.02329543866502698 
84639.49843260185 200577.01736436438 -0.03114082046470296 
87774.29467084636 163799.52532220678 -0.03778198757437207 
90909.09090909087 120687.91004033839 -0.042962126240481485 
94043.88714733538 72909.29652245523 -0.04648092064010448 
97178.68338557989 22311.28246854896 -0.04820229908842652 
100313.4796238244 -29149.508278477035 -0.04805969592713805 
103448.27586206891 -79483.08832419114 -0.046058625616651604 
106583.07210031342 -126743.05948167518 -0.04227646949206578 
109717.86833855794 -169101.87993706798 -0.03685948342901775 
112852.66457680245 -204921.53524237135 -0.03001714213290515 
115987.46081504696 -232816.88029010323 -0.022014038757661055 
119122.25705329147 -251709.2028373618 -0.013159653095606183 
122257.05329153598 -260867.93727925138 -0.0037963840022016077 
125391.84952978049 -259938.91560117857 0.005713691158484972 
128526.645768025 -248958.06304645335 0.015002818035711588 
131661.44200626953 -228350.0088880967 0.023711786342916538 
134796.23824451404 -198911.6660262695 0.03150382050984059 
137931.03448275855 -161781.4143878555 0.038077602784773235 
141065.83072100306 -118395.07980529593 0.04317892518390895 
144200.62695924757 -70430.41067025694 0.04661051970724552 
147335.42319749208 -19742.199448443207 0.04823968668683963 
150470.2194357366 31709.44209518291 0.04800342627939797 
153605.0156739811 81934.88036564093 0.04591087466852335 
156739.81191222562 128991.8990155537 0.0420429507687405 
159874.60815047013 171060.80439907155 0.036549227093247226 
163009.40438871464 206514.79307622867 0.029642145788850965 
166144.20062695915 233982.86025822113 0.021588803503864322 
169278.99686520366 252402.81652572597 0.012700622767896828 
172413.79310344817 261062.36266518367 0.0033213092910090065 
175548.58934169268 259626.63426023241 -0.006186439126853564 
178683.3855799372 248151.1508896862 -0.015454958110031369 
181818.1818181817 227079.66918691254 -0.02412583427867139 
184952.97805642622 197227.02278275532 -0.03186376508448843 
188087.77429467073 159747.61271093792 -0.03836952495129115 
191222.57053291524 116090.76675113285 -0.04339153631996739 
194357.36677115975 67944.69396269179 -0.04673559814593013 
197492.16300940426 17171.201685717497 -0.04827239564828977 
200626.95924764877 -34266.30049871773 -0.047942500908953876 
203761.75548589329 -84378.72576427321 -0.045758670948621835 
206896.5517241378 -131228.2279734325 -0.04180535441313748 
210031.3479623823 -173003.13813552895 -0.036235425946625 
213166.14420062682 -208088.02159790465 -0.029264274533111444 
216300.94043887133 -235126.1468604858 -0.02116147441030615 
219435.73667711584 -253071.95034641272 -0.012240360641077221 
222570.53291536035 -261231.46831743867 -0.0028459124549958348 
225705.32915360486 -259289.1724330297 0.006658587089194899 
228840.12539184937 -247320.1712228102 0.01590559924969297 
231974.9216300939 -225787.30564173692 0.02453754231490012 
235109.7178683384 -195523.25102282065 0.03222061927859397 
238244.5141065829 -157698.31754438777 0.03865772576118312 
241379.31034482742 -113775.19436695323 0.043599939028076816 
244514.10658307193 -65452.38748271343 0.04685614382513831 
247648.90282131644 -14598.538534504294 0.04830042280042314 
250783.69905956095 36819.83550628642 0.04787692572479307 
253918.49529780546 86814.38749811826 0.04560202921877508 
257053.29153604998 133451.82945979928 0.041563703469085916 
260188.0877742945 174928.69276473156 0.035918110423877214 
263322.884012539 209641.06822420895 0.028883565014399613 
266457.6802507835 236246.6292126135 0.020732092922481744 
269592.476489028 253716.53940193605 0.011778911354728522 
272727.27272727253 261375.23783491337 0.002370239601617784 
275862.06896551704 258926.56284908165 -0.007130089253152802 
278996.86520376155 246465.20464029943 -0.016354697748228973 
282131.66144200607 224473.04359541973 -0.02494687052115189 
285266.4576802506 193800.51599068823 -0.03257434848183242 
288401.2539184951 155633.7276438087 -0.03894217726263062 
291536.0501567396 111448.58723386632 -0.04380411309582119 
294670.8463949841 62953.73286963786 -0.04697214505726345 
297805.6426332286 12024.460862749042 -0.048323765362975696 
300940.43887147313 -39369.737054630015 -0.047806704226473304 
304075.23510971764 -89240.73117782439 -0.04544092350157873 
307210.03134796215 -135654.68248429536 -0.04131766359511092 
310344.82758620667 -176788.97874707147 -0.03559509721072142 
313479.6238244512 -210943.92253924994 -0.028489517906521867 
316614.4200626957 -236465.05158855356 -0.020260402582788852 
319749.2163009402 -251556.93238318549 -0.011188909632853804 
322884.0125391847 -254091.84331475478 -0.0015550545415626432 
326018.8087774292 -241731.27520923043 0.008371320477316506 
329153.60501567373 -212795.93665918152 0.018305247315394395 
332288.40125391824 -167998.4040887413 0.0278812075563464 
335423.19749216276 -112254.52724157606 0.036582973281167906 
338557.99373040727 -54869.690094885256 0.04374631825285053 
341692.7899686518 -6626.153436706096 0.04870171892203479 
344827.5862068963 25628.51741565285 0.05102918702671682 
347962.3824451408 43501.43648931357 0.050769558703019885 
351097.1786833853 56530.332493650145 0.04840174210004131 
354231.9749216298 75595.21316815814 0.04453910972763148 
357366.77115987433 104533.47804089007 0.039540720478807447 
360501.56739811884 136840.52152752565 0.03335299993756226 
363636.36363636336 160825.17528672944 0.025736596159218347 
366771.15987460787 169187.6248738292 0.016693942221089664 
369905.9561128524 164544.41517929127 0.00670947658367158 
373040.7523510969 155835.67513497116 -0.0034291368427061585 
376175.5485893414 149152.82975586978 -0.013066057697760147 
379310.3448275859 141986.9255564071 -0.02195547686986023 
382445.1410658304 126503.87209499042 -0.030125439531334654 
385579.93730407493 98351.91712015047 -0.037486932263149565 
388714.73354231945 61900.545850627444 -0.04360489964011209 
391849.52978056396 26531.458562874468 -0.047877335863953915 
394984.32601880847 -2116.7775545874247 -0.049943260091449095 
398119.122257053 -26827.791920508585 -0.049901158581125885 
401253.9184952975 -54583.28968615429 -0.04811648623976913 
404388.714733542 -87942.963236925 -0.04482478460950926 
407523.5109717865 -121134.02817662072 -0.03994786386933208 
410658.307210031 -144996.22791065386 -0.03331326168844563 
413793.10344827553 -155619.2617896218 -0.025040595453854664 
416927.89968652005 -157630.3936106583 -0.015680701989819325 
420062.69592476456 -158713.28946070044 -0.005951294728125889 
423197.49216300907 -161150.0017961167 0.0036648668376185176 
426332.2884012536 -159293.66406187406 0.013050446343752346 
429467.0846394981 -145629.38135356564 0.022190259819788973 
432601.8808777426 -119041.44915469288 0.03080623282034932 
435736.6771159871 -86580.67142316469 0.03828912134843214 
438871.4733542316 -56855.31942987729 0.04401251686751415 
442006.26959247614 -31967.757832640462 0.04771141769458068 
445141.06583072065 -6435.886836538717 0.049538188714180025 
448275.86206896516 25815.21797650964 0.049745905819621274 
451410.65830720967 63794.052216153934 0.04833825478002337 
454545.4545454542 99216.99137511289 0.045057286050449424 
457680.2507836987 123997.49474975474 0.03972199466854771 
460815.0470219432 137619.4549452101 0.03255896354289314 
463949.8432601877 146687.4109304224 0.02417206946417366 
467084.6394984322 157170.02318839225 0.015175296575221932 
470219.43573667674 167526.88672339774 0.005864522066696261 
473354.23197492125 169966.42001895487 -0.00373899705105127 
476489.02821316576 158521.0793995144 -0.013533107407339299 
479623.82445141027 135451.05785791445 -0.023055756275736087 
482758.6206896548 109240.88427024492 -0.03159068418700227 
485893.4169278993 86286.1050496575 -0.038561147078028234 
489028.2131661438 64989.87583629899 -0.043811481399345195 
492163.0094043883 38441.88824849279 -0.04749315818510897 
495297.8056426328 2819.1136440098962 -0.049686103500957875 
498432.60188087734 -37370.35753821485 -0.050162018517016946 
501567.39811912185 -72758.03796736622 -0.048544307044751045 
504702.19435736636 -97695.10663297771 -0.044699323039228446 
507836.99059561087 -114967.99162380389 -0.03894767749977736 
510971.7868338554 -131742.2435736162 -0.03187085589721117 
514106.5830720999 -151047.96452661965 -0.023911144815015897 
517241.3793103444 -167798.34819918705 -0.015177398664814839 
520376.1755485889 -173554.45419963342 -0.005650220120336588 
523510.9717868334 -165044.1296666082 0.004441760178934552 
526645.768025078 -147491.0038018424 0.014483931261444295 
529780.5642633225 -129261.80830631446 0.023735564364185103 
532915.360501567 -113459.24079694998 0.031728990523877114 
536050.1567398115 -95285.07061130948 0.03840305489112571 
539184.952978056 -67917.41658256917 0.043844585609304265 
542319.7492163006 -30686.037079268157 0.04792239154615187 
545454.5454545451 9088.687663315737 0.0502092287138843 
548589.3416927896 42565.89374969662 0.050281922513012195 
551724.1379310341 67403.8553017667 0.0480896622924113 
554858.9341692786 88947.00578396732 0.04400622575389688 
557993.7304075231 113386.38647313946 0.03851148873630131 
561128.5266457676 140135.91196287048 0.03183438762968396 
564263.3228840121 161482.2721939319 0.023926979757844573 
567398.1191222566 169909.01485375752 0.014788344412347734 
570532.9153605012 165420.85823033616 0.004787025452353843 
573667.7115987457 155191.13825019062 -0.0053693714116474275 
576802.5078369902 145921.54994578345 -0.014999039055409266 
579937.3040752347 136954.43245659486 -0.02377617596652815 
583072.1003134792 121371.47655815462 -0.031694393137923285 
586206.8965517237 93902.74312260731 -0.03871668804604784 
589341.6927899682 57302.618160091864 -0.044493932441030414 
592476.4890282127 20458.825344284443 -0.04846014270715572 
595611.2852664572 -9810.587490862605 -0.050214659326235804 
598746.0815047018 -34688.06142626067 -0.049797566069762905 
601880.8777429463 -60829.55354288933 -0.04757454801676625 
605015.6739811908 -92093.80778233407 -0.043855199866948004 
608150.4702194353 -124280.33124912038 -0.038645860224411 
611285.2664576798 -148454.28894987685 -0.03179358061032973 
614420.0626959243 -159389.6140242795 -0.023364258275057746 
617554.8589341688 -160265.8860269901 -0.013849892608690668 
620689.6551724133 -158701.72739055436 -0.003977116027264969 
623824.4514106578 -158354.18188573522 0.005695424861476985 
626959.2476489024 -155012.33878007013 0.014985065722012728 
630094.0438871469 -141360.70445157847 0.02389783999613603 
633228.8401253914 -115343.11240869889 0.03225574461151819 
636363.6363636359 -83102.46427687124 0.0395353186938813 
639498.4326018804 -53118.95386634894 0.045088616177741056 
642633.2288401249 -27605.61725522858 0.04852282237505354 
645768.0250783694 -466.5931902916391 0.04986340681282882 
648902.8213166139 35481.59406971689 0.049365205272184826 
652037.6175548584 79099.3277250826 0.04720197169153513 
655172.413793103 119121.45497779197 0.04337018666801177 
658307.2100313475 142367.24897898018 0.03788648900977419 
661442.006269592 144303.73100057224 0.031025106495259483 
664576.8025078365 131898.19815277375 0.023293896354873018 
667711.598746081 116412.01091948611 0.015137933665906865 
670846.3949843255 103655.35945557535 0.006675879851735249 
673981.19122257 91176.3255451615 -0.0022299492941495283 
677115.9874608145 74193.9856642198 -0.011604793280199905 
680250.783699059 53052.41149787017 -0.021051484548907436 
683385.5799373036 33949.702775662125 -0.029821622573434126 
686520.3761755481 22400.269668609224 -0.03721822703638781 
689655.1724137926 16878.703060473243 -0.04294736048558495 
692789.9686520371 9873.089842663088 -0.04708791078454457 
695924.7648902816 -4470.034427378636 -0.0497371871947948 
699059.5611285261 -24114.538340406914 -0.050716772907104676 
702194.3573667706 -40970.58383723923 -0.049650597253904256 
705329.1536050151 -48987.23761977085 -0.046331952956742146 
708463.9498432596 -50080.66388644201 -0.04099114701220694 
711598.7460815042 -51718.89781413358 -0.03417895771810382 
714733.5423197487 -58735.1431977927 -0.0263832588699796 
717868.3385579932 -67995.43146430148 -0.017774292539688073 
721003.1347962377 -71534.42896451862 -0.008336268703943954 
724137.9310344822 -64863.55217650489 0.0017653179454209772 
727272.7272727267 -51716.880759627384 0.011980502022596779 
730407.5235109712 -40247.21671756546 0.021563859774832883 
733542.3197492157 -34672.031886927725 0.029971814175317253 
736677.1159874602 -31145.843650451134 0.03706538029224 
739811.9122257048 -22183.383108180395 0.04291960814545939 
742946.7084639493 -4963.452706228316 0.047453318535582885 
746081.5047021938 15235.053727130085 0.05027974359071859 
749216.3009404383 30091.9012823199 0.05094400761245332 
752351.0971786828 36494.53071965989 0.04930408530070553 
755485.8934169273 39322.98746376268 0.04565843153459282 
758620.6896551718 45865.68367319653 0.0404871214530887 
761755.4858934163 57759.34591906538 0.03407675051745813 
764890.2821316608 68943.02093648067 0.026418469317070453 
768025.0783699054 71785.49215211178 0.01747844931432697 
771159.8746081499 64948.88582125341 0.007546114155899289 
774294.6708463944 54727.1212319092 -0.0027180722571842997 
777429.4670846389 48459.17905604461 -0.012598910447726442 
780564.2633228834 46945.368150894006 -0.021688734531210993 
783699.0595611279 43834.290686681925 -0.02992985818699653 
786833.8557993724 32611.465586263774 -0.0373077209071381 
789968.6520376169 13825.962807354706 -0.0435317457674695 
793103.4482758614 -5056.471115962908 -0.04805233517023249 
796238.244514106 -17031.13345136746 -0.05040706833536241 
799373.0407523505 -22420.763145998262 -0.05054090702593525 
802507.836990595 -28032.14046343466 -0.048770236389046824 
805642.6332288395 -39514.107698148786 -0.04543240470973323 
808777.429467084 -54973.69031054535 -0.040590068488251245 
811912.2257053285 -66577.52436718935 -0.03409881992784435 
815047.021943573 -68464.85717247598 -0.02596160015927236 
818181.8181818175 -62662.11357945413 -0.01658930734005726 
821316.614420062 -56792.421265048615 -0.006683509006395086 
824451.4106583066 -55999.52581773768 0.0031473645691030352 
827586.2068965511 -57582.03756771778 0.01264838477214786 
830721.0031347956 -53975.14370324518 0.02179609615617425 
833855.7993730401 -40934.3259477118 0.030437709412457534 
836990.5956112846 -22305.84810969152 0.038085865019105894 
840125.3918495291 -6359.558373079824 0.04409875775566589 
843260.1880877736 2469.919579477297 0.04806886164900145 
846394.9843260181 7765.60040449406 0.050022540769100704 
849529.7805642626 16858.8038263876 0.05022968425043388 
852664.5768025072 32621.117611498215 0.04883002701465709 
855799.3730407517 49968.04600888073 0.04567257143324113 
858934.1692789962 60765.08468951707 0.04053729723209176 
862068.9655172407 61990.2739779026 0.03350340378786009 
865203.7617554852 58585.5156275433 0.025071588813142042 
868338.5579937297 58015.43316411867 0.0159040366547625 
871473.3542319742 62268.60144014348 0.006445397562252481 
874608.1504702187 65717.11831726969 -0.0031889944573441505 
877742.9467084632 61082.593299638625 -0.012954089949597705 
880877.7429467078 47229.709691894124 -0.02253252816841397 
884012.5391849523 30587.950874565227 -0.031283753105843165 
887147.3354231968 18702.367774818966 -0.038553005392278676 
890282.1316614413 12686.163678665616 -0.04402922424440064 
893416.9278996858 6494.905149668906 -0.04778837149726068 
896551.7241379303 -6236.411323837678 -0.049987812593524486 
899686.5203761748 -25004.356701200377 -0.0505419859766509 
902821.3166144193 -42472.787153761885 -0.0491264566251441 
905956.1128526638 -51710.00932023683 -0.04550919351225326 
909090.9090909084 -53033.16274618235 -0.03986098644051547 
912225.7053291529 -53282.28972398749 -0.03271612876027049 
915360.5015673974 -58307.416569440626 -0.024619505420361308 
918495.2978056419 -66583.30379471232 -0.015823206373881425 
921630.0940438864 -70672.47270453806 -0.006341136525813691 
924764.8902821309 -64998.75752474647 0.0037083832688367215 
927899.6865203754 -51757.26500760819 0.013846176554795192 
931034.4827586199 -38747.49679990843 0.023346174838782055 
934169.2789968645 -31407.416757875122 0.031614809924901385 
937304.075235109 -27417.191688437364 0.03845168040830769 
940438.8714733535 -19531.1210729538 0.043931603977715894 
943573.667711598 -3640.1108127301122 0.048045002071719856 
946708.4639498425 16431.39324135548 0.050485673303192105 
949843.260188087 32452.892286098628 0.05081754724554409 
952978.0564263315 39945.123287878516 0.04885086991507379 
956112.852664576 42408.16173880301 0.04483540848073545 
959247.6489028205 47196.90598355232 0.03926793838982609 
962382.445141065 57402.45646752353 0.03251393083592091 
965517.2413793096 68291.40294405588 0.024635684129123432 
968652.0376175541 72055.08456746975 0.015599219730832399 
971786.8338557986 65879.57290791327 0.00563166468466709 
974921.6300940431 54856.26434234425 -0.004659104253323732 
978056.4263322876 46678.70012113673 -0.014542028181371796 
981191.2225705321 43703.95014921107 -0.02354138705808928 
984326.0188087766 40719.719726297335 -0.031553368635669696 
987460.8150470211 30751.107873741697 -0.03859314934108382 
990595.6112852657 12786.370065457842 -0.04445267331932337 
993730.4075235102 -6763.831287596709 -0.04863936951242342 
996865.2037617547 -19064.7558460281 -0.050732933541268 
999999.9999999992 -50290.73870530506 -0.04936237308087095 
