#x u 
0.0 182614168360.2041 8370.58651450155 
3134.796238244514 -4569797318.050673 -209.49304953413977 
6269.592476489028 112642857.85533918 5.1481395833013694 
9404.38871473354 -4513417.739209701 -0.21267458266982223 
12539.184952978056 -1615667.0167707182 -0.07026123985303498 
15673.98119122257 -1730824.0629080264 -0.06609957922710216 
18808.777429467085 -1780589.481832458 -0.05945240732984012 
21943.5736677116 -1841880.9010826987 -0.05419071066755627 
25078.369905956115 -1912367.3050878928 -0.050519752172752154 
28213.16614420063 -1991396.5710525813 -0.04867653611129659 
31347.962382445145 -2077986.4166492561 -0.048827396833635135 
34482.75862068966 -2170902.899506661 -0.051063423727942425 
37617.55485893417 -2268710.127707594 -0.05539703019542879 
40752.35109717868 -2369839.1262457953 -0.06176208512475028 
43887.14733542319 -2472658.717496429 -0.07001693810275758 
47021.943573667704 -2575537.1284854603 -0.07994982963722033 
50156.739811912215 -2676896.2501874673 -0.0912866746236149 
53291.53605015673 -2775267.7740329923 -0.10370143711245264 
56426.33228840124 -2869354.8728972347 -0.11682896278528444 
59561.12852664575 -2958092.076745514 -0.13027954534265754 
62695.92476489026 -3040691.9199761124 -0.14365424605299262 
65830.72100313478 -3116673.4489334337 -0.15656023160483715 
68965.51724137929 -3185876.699565028 -0.16862577607190657 
72100.3134796238 -3248469.1062863357 -0.1795146457697243 
75235.10971786831 -3304944.046139358 -0.18893933145486275 
78369.90595611282 -3356106.5714247213 -0.19667238684854746 
81504.70219435733 -3403043.3081665304 -0.20255527118228442 
84639.49843260185 -3447079.761879476 -0.20650444905066967 
87774.29467084636 -3489730.988850859 -0.20851470912391357 
90909.09090909087 -3532647.8426237116 -0.20865958723377356 
94043.88714733538 -3577556.4659681744 -0.20708867540424727 
97178.68338557989 -3626190.2859405396 -0.2040217796038199 
100313.4796238244 -3680220.413415055 -0.19974030210265864 
103448.27586206891 -3741193.6222737464 -0.19457647887823765 
106583.07210031342 -3810481.6153712845 -0.18890094825014406 
109717.86833855794 -3889236.442834169 -0.1831088061856585 
112852.66457680245 -3978345.5716157355 -0.1776043104992986 
115987.46081504696 -4078389.390349199 -0.1727848734070502 
119122.25705329147 -4189613.9266263084 -0.16902547179274371 
122257.05329153598 -4311929.404661457 -0.1666645168432628 
125391.84952978049 -4444930.709636712 -0.16599154660466112 
128526.645768025 -4587923.650825401 -0.1672365153118448 
131661.44200626953 -4739945.562890392 -0.17056061489783303 
134796.23824451404 -4899786.9898654055 -0.17604932928413825 
137931.03448275855 -5066033.205863947 -0.183708888121148 
141065.83072100306 -5237134.750003818 -0.19346675138489572 
144200.62695924757 -5411492.557862907 -0.20517557024325614 
147335.42319749208 -5587530.520208211 -0.21861937654699803 
150470.2194357366 -5763742.158827665 -0.23352128010389248 
153605.0156739811 -5938726.057002566 -0.24955312976896402 
156739.81191222562 -6111236.780409107 -0.2663480530665189 
159874.60815047013 -6280258.87526796 -0.28351582745901516 
163009.40438871464 -6445079.315833778 -0.3006594911338745 
166144.20062695915 -6605323.42191979 -0.31739107601443733 
169278.99686520366 -6760944.999104908 -0.33334549438806044 
172413.79310344817 -6912198.733424 -0.3481933095927143 
175548.58934169268 -7059631.925424183 -0.3616535478744238 
178683.3855799372 -7204101.252382687 -0.37350630209035934 
181818.1818181817 -7346779.87081957 -0.38360307957107376 
184952.97805642622 -7489115.074954251 -0.3918726829561979 
188087.77429467073 -7632736.132135316 -0.3983223041706863 
191222.57053291524 -7779356.76244736 -0.40303566415050024 
194357.36677115975 -7930718.6050264165 -0.40617022163288174 
197492.16300940426 -8088575.629752852 -0.4079534568406335 
200626.95924764877 -8254671.936624361 -0.40867616619338826 
203761.75548589329 -8430668.725354567 -0.40868096114988633 
206896.5517241378 -8618030.681258043 -0.4083467561354854 
210031.3479623823 -8817931.931521809 -0.40807240136330747 
213166.14420062682 -9031232.144824438 -0.4082622449533045 
216300.94043887133 -9258510.124423781 -0.4093135604881631 
219435.73667711584 -9500089.999151342 -0.4116034110625093 
222570.53291536035 -9756010.981230656 -0.41547325668409574 
225705.32915360486 -10025962.587504962 -0.42121285023028593 
228840.12539184937 -10309259.4267192 -0.42904732647375105 
231974.9216300939 -10604904.765218819 -0.43913019454612556 
235109.7178683384 -10911711.551653974 -0.4515411820846787 
238244.5141065829 -11228396.59034831 -0.46628536471682613 
241379.31034482742 -11553596.763140406 -0.48329143947627784 
244514.10658307193 -11885844.668299789 -0.5024109505337527 
247648.90282131644 -12223592.221298093 -0.5234225120795084 
250783.69905956095 -12565326.910591297 -0.5460429544258912 
253918.49529780546 -12909728.138952319 -0.5699427577080823 
257053.29153604998 -13255762.26001014 -0.5947608059668996 
260188.0877742945 -13602670.097757876 -0.6201159429381828 
263322.884012539 -13949906.521774188 -0.6456175943956347 
266457.6802507835 -14297137.147327038 -0.6708797584213914 
269592.476489028 -14644330.448759213 -0.6955395724232484 
272727.27272727253 -14991870.738670258 -0.719276481156275 
275862.06896551704 -15340578.058861727 -0.7418262330180966 
278996.86520376155 -15691601.901875217 -0.7629876730068041 
282131.66144200607 -16046276.682570532 -0.7826259074016431 
285266.4576802506 -16406060.42433013 -0.8006770366952776 
288401.2539184951 -16772584.02811712 -0.817155439556558 
291536.0501567396 -17147711.724795453 -0.8321588828617816 
294670.8463949841 -17533488.788053524 -0.8458657037785074 
297805.6426332286 -17931962.156528417 -0.8585234142019256 
300940.43887147313 -18344992.65847824 -0.8704342502093093 
304075.23510971764 -18774192.679232106 -0.8819439641601337 
307210.03134796215 -19220998.443620127 -0.8934345462155602 
310344.82758620667 -19686748.345247053 -0.9053153804677971 
313479.6238244512 -20172634.414989997 -0.9180072868924927 
316614.4200626957 -20679533.193302635 -0.9319203994024094 
319749.2163009402 -21207861.737815406 -0.9474332696638708 
322884.0125391847 -21757594.49214987 -0.9648800666213763 
326018.8087774292 -22328421.38814434 -0.9845454555397346 
329153.60501567373 -22919887.33404829 -1.006660097042476 
332288.40125391824 -23531379.625884872 -1.0313907390545427 
335423.19749216276 -24162001.958872598 -1.0588267167444114 
338557.99373040727 -24810512.64506951 -1.088971165486151 
341692.7899686518 -25475457.944265794 -1.1217433601142095 
344827.5862068963 -26155438.123824444 -1.156989981378135 
347962.3824451408 -26849302.003085494 -1.1944966841770996 
351097.1786833853 -27556128.363611747 -1.2339939813802476 
354231.9749216298 -28275062.895520467 -1.2751605328451274 
357366.77115987433 -29005222.487409137 -1.3176327230091605 
360501.56739811884 -29745803.931745276 -1.361025269717543 
363636.36363636336 -30496316.848649595 -1.4049572801610302 
366771.15987460787 -31256728.936398786 -1.4490723221865078 
369905.9561128524 -32027407.454424243 -1.4930462322942952 
373040.7523510969 -32808964.78983905 -1.5365877658248208 
376175.5485893414 -33602225.7186466 -1.5794433100081913 
379310.3448275859 -34408400.48874595 -1.6214113801054049 
382445.1410658304 -35229300.885150544 -1.662361150771487 
385579.93730407493 -36067338.19226838 -1.7022438217962172 
388714.73354231945 -36925212.21605558 -1.741091936767589 
391849.52978056396 -37805480.93849625 -1.7790131011613832 
394984.32601880847 -38710309.00281218 -1.8161885115793024 
398119.122257053 -39641516.54910996 -1.8528785201797526 
401253.9184952975 -40600767.203966655 -1.889425456326783 
404388.714733542 -41589635.978773996 -1.9262412148768313 
407523.5109717865 -42609482.0883377 -1.963777677945361 
410658.307210031 -43661315.246983394 -2.0024919532243053 
413793.10344827553 -44745893.510059014 -2.0428217218146916 
416927.89968652005 -45864056.559615545 -2.0851752259150604 
420062.69592476456 -47017019.489477396 -2.1299265918034247 
423197.49216300907 -48206332.479768544 -2.1774045347621085 
426332.2884012536 -49433495.744806185 -2.227873566231245 
429467.0846394981 -50699531.16141671 -2.281519491504111 
432601.8808777426 -52004834.54209636 -2.338451066825338 
435736.6771159871 -53349339.94821549 -2.398716151511479 
438871.4733542316 -54732721.90464087 -2.4623173112626144 
442006.26959247614 -56154362.504489504 -2.529212994529093 
445141.06583072065 -57613117.0901742 -2.5993057243307987 
448275.86206896516 -59107195.5887203 -2.672432828667384 
451410.65830720967 -60634422.20084895 -2.748373437099932 
454545.4545454542 -62192781.863050595 -2.826869446503097 
457680.2507836987 -63780870.75134002 -2.90764458499902 
460815.0470219432 -65397952.47126023 -2.990409028864098 
463949.8432601877 -67043707.79819378 -3.074854044513084 
467084.6394984322 -68718058.31341924 -3.1606538646689066 
470219.43573667674 -70421334.76689763 -3.247486453309957 
473354.23197492125 -72154658.59187905 -3.335066031016414 
476489.02821316576 -73920132.93934236 -3.4231676293436806 
479623.82445141027 -75720594.52500945 -3.5116310852176484 
482758.6206896548 -77559109.64409816 -3.600351853072717 
485893.4169278993 -79438656.10933627 -3.689278083870348 
489028.2131661438 -81362236.67105167 -3.7784246715163445 
492163.0094043883 -83333212.61384003 -3.867894255303769 
495297.8056426328 -85355406.41581517 -3.957884372494726 
498432.60188087734 -87432761.56213582 -4.0486710809369955 
501567.39811912185 -89568826.11155011 -4.140581433070512 
504702.19435736636 -91766542.0005049 -4.233977156659171 
507836.99059561087 -94028535.22027928 -4.3292588305246475 
510971.7868338554 -96357599.34375809 -4.426876869554113 
514106.5830720999 -98756869.68561964 -4.527326740568502 
517241.3793103444 -101229508.6525454 -4.63112069123771 
520376.1755485889 -103778230.37347941 -4.738751567589487 
523510.9717868334 -106405145.9694987 -4.85067133504688 
526645.768025078 -109112036.13899542 -4.9672897399030616 
529780.5642633225 -111900644.2941501 -5.088974991359144 
532915.360501567 -114772487.4229403 -5.216033900291109 
536050.1567398115 -117728138.68749233 -5.348669792443287 
539184.952978056 -120766499.91899695 -5.4869422978821865 
542319.7492163006 -123884677.00750132 -5.630757376765707 
545454.5454545451 -127078590.17072558 -5.779893793523257 
548589.3416927896 -130343877.3519722 -5.934045846922909 
551724.1379310341 -133676555.23765501 -6.092857757375515 
554858.9341692786 -137073347.81909508 -6.255945423914925 
557993.7304075231 -140532056.5744947 -6.422922438319196 
561128.5266457676 -144052284.1357456 -6.5934443015269215 
564263.3228840121 -147636264.24485296 -6.7672590842496 
567398.1191222566 -151289099.1037826 -6.944232007995337 
570532.9153605012 -155017916.1182557 -7.124321047850939 
573667.7115987457 -158830229.3784733 -7.30751608521125 
576802.5078369902 -162732429.07615137 -7.493783376424061 
579937.3040752347 -166729216.30325025 -7.6830522770063014 
583072.1003134792 -170824050.74615902 -7.875246827637614 
586206.8965517237 -175019994.67238447 -8.07033351038088 
589341.6927899682 -179320318.27817988 -8.268355720581669 
592476.4890282127 -183728770.75639585 -8.469450310470892 
595611.2852664572 -188249851.44815102 -8.673861371676802 
598746.0815047018 -192889248.06732795 -8.881958858701358 
601880.8777429463 -197654073.2066381 -9.094245205411024 
605015.6739811908 -202552324.75542033 -9.311323770092352 
608150.4702194353 -207591504.5831131 -9.533826363802067 
611285.2664576798 -212777142.37436956 -9.762334451599319 
614420.0626959243 -218112252.67402098 -9.997341581090467 
617554.8589341688 -223598113.32745168 -10.239275322305671 
620689.6551724133 -229235710.62080395 -10.488549240555447 
623824.4514106578 -235026711.9124322 -10.745593235321014 
626959.2476489024 -240973353.98393196 -11.01083475378337 
630094.0438871469 -247077653.17985275 -11.28465002084554 
633228.8401253914 -253340868.97015205 -11.567328475506917 
636363.6363636359 -259763726.50289667 -11.859074012040269 
639498.4326018804 -266347036.662023 -12.160026802800303 
642633.2288401249 -273091972.6307555 -12.470271992127962 
645768.0250783694 -279999741.3213978 -12.789823422428164 
648902.8213166139 -287071163.0248447 -13.118605970278402 
652037.6175548584 -294306862.1260262 -13.45646864741336 
655172.413793103 -301708134.57891124 -13.80323130926836 
658307.2100313475 -309277769.4781553 -14.158731577276445 
661442.006269592 -317020040.91939145 -14.522835688729309 
664576.8025078365 -324939877.5354606 -14.895413178827736 
667711.598746081 -333042060.2005707 -15.2763138865513 
670846.3949843255 -341331291.2414094 -15.665385408169334 
673981.19122257 -349813084.803617 -16.06252813814323 
677115.9874608145 -358494554.2870968 -16.4677449891781 
680250.783699059 -367384239.7902691 -16.881145978837306 
683385.5799373036 -376491084.1402185 -17.302912176413507 
686520.3761755481 -385823538.8161416 -17.733263570098778 
689655.1724137926 -395389641.3070777 -18.172469086565574 
692789.9686520371 -405197879.9823005 -18.620890082072002 
695924.7648902816 -415257816.90995127 -19.079009963420276 
699059.5611285261 -425579672.50944996 -19.547413405222677 
702194.3573667706 -436173164.9106512 -20.02672865555202 
705329.1536050151 -447046705.15243334 -20.517583577148024 
708463.9498432596 -458207711.2603756 -21.02061067352218 
711598.7460815042 -469663650.1615092 -21.536483537841615 
714733.5423197487 -481422651.5158057 -22.06593217719314 
717868.3385579932 -493492983.9685458 -22.60970518600555 
721003.1347962377 -505881898.3501925 -23.16850242936999 
724137.9310344822 -518595053.5381722 -23.742934514498593 
727272.7272727267 -531637179.8484252 -24.33353961752769 
730407.5235109712 -545013363.4082736 -24.940829929684696 
733542.3197492157 -558729683.0023341 -25.565310057818593 
736677.1159874602 -572792604.9884484 -26.20744055049965 
739811.9122257048 -587207859.8267686 -26.867580053167725 
742946.7084639493 -601980103.4436307 -27.545966074503205 
746081.5047021938 -617113874.5812105 -28.24275793753717 
749216.3009404383 -632615000.9371165 -28.95810311799469 
752351.0971786828 -648491108.0588722 -29.692165197826853 
755485.8934169273 -664750795.3636426 -30.445093286734703 
758620.6896551718 -681402433.0252388 -31.216976350979007 
761755.4858934163 -698453941.7583189 -32.00784451536408 
764890.2821316608 -715913889.3923993 -32.81773220258458 
768025.0783699054 -733792829.2595903 -33.646753337603585 
771159.8746081499 -752103499.8231554 -34.495124798938235 
774294.6708463944 -770859653.0344138 -35.363126905999884 
777429.4670846389 -790074699.8294566 -36.25105486773287 
780564.2633228834 -809761557.9598247 -37.15922416326643 
783699.0595611279 -829933824.5835283 -38.088034988530005 
786833.8557993724 -850606977.8969158 -39.038035962316776 
789968.6520376169 -871798236.5743238 -40.009923904020845 
793103.4482758614 -893525083.4893855 -41.00447973924354 
796238.244514106 -915803866.25808 -42.02250514265302 
799373.0407523505 -938649835.034166 -43.0648222465658 
802507.836990595 -962078491.0082287 -44.13233069280615 
805642.6332288395 -986106738.6206911 -45.226053134942575 
808777.429467084 -1010752522.3886135 -46.34710900912641 
811912.2257053285 -1036033219.7784543 -47.4966293859071 
815047.021943573 -1061964402.180202 -48.675687239953405 
818181.8181818175 -1088560243.5279608 -49.88530228935898 
821316.614420062 -1115835166.2745717 -51.126502134822026 
824451.4106583066 -1143805024.3289745 -52.40036230994103 
827586.2068965511 -1172486602.7417302 -53.707969858826196 
830721.0031347956 -1201895991.8372467 -55.050336526285875 
833855.7993730401 -1232047615.7568612 -56.42834362510771 
836990.5956112846 -1262955058.8384104 -57.84277140249759 
840125.3918495291 -1294632972.999831 -59.294380376901046 
843260.1880877736 -1327098205.741125 -60.783959604984496 
846394.9843260181 -1360369082.6688569 -62.31229314431898 
849529.7805642626 -1394463708.5559757 -63.88008434127688 
852664.5768025072 -1429399200.2325127 -65.48792556160113 
855799.3730407517 -1465192808.8193142 -67.13635706460852 
858934.1692789962 -1501863900.1680613 -68.82596746860949 
862068.9655172407 -1539434821.6962101 -70.55744504961395 
865203.7617554852 -1577929803.6969907 -72.33154037603764 
868338.5579937297 -1617373079.4465437 -74.14899406347936 
871473.3542319742 -1657788229.2049115 -76.01052102017223 
874608.1504702187 -1699199471.971352 -77.91688380966843 
877742.9467084632 -1741633562.0172138 -79.86899302451556 
880877.7429467078 -1785120262.9806159 -81.86794122820336 
884012.5391849523 -1829690816.9461248 -83.91494328920417 
887147.3354231968 -1875375912.020088 -86.01125161827332 
890282.1316614413 -1922205190.3128304 -88.15813958079067 
893416.9278996858 -1970208736.3149314 -90.35697302147392 
896551.7241379303 -2019418898.7467196 -92.60929428271177 
899686.5203761748 -2069870420.4471579 -94.91682585555544 
902821.3166144193 -2121598606.9078543 -97.28138140399733 
905956.1128526638 -2174637336.0727444 -99.70476698490039 
909090.9090909084 -2229018919.842337 -102.18876490963183 
912225.7053291529 -2284775923.484761 -104.73520549405013 
915360.5015673974 -2341943008.166239 -107.3460384610077 
918495.2978056419 -2400556832.834731 -110.02331448561891 
921630.0940438864 -2460654093.631514 -112.76908100637938 
924764.8902821309 -2522269768.2929945 -115.58528762365643 
927899.6865203754 -2585437471.2509294 -118.47378898524664 
931034.4827586199 -2650191651.939867 -121.43643341565851 
934169.2789968645 -2716569445.945555 -124.47513735701409 
937304.075235109 -2784610344.922028 -127.59186195447954 
940438.8714733535 -2854354140.7294507 -130.7885129834683 
943573.667711598 -2925839434.2152996 -134.066869332086 
946708.4639498425 -2999104439.8601546 -137.42861951639526 
949843.260188087 -3074189422.8603806 -140.87547583270995 
952978.0564263315 -3151138375.131774 -144.40925633915666 
956112.852664576 -3229998302.008274 -148.03185983289845 
959247.6489028205 -3310816976.054202 -151.74517278256494 
962382.445141065 -3393641621.825646 -155.55102076996909 
965517.2413793096 -3478520023.0553207 -159.45123235333088 
968652.0376175541 -3565502987.4737334 -163.44776603753144 
971786.8338557986 -3654645640.05492 -167.54278387714498 
974921.6300940431 -3746006197.962033 -171.73860942756124 
978056.4263322876 -3839643493.5116034 -176.0376275439368 
981191.2225705321 -3935615819.013001 -180.4422434918243 
984326.0188087766 -4033982280.153951 -184.9549552975072 
987460.8150470211 -4134805197.744535 -189.57847200282896 
990595.6112852657 -4238150964.789963 -194.31575882989574 
993730.4075235102 -4344088430.898326 -199.16995987317293 
996865.2037617547 -4452683933.063489 -204.14439099079686 
999999.9999999992 -4564080217.402317 -209.2388424462322 
