#x u 
0.0 140520.7657950234 0.040374889844108405 
3134.796238244514 204948.99060713005 0.03551206161760243 
6269.592476489028 339490.3096061571 0.03285308878739904 
9404.38871473354 458256.6470856669 0.0288023600018084 
12539.184952978056 559374.8665938299 0.02364117503502852 
15673.98119122257 638860.3320645624 0.01756570657075645 
18808.777429467085 693641.1274328025 0.010810974619900202 
21943.5736677116 721598.83794299 0.003638182520226232 
25078.369905956115 721652.3408244738 -0.0036752979982515 
28213.16614420063 693799.567090403 -0.010846654842000274 
31347.962382445145 639117.5827529333 -0.017598571834669986 
34482.75862068966 559720.9386760023 -0.023669952527711 
37617.55485893417 458679.9009511247 -0.028826016792980212 
40752.35109717868 339901.7237901715 -0.032867379763984045 
43887.14733542319 207979.55611006217 -0.035637762043304225 
47021.943573667704 68014.82458765699 -0.037030033022693816 
50156.739811912215 -74580.03837266385 -0.0369903536208174 
53291.53605015673 -214290.89325453824 -0.035520258239078575 
56426.33228840124 -345715.1250564488 -0.032676595426358965 
59561.12852664575 -463770.56226855726 -0.02856932954716157 
62695.92476489026 -563892.0043083306 -0.02335728846259237 
65830.72100313478 -642207.7577043129 -0.01724202166124212 
68965.51724137929 -695689.354378558 -0.010460006345882147 
72100.3134796238 -722268.6624257702 -0.0032735028663919315 
75235.10971786831 -720917.8607184694 0.004039586880918581 
78369.90595611282 -691689.1847223548 0.011196465912166713 
81504.70219435733 -635712.90655225 0.01792037790765951 
84639.49843260185 -555153.6273798152 0.0239513093713343 
87774.29467084636 -453126.5723644438 0.02905604434565997 
90909.09090909087 -333577.12498011667 0.033037182866443394 
94043.88714733538 -201128.25914255276 0.035740774414137005 
97178.68338557989 -60901.76893219855 0.03706227117628992 
100313.4796238244 81679.7910451417 0.03695057090864414 
103448.27586206891 221102.7956991005 0.035409993057545955 
106583.07210031342 351975.76118873374 0.03250011172707188 
109717.86833855794 469237.83345767437 0.028333451950025873 
112852.66457680245 568354.4913244096 0.023071138347946645 
115987.46081504696 645492.8962944358 0.016916664446325246 
119122.25705329147 697670.1083217813 0.010108023585446258 
122257.05329153598 722868.4360203706 0.00290850572431842 
125391.84952978049 720113.4607356717 -0.004403483974960343 
128526.645768025 689511.7172878638 -0.01154519106733518 
131661.44200626953 632246.5742732066 -0.018240445931581372 
134796.23824451404 550532.4732322411 -0.024230343242130976 
137931.03448275855 447529.2962549652 -0.02928325383105082 
141065.83072100306 327220.17342537915 -0.033203781781737975 
144200.62695924757 194257.4552882422 -0.03584032038376066 
147335.42319749208 53782.80657860746 -0.03709091476027403 
150470.2194357366 -88771.62181522525 -0.036907204460366244 
153605.0156739811 -227893.25398049405 -0.03529629355639488 
156739.81191222562 -358202.2601422882 -0.0323204759296998 
159874.60815047013 -474659.59453628375 -0.028094826367886856 
163009.40438871464 -572761.8551729515 -0.02278275062588543 
166144.20062695915 -648715.4302714001 -0.01658966652979931 
169278.99686520366 -699583.1971249308 -0.009755060475094815 
172413.79310344817 -723398.1005571304 -0.002543226494127768 
175548.58934169268 -719239.2188926481 0.004766953986980956 
178683.3855799372 -687267.3759736192 0.011892796485594452 
181818.1818181817 -628718.9221060121 0.018558744863902143 
184952.97805642622 -545857.9244265455 0.024507027077359373 
188087.77429467073 -441888.61548738787 0.029507623212718447 
191222.57053291524 -320831.48566952616 0.033367160351888914 
194357.36677115975 -187367.81092784405 0.035936390297480386 
197492.16300940426 -46658.627975821495 0.037115960996582306 
200626.95924764877 95854.84286539535 0.036860258481978526 
203761.75548589329 234661.60951050243 0.03517917076303301 
206896.5517241378 364394.01802578766 0.03213770545663368 
210031.3479623823 480035.3196624134 0.027853475944395335 
213166.14420062682 577113.6683956359 0.02249215326635515 
216300.94043887133 651875.0470903362 0.01626105962630926 
219435.73667711584 701428.4352426908 0.009401151247766857 
222570.53291536035 723857.6046653178 0.002177700603266224 
225705.32915360486 718295.219979755 -0.005129961665005276 
228840.12539184937 684956.3784522228 -0.012239248453633493 
231974.9216300939 625130.2921881236 -0.018875243833667812 
235109.7178683384 541130.4343345932 -0.02478133404220134 
238244.5141065829 436205.0771361073 -0.02972913072968232 
241379.31034482742 314411.68133413396 -0.03352730273124989 
244514.10658307193 180459.99426936408 -0.03602897483773472 
247648.90282131644 39529.92407868873 -0.03713740745604788 
250783.69905956095 -102928.76721316722 -0.036809737526644466 
253918.49529780546 -241407.2058445999 -0.035058636036883674 
257053.29153604998 -370550.4343173574 -0.031951818034288156 
260188.0877742945 -485364.48745900346 -0.027609424087477283 
263322.884012539 -581409.5089218507 -0.022199374453609144 
266457.6802507835 -654971.4403085407 -0.015930875606551525 
269592.476489028 -703205.6437103974 -0.00904633022816288 
272727.27272727253 -724246.9037788685 -0.0018119635031030837 
275862.06896551704 -717281.5555528974 0.0054924718018988 
278996.86520376155 -682578.9488610862 0.012584513370011468 
282131.66144200607 -621481.0325710698 0.019189912144497875 
285266.4576802506 -536350.4614628867 0.025053237532365 
288401.2539184951 -430479.2324321653 0.02994775489852626 
291536.0501567396 -307961.3830586922 0.0336841933880437 
294670.8463949841 -173534.67528328783 0.0361180650249989 
297805.6426332286 -32397.38628095085 0.037155252058636526 
300940.43887147313 109992.70877771812 0.03675564649425534 
304075.23510971764 248129.38874560947 0.03493470106828473 
307210.03134796215 376670.9119227992 0.03176283169138257 
310344.82758620667 490646.5810644532 0.02736269446706344 
313479.6238244512 585648.9601096187 0.02190444258347398 
316614.4200626957 658004.3096151928 0.015599146494182573 
319749.2163009402 704914.650161399 0.008690631829415431 
322884.0125391847 724565.9601407136 0.0014460506654921249 
326018.8087774292 716198.3239246521 -0.005854449238782112 
329153.60501567373 680135.317780687 -0.012928557748416227 
332288.40125391824 617771.4971866877 -0.019502719277562405 
335423.19749216276 531518.4694080871 -0.025322711176664944 
338557.99373040727 424711.63670977764 -0.030163474515482604 
341692.7899686518 301481.21644021344 -0.033837817105869306 
344827.5862068963 166592.5256376058 -0.036203652218656346 
347962.3824451408 25261.706348192776 -0.037169493073648495 
351097.1786833853 -117045.98244642845 -0.03669799063095422 
354231.9749216298 -254827.506247162 -0.03480737787735406 
357366.77115987433 -382754.8572335191 -0.03157076475719192 
360501.56739811884 -495881.0881827689 -0.027113311012793392 
363636.36363636336 -589831.6107860194 -0.021607386260595347 
366771.15987460787 -660973.3608604902 -0.015265904462713403 
369905.9561128524 -706555.2888437733 -0.008334090549751929 
373040.7523510969 -724814.7428064372 -0.0010799975793314622 
376175.5485893414 -715045.6301547412 0.00621585886844154 
379310.3448275859 -677625.7222122223 0.013271348220913365 
382445.1410658304 -614002.0458127366 0.019813634894539505 
385579.93730407493 -526634.9268118229 0.025589728839569347 
388714.73354231945 -418902.8493524608 0.030376268658487172 
391849.52978056396 -294971.8099740612 0.03398815898524587 
394984.32601880847 -159634.21863550888 0.03628572811796646 
398119.122257053 -18123.576346500176 0.037180129119691624 
401253.9184952975 124087.90416640369 0.03663677552747825 
404388.714733542 261500.9087373619 0.03467667881188744 
407523.5109717865 388801.68007577414 0.03137563586473445 
410658.307210031 501067.5008188347 0.026861297926106684 
413793.10344827553 593957.0553058765 0.021308234294801304 
416927.89968652005 663878.3078071409 0.014931181753411762 
420062.69592476456 708127.4037284167 0.007976740827417606 
423197.49216300907 724993.2246345509 0.0007138398852183224 
426332.2884012536 713823.5651510479 -0.006576664681239041 
429467.0846394981 675050.3809614218 -0.01361285041388555 
432601.8808777426 610173.0952407045 -0.020122631187572577 
435736.6771159871 521700.5148549009 -0.025854274136880878 
438871.4733542316 413053.6011700673 -0.030586124363878427 
442006.26959247614 288433.2307708689 -0.03413517858239845 
445141.06583072065 152658.66798409203 -0.03636420403502464 
448275.86206896516 10982.572778134494 -0.0371871080192084 
451410.65830720967 -131113.1561462783 -0.03657221957026939 
454545.4545454542 -268135.89885240333 -0.03454321473625558 
457680.2507836987 -394802.2232141877 -0.031177856803661655 
460815.0470219432 -506233.7820904967 -0.02660537526622074 
463949.8432601877 -598108.6111661518 -0.02100316863019774 
467084.6394984322 -666788.3959451049 -0.014591539758708204 
470219.43573667674 -709482.3302795383 -0.007622359748322614 
473354.23197492125 -724439.7698000523 -0.0003576758831382827 
476489.02821316576 -710946.0045821725 0.00695944614172225 
479623.82445141027 -668776.379581153 0.014129141802245978 
482758.6206896548 -597213.3072873703 0.02099397055000135 
485893.4169278993 -494773.4300072626 0.02739666846571094 
489028.2131661438 -361314.593015949 0.03310071935251527 
492163.0094043883 -202607.92783921663 0.037717319634301964 
495297.8056426328 -34018.25640845214 0.040721025429904786 
498432.60188087734 121913.490123921 0.04162283885641054 
501567.39811912185 245601.50879805314 0.0402585204476279 
504702.19435736636 332100.00514713215 0.036991162884003066 
507836.99059561087 393829.3283347333 0.032588048511838344 
510971.7868338554 449633.56367640116 0.027746749503297762 
514106.5830720999 508103.66159381997 0.022598548590046362 
517241.3793103444 560089.2014054032 0.016654382266005782 
520376.1755485889 587802.9700082631 0.00933657580982527 
523510.9717868334 581910.3792212773 0.0006782633168481156 
526645.768025078 549742.8576338179 -0.008465739701639816 
529780.5642633225 506595.97694300266 -0.016943582602916042 
532915.360501567 459445.1097901306 -0.024099012189501952 
536050.1567398115 400268.6844625136 -0.030072038360839833 
539184.952978056 316062.7760233709 -0.035322398542801815 
542319.7492163006 205018.51712539862 -0.03987711040930203 
545454.5454545451 81736.270847304 -0.04308734989638816 
548589.3416927896 -34215.09108746991 -0.04415049054253996 
551724.1379310341 -134600.48194660546 -0.04285347192482604 
554858.9341692786 -226758.48282768705 -0.03976077107832106 
557993.7304075231 -321510.40621194366 -0.03565136110222985 
561128.5266457676 -417621.20553772995 -0.030795492963448592 
564263.3228840121 -499304.18006121856 -0.024827677068977847 
567398.1191222566 -549529.7935711616 -0.01734288011421473 
570532.9153605012 -565266.1664073784 -0.008580591617894456 
573667.7115987457 -558732.7067582755 0.0005323476617038978 
576802.5078369902 -543433.1141177372 0.00903614256653728 
579937.3040752347 -519703.30373366724 0.01661367318082839 
583072.1003134792 -474976.5868226291 0.023590007167101714 
586206.8965517237 -398453.63320173486 0.03026966667856241 
589341.6927899682 -294689.9505531036 0.03632117562199458 
592476.4890282127 -181731.84069934554 0.04086724651950805 
595611.2852664572 -75657.50141464168 0.04319531808053159 
598746.0815047018 22352.914389670445 0.04334928971055088 
601880.8777429463 122981.45761433314 0.041986575998079444 
605015.6739811908 233138.07583720319 0.03965497781789364 
608150.4702194353 344341.54324118607 0.036251155313988 
611285.2664576798 437495.4718306523 0.031228512201758266 
614420.0626959243 499187.96310474875 0.024331622425099883 
617554.8589341688 532518.8051523125 0.016078628398342922 
620689.6551724133 551202.6810525792 0.007476403442413998 
623824.4514106578 563260.3018212487 -0.0007416354918497 
626959.2476489024 561521.6024807548 -0.00856498387783639 
630094.0438871469 530960.7924144993 -0.016382943044380396 
633228.8401253914 465149.1633382062 -0.02424204046234494 
636363.6363636359 374498.7554505442 -0.03147775478060617 
639498.4326018804 277579.0348095554 -0.03711978082025445 
642633.2288401249 184558.3699560287 -0.04065564112570033 
645768.0250783694 90067.50616782375 -0.04235960169200053 
648902.8213166139 -17156.6293938072 -0.042849533242265474 
652037.6175548584 -138150.31615499733 -0.0423440502900538 
655172.413793103 -258241.6498964976 -0.040404639706435395 
658307.2100313475 -358133.2354133793 -0.03643461685478461 
661442.006269592 -430055.5303423634 -0.030408426450029585 
664576.8025078365 -482166.6738198594 -0.023060537070346727 
667711.598746081 -526727.1569655265 -0.015329453715075311 
670846.3949843255 -564616.6996693537 -0.0076334469307735965 
673981.19122257 -582572.1289526587 0.00027067173379369854 
677115.9874608145 -566112.396242657 0.008709201783541202 
680250.783699059 -514592.68509941315 0.017414558002630094 
683385.5799373036 -442567.63592922466 0.02547427381134402 
686520.3761755481 -366013.2380102207 0.03197204473318923 
689655.1724137926 -287842.3010866152 0.03665878157693912 
692789.9686520371 -197850.94757533842 0.03995953230214199 
695924.7648902816 -87026.4119668821 0.04231929524923198 
699059.5611285261 38972.4422479876 0.04358387033855677 
702194.3573667706 161487.1427978352 0.04307243300622367 
705329.1536050151 264081.817110086 0.04026854014349555 
708463.9498432596 345474.6412404316 0.035403715855081036 
711598.7460815042 416754.4291615147 0.029318641120536656 
714733.5423197487 485978.51216637413 0.0227443018994226 
717868.3385579932 546496.0212218722 0.015752769705922223 
721003.1347962377 581392.7844808667 0.007946369645949037 
724137.9310344822 579473.0399363518 -0.0008243572403363781 
727272.7272727267 546039.6577430572 -0.009980578499495556 
730407.5235109712 497182.2602050038 -0.018489973724968904 
733542.3197492157 443593.905047663 -0.025619941246933647 
736677.1159874602 380907.1299573156 -0.03138994765450604 
739811.9122257048 296642.8874901951 -0.036259993163321555 
742946.7084639493 186365.31491456644 -0.04039444515487168 
746081.5047021938 61936.685837159675 -0.04328515664003067 
749216.3009404383 -56938.81195119623 -0.04413770388967979 
752351.0971786828 -159137.2840968578 -0.042619936906772835 
755485.8934169273 -249400.74804427923 -0.03918906225099148 
758620.6896551718 -339003.97599122964 -0.03465455760668737 
761755.4858934163 -429792.89429617766 -0.02943521084667783 
764890.2821316608 -508536.8760706285 -0.02328731943424941 
768025.0783699054 -557668.3456641687 -0.015782941582667763 
771159.8746081499 -571231.7056765022 -0.00702636801156288 
774294.6708463944 -559369.7890033695 0.0021548187671038815 
777429.4670846389 -536707.8428521105 0.01075622019169789 
780564.2633228834 -506893.5144592013 0.018318189732918138 
783699.0595611279 -459550.43821183825 0.025076782438975997 
786833.8557993724 -382809.08980850957 0.03139863338891907 
789968.6520376169 -278169.17319726443 0.03710656114693653 
793103.4482758614 -161976.22792026756 0.041416076749464376 
796238.244514106 -51851.05973836348 0.043558790736891555 
799373.0407523505 47792.14194009179 0.043444709677826224 
802507.836990595 146071.15924756325 0.04167280541138827 
805642.6332288395 251638.84366385388 0.03888242831512667 
808777.429467084 359257.8170313917 0.035128536017591916 
811912.2257053285 451226.6373467043 0.029935656904355422 
815047.021943573 512306.08631021914 0.02296908709966596 
818181.8181818175 542588.2662784127 0.014610711422541708 
821316.614420062 554903.5505946851 0.005825539665112726 
824451.4106583066 559598.0361407389 -0.0025506348792256276 
827586.2068965511 552759.1001672852 -0.010364930316843294 
830721.0031347956 520298.92080797657 -0.017973044090900413 
833855.7993730401 453593.8789729518 -0.025533594824026902 
836990.5956112846 360199.70675306465 -0.032526116240207785 
840125.3918495291 258317.9499545867 -0.038011435493419 
843260.1880877736 160748.29888258423 -0.04137131659371789 
846394.9843260181 65083.92853943106 -0.04275910288056609 
849529.7805642626 -39688.715767636815 -0.042795534275028684 
852664.5768025072 -157291.76405760238 -0.041835530039018284 
855799.3730407517 -275844.99469917774 -0.039580107697558216 
858934.1692789962 -376043.70629274275 -0.035441741525965416 
862068.9655172407 -447384.4335951352 -0.02927661365607854 
865203.7617554852 -495533.77845317975 -0.02170932811537465 
868338.5579937297 -533242.0579082608 -0.01370230399246805 
871473.3542319742 -564485.4071181306 -0.00581426926188476 
874608.1504702187 -578605.7520811851 0.0020829076658585876 
877742.9467084632 -560667.0816011422 0.010343447039094147 
880877.7429467078 -507163.34741731826 0.01884042037993877 
884012.5391849523 -430561.81188774173 0.02676861670040395 
887147.3354231968 -347880.06466949143 0.033177184807655934 
890282.1316614413 -265250.21584740723 0.037683780566602876 
893416.9278996858 -174604.3473678893 0.04063041407503362 
896551.7241379303 -65836.3299009256 0.04252705484470516 
899686.5203761748 58497.2868988787 0.04337596946294574 
902821.3166144193 181550.4222942656 0.042592531146473704 
905956.1128526638 285502.95431394543 0.039608318611274555 
909090.9090909084 365981.09923176956 0.03452250737430377 
912225.7053291529 432589.83162282815 0.028114686841235997 
915360.5015673974 495164.1043101363 0.02120152602260016 
918495.2978056419 550342.4602113732 0.014007190740801203 
921630.0940438864 582696.185571505 0.00620047463139538 
924764.8902821309 579310.2992337415 -0.002451381786618875 
927899.6865203754 542543.0354372725 -0.011511716993550787 
931034.4827586199 487583.68531709886 -0.019999097078411975 
934169.2789968645 427384.6949801931 -0.027089022446983583 
937304.075235109 360781.18107266794 -0.032667426818466946 
940438.8714733535 276217.52026305115 -0.03716633458273533 
943573.667711598 167056.4159893005 -0.040865904461689855 
946708.4639498425 42247.38646784576 -0.04340634144182256 
949843.260188087 -78999.83021870136 -0.04403010562656857 
952978.0564263315 -183084.75998386333 -0.04230457724477926 
956112.852664576 -271906.578472403 -0.038568031407543994 
959247.6489028205 -356552.89575460216 -0.033630631629675986 
962382.445141065 -441598.99727998715 -0.02804306700287184 
965517.2413793096 -516685.03681728884 -0.02169728463049594 
968652.0376175541 -564360.2007535315 -0.014171863407963795 
971786.8338557986 -576054.9223866938 -0.0054495080263307575 
974921.6300940431 -559477.278445738 0.003758438149161043 
978056.4263322876 -529726.4167992682 0.012433178075326533 
981191.2225705321 -493505.8083661642 0.019984722624388954 
984326.0188087766 -443032.7954834695 0.0265419958242299 
987460.8150470211 -366003.2816719364 0.032504881186386586 
990595.6112852657 -261058.82866610173 0.037841764427898675 
993730.4075235102 -142324.62428506464 0.04187883954995364 
996865.2037617547 -30596.63531804023 0.04392460432163517 
999999.9999999992 140520.7657931666 0.04037488984402329 
