#x u 
0.0 -83054.74537146973 0.037932387434029664 
3134.796238244514 -39382.95874936867 0.03399039122085616 
6269.592476489028 -62460.59615184547 0.025605343491865377 
9404.38871473354 -81820.54789253918 0.016288798862432424 
12539.184952978056 -98057.25564352697 0.006337131775568135 
15673.98119122257 -110434.06312966484 -0.0038612549369259775 
18808.777429467085 -118428.08808384414 -0.013908866410419649 
21943.5736677116 -121787.74515466031 -0.02341544689680793 
25078.369905956115 -120522.44112688533 -0.03201320502574348 
28213.16614420063 -114806.42033978217 -0.03936971515156333 
31347.962382445145 -104867.96477075119 -0.04520008618196361 
34482.75862068966 -90946.77414930366 -0.04927944210369504 
37617.55485893417 -73349.26752502052 -0.05145422664036475 
40752.35109717868 -52557.62940985791 -0.05164877846610203 
43887.14733542319 -29313.342128630138 -0.04986447525234331 
47021.943573667704 -4623.166406287695 -0.046172553299698806 
50156.739811912215 20307.21831024083 -0.0407056267099738 
53291.53605015673 44175.17300367466 -0.03365341414123633 
56426.33228840124 65699.77559375751 -0.02526417755780112 
59561.12852664575 83772.13248551334 -0.015847636882345462 
62695.92476489026 97645.60485361144 -0.005772177694990234 
65830.72100313478 107112.09429947543 0.004548529983143398 
68965.51724137929 112548.15699398314 0.014678701405014219 
72100.3134796238 114733.03805558899 0.024188102700637894 
75235.10971786831 114462.14597726369 0.03267873062665607 
78369.90595611282 112126.94953740087 0.03980800292743757 
81504.70219435733 107483.51595200301 0.045308126605428344 
84639.49843260185 99729.83896158452 0.04900019923624747 
87774.29467084636 87827.63442170023 0.050799074599851946 
90909.09090909087 70882.11130653038 0.05070546379201808 
94043.88714733538 48422.09975449954 0.04878705575683563 
97178.68338557989 20552.936109517133 0.045157130188212505 
100313.4796238244 -11952.71588468182 0.03996096535099399 
103448.27586206891 -47592.715663010546 0.03337452531640339 
106583.07210031342 -84171.04083802813 0.025610621922656295 
109717.86833855794 -119034.20363281746 0.01692286041272231 
112852.66457680245 -149504.215978547 0.007601330087211455 
115987.46081504696 -173339.33697885962 -0.0020377048143117686 
119122.25705329147 -188999.94891460735 -0.01166128081467334 
122257.05329153598 -195631.25757925428 -0.02092516283532669 
125391.84952978049 -192889.02468102713 -0.029479679303087546 
128526.645768025 -180828.61158253375 -0.03698341678726332 
131661.44200626953 -159958.39931284316 -0.04312637916270976 
134796.23824451404 -131345.0400873517 -0.04765477343887849 
137931.03448275855 -96570.2693235468 -0.05038631101919587 
141065.83072100306 -57474.551159427116 -0.051211955829889994 
144200.62695924757 -15846.959497823402 -0.050091019780956 
147335.42319749208 26703.995500691657 -0.04705042680971477 
150470.2194357366 68631.03718552191 -0.042191553760431384 
153605.0156739811 108262.88451952915 -0.03569667996277143 
156739.81191222562 143809.51532070522 -0.027823699483505715 
159874.60815047013 173622.2875569366 -0.018886534129596115 
163009.40438871464 196502.02671589892 -0.009231110199194164 
166144.20062695915 211779.75788611226 0.0007800871678783034 
169278.99686520366 219112.8970197441 0.010771833628174191 
172413.79310344817 218229.17601496205 0.02035853730541864 
175548.58934169268 208908.3323498713 0.029157949857454644 
178683.3855799372 191243.75721107906 0.03681761920281995 
181818.1818181817 165919.57698037277 0.04304142137299966 
184952.97805642622 134195.9530413614 0.04760156871496133 
188087.77429467073 97576.70273821094 0.05033442541182993 
191222.57053291524 57457.62838976121 0.05113338508744527 
194357.36677115975 15079.628815940108 0.04995331989396408 
197492.16300940426 -28204.402066164388 0.04682675991266538 
200626.95924764877 -70678.07623902582 0.041876561716039255 
203761.75548589329 -110357.72512816163 0.035309789781695404 
206896.5517241378 -145416.7382746166 0.0273937747742823 
210031.3479623823 -174567.89903400422 0.018431488237509463 
213166.14420062682 -197056.78819248252 0.008752410708276807 
216300.94043887133 -212309.50268682445 -0.0012827242714343059 
219435.73667711584 -219638.1553300536 -0.01128136321924417 
222570.53291536035 -218354.26797334512 -0.020838291119530228 
225705.32915360486 -208211.4032672619 -0.029570369953173505 
228840.12539184937 -189733.06129202587 -0.03714594784953262 
231974.9216300939 -164071.298322824 -0.04329213138774201 
235109.7178683384 -132511.29041417083 -0.04778467076909623 
238244.5141065829 -96105.33866047673 -0.050442133214638966 
241379.31034482742 -55791.57268690747 -0.05114022531361251 
244514.10658307193 -12843.313765003164 -0.04983886010559242 
247648.90282131644 30870.095232692285 -0.046597920111815024 
250783.69905956095 73157.0779923729 -0.041565705344755476 
253918.49529780546 112108.35402142396 -0.03494937296834339 
257053.29153604998 146470.05753538315 -0.026993207897539707 
260188.0877742945 175444.89868677134 -0.01798051315627955 
263322.884012539 198170.21415361113 -0.00824799276255808 
266457.6802507835 213467.74779001682 0.001814270012405876 
269592.476489028 220185.8967459763 0.011791496427349295 
272727.27272727253 217828.3223563971 0.02128702458139768 
275862.06896551704 206835.74699639325 0.02994968546432593 
278996.86520376155 188219.591002915 0.03747137060181797 
282131.66144200607 162909.77540253545 0.04357084414841945 
285266.4576802506 131482.70129647094 0.0479937977891894 
288401.2539184951 94543.88044131834 0.05054124544740584 
291536.0501567396 53343.71106302602 0.05110651713014053 
294670.8463949841 9932.819597862806 0.04968872075168189 
297805.6426332286 -33380.33462651458 0.046371549287071795 
300940.43887147313 -74780.49439124008 0.04128971047503498 
304075.23510971764 -113181.10349588274 0.034616140561399486 
307210.03134796215 -147742.9210696179 0.02657930845293799 
310344.82758620667 -177226.29739726085 0.01748555862546823 
313479.6238244512 -199918.36863546888 0.007712799353124087 
316614.4200626957 -214284.61286854936 -0.002330940716772673 
319749.2163009402 -219721.97572644366 -0.012255092579520538 
322884.0125391847 -216652.1261210843 -0.021704855856687584 
326018.8087774292 -205856.88106016378 -0.03034520372816069 
329153.60501567373 -187746.01173320596 -0.03784166211070262 
332288.40125391824 -162328.52165910136 -0.04387265355466023 
335423.19749216276 -129923.91081840832 -0.04817455132516037 
338557.99373040727 -91853.9097424591 -0.05058414768647779 
341692.7899686518 -50341.00182934305 -0.051042656459524945 
344827.5862068963 -7647.826913089899 -0.04956247794686486 
347962.3824451408 34709.89475457938 -0.04619465226598815 
351097.1786833853 75902.33448867348 -0.041032369695133186 
354231.9749216298 114981.00035017246 -0.034245716879091434 
357366.77115987433 150227.53887544703 -0.026106630274786227 
360501.56739811884 179414.89609377916 -0.01696945520503294 
363636.36363636336 200790.23056060783 -0.007216136386058276 
366771.15987460787 213811.1608083566 0.002789192785690251 
369905.9561128524 218891.48065985276 0.012701674035461885 
373040.7523510969 216430.89093622233 0.022165318445463912 
376175.5485893414 206158.65926010802 0.030797395881489824 
379310.3448275859 187504.9576593635 0.03821977654346281 
382445.1410658304 160631.10043189858 0.04411976695111758 
385579.93730407493 127028.03727056006 0.048289921293253026 
388714.73354231945 89007.65741356993 0.05061538866388096 
391849.52978056396 48555.675510123285 0.05102987116435298 
394984.32601880847 6695.16851780266 0.049492533385613185 
398119.122257053 -36007.80116505295 0.04601457157576453 
401253.9184952975 -78364.176664376 0.04070928921048078 
404388.714733542 -118102.42403293584 0.033810884843472847 
407523.5109717865 -152598.9959768555 0.02563593925130441 
410658.307210031 -180119.63778959407 0.016518924973519002 
413793.10344827553 -200328.37779146968 0.00677901534616045 
416927.89968652005 -213557.92866365472 -0.003258219254006716 
420062.69592476456 -219626.14232953254 -0.013219739937564926 
423197.49216300907 -217474.0622344093 -0.022682550980255782 
426332.2884012536 -206051.11350130418 -0.03122875511377008 
429467.0846394981 -185549.2227912796 -0.038516420660622344 
432601.8808777426 -157682.07866027195 -0.04430594488115573 
435736.6771159871 -124672.2144988955 -0.04842592717768014 
438871.4733542316 -87957.61801562745 -0.05072445060771183 
442006.26959247614 -47940.99443974753 -0.05106601219931895 
445141.06583072065 -5023.014872749132 -0.049384838415293016 
448275.86206896516 39201.45891367765 -0.045742971046151354 
451410.65830720967 81910.47231542357 -0.04033220317818319 
454545.4545454542 120313.80048382416 -0.033413963032232645 
457680.2507836987 152966.39880349743 -0.025253944753047423 
460815.0470219432 179809.656587286 -0.016112504452917488 
463949.8432601877 200925.49972098958 -0.006291805239979342 
467084.6394984322 215344.9751359881 0.003821400859219304 
470219.43573667674 221217.72340047016 0.01377677931685654 
473354.23197492125 217226.58971160123 0.023139390236759285 
476489.02821316576 203797.7368810563 0.0315596415821245 
479623.82445141027 182827.1995806458 0.03877502915067748 
482758.6206896548 156174.38369927218 0.044554593844949544 
485893.4169278993 124472.35620787197 0.048656615124733245 
489028.2131661438 87492.17123964799 0.050855780351918324 
492163.0094043883 45669.0342149273 0.051021447701289954 
495297.8056426328 1149.1620672149947 0.04917145518968101 
498432.60188087734 -42819.911318528684 0.04544728813099462 
501567.39811912185 -83609.12782105518 0.04003553291044413 
504702.19435736636 -120306.0610803192 0.03311498484011154 
507836.99059561087 -153080.49239110446 0.024880432023232476 
510971.7868338554 -181515.2011501091 0.015611334729611657 
514106.5830720999 -203706.10957483778 0.005703005536460901 
517241.3793103444 -217152.69184730493 -0.0043861166681140006 
520376.1755485889 -220576.05712095025 -0.014231099004976488 
523510.9717868334 -214790.494851446 -0.023494629513588938 
526645.768025078 -201705.22808681737 -0.03189574700043615 
529780.5642633225 -182481.33869232918 -0.039139607624632054 
532915.360501567 -156772.03646159876 -0.044896120232939776 
536050.1567398115 -123854.46282679331 -0.04886397558388426 
539184.952978056 -84462.70510476275 -0.050865037875259374 
542319.7492163006 -41353.79840192586 -0.05087847869311114 
545454.5454545451 2069.2296033708626 -0.04898335291440527 
548589.3416927896 43716.69051192263 -0.045271762354733784 
551724.1379310341 83354.12613560367 -0.03982415920917662 
554858.9341692786 121190.1984514035 -0.03277137846946757 
557993.7304075231 156032.3779156118 -0.0243737477304748 
561128.5266457676 185017.6764347905 -0.015025476728197299 
564263.3228840121 205292.7662766698 -0.005167475200185706 
567398.1191222566 215953.9527620451 0.0048135633717862085 
570532.9153605012 218240.0275904384 0.014607353307986702 
573667.7115987457 213770.88295574122 0.02391347335762606 
576802.5078369902 202677.80339590527 0.03237015213941985 
579937.3040752347 183608.9575621207 0.03956874226896268 
583072.1003134792 155633.47858853563 0.045154405277161136 
586206.8965517237 120045.2677187149 0.04892086545935175 
589341.6927899682 80123.83776256416 0.050809717655484254 
592476.4890282127 39024.742604598214 0.05082180094055364 
595611.2852664572 -2053.695738375958 0.048938726470941274 
598746.0815047018 -43540.04939611834 0.04514085458868382 
601880.8777429463 -85368.52951107877 0.039504528136283336 
605015.6739811908 -125344.60998200809 0.03227415298643 
608150.4702194353 -159801.90398940907 0.02382652704029189 
611285.2664576798 -185959.90123400633 0.014554694978888852 
614420.0626959243 -203575.99574989322 0.004781952612721585 
617554.8589341688 -214181.0947784775 -0.0052151869775208925 
620689.6551724133 -218705.45907602407 -0.015111573711717381 
623824.4514106578 -216008.8852933345 -0.024480269884944283 
626959.2476489024 -203905.25511106267 -0.03285400177984487 
630094.0438871469 -181647.17450426865 -0.03985324435352301 
633228.8401253914 -151259.82277407666 -0.04526071327926172 
636363.6363636359 -116272.18951309769 -0.04897519983138672 
639498.4326018804 -79110.75377881457 -0.05090227209094941 
642633.2288401249 -39847.650663423876 -0.05090484646719671 
645768.0250783694 2400.1032018511905 -0.0488727538948567 
648902.8213166139 46913.70661527889 -0.04484263756410087 
652037.6175548584 90406.99180821111 -0.03904207011929367 
655172.413793103 128766.81914714052 -0.031806802570484405 
658307.2100313475 159769.5731781278 -0.02345055352780834 
661442.006269592 183978.78552129155 -0.014215674174021777 
664576.8025078365 202900.9064185712 -0.004347312905704191 
667711.598746081 216354.41038127337 0.005798140581790895 
670846.3949843255 221863.29089879204 0.015738714288783665 
673981.19122257 216780.17944465356 0.02497842187415312 
677115.9874608145 200955.93435623805 0.033144117742362394 
680250.783699059 177145.39593417756 0.04001826110475222 
683385.5799373036 148674.78638344884 0.04544529026723592 
686520.3761755481 116772.91670409235 0.04922120266236034 
689655.1724137926 80351.51021576177 0.05109355227404757 
692789.9686520371 38463.72570764962 0.05088197581196384 
695924.7648902816 -7168.5709311322935 0.04859933342340648 
699059.5611285261 -52290.03196352419 0.04444806505609092 
702194.3573667706 -92872.74809506579 0.0386933505913772 
705329.1536050151 -127690.02078588237 0.031542019119230214 
708463.9498432596 -158042.8956832773 0.023149260325290986 
711598.7460815042 -184946.11436985098 0.013739306723711821 
714733.5423197487 -206767.12187592653 0.003703186445927118 
717868.3385579932 -219872.14200048178 -0.006443118655561791 
721003.1347962377 -221683.15396497384 -0.01621230984426227 
724137.9310344822 -212979.17508424772 -0.025265531239936315 
727272.7272727267 -197013.22320832915 -0.03338637777452811 
730407.5235109712 -176334.0429585692 -0.04034934484306626 
733542.3197492157 -150630.09261008876 -0.045834239582247645 
736677.1159874602 -117870.3901262375 -0.049490304287002185 
739811.9122257048 -77552.86232747902 -0.05109507713784408 
742946.7084639493 -32613.24507435414 -0.05064960449124343 
746081.5047021938 12096.888664588463 -0.04831384040390867 
749216.3009404383 53264.28804255197 -0.04425073003265898 
752351.0971786828 90940.2057368093 -0.03854207342775944 
755485.8934169273 126848.8424698922 -0.031262808536893366 
758620.6896551718 160979.77643718765 -0.02263125242347901 
761755.4858934163 190104.5889405754 -0.013068671933239398 
764890.2821316608 209871.4871726572 -0.003092703083453745 
768025.0783699054 218364.76977077418 0.006858109973603947 
771159.8746081499 217426.39138208877 0.016498455291985546 
774294.6708463944 210338.1613130958 0.025604308338074436 
777429.4670846389 198278.94916845445 0.03386501852470215 
780564.2633228834 179288.83902130797 0.04084993084104006 
783699.0595611279 150862.30356115103 0.04614043044100278 
786833.8557993724 113458.75280271267 0.04950260488299773 
789968.6520376169 71198.18666132336 0.050928990974514386 
793103.4482758614 28922.283492622257 0.050511453233666785 
796238.244514106 -11376.166899566495 0.04828254690388984 
799373.0407523505 -51048.836655249805 0.044195075392880555 
802507.836990595 -91709.04950512588 0.03826282848337032 
805642.6332288395 -131845.41952699164 0.030712412496231526 
808777.429467084 -166772.96507858817 0.02197940725383472 
811912.2257053285 -192081.82539643958 0.012541745226404109 
815047.021943573 -207042.56145592374 0.0027529553176101115 
818181.8181818175 -214416.08930780186 -0.007161502902389717 
821316.614420062 -216858.6018118999 -0.016953061342516843 
824451.4106583066 -213702.85573840336 -0.02621682524856204 
827586.2068965511 -201538.48574930872 -0.03443264802823414 
830721.0031347956 -178030.96795192314 -0.041154252891188625 
833855.7993730401 -144973.33544660942 -0.04616223601751064 
836990.5956112846 -107307.10179716177 -0.049430850484821764 
840125.3918495291 -69051.47733379452 -0.05095116547999408 
843260.1880877736 -30347.286156697755 -0.05060303575542601 
846394.9843260181 11311.60499999336 -0.048216443158818796 
849529.7805642626 56979.82807037732 -0.04376149302863521 
852664.5768025072 103664.94495415164 -0.03746667580691295 
855799.3730407517 146065.25383494684 -0.029735678456510813 
858934.1692789962 180906.3029389048 -0.02094239546354861 
862068.9655172407 209334.93018891595 -0.011312537121573029 
865203.7617554852 234774.48794667464 -0.001011180121881167 
868338.5579937297 258357.22406608914 0.009660314731326298 
871473.3542319742 276602.0329964699 0.020171516484139788 
874608.1504702187 283695.17704420944 0.029881808449417086 
877742.9467084632 275959.5411931915 0.038259716213013245 
880877.7429467078 253886.83113101256 0.04499009322564695 
884012.5391849523 219812.3815819919 0.0498805975818896 
887147.3354231968 174090.22299102152 0.0526979431120174 
890282.1316614413 114376.7703217618 0.05314471400866619 
893416.9278996858 39381.4634267672 0.051038632607589486 
896551.7241379303 -46493.18181206386 0.04653000988059734 
899686.5203761748 -132615.34877112918 0.040128315889852884 
902821.3166144193 -206939.1486557054 0.03248060482792245 
905956.1128526638 -262229.1048862983 0.024082529103870667 
909090.9090909084 -298389.3804943028 0.015165231182877208 
912225.7053291529 -319419.4670989233 0.005826119467634743 
915360.5015673974 -328574.7442873416 -0.0037601588202065598 
918495.2978056419 -326462.23529255105 -0.013266955314408201 
921630.0940438864 -313091.0226041697 -0.022323314304966622 
924764.8902821309 -290475.70525745634 -0.030647670160605513 
927899.6865203754 -262050.5255049181 -0.03803545127150072 
931034.4827586199 -229181.19336328917 -0.044213188227656255 
934169.2789968645 -188926.76374781382 -0.0487489194773703 
937304.075235109 -136436.18383532687 -0.051173534944198025 
940438.8714733535 -70482.3012496712 -0.05124398418370256 
943573.667711598 3210.9049807780466 -0.04910301198254305 
946708.4639498425 74632.25653479132 -0.04516167449953131 
949843.260188087 136158.97779506972 -0.039795193482392376 
952978.0564263315 187088.65193368934 -0.03313422431061903 
956112.852664576 231734.53805630372 -0.025148358508367125 
959247.6489028205 273048.0900236536 -0.01593198863774176 
962382.445141065 308134.99812597205 -0.005900963638560365 
965517.2413793096 330075.16709642456 0.004301790768019269 
968652.0376175541 334075.230548962 0.014100900250928654 
971786.8338557986 321651.06813058053 0.023194030146422618 
974921.6300940431 298658.4723904914 0.0314759985306063 
978056.4263322876 269350.02640301303 0.0387807787409604 
981191.2225705321 232675.9010381463 0.04472583870120805 
984326.0188087766 184625.75940017003 0.04883236283282153 
987460.8150470211 124079.6474971362 0.05080484106233893 
990595.6112852657 55979.72146086166 0.050686143811766574 
993730.4075235102 -11501.451139647783 0.048729718677487086 
996865.2037617547 -74827.88828718748 0.045212902890569354 
999999.9999999992 -84710.75444560582 0.037856479743079575 
