#x u 
0.0 149627.97524866217 0.03936658982875355 
3134.796238244514 213477.89200844272 0.03426999508360426 
6269.592476489028 353061.3934687338 0.031698034770959435 
9404.38871473354 476579.00423846784 0.02778970513419616 
12539.184952978056 581731.882035005 0.02280970782813021 
15673.98119122257 664387.477000236 0.01694758059048 
18808.777429467085 721351.2731171863 0.010430093022500978 
21943.5736677116 750420.4336491904 0.0035092739804903177 
25078.369905956115 750470.8562211927 -0.0035472485905743267 
28213.16614420063 721500.5909622785 -0.010466599154056599 
31347.962382445145 664629.9172517054 -0.016981206609693208 
34482.75862068966 582058.0225126198 -0.022839151262350303 
37617.55485893417 476977.9596942594 -0.02781390654982721 
40752.35109717868 353453.1720002532 -0.031713098818926234 
43887.14733542319 216260.3596492004 -0.034385946409448906 
47021.943573667704 70704.76500566024 -0.03572909037694138 
50156.739811912215 -77584.98099942777 -0.0356905913802973 
53291.53605015673 -222874.51787549417 -0.034271938174681715 
56426.33228840124 -359545.50313831563 -0.03152799004140876 
59561.12852664575 -482312.87346280174 -0.027564855381008543 
62695.92476489026 -586429.2179396661 -0.022535788504231782 
65830.72100313478 -667868.360327631 -0.016635263291974 
68965.51724137929 -723481.0511804174 -0.010091452895530623 
72100.3134796238 -751116.7492381495 -0.0031574062869718453 
75235.10971786831 -749706.782800047 0.003898737137802829 
78369.90595611282 -719305.6752303576 0.01080411650229404 
81504.70219435733 -661089.0365413289 0.017291700972159582 
84639.49843260185 -577308.102585646 0.023110615830398064 
87774.29467084636 -471202.6798265407 0.02803584379590944 
90909.09090909087 -346875.8621089795 0.03187692643570476 
94043.88714733538 -209135.36413100595 0.03448532918738815 
97178.68338557989 -63307.60724564562 0.03576018518669081 
100313.4796238244 84968.25310958929 0.03565219578640004 
103448.27586206891 229958.39340183593 0.034165536933721326 
106583.07210031342 366056.048804716 0.0313576976865121 
109717.86833855794 487998.32664340624 0.02733725711296039 
112852.66457680245 591069.7223128594 0.022259685541937524 
115987.46081504696 671284.4677140834 0.016321332529561257 
119122.25705329147 725540.6607993534 0.009751834027140438 
122257.05329153598 751740.2160409868 0.0028052323651126744 
125391.84952978049 748869.9973422843 -0.0042498475570424965 
128526.645768025 717040.9959831459 -0.011140585988443408 
131661.44200626953 657484.0385902616 -0.01760051825923675 
134796.23824451404 572502.1911045533 -0.02337983896221575 
137931.03448275855 465381.69928316836 -0.028255061921199597 
141065.83072100306 340264.90966441546 -0.03203766239545708 
144200.62695924757 201990.08513851603 -0.03458136732636108 
147335.42319749208 55904.309451736444 -0.03578781171263272 
150470.2194357366 -92343.28437829934 -0.03561034238229564 
153605.0156739811 -237019.96588449687 -0.034055822069581895 
156739.81191222562 -372531.0916833054 -0.031184364033183726 
159874.60815047013 -493636.4501839206 -0.027107007478156416 
163009.40438871464 -595652.9004295942 -0.02198142367284448 
166144.20062695915 -674635.4690325041 -0.016005818805174644 
169278.99686520366 -727529.9021885834 -0.009411269354698258 
172413.79310344817 -752290.7735899945 -0.00245278637134064 
175548.58934169268 -747960.5810054538 0.004600545795042331 
178683.3855799372 -714706.7728657686 0.011475974979237732 
181818.1818181817 -653815.2730375204 0.017907628519570017 
184952.97805642622 -567640.7541817208 0.023646794546578927 
188087.77429467073 -459515.5826253285 0.02847153966432367 
191222.57053291524 -333620.95584499015 0.03219529110883643 
194357.36677115975 -194825.2156730492 0.03467405151188794 
197492.16300940426 -48495.589649797505 0.035811967275344976 
200626.95924764877 99709.35952118677 0.03556503522723272 
203761.75548589329 244058.55044062817 0.033942804223211796 
206896.5517241378 378970.0037771596 0.031008005892586583 
210031.3479623823 499226.6972579679 0.02687412880788694 
213166.14420062682 600178.3077798001 0.021701029884819985 
216300.94043887133 677921.0392783233 0.015688752719638356 
219435.73667711584 729448.5824169574 0.009069791908652104 
222570.53291536035 752768.3684880837 0.002100102488441032 
225705.32915360486 746978.6219913913 -0.0049507978385271885 
228840.12539184937 712303.2322682242 -0.011810250946204371 
231974.9216300939 650083.0957067705 -0.018213001967364365 
235109.7178683384 562724.2633147893 -0.023911456692186143 
238244.5141065829 453604.89879183716 -0.028685256029689805 
241379.31034482742 326944.6450298445 -0.0323497972878595 
244514.10658307193 187641.45063594764 -0.03476337275477969 
247648.90282131644 41082.166391555955 -0.03583264953204461 
250783.69905956095 -107065.76415082946 -0.03551627871672768 
253918.49529780546 -251073.46399598243 -0.03382649433661185 
257053.29153604998 -385372.1385800834 -0.03082863936017181 
260188.0877742945 -504768.18662637606 -0.026638628146859897 
263322.884012539 -604642.3683094456 -0.021418387572814713 
266457.6802507835 -681120.2003414729 -0.015369218042050235 
269592.476489028 -731191.8078696715 -0.008722635252988343 
272727.27272727253 -752745.7614024972 -0.0017276333658378632 
275862.06896551704 -744480.3459993685 0.0053667534144319125 
278996.86520376155 -705708.829817641 0.012332314377728639 
282131.66144200607 -636218.3249105487 0.018978173973162787 
285266.4576802506 -536518.8526027678 0.025147133724090887 
288401.2539184951 -408813.5130845198 0.030676376685449157 
291536.0501567396 -258568.00018484576 0.03532791549054258 
294670.8463949841 -95706.8417542725 0.038733274195791444 
297805.6426332286 66118.907386293 0.040423712867036346 
300940.43887147313 213091.54202924581 0.03998733329871834 
304075.23510971764 336398.72758256947 0.03729758830472647 
307210.03134796215 435634.42301184096 0.03265844562247966 
310344.82758620667 517168.29034492356 0.026717171202150048 
313479.6238244512 587602.4011525416 0.0201506602552825 
316614.4200626957 646843.2098266564 0.013333399201451145 
319749.2163009402 686580.323049777 0.006253088725867563 
322884.0125391847 695977.7155958731 -0.0012427387482586798 
326018.8087774292 670036.8623247889 -0.009076683513644478 
329153.60501567373 613318.5339517621 -0.01678273307111581 
332288.40125391824 535714.5909985781 -0.023710010007521258 
335423.19749216276 444386.2710605029 -0.029399938236277862 
338557.99373040727 339642.1126329483 -0.03378022911615328 
341692.7899686518 218571.03210467543 -0.037000597963717005 
344827.5862068963 82442.8409287724 -0.03909291170712124 
347962.3824451408 -59891.682724823935 -0.03981185424227749 
351097.1786833853 -196206.47600045777 -0.03882150331187339 
354231.9749216298 -318451.14193563565 -0.03603276778707978 
357366.77115987433 -425953.7606680244 -0.0317393727230938 
360501.56739811884 -521157.2776273498 -0.02640987574008999 
363636.36363636336 -602580.751730077 -0.020351237760206357 
366771.15987460787 -662571.1968991623 -0.013591277330777269 
369905.9561128524 -692343.5747663585 -0.006095051436817443 
373040.7523510969 -689119.1877063718 0.0019221574102583731 
376175.5485893414 -657939.7226811817 0.009924939858876177 
379310.3448275859 -606298.2056173052 0.017315632216912485 
382445.1410658304 -537238.8369254099 0.02376043422703431 
385579.93730407493 -448142.1724345082 0.029252605679601584 
388714.73354231945 -336391.78443967854 0.03385762327649473 
391849.52978056396 -205848.2178505579 0.03741853495009924 
394984.32601880847 -67180.25120547999 0.03954000195942462 
398119.122257053 68460.38711802456 0.03987461238104588 
401253.9184952975 195956.30190226765 0.03841528602887497 
404388.714733542 316283.857565959 0.03548920141294774 
407523.5109717865 430262.3113676957 0.03146034888145265 
410658.307210031 532769.866305422 0.026451784307970384 
413793.10344827553 613696.8379588566 0.02037548291639191 
416927.89968652005 664800.8013454763 0.013232047686131093 
420062.69592476456 685399.4364148846 0.005357023071398785 
423197.49216300907 681032.3557721257 -0.0026546287106620136 
426332.2884012536 656582.7574209806 -0.010277003447797858 
429467.0846394981 611133.9615276144 -0.017300700613648516 
432601.8808777426 539966.9117810571 -0.023750984814530127 
435736.6771159871 441554.0848487739 -0.029574588632596627 
438871.4733542316 322115.7550540978 -0.03443563126328944 
442006.26959247614 192836.51920614112 -0.037845169482713596 
445141.06583072065 62527.74890564699 -0.039496616386979384 
448275.86206896516 -66718.61487810744 -0.03946119873406568 
451410.65830720967 -196508.26489050433 -0.03804298224984369 
454545.4545454542 -325138.0793746453 -0.0354487999183114 
457680.2507836987 -444178.60401979054 -0.03162058364040101 
460815.0470219432 -542436.9944996228 -0.026404320426133693 
463949.8432601877 -613319.0210192762 -0.019873625818269885 
467084.6394984322 -658019.1396569106 -0.012461434238636165 
470219.43573667674 -681332.6484943572 -0.004753413409483904 
473354.23197492125 -684610.5177866266 0.0028491180939505846 
476489.02821316576 -663342.2426336886 0.010253111706249646 
479623.82445141027 -611943.0987044084 0.017465945205801213 
482758.6206896548 -530706.7907172616 0.024286342984745947 
485893.4169278993 -427571.4836170239 0.030230687912896036 
489028.2131661438 -312765.9397811421 0.03478306095351502 
492163.0094043883 -191852.86559215872 0.037715937987667945 
495297.8056426328 -64336.63939914029 0.03915294661076756 
498432.60188087734 70877.01411205815 0.03931470490746712 
501567.39811912185 209104.2275586908 0.03821993195979331 
504702.19435736636 339495.1602353389 0.03565864434722704 
507836.99059561087 451244.2389261505 0.0314657077032697 
510971.7868338554 540066.6979050786 0.0258049389756888 
514106.5830720999 608321.8216317021 0.01916082586025429 
517241.3793103444 658826.963701084 0.012040422302014188 
520376.1755485889 689012.6054875538 0.004690815792055569 
523510.9717868334 691673.9738383342 -0.0028805296368134533 
526645.768025078 661600.080533093 -0.010614972721492316 
529780.5642633225 601144.2542989474 -0.01815885880601061 
532915.360501567 518877.45202217845 -0.02493475343197429 
536050.1567398115 422700.9950368726 -0.03046427582838213 
539184.952978056 314580.2826572636 -0.034613987044770575 
542319.7492163006 192316.81770207244 -0.03751584065450762 
545454.5454545451 56342.64658952143 -0.039254535359374516 
548589.3416927896 -85781.91075429038 -0.03965730815869381 
551724.1379310341 -222085.27982852206 -0.03841175606348176 
554858.9341692786 -343457.70454254135 -0.0353900777032598 
557993.7304075231 -448037.20399925526 -0.030838910248592283 
561128.5266457676 -538300.4730744654 -0.02523314501243709 
564263.3228840121 -614109.8384303044 -0.01894324173731718 
567398.1191222566 -669196.2644716701 -0.012059447884127193 
570532.9153605012 -694914.8078272301 -0.0045493381212610194 
573667.7115987457 -687429.4962024692 0.0034269168166687833 
576802.5078369902 -650846.0780800494 0.011385945231471547 
579937.3040752347 -593036.9225879391 0.018723965911554792 
583072.1003134792 -518546.37213117257 0.02505138472233988 
586206.8965517237 -425990.7755321538 0.030318981723815693 
589341.6927899682 -312599.1112917764 0.03461413523797363 
592476.4890282127 -180996.92915894702 0.03785139423506732 
595611.2852664572 -40951.047181059665 0.03969115589024868 
598746.0815047018 95929.9000453597 0.03977840072778354 
601880.8777429463 223155.6349519371 0.03805488287484033 
605015.6739811908 340860.1647082487 0.03481890630886469 
608150.4702194353 450479.6436086672 0.03047007234184125 
611285.2664576798 548401.7594299027 0.02520527557761895 
614420.0626959243 625450.3526750659 0.018981063951225077 
617554.8589341688 672909.9277729506 0.011775202945262579 
620689.6551724133 688892.727428955 0.003863934509638324 
623824.4514106578 678463.0663461504 -0.004186356918278863 
626959.2476489024 647464.1986124674 -0.011815024214657945 
630094.0438871469 596573.8056312599 -0.018750932997111 
633228.8401253914 521829.1567714814 -0.024997647363016014 
636363.6363636359 421018.23508421105 -0.03054741662136256 
639498.4326018804 299129.49599582946 -0.035135768360272296 
642633.2288401249 167011.44175564905 -0.038304471152186 
645768.0250783694 34501.94732743909 -0.03971466647365705 
648902.8213166139 -94927.06224839452 -0.03938711016743359 
652037.6175548584 -222575.68191698572 -0.037621426581369743 
655172.413793103 -347845.2947505331 -0.034682229111526075 
658307.2100313475 -463689.44870596926 -0.030583200481932707 
661442.006269592 -559154.1154308775 -0.025194239080560232 
664576.8025078365 -626549.1299350557 -0.01855280776781879 
667711.598746081 -665954.0069429986 -0.01104177250539739 
670846.3949843255 -682532.3292009194 -0.003235234764616216 
673981.19122257 -679550.5306218418 0.004433462135874497 
677115.9874608145 -654316.0187325273 0.011834381356935948 
680250.783699059 -601072.4967038308 0.01896309780898175 
683385.5799373036 -517689.06954181695 0.025616489519185222 
686520.3761755481 -409296.4937356879 0.03128557020830187 
689655.1724137926 -285514.06751953677 0.03541401653883475 
692789.9686520371 -154646.53190171684 0.03778680244674637 
695924.7648902816 -21036.13267487989 0.03865933837776432 
699059.5611285261 112164.65304742577 0.03848241342768887 
702194.3573667706 238753.06701660412 0.037478169799433116 
705329.1536050151 349428.0499347886 0.03546935049833286 
708463.9498432596 436888.48691110825 0.032108808609920256 
711598.7460815042 500972.24650294386 0.027262578106452554 
714733.5423197487 547972.222043604 0.021168663331467486 
717868.3385579932 583943.123363 0.014247264674091742 
721003.1347962377 608163.3589700409 0.006800102644801892 
724137.9310344822 613202.2587426046 -0.001070790018301546 
727272.7272727267 591670.8526128508 -0.009254514666255547 
730407.5235109712 543082.8274124404 -0.017386935281755625 
733542.3197492157 474172.82462657185 -0.0248654004087089 
736677.1159874602 392679.77182932576 -0.03113629235255921 
739811.9122257048 301191.2001422448 -0.03597044855789315 
742946.7084639493 197378.89017822896 -0.03944585836596002 
746081.5047021938 80152.82586414414 -0.041661110478477495 
749216.3009404383 -44966.3328434243 -0.042485084490029974 
752351.0971786828 -167112.18976969633 -0.041609579268987604 
755485.8934169273 -276834.8756270398 -0.03885179657126154 
758620.6896551718 -371434.382131146 -0.034389105687242884 
761755.4858934163 -453438.680409956 -0.02867763695697185 
764890.2821316608 -523999.82380884525 -0.022136416426925834 
768025.0783699054 -578306.1325220147 -0.014922909163010454 
771159.8746081499 -607962.4485296076 -0.007027506642916776 
774294.6708463944 -607935.205155709 0.0014226362679918454 
777429.4670846389 -580831.2152104992 0.009981310688123631 
780564.2633228834 -534053.174451108 0.018026273169887842 
783699.0595611279 -472830.79540611524 0.025089623217193095 
786833.8557993724 -396424.61022128095 0.031040636138051674 
789968.6520376169 -301425.1236765866 0.035940903230418625 
793103.4482758614 -188576.94610171005 0.0397351907895725 
796238.244514106 -65826.64216496375 0.04211254968061167 
799373.0407523505 55755.26850196314 0.04269118032025488 
802507.836990595 169051.9209900218 0.04133799541394562 
805642.6332288395 273711.5997524444 0.03829002400648122 
808777.429467084 371921.0675562512 0.03395088115272159 
811912.2257053285 461766.2799543058 0.028574706512828993 
815047.021943573 535329.2267980592 0.02216570759297074 
818181.8181818175 583669.7611330345 0.014692317732728553 
821316.614420062 603580.0842140294 0.006382180222781054 
824451.4106583066 599112.5203131867 -0.0022223108945803797 
827586.2068965511 576349.3447263285 -0.010517541459995453 
830721.0031347956 536954.6808084953 -0.01814680422174568 
833855.7993730401 477289.6753391182 -0.02505170131387495 
836990.5956112846 393983.93247978465 -0.031225470660535992 
840125.3918495291 290034.60383945104 -0.036439653216976994 
843260.1880877736 174922.48489756818 -0.040242293296522125 
846394.9843260181 58500.71583114324 -0.042238738620787086 
849529.7805642626 -55064.58819612529 -0.04236718412293043 
852664.5768025072 -167098.36132812107 -0.04088469424615853 
855799.3730407517 -278352.3810973585 -0.03808164136013176 
858934.1692789962 -383632.1479908142 -0.03402551800304843 
862068.9655172407 -472939.89293044957 -0.02860151233411338 
865203.7617554852 -538094.7837394329 -0.021802681635331354 
868338.5579937297 -578017.8455619898 -0.013957968640652883 
871473.3542319742 -597255.0857975015 -0.005649872203987448 
874608.1504702187 -599396.7862431869 0.0026016646059228606 
877742.9467084632 -582383.7345577239 0.010568148437012778 
880877.7429467078 -540668.822067993 0.018225938800457545 
884012.5391849523 -471957.24340111495 0.025458039312995014 
887147.3354231968 -381401.6996459566 0.03187039101166354 
890282.1316614413 -278775.28707745054 0.03692756556902785 
893416.9278996858 -171498.4828070909 0.04027577417679672 
896551.7241379303 -60725.44906087428 0.041922790343888475 
899686.5203761748 55548.57539853243 0.0420931677341225 
902821.3166144193 175797.08696930195 0.040916447187524296 
905956.1128526638 291901.74207362364 0.038279151779337536 
909090.9090909084 393116.6983661907 0.03399650123919529 
912225.7053291529 473062.54468652484 0.028121095772610613 
915360.5015673974 532562.0631726772 0.021059559115767637 
918495.2978056419 575489.2608586022 0.013368001869661026 
921630.0940438864 602126.924113283 0.005432908962052303 
924764.8902821309 607116.3352774326 -0.0026372847910774515 
927899.6865203754 584219.1445165346 -0.010807613038480709 
931034.4827586199 532914.7973260236 -0.01882657671158825 
934169.2789968645 459895.4492392846 -0.026168268700847926 
937304.075235109 373853.6219730687 -0.03227977052352203 
940438.8714733535 278975.84252686886 -0.03688536258357116 
943573.667711598 173880.9147985453 -0.040038432654427004 
946708.4639498425 56986.15592776277 -0.04187588353199606 
949843.260188087 -67495.11189003922 -0.04234073299248159 
952978.0564263315 -189397.46395741834 -0.041169693843903656 
956112.852664576 -298626.18863596115 -0.0381614087479272 
959247.6489028205 -391203.97720961855 -0.03344350990163655 
962382.445141065 -469161.6473582832 -0.027455624563073204 
965517.2413793096 -534557.7683874278 -0.020661847607137955 
968652.0376175541 -584066.4316616799 -0.013288359594820595 
971786.8338557986 -609947.7803890473 -0.005353271937525236 
974921.6300940431 -606474.4684151052 0.0030532184444318792 
978056.4263322876 -575120.9444369046 0.011544604015120703 
981191.2225705321 -523093.47627284634 0.01951777967699666 
984326.0188087766 -456747.48868046695 0.02646532578753662 
987460.8150470211 -376776.92870738986 0.03220436879289961 
990595.6112852657 -280161.07953082945 0.036793359800335025 
993730.4075235102 -166642.52150767122 0.04023182336108317 
996865.2037617547 -45318.58932717185 0.042383721523054536 
999999.9999999992 149627.9752397124 0.03936658982834332 
