#x u 
0.0 -40272.48948638509 -0.04940858487807826 
3134.796238244514 -61997.1697562105 -0.046612495349564145 
6269.592476489028 -103401.13935489526 -0.04302603823643362 
9404.38871473354 -139560.70815915702 -0.0377186952322904 
12539.184952978056 -170058.06928480277 -0.030940612278801773 
15673.98119122257 -193246.28802530703 -0.022932458363655615 
18808.777429467085 -207448.58731036098 -0.01396815033825501 
21943.5736677116 -210912.56053328712 -0.004339185542898879 
25078.369905956115 -202033.81671860898 0.005649485808107143 
28213.16614420063 -179937.2655625771 0.015667452173282644 
31347.962382445145 -145379.5302103221 0.025331804279335825 
34482.75862068966 -101598.52811279567 0.03418165821013023 
37617.55485893417 -54432.92930211287 0.04168476272956549 
40752.35109717868 -11101.665460945223 0.04730367665449815 
43887.14733542319 22303.89301985449 0.05061870872136632 
47021.943573667704 43534.805158824376 0.05145779319830237 
50156.739811912215 55378.31681323951 0.04995387644280475 
53291.53605015673 64115.2391438296 0.046474006120651806 
56426.33228840124 75727.8357134211 0.04144244866060735 
59561.12852664575 92145.46300687004 0.035162795403449076 
62695.92476489026 110159.3808323984 0.027759899977592036 
65830.72100313478 123885.90213857777 0.019282267768117804 
68965.51724137929 128957.12253139119 0.009881844635976243 
72100.3134796238 125206.20695093 -7.651368942294398e-05 
75235.10971786831 115863.07432976231 -0.01006631428049611 
78369.90595611282 104250.73044780688 -0.01956549389744821 
81504.70219435733 91058.44959878319 -0.028195708139795432 
84639.49843260185 74544.24551326904 -0.035726459438599714 
87774.29467084636 53162.28793540719 -0.04196666333563027 
90909.09090909087 27852.223351099412 -0.04666984050851743 
94043.88714733538 1728.6972361530934 -0.04955621414937043 
97178.68338557989 -22388.179917570473 -0.05043120590412533 
100313.4796238244 -43999.832900517635 -0.049280874528525524 
103448.27586206891 -64457.838456921774 -0.046249964109271596 
106583.07210031342 -84578.38491269012 -0.041529354795827304 
109717.86833855794 -102910.08194761892 -0.0352707285377741 
112852.66457680245 -116504.26586503591 -0.027613439937442513 
115987.46081504696 -123392.5769934344 -0.018787467291288502 
119122.25705329147 -124182.87470844862 -0.009174183448143346 
122257.05329153598 -121114.74421128046 0.0007506078332504528 
125391.84952978049 -115583.88213387656 0.010544577975711636 
128526.645768025 -106745.42759589342 0.019877524613565706 
131661.44200626953 -92661.18371989604 0.02849305203603583 
134796.23824451404 -72772.45406251246 0.03610857234114723 
137931.03448275855 -49080.86079736844 0.042373097395266235 
141065.83072100306 -24773.6969557096 0.0469402743000861 
144200.62695924757 -1712.4562395363027 0.04959124931729911 
147335.42319749208 20606.98119914846 0.050287494077748685 
150470.2194357366 43565.872202593426 0.04910496066566432 
153605.0156739811 67009.31723895273 0.046122973010372846 
156739.81191222562 88482.83554404108 0.04138589120608014 
159874.60815047013 104956.05071921798 0.034976055262863084 
163009.40438871464 115252.9884745316 0.02711662886941106 
166144.20062695915 120662.96057526849 0.018188886724664774 
169278.99686520366 123115.2552644689 0.008636087975730298 
172413.79310344817 122856.21266979643 -0.001156722435876396 
175548.58934169268 118082.29868871727 -0.010893985862016401 
178683.3855799372 106917.76275453091 -0.02029360470011971 
181818.1818181817 89653.21546182255 -0.028998564640798485 
184952.97805642622 68881.41309382595 -0.03658400122760511 
188087.77429467073 47371.84190269622 -0.04266645780482157 
191222.57053291524 25896.658258125608 -0.047013458701524555 
194357.36677115975 3264.9007247960944 -0.049549562174811754 
197492.16300940426 -21505.174169543727 -0.05026181383839082 
200626.95924764877 -47196.23329267787 -0.04911077719541428 
203761.75548589329 -70713.16686562503 -0.04604462853021108 
206896.5517241378 -89413.31468294837 -0.041102486984863275 
210031.3479623823 -103030.42714184485 -0.034496407591833735 
213166.14420062682 -113203.1651549144 -0.026581096680497206 
216300.94043887133 -121134.43326720558 -0.017735809142608604 
219435.73667711584 -125867.22432242267 -0.008272783496089882 
222570.53291536035 -125006.78785530198 0.0015434261497941392 
225705.32915360486 -117139.3139799991 0.011399558223995545 
228840.12539184937 -103407.26725230768 0.020876053827292605 
231974.9216300939 -86582.47166611537 0.02950374367172881 
235109.7178683384 -68602.39371698149 0.036890008848342995 
238244.5141065829 -49143.12608569361 0.042795940329451186 
241379.31034482742 -26704.897879435346 0.04709639439268365 
244514.10658307193 -1038.5248783970092 0.04967626737207115 
247648.90282131644 25671.672619691653 0.05038116613904048 
250783.69905956095 50146.76928388679 0.04908087878578839 
253918.49529780546 70501.82532256102 0.04578266921190859 
257053.29153604998 87304.4233422082 0.040676176014510776 
260188.0877742945 102127.04616545775 0.03406072952412365 
263322.884012539 115149.62628806019 0.026226670321119566 
266457.6802507835 124361.91165625936 0.017407878972171893 
269592.476489028 127226.59186614232 0.007845402539307536 
272727.27272727253 123070.64959926883 -0.0021167500839748225 
275862.06896551704 113701.3008460908 -0.012017870640465216 
278996.86520376155 101603.75754971974 -0.021377774178878314 
282131.66144200607 87613.17883787595 -0.029817675108968003 
285266.4576802506 70497.42878444568 -0.03709247990970056 
288401.2539184951 48870.1593930932 -0.04301475752934192 
291536.0501567396 23397.71652102121 -0.04736328515147619 
294670.8463949841 -3049.2406987688446 -0.04988347185864736 
297805.6426332286 -27490.375803083367 -0.05038812863717601 
300940.43887147313 -49008.86106820072 -0.04885903810341501 
304075.23510971764 -68755.69863444321 -0.04544623192285152 
307210.03134796215 -87819.18023278376 -0.04036657016891472 
310344.82758620667 -105236.15349737834 -0.033806125363602696 
313479.6238244512 -118268.24324004367 -0.02592394118367168 
316614.4200626957 -124679.62122953363 -0.016945436144456365 
319749.2163009402 -124643.80530980334 -0.00723712690520167 
322884.0125391847 -120292.43280055077 0.0027279205537784636 
326018.8087774292 -113392.30336110908 0.012491085033420751 
329153.60501567373 -103597.02883644472 0.02170293365194183 
332288.40125391824 -89106.57629585246 0.030107116439710806 
335423.19749216276 -69028.35370099903 0.03744524322362968 
338557.99373040727 -44938.569408700816 0.0433968885567391 
341692.7899686518 -19978.981207989927 0.04763059163408365 
344827.5862068963 3588.9646753685993 0.049923217677571595 
347962.3824451408 25833.595123202183 0.05023101806147577 
351097.1786833853 48118.92444223893 0.04864404304633829 
354231.9749216298 70712.9289024216 0.0452754460552421 
357366.77115987433 91590.33488982293 0.04020270556446077 
360501.56739811884 107723.05021323083 0.033520189564223944 
363636.36363636336 117532.49146532585 0.025442548036253253 
366771.15987460787 121953.37790515303 0.016342376229737676 
369905.9561128524 123014.67333827709 0.006672416845829688 
373040.7523510969 121447.93327597447 -0.0031579790122219314 
376175.5485893414 115847.84049291251 -0.01283586386262902 
379310.3448275859 104269.06978736087 -0.022086089851826078 
382445.1410658304 86574.58854014409 -0.03057775612974235 
385579.93730407493 65054.5968953321 -0.037908876862379356 
388714.73354231945 42648.25331796557 -0.04369937859093111 
391849.52978056396 20614.788426999054 -0.04770733872261808 
394984.32601880847 -1926.897446885523 -0.049857212430813154 
398119.122257053 -26140.803373335562 -0.05015917535012524 
401253.9184952975 -51288.670847439076 -0.048610630696361776 
404388.714733542 -74551.56493830767 -0.04518682277417314 
407523.5109717865 -93081.32343325077 -0.03993083135862623 
410658.307210031 -106159.14264631146 -0.03304580197544352 
413793.10344827553 -115224.40254538725 -0.024887137436368587 
416927.89968652005 -121772.94976028489 -0.015854967857248235 
420062.69592476456 -125358.36444226393 -0.0062897117077038685 
423197.49216300907 -123813.71397688027 0.0035317147745728057 
426332.2884012536 -115468.77275222674 0.013308814596698805 
429467.0846394981 -101032.95457175243 0.022645781428160792 
432601.8808777426 -83159.89741232211 0.031085506398795967 
435736.6771159871 -64140.952231570234 0.03822827602648357 
438871.4733542316 -44134.76965101536 0.04382431932849633 
442006.26959247614 -21769.02032452007 0.04775560374988175 
445141.06583072065 3549.586466034947 0.04993694599235741 
448275.86206896516 30079.98661422987 0.05024906552548993 
451410.65830720967 54616.639583232085 0.04857998429735451 
454545.4545454542 74905.69818973953 0.04493442669189964 
457680.2507836987 91103.4077411134 0.039496491495347584 
460815.0470219432 104779.50832570283 0.032577127979505294 
463949.8432601877 116547.09446560411 0.024496252089709163 
467084.6394984322 124839.20533043172 0.015515383717497205 
470219.43573667674 127139.82782971158 0.005881182609983166 
473354.23197492125 122389.72457505981 -0.004078272014925329 
476489.02821316576 112046.50946250543 -0.013919454373001378 
479623.82445141027 98687.5635153747 -0.023161998721024778 
482758.6206896548 83620.82556704187 -0.03141222248992213 
485893.4169278993 66003.29723008341 -0.03841643732855063 
489028.2131661438 44373.81113785798 -0.04400199486547445 
492163.0094043883 18962.183849464556 -0.04798070668057797 
495297.8056426328 -7683.0727790549245 -0.05012694132420217 
498432.60188087734 -32440.838078815654 -0.050261868765357556 
501567.39811912185 -53936.25880709153 -0.04836113543632294 
504702.19435736636 -73031.60878231499 -0.044575868886748284 
507836.99059561087 -91011.25793596462 -0.039145165211243726 
510971.7868338554 -107405.40154998915 -0.03228936450768559 
514106.5830720999 -119772.45529800019 -0.024190723065609453 
517241.3793103444 -125695.07070846169 -0.01507353051640693 
520376.1755485889 -124912.12475801838 -0.005288877259416592 
523510.9717868334 -119361.23889749922 0.004697436070851394 
526645.768025078 -111097.48791718105 0.014414878237839766 
529780.5642633225 -100279.30344410532 0.02349506172798789 
532915.360501567 -85333.1096163354 0.03167816093399938 
536050.1567398115 -65109.362260490845 0.038726920901941166 
539184.952978056 -40742.80072878297 0.0443525998763098 
542319.7492163006 -15236.380703888863 0.048243195135198126 
545454.5454545451 8822.263520779085 0.0501748574344872 
548589.3416927896 31043.872174357773 0.05009769165914417 
551724.1379310341 52682.33482752686 0.0481115460260755 
554858.9341692786 74363.6972937902 0.044360276369815474 
557993.7304075231 94524.68485077171 0.03895571838935329 
561128.5266457676 110236.64395928377 0.0320083596071137 
564263.3228840121 119578.86122977934 0.023726663198782003 
567398.1191222566 123092.6395873393 0.014472253725082524 
570532.9153605012 122810.04683747166 0.004702372645240062 
573667.7115987457 119895.49179665375 -0.005152306057266483 
576802.5078369902 113388.84519698189 -0.014759878540773246 
579937.3040752347 101371.88300941265 -0.023848280579122437 
583072.1003134792 83324.17878026076 -0.032111219665311316 
586206.8965517237 61177.98146432926 -0.03917258861154717 
589341.6927899682 37944.40414622049 -0.044660556994067444 
592476.4890282127 15331.28152009494 -0.04832580449347584 
595611.2852664572 -7172.785452461339 -0.05009012020366718 
598746.0815047018 -30820.31735658689 -0.04998258022053365 
601880.8777429463 -55324.550432213946 -0.04803611479604324 
605015.6739811908 -78211.72851318162 -0.04425603716008091 
608150.4702194353 -96522.58769557804 -0.03869344540600693 
611285.2664576798 -109107.61097163559 -0.03154321035837733 
614420.0626959243 -117134.3948648989 -0.023157658887362407 
617554.8589341688 -122302.07399374087 -0.013953172335528667 
620689.6551724133 -124662.92876136868 -0.004297244301974678 
623824.4514106578 -122356.5526051819 0.005517822824874628 
626959.2476489024 -113542.90206973272 0.01520091222413533 
630094.0438871469 -98501.5917692754 0.024380384771196317 
633228.8401253914 -79684.13436539107 0.03261556012176167 
636363.6363636359 -59652.18178585105 0.03950391873074429 
639498.4326018804 -39050.58861961638 0.044785036798039045 
642633.2288401249 -16720.2594666367 0.0483443411510123 
645768.0250783694 8199.851088300318 0.05012324343338393 
648902.8213166139 34426.725677892464 0.05003831492631657 
652037.6175548584 58920.02306251326 0.0479999657628184 
655172.413793103 79130.73850718114 0.04401359370718762 
658307.2100313475 94783.36329216507 0.038256547341605995 
661442.006269592 107353.12775126006 0.03104681765938818 
664576.8025078365 117820.80264160092 0.022730441471329396 
667711.598746081 125093.23433143625 0.01359745955450285 
670846.3949843255 126770.72781841623 0.003903938213561417 
673981.19122257 121467.79160889602 -0.006035808691561603 
677115.9874608145 110254.41727462731 -0.015797765120245652 
680250.783699059 95703.97107651577 -0.024906355416613925 
683385.5799373036 79543.47589176055 -0.03295597913760859 
686520.3761755481 61363.51528604858 -0.039682769452025514 
689655.1724137926 39722.89774669368 -0.044924887275337194 
692789.9686520371 14459.172963090816 -0.04852542534436602 
695924.7648902816 -12255.4097293048 -0.050290361032893485 
699059.5611285261 -37255.9338571054 -0.05005372451363836 
702194.3573667706 -58748.8906490163 -0.04778677067025829 
705329.1536050151 -77249.7097973556 -0.043638885876234594 
708463.9498432596 -94145.80460167606 -0.037866858105817046 
711598.7460815042 -109431.86892589967 -0.030723597362013407 
714733.5423197487 -121029.83392255608 -0.022417174610562987 
717868.3385579932 -126433.8089139398 -0.013174492563695328 
721003.1347962377 -124970.13855596163 -0.0033316654397957876 
724137.9310344822 -118310.83333130274 0.006656638161383932 
727272.7272727267 -108709.33736606402 0.016312681961915883 
730407.5235109712 -96814.98123822431 0.025250322240966107 
733542.3197492157 -81356.77968484984 0.03320328302950542 
736677.1159874602 -61013.5527463465 0.03995198377027717 
739811.9122257048 -36482.366208211795 0.04523955973402807 
742946.7084639493 -10544.506989107722 0.04877753523035873 
746081.5047021938 13969.917898612437 0.0503453471585262 
749216.3009404383 36212.07650668433 0.04988691263493036 
752351.0971786828 57241.687748932396 0.0475079596129568 
755485.8934169273 77966.64416936642 0.04337937377594013 
758620.6896551718 97298.79347752617 0.03764766489003823 
761755.4858934163 112498.80703845507 0.03044318046558933 
764890.2821316608 121377.04376582606 0.021971092239918142 
768025.0783699054 124061.84458914978 0.012580635555450746 
771159.8746081499 122497.31988674554 0.002728811646042836 
774294.6708463944 118214.27214496821 -0.007136014405337003 
777429.4670846389 110725.80022835766 -0.016662280370676803 
780564.2633228834 98233.53825440127 -0.02557731244798619 
783699.0595611279 79893.0621403075 -0.03359721614630759 
786833.8557993724 57241.500761170915 -0.04037391280683866 
789968.6520376169 33266.304292603585 -0.04554856070926082 
793103.4482758614 10069.183644014964 -0.04886721579082104 
796238.244514106 -12449.258477264488 -0.05024721980355682 
799373.0407523505 -35536.725502833004 -0.04973231483957949 
802507.836990595 -59313.22070818159 -0.04738883648037919 
805642.6332288395 -81702.50900444279 -0.04325438195061673 
808777.429467084 -99729.94437748552 -0.03739216547626425 
811912.2257053285 -111855.0077877075 -0.02999021933646904 
815047.021943573 -118916.59481923687 -0.021394721859849045 
818181.8181818175 -122724.34450413313 -0.012033527412968467 
821316.614420062 -123798.75582999617 -0.0022992410264032572 
824451.4106583066 -120650.09711313207 0.00749809417931217 
827586.2068965511 -111359.82416484255 0.017073138354923606 
830721.0031347956 -95799.9693726904 0.02607795796076085 
833855.7993730401 -76149.19051285594 0.03409205266775539 
836990.5956112846 -55149.3784061576 0.04071466746191772 
840125.3918495291 -33915.85125050372 0.04567580542270815 
843260.1880877736 -11576.599318571054 0.04886122777861981 
846394.9843260181 12912.797801185628 0.05023522556146179 
849529.7805642626 38722.62959909576 0.04975004291610457 
852664.5768025072 63059.077583291146 0.047342128562095284 
855799.3730407517 83161.29434946811 0.043021182417221894 
858934.1692789962 98321.13592504949 0.036957466925914166 
862068.9655172407 109836.4815025854 0.02947182947056272 
865203.7617554852 118979.16884492303 0.020932452304127835 
868338.5579937297 125140.83246880423 0.011657877396357421 
871473.3542319742 126125.69261728396 0.0019170228109413375 
874608.1504702187 120294.52676852135 -0.007986843617300081 
877742.9467084632 108311.08209615602 -0.017650678891115976 
880877.7429467078 92654.16883578882 -0.026608397230479783 
884012.5391849523 75401.46629775327 -0.03444603164688991 
887147.3354231968 56601.150512634704 -0.04088872178377146 
890282.1316614413 34922.42852646767 -0.04578162282808692 
893416.9278996858 9873.74145056209 -0.04899684240665686 
896551.7241379303 -16776.726760581972 -0.05037413734966463 
899686.5203761748 -41910.416942606986 -0.04976497206002263 
902821.3166144193 -63382.80940003059 -0.04713809089887453 
905956.1128526638 -81355.49273873118 -0.042637533113384696 
909090.9090909084 -97258.9254371266 -0.03653175705439924 
912225.7053291529 -111488.30128903736 -0.029104594740766074 
915360.5015673974 -122272.98168469002 -0.02059662448036346 
918495.2978056419 -126957.4697614928 -0.011248247641021936 
921630.0940438864 -124433.88245967418 -0.0013846608425351539 
924764.8902821309 -116254.80660721337 0.008563025197324376 
927899.6865203754 -105269.06504645204 0.018137150188018307 
931034.4827586199 -93096.70982966403 0.02695931316987755 
934169.2789968645 -78873.91542648856 0.034756439191412344 
937304.075235109 -60382.822785097494 0.04128559583423762 
940438.8714733535 -36359.32437180176 0.04625024914591568 
943573.667711598 -7810.103096744591 0.04932089748951866 
946708.4639498425 22585.18867187844 0.05027062965570384 
949843.260188087 51927.09856778045 0.04911169849507366 
952978.0564263315 77752.69647859364 0.046101585463877465 
956112.852664576 97549.38710712011 0.04160001631760412 
959247.6489028205 108387.99888596787 0.03589346993268501 
962382.445141065 107938.28604198722 0.0291289503736041 
965517.2413793096 96434.48959356846 0.021391984488484422 
968652.0376175541 77642.46817919784 0.01283319576878728 
971786.8338557986 57369.92739327677 0.003720124747338738 
974921.6300940431 40291.59021946418 -0.005616152629657468 
978056.4263322876 27620.84308122078 -0.014860438394850742 
981191.2225705321 17555.283206956636 -0.023726514126348387 
984326.0188087766 7914.397525454144 -0.03190044590143556 
987460.8150470211 -1585.041422108785 -0.03899895689371047 
990595.6112852657 -9442.991176522337 -0.044617667479413786 
993730.4075235102 -14477.787311326523 -0.04844426241015818 
996865.2037617547 -16261.003303189787 -0.050394867778504625 
999999.9999999992 -40272.489555356464 -0.04940858488123976 
