#x u 
0.0 -145351.8390033811 -0.040640978280791204 
3134.796238244514 -204604.77833163893 -0.03552975155612049 
6269.592476489028 -339995.9012605872 -0.032897262427448185 
9404.38871473354 -458922.2452309405 -0.028840586586869135 
12539.184952978056 -560187.1675100474 -0.02367254633357635 
15673.98119122257 -639788.0601353531 -0.017589015691202674 
18808.777429467085 -694648.3960139619 -0.01082531967550379 
21943.5736677116 -722646.6961722742 -0.003643008796630849 
25078.369905956115 -722700.268055351 0.003680177132886333 
28213.16614420063 -694807.0400048359 0.010861050711678491 
31347.962382445145 -640045.6424004145 0.017621927751498092 
34482.75862068966 -560533.6970149196 0.023701365319013293 
37617.55485893417 -459345.9286383663 0.02886427172696169 
40752.35109717868 -340395.26555298053 0.03291099752337626 
43887.14733542319 -208281.52670174238 0.03568505593052437 
47021.943573667704 -68113.54681354776 0.03707917418439483 
50156.739811912215 74688.38209838283 0.0370394417695977 
53291.53605015673 214602.1132829071 0.035567395137544776 
56426.33228840124 346217.18651733897 0.032719958291914875 
59561.12852664575 464444.05045877566 0.02860724153896217 
62695.92476489026 564710.8754576711 0.023388283524934127 
65830.72100313478 643140.3460874502 0.017264901215897712 
68965.51724137929 696699.5968277936 0.010473885641088261 
72100.3134796238 723317.4928927567 0.0032778451901761723 
75235.10971786831 721964.7209572508 -0.004044949446100201 
78369.90595611282 692693.5926756477 -0.011211325996062805 
81504.70219435733 636636.0217915084 -0.01794416087122534 
84639.49843260185 555959.753063559 -0.023983095528008338 
87774.29467084636 453784.53563415864 -0.029094604525618302 
90909.09090909087 334061.4824138544 -0.033081025948563964 
94043.88714733538 201420.2806513755 -0.03578820498761313 
97178.68338557989 60990.16205221265 -0.03711145510212066 
100313.4796238244 -81798.44447350972 -0.03699960624574015 
103448.27586206891 -221423.90735096624 -0.03545698361074028 
106583.07210031342 -352486.9136851546 -0.03254324037293603 
109717.86833855794 -469919.260545359 -0.028371050904983985 
112852.66457680245 -569179.8422361998 -0.02310175366142151 
115987.46081504696 -646430.2547327668 -0.01693911222496804 
119122.25705329147 -698683.2266610471 -0.010121435774260447 
122257.05329153598 -723918.1370016343 -0.002912363674323234 
125391.84952978049 -721159.152450214 0.004409329450587844 
128526.645768025 -690512.9628652016 0.01156051392420968 
131661.44200626953 -633164.6555737867 0.018264653635239547 
134796.23824451404 -551331.8880768572 0.02426249968132331 
137931.03448275855 -448179.1312930719 0.029322115517138453 
141065.83072100306 -327695.29955352674 0.03324784593436483 
144200.62695924757 -194539.4993918319 0.03588788304332952 
147335.42319749208 -53860.86201973716 0.03714013668001829 
150470.2194357366 88900.57343836641 0.036956182229972954 
153605.0156739811 228224.22611210108 0.03534313320683058 
156739.81191222562 358722.4540989169 0.03236336617294229 
159874.60815047013 475348.8944316589 0.02813210863938139 
163009.40438871464 573593.6057988871 0.022812983221185183 
166144.20062695915 649657.4678535392 0.016611680355257785 
169278.99686520366 700599.0930928739 0.009768004256784882 
172413.79310344817 724448.5702369858 0.0025465996965486773 
175548.58934169268 720283.6406660322 -0.004773281806204496 
178683.3855799372 688265.3621445314 -0.011908580632883532 
181818.1818181817 629631.880552421 -0.018583374965622037 
184952.97805642622 546650.5504710586 -0.02453955066069034 
188087.77429467073 442530.25743669504 -0.02954678255189588 
191222.57053291524 321297.33437497355 -0.03341144129971271 
194357.36677115975 187639.86400924437 -0.03598408105987479 
197492.16300940426 46726.36403296786 -0.03716521732194502 
200626.95924764877 -95994.12678034868 -0.03690917179766623 
203761.75548589329 -235002.66824675098 -0.03522584313141226 
206896.5517241378 -364923.3944034485 -0.03218034436350749 
210031.3479623823 -480731.2328183451 -0.02789049258689165 
213166.14420062682 -577948.3825263947 -0.022522154021630145 
216300.94043887133 -652821.7909106183 -0.01628263193358419 
219435.73667711584 -702464.5938964585 -0.009412819375338008 
222570.53291536035 -724941.9072977164 -0.0021790684706680086 
225705.32915360486 -719320.765192468 0.005135968809859839 
228840.12539184937 -685772.0492351655 0.012247289278097293 
231974.9216300939 -625760.8563648413 0.018887588512062046 
235109.7178683384 -542062.9110615366 0.024820946759544067 
238244.5141065829 -438130.17906655633 0.02982779321662096 
241379.31034482742 -316947.33350879845 0.0336670985917992 
244514.10658307193 -180852.11180484132 0.036082751734361915 
247648.90282131644 -33818.637899246314 0.03692226948755596 
250783.69905956095 115244.93418674488 0.03630089399926064 
253918.49529780546 252786.62714622912 0.034599623983564816 
257053.29153604998 366835.2518021955 0.03218918094668633 
260188.0877742945 454219.41201716027 0.029105990079310404 
263322.884012539 520821.7802340362 0.025044737720841957 
266457.6802507835 574056.2021799332 0.019704582953519977 
269592.476489028 615628.6434786151 0.01311947149643941 
272727.27272727253 641350.1216316087 0.00566237389965252 
275862.06896551704 645904.8185095883 -0.0021802714987418054 
278996.86520376155 626449.8514035286 -0.00998295193113478 
282131.66144200607 582886.7948488437 -0.017404941577098827 
285266.4576802506 516783.5216109274 -0.024153882600287828 
288401.2539184951 430696.2434884015 -0.029968793632811155 
291536.0501567396 327953.95321141434 -0.034624812221401555 
294670.8463949841 212529.6923822819 -0.037941890252436584 
297805.6426332286 88886.9140635586 -0.03979175640765091 
300940.43887147313 -38193.11883187096 -0.04010287641256448 
304075.23510971764 -163796.22484906914 -0.03886321926495319 
307210.03134796215 -283065.3352557639 -0.0361207224733813 
310344.82758620667 -391388.31675962266 -0.03198143831503439 
313479.6238244512 -484576.32257864974 -0.026605432797012142 
316614.4200626957 -559025.7750336074 -0.020200595908138004 
319749.2163009402 -611857.7157999772 -0.01301460251868147 
322884.0125391847 -641029.1351489512 -0.0053253347997845295 
326018.8087774292 -645411.9750787109 0.00256986347262412 
329153.60501567373 -624836.7512870262 0.010365685193648904 
332288.40125391824 -580099.1071246618 0.017760666146964095 
335423.19749216276 -512929.04608840105 0.024468842617952784 
338557.99373040727 -425924.03263234143 0.030230809602861855 
341692.7899686518 -322448.54828730307 0.03482375199332165 
344827.5862068963 -206503.98725049675 0.038070060830595304 
347962.3824451408 -82573.92257951644 0.03984420143923732 
351097.1786833853 44549.27345723698 0.040077567849617364 
354231.9749216298 169949.75028730996 0.038761135788921174 
357366.77115987433 288778.27484364784 0.03594581164953759 
360501.56739811884 396439.7512769046 0.03174046394023372 
363636.36363636336 488770.91318837693 0.026307713343848356 
366771.15987460787 562201.3170296934 0.019857644179859378 
369905.9561128524 613891.4110588215 0.012639680449398706 
373040.7523510969 641842.3407295793 0.004932940615835357 
376175.5485893414 644973.2443431878 -0.002964555898697742 
379310.3448275859 623163.0499410962 -0.010747413116343807 
382445.1410658304 577255.1571543673 -0.018114668157774152 
385579.93730407493 509024.822962621 -0.02478142946863895 
388714.73354231945 421110.5125543672 -0.030489893568313383 
391849.52978056396 316911.86994911614 -0.0350193143035612 
394984.32601880847 200458.25385455566 -0.038194539096344515 
398119.122257053 76252.92247367396 -0.039892782089306855 
401253.9184952975 -50901.10736885639 -0.04004837227157535 
404388.714733542 -176086.79275814097 -0.03865529297498541 
407523.5109717865 -294463.20660636656 -0.03576741453847692 
410658.307210031 -401452.7361731114 -0.031496411143535796 
413793.10344827553 -492918.099226933 -0.026007442376599025 
416927.89968652005 -565322.3326380032 -0.019512766512288057 
420062.69592476456 -615865.5666472346 -0.012263532491636756 
423197.49216300907 -642593.2957545766 -0.00454006799929494 
426332.2884012536 -644471.9593941452 0.0033589608004991403 
429467.0846394981 -621428.9096935141 0.011128098676458923 
432601.8808777426 -574355.22076499 0.0184669132758298 
435736.6771159871 -505071.2308936472 0.025091612835391634 
438871.4733542316 -416256.1501047939 0.030746020401311514 
442006.26959247614 -311344.4551843348 0.03521148018505985 
445141.06583072065 -194393.0785538158 0.0383153129768734 
448275.86206896516 -69924.52680276668 0.03993749364615347 
451410.65830720967 57248.0045195054 0.040015292510038686 
454545.4545454542 182206.75704638174 0.03854570108855461 
457680.2507836987 300119.5791777352 0.03558554844245336 
460815.0470219432 406426.78525237204 0.031249303594962443 
463949.8432601877 497017.47846993926 0.025704649017734588 
467084.6394984322 568388.5191596593 0.019165996354177844 
470219.43573667674 617779.9910971972 0.011886195126970409 
473354.23197492125 643281.9273908426 0.004146755053817649 
476489.02821316576 643908.1688498572 -0.003753039925761805 
479623.82445141027 619634.4987338602 -0.011507704952329688 
482758.6206896548 571399.5792135276 -0.018817367337828152 
485893.4169278993 501068.6533296959 -0.02539936263436367 
489028.2131661438 411361.41609512415 -0.030999165260806226 
492163.0094043883 305746.84396148496 -0.03540023100016754 
495297.8056426328 188309.04959325577 -0.03843237075864928 
498432.60188087734 63589.349340803725 -0.03997833177332388 
501567.39811912185 -63589.34934076664 -0.0399783317733241 
504702.19435736636 -188309.04959322093 -0.03843237075864994 
507836.99059561087 -305746.84396145365 -0.035400231000168585 
510971.7868338554 -411361.4160950969 -0.03099916526080761 
514106.5830720999 -501068.6533296741 -0.025399362634365416 
517241.3793103444 -571399.5792135113 -0.018817367337830133 
520376.1755485889 -619634.4987338501 -0.011507704952331822 
523510.9717868334 -643908.1688498538 -0.003753039925764037 
526645.768025078 -643281.9273908457 0.004146755053815426 
529780.5642633225 -617779.9910972072 0.011886195126968271 
532915.360501567 -568388.5191596765 0.01916599635417589 
536050.1567398115 -497017.47846996284 0.025704649017732888 
539184.952978056 -406426.7852524003 0.031249303594961034 
542319.7492163006 -300119.57917776797 0.03558554844245233 
545454.5454545451 -182206.75704641663 0.038545701088554 
548589.3416927896 -57248.00451954098 0.04001529251003849 
551724.1379310341 69924.52680273104 0.039937493646153684 
554858.9341692786 194393.07855378173 0.038315312976874065 
557993.7304075231 311344.455184303 0.035211480185060914 
561128.5266457676 416256.15010476473 0.03074602040131294 
564263.3228840121 505071.2308936232 0.025091612835393413 
567398.1191222566 574355.2207649729 0.018466913275831814 
570532.9153605012 621428.9096935045 0.011128098676461095 
573667.7115987457 644471.9593941427 0.0033589608005013833 
576802.5078369902 642593.2957545817 -0.004540067999292698 
579937.3040752347 615865.5666472465 -0.012263532491634609 
583072.1003134792 565322.3326380209 -0.01951276651228607 
586206.8965517237 492918.0992269561 -0.026007442376597294 
589341.6927899682 401452.7361731399 -0.031496411143534374 
592476.4890282127 294463.206606398 -0.035767414538475865 
595611.2852664572 176086.79275817517 -0.03865529297498481 
598746.0815047018 50901.107368891186 -0.04004837227157518 
601880.8777429463 -76252.92247363807 -0.03989278208930713 
605015.6739811908 -200458.25385451925 -0.03819453909634525 
608150.4702194353 -316911.8699490831 -0.03501931430356233 
611285.2664576798 -421110.51255433913 -0.03048989356831488 
614420.0626959243 -509024.8229625987 -0.024781429468640724 
617554.8589341688 -577255.1571543517 -0.01811466815777613 
620689.6551724133 -623163.0499410869 -0.010747413116345963 
623824.4514106578 -644973.2443431856 -0.0029645558986999875 
626959.2476489024 -641842.3407295848 0.004932940615833069 
630094.0438871469 -613891.4110588336 0.012639680449396532 
633228.8401253914 -562201.3170297118 0.01985764417985738 
636363.6363636359 -488770.9131884008 0.026307713343846614 
639498.4326018804 -396439.7512769331 0.03174046394023233 
642633.2288401249 -288778.2748436808 0.03594581164953659 
645768.0250783694 -169949.75028734573 0.0387611357889206 
648902.8213166139 -44549.27345727449 0.04007756784961722 
652037.6175548584 82573.92257947965 0.03984420143923759 
655172.413793103 206503.98725046203 0.03807006083059601 
658307.2100313475 322448.54828727234 0.034823751993322744 
661442.006269592 425924.03263231565 0.030230809602863333 
664576.8025078365 512929.0460883798 0.0244688426179546 
667711.598746081 580099.1071246467 0.017760666146966128 
670846.3949843255 624836.7512870176 0.01036568519365113 
673981.19122257 645411.9750787094 0.0025698634726264193 
677115.9874608145 641029.1351489563 -0.005325334799782244 
680250.783699059 611857.715799989 -0.013014602518679268 
683385.5799373036 559025.7750336259 -0.02020059590813602 
686520.3761755481 484576.32257867395 -0.026605432797010428 
689655.1724137926 391388.31675965234 -0.03198143831503302 
692789.9686520371 283065.33525579754 -0.036120722473380315 
695924.7648902816 163796.22484910476 -0.0388632192649526 
699059.5611285261 38193.11883190702 -0.040102876412564326 
702194.3573667706 -88886.91406352416 -0.039791756407651195 
705329.1536050151 -212529.69238224876 -0.0379418902524373 
708463.9498432596 -327953.95321138337 -0.034624812221402665 
711598.7460815042 -430696.2434883736 -0.02996879363281261 
714733.5423197487 -516783.52161090437 -0.02415388260028961 
717868.3385579932 -582886.7948488276 -0.017404941577100878 
721003.1347962377 -626449.8514035204 -0.009982951931136972 
724137.9310344822 -645791.1015996656 -0.0021750589741335617 
727272.7272727267 -640061.7025736115 0.005721432099992695 
730407.5235109712 -608537.3081410998 0.013444522185851751 
733542.3197492157 -548884.3196116453 0.020858404821084687 
736677.1159874602 -456420.40267322934 0.027996750448909424 
739811.9122257048 -328817.60467939643 0.03485412382123679 
742946.7084639493 -176236.22516952257 0.04092580699239197 
746081.5047021938 -25895.7118340108 0.04499978769516164 
749216.3009404383 91634.68602274862 0.0457837854398946 
752351.0971786828 168300.88446515563 0.043086629918931016 
755485.8934169273 229477.90244139876 0.03831164742430451 
758620.6896551718 311252.23113578244 0.03340604804708465 
761755.4858934163 421894.7445198282 0.029083597808965033 
764890.2821316608 528198.5472038751 0.02418543584154314 
768025.0783699054 584829.845011398 0.017011404010048997 
771159.8746081499 578421.6588462539 0.007326591448431247 
774294.6708463944 540060.2535303342 -0.00308092548819785 
777429.4670846389 512083.4267838559 -0.011936017274452863 
780564.2633228834 503639.6948726459 -0.01852650070957444 
783699.0595611279 481824.8130835267 -0.024120744628146697 
786833.8557993724 407855.299315293 -0.030318834242039745 
789968.6520376169 280217.7193342463 -0.03708157616885107 
793103.4482758614 139309.71523862146 -0.04252196247395893 
796238.244514106 28577.814832057295 -0.04468788909610398 
799373.0407523505 -47107.923937854284 -0.04346864445388407 
802507.836990595 -122235.56917973615 -0.04062638761242876 
805642.6332288395 -229960.78683221847 -0.03792397594363252 
808777.429467084 -362917.9767097558 -0.03531923691800998 
811912.2257053285 -476895.90222751687 -0.031122025577329036 
815047.021943573 -533642.7334126141 -0.02394330190056907 
818181.8181818175 -537919.1683678571 -0.01437947275190499 
821316.614420062 -529974.8661278771 -0.004652904175776541 
824451.4106583066 -541484.1240474887 0.0034224815271473603 
827586.2068965511 -561353.8370611337 0.010022491462392731 
830721.0031347956 -547374.8488414076 0.01679145525131929 
833855.7993730401 -471438.5017227151 0.024780832574160458 
836990.5956112846 -350731.1538313038 0.03302849133194807 
840125.3918495291 -232060.27501158108 0.03928390582639138 
843260.1880877736 -145727.36854237178 0.04212657664130888 
846394.9843260181 -77338.28450143755 0.0422594017245455 
849529.7805642626 12969.377465380207 0.041625669173659785 
852664.5768025072 144283.8148922171 0.04128491925919775 
855799.3730407517 290457.8839348387 0.04028456371618449 
858934.1692789962 403298.57968254655 0.036713328408151995 
862068.9655172407 459164.5173210576 0.029825660636913387 
865203.7617554852 480129.1536772102 0.02099872821894472 
868338.5579937297 507622.2958710974 0.012510077292459525 
871473.3542319742 556411.8564773864 0.005413624092064402 
874608.1504702187 597409.2243947614 -0.0012630859006541254 
877742.9467084632 587418.8327142809 -0.009169181445777209 
880877.7429467078 514559.61025830463 -0.018561243737149336 
884012.5391849523 411599.7759494552 -0.027703207475136382 
887147.3354231968 323175.9369854375 -0.034378013377589695 
890282.1316614413 261322.42803982913 -0.03793265545311024 
893416.9278996858 195971.91216125074 -0.03971753219916206 
896551.7241379303 90267.96664544103 -0.04146887374397473 
899686.5203761748 -56604.47785196001 -0.043343681540106954 
902821.3166144193 -204257.73793624915 -0.043678515055612106 
905956.1128526638 -309176.12961244624 -0.04072748811640436 
909090.9090909084 -366142.89663787826 -0.03455156503811197 
912225.7053291529 -409635.5646711383 -0.02707091607127257 
915360.5015673974 -473907.6549288393 -0.020222013898512154 
918495.2978056419 -553888.9280479004 -0.01415122222312025 
921630.0940438864 -608125.2837447285 -0.007334906984382708 
924764.8902821309 -600732.2788433416 0.0015120700731947306 
927899.6865203754 -538297.0326011025 0.011758762437919014 
931034.4827586199 -462971.8707953193 0.021187433212313936 
934169.2789968645 -409048.1898740154 0.027995153438071362 
937304.075235109 -368650.66654234816 0.03237523775024119 
940438.8714733535 -302541.01090134913 0.036028508778706704 
943573.667711598 -184546.5390626671 0.040130573206023167 
946708.4639498425 -32764.334409912743 0.04390242550502329 
949843.260188087 105395.1234186286 0.045294060234854834 
952978.0564263315 198729.1239583678 0.04306629528054741 
956112.852664576 260622.92030782043 0.03808426641300557 
959247.6489028205 330637.7157787323 0.03246373362593914 
962382.445141065 428860.38687708497 0.027466883802826064 
965517.2413793096 531178.2849568508 0.02235577997107414 
968652.0376175541 591596.1749773049 0.015401114316786684 
971786.8338557986 588221.3502108733 0.005975405018704772 
974921.6300940431 544652.5451001879 -0.0044811256881685385 
978056.4263322876 504367.56470489857 -0.013648427916186236 
981191.2225705321 485096.05012048583 -0.020430722779471354 
984326.0188087766 461151.5751663086 -0.02577730620591213 
987460.8150470211 392239.5950387767 -0.031370874564275425 
990595.6112852657 268359.13959885284 -0.037575860609197244 
993730.4075235102 123417.16320158273 -0.042811694074140295 
996865.2037617547 5610.070760445124 -0.04513129363189258 
999999.9999999992 -145351.8390036397 -0.04064097828080305 
