#x u 
0.0 125414399.23361021 5.7732200950418004 
3134.796238244514 -4113035.0041111563 -0.15620050968586263 
6269.592476489028 -961965.324318186 -0.005190409723413425 
9404.38871473354 -1088282.4400943175 -0.0059126817113650835 
12539.184952978056 -1089668.1416677963 -0.00260876659453367 
15673.98119122257 -1050970.0895527161 0.0007018932486924216 
18808.777429467085 -971559.8281986312 0.00398867565133408 
21943.5736677116 -854638.7146989579 0.007118496049992834 
25078.369905956115 -704803.4652019278 0.00996686913384085 
28213.16614420063 -527844.0609868234 0.012423838334217695 
31347.962382445145 -330520.9596596636 0.014398176979910735 
34482.75862068966 -120389.75743291562 0.01581696990633731 
37617.55485893417 94409.46265613432 0.016624696257659152 
40752.35109717868 305476.8700368364 0.016785833135100896 
43887.14733542319 504572.33683411515 0.016290566845013454 
47021.943573667704 684016.1476881594 0.015158934034909236 
50156.739811912215 836967.6384274977 0.01343920640942797 
53291.53605015673 957586.4520026823 0.01120129029435684 
56426.33228840124 1041176.6570496988 0.008530277140381841 
59561.12852664575 1084395.955494294 0.005524418896599041 
62695.92476489026 1085496.8058453822 0.0022964567846241154 
65830.72100313478 1044474.414718465 -0.00102705240002015 
68965.51724137929 963029.124532613 -0.00431236279472357 
72100.3134796238 844380.3193369095 -0.007429227621365008 
75235.10971786831 693063.8887573068 -0.010259513119170355 
78369.90595611282 514805.6705665989 -0.012699527816572437 
81504.70219435733 316428.5750092972 -0.014658140190036478 
84639.49843260185 105663.26246176464 -0.016056886917026662 
87774.29467084636 -109211.53015699767 -0.01683579073721796 
90909.09090909087 -319825.4910836422 -0.016961930348961464 
94043.88714733538 -518110.18979608535 -0.016433911864598305 
97178.68338557989 -696537.6968663598 -0.015278558858316594 
100313.4796238244 -848268.0257436723 -0.0135432899118773 
103448.27586206891 -967349.9030549928 -0.011291363618728326 
106583.07210031342 -1049037.6645995365 -0.008603409275983166 
109717.86833855794 -1090125.0867477194 -0.005581199127075531 
112852.66457680245 -1089125.7065312678 -0.0023462951234739862 
115987.46081504696 -1046229.5441904449 0.0009692704332491526 
119122.25705329147 -963139.5841687476 0.004235259097234573 
122257.05329153598 -842958.3971077414 0.007330440971261923 
125391.84952978049 -690183.4623759078 0.010141997626370833 
128526.645768025 -510694.3454433554 0.012562500568972075 
131661.44200626953 -311562.6054042495 0.014492357118358244 
134796.23824451404 -100648.0817346388 0.015849632302985764 
137931.03448275855 113869.97389740843 0.016580777226903147 
141065.83072100306 323834.7234627377 0.016663870242449627 
144200.62695924757 521281.645794772 0.016102794285822095 
147335.42319749208 698578.9831498831 0.014919407013637625 
150470.2194357366 848710.5407342251 0.013152130831569894 
153605.0156739811 965707.9429260403 0.010861844231906505 
156739.81191222562 1045050.2030377262 0.008137263787036894 
159874.60815047013 1083836.1652672878 0.005091404182741122 
163009.40438871464 1080720.314705458 0.0018491231947017162 
166144.20062695915 1035796.3082402289 -0.001465430220771192 
169278.99686520366 950611.8935164968 -0.004732766901428441 
172413.79310344817 828300.7083134843 -0.007833893287704913 
175548.58934169268 673627.6716277181 -0.010647277766677343 
178683.3855799372 492768.59607574594 -0.013055206335759387 
181818.1818181817 292864.76620699523 -0.014957804820035043 
184952.97805642622 81583.9140352474 -0.01628436664883593 
188087.77429467073 -133121.22387244087 -0.016993562881353078 
191222.57053291524 -343099.4120127133 -0.017064909043776486 
194357.36677115975 -540158.8574692125 -0.01649234852296031 
197492.16300940426 -716459.2908595662 -0.015287938564175152 
200626.95924764877 -865049.896940719 -0.013492144313993372 
203761.75548589329 -980287.7734856221 -0.011179134614264159 
206896.5517241378 -1057959.4270955336 -0.008449480696295985 
210031.3479623823 -1095196.1712879168 -0.00541492053377523 
213166.14420062682 -1090445.0935765111 -0.002187622263279085 
216300.94043887133 -1043648.3135305754 0.0011186891778307384 
219435.73667711584 -956504.4343212064 0.004381248042805772 
222570.53291536035 -832530.9547048789 0.007467123451942382 
225705.32915360486 -676785.6350335963 0.010244896854649882 
228840.12539184937 -495401.382063274 0.012602098703200088 
231974.9216300939 -295235.11387772433 0.014454782035756779 
235109.7178683384 -83769.40447424818 0.015743122905113482 
238244.5141065829 130898.55932172625 0.01642097677002946 
241379.31034482742 340272.5049357221 0.016453189557599758 
244514.10658307193 535977.1852994608 0.015825737773740696 
247648.90282131644 710367.541597997 0.014559347935680544 
250783.69905956095 856903.2241672545 0.012712311064106821 
253918.49529780546 970184.7828645529 0.010368294400059687 
257053.29153604998 1045872.1562218012 0.007619798962089073 
260188.0877742945 1080794.6002031032 0.004561928470309531 
263322.884012539 1073315.3372870167 0.0012998060906571549 
266457.6802507835 1023687.9570810299 -0.0020420553411320446 
269592.476489028 934081.2304015496 -0.005322981308159483 
272727.27272727253 808227.9436223892 -0.008403827886182652 
275862.06896551704 650987.0213784878 -0.01116581720754963 
278996.86520376155 468146.4941856519 -0.013515549457163276 
282131.66144200607 266491.89091984346 -0.01537522014757489 
285266.4576802506 53835.18689135352 -0.01667227425780171 
288401.2539184951 -161305.799662569 -0.017343060606932123 
291536.0501567396 -370353.35488202656 -0.017349803799893093 
294670.8463949841 -565287.9883426047 -0.016695193801822064 
297805.6426332286 -738910.3645689691 -0.015420073356364281 
300940.43887147313 -884779.6905379329 -0.01358627326592924 
304075.23510971764 -997184.2397999373 -0.01126145368514459 
307210.03134796215 -1071442.0088310544 -0.008520144829469396 
310344.82758620667 -1104444.0890838604 -0.005457472822879687 
313479.6238244512 -1095042.512236096 -0.002197748515702029 
316614.4200626957 -1043981.5410957435 0.001115523854659785 
319749.2163009402 -953485.7599122575 0.004342757784205931 
322884.0125391847 -826920.5650373868 0.007365301666092355 
326018.8087774292 -668810.0298254039 0.01008324311651523 
329153.60501567373 -485064.1580190965 0.012400836825582233 
332288.40125391824 -282986.43706863106 0.014219384804874577 
335423.19749216276 -70807.20368140985 0.015449496005445273 
338557.99373040727 143053.77836177888 0.01603375526541345 
341692.7899686518 350528.22433524416 0.01595881269132433 
344827.5862068963 543989.7970517776 0.015245746396803879 
347962.3824451408 716115.2526526963 0.013929367236566695 
351097.1786833853 859976.4334890931 0.012048111717741408 
354231.9749216298 969567.776059987 0.009654456075867977 
357366.77115987433 1040484.1675839206 0.006833309903378004 
360501.56739811884 1070254.9469492594 0.003706225887538277 
363636.36363636336 1058141.3106990592 0.00041302367124566365 
366771.15987460787 1004710.4559073538 -0.002914450887753517 
369905.9561128524 911680.9340680547 -0.0061634979258806165 
373040.7523510969 782192.956324558 -0.009229460392844748 
376175.5485893414 621146.6968886235 -0.011998667077873745 
379310.3448275859 435111.01069753413 -0.014348310441712274 
382445.1410658304 231694.16382100925 -0.016168417199494096 
385579.93730407493 18788.615114184668 -0.017387298849373678 
388714.73354231945 -195793.37754558772 -0.017977127950660473 
391849.52978056396 -404206.4192433258 -0.017936034814472875 
394984.32601880847 -598413.6980980926 -0.017266991292410255 
398119.122257053 -770476.5399362661 -0.01597657079822415 
401253.9184952975 -913310.7048302506 -0.014095045917328408 
404388.714733542 -1021411.0212264922 -0.01169565601971974 
407523.5109717865 -1091033.0285307958 -0.00889030634316125 
410658.307210031 -1119837.990221082 -0.005802600719420662 
413793.10344827553 -1106521.6890791478 -0.0025424624163709144 
416927.89968652005 -1050917.0575531207 0.0007950751439270414 
420062.69592476456 -954511.018234356 0.004109767069760438 
423197.49216300907 -820822.4164922391 0.007280314950799166 
426332.2884012536 -655177.331187323 0.010174126443610617 
429467.0846394981 -464008.28845193295 0.012676661765702018 
432601.8808777426 -254278.0447404653 0.014712311540970786 
435736.6771159871 -33477.851861763265 0.016235575950996606 
438871.4733542316 189983.67805840122 0.017200681515466797 
442006.26959247614 406644.68092098704 0.017539567207387974 
445141.06583072065 606548.1220542795 0.017169809061541072 
448275.86206896516 780270.426331811 0.016024338258981138 
451410.65830720967 919760.7303576064 0.014074963282969866 
454545.4545454542 1018579.5640710755 0.011332478159141346 
457680.2507836987 1071794.6895602543 0.00783548551184325 
460815.0470219432 1076160.3946114418 0.0036554029458566095 
463949.8432601877 1030856.3381292045 -0.0010720918415441823 
467084.6394984322 938333.0148804573 -0.006112544546106338 
470219.43573667674 804465.7445128425 -0.011133348974620006 
473354.23197492125 637652.2798395266 -0.015755960758392806 
476489.02821316576 447304.8369170009 -0.01963658866246207 
479623.82445141027 242596.44741294585 -0.022531922725755892 
482758.6206896548 31952.074514340242 -0.02432310607049891 
485893.4169278993 -176950.75151085804 -0.025005677477148824 
489028.2131661438 -377227.87112510845 -0.024670409549708054 
492163.0094043883 -563063.92978141 -0.023485812766421598 
495297.8056426328 -729820.6513896461 -0.021668961074084996 
498432.60188087734 -873524.8968323108 -0.019429866218767505 
501567.39811912185 -989907.2350877462 -0.016902724691557822 
504702.19435736636 -1073831.918232499 -0.014106119576419926 
507836.99059561087 -1119892.2293235962 -0.010968408416306795 
510971.7868338554 -1124057.554692739 -0.007411086166004676 
514106.5830720999 -1085323.6990117757 -0.0034381035408953342 
517241.3793103444 -1006229.6558126844 0.0008256323200397124 
520376.1755485889 -891978.2983893486 0.005162689169991859 
523510.9717868334 -748938.1845712633 0.00932538589731122 
526645.768025078 -583579.107613051 0.013084251042216848 
529780.5642633225 -402249.4097152742 0.01624276217575526 
532915.360501567 -211367.56266559954 0.018635566068312126 
536050.1567398115 -17405.169754993098 0.020135917781711515 
539184.952978056 173433.91301314815 0.020674211600765637 
542319.7492163006 355381.4044405345 0.020244991419748934 
545454.5454545451 522765.8373232253 0.01888561227899118 
548589.3416927896 669473.5242019102 0.016640957711228126 
551724.1379310341 788955.3155986865 0.013549512899922574 
554858.9341692786 875154.6550910745 0.009669513941870624 
557993.7304075231 923840.0351443787 0.0051230741853132995 
561128.5266457676 933327.299313683 0.00011321942369620178 
564263.3228840121 904055.9496421318 -0.005109593903700443 
567398.1191222566 837525.2412404848 -0.010307507216633047 
570532.9153605012 735666.1433304948 -0.015292052941120241 
573667.7115987457 601227.4094830594 -0.01991102148810439 
576802.5078369902 438673.256684899 -0.024008453385725544 
579937.3040752347 254525.02421557184 -0.027406854941621036 
583072.1003134792 56615.181120558285 -0.029936265370141952 
586206.8965517237 -147187.48810432208 -0.031484889930147336 
589341.6927899682 -349705.91864996887 -0.03202238197490208 
592476.4890282127 -544158.1834147519 -0.0315743051405439 
595611.2852664572 -723451.1823777411 -0.030176437444482965 
598746.0815047018 -880121.9069233194 -0.0278578934330507 
601880.8777429463 -1007300.9392518321 -0.024670773969111097 
605015.6739811908 -1099970.1224887206 -0.020733516673339978 
608150.4702194353 -1155423.2836105837 -0.01623847088844807 
611285.2664576798 -1172614.1783983454 -0.011409731760320492 
614420.0626959243 -1151193.4432061506 -0.006448450986199554 
617554.8589341688 -1091324.6288794838 -0.0015159921082631422 
620689.6551724133 -994510.5223280996 0.003234150725799736 
623824.4514106578 -864541.3400393036 0.007616165820635946 
626959.2476489024 -707473.3412045194 0.011413373458875373 
630094.0438871469 -530492.3231293634 0.01442796580089957 
633228.8401253914 -340637.49869340524 0.016534414058654343 
636363.6363636359 -144482.57078563035 0.017686464452386377 
639498.4326018804 51149.85456717089 0.017874527708882322 
642633.2288401249 238470.36302311573 0.01708104942106645 
645768.0250783694 409060.00623944995 0.01528284170909341 
648902.8213166139 555226.27077337 0.012499211482264901 
652037.6175548584 671256.9739706558 0.00883505426593454 
655172.413793103 753518.1919537482 0.004471161599043805 
658307.2100313475 799507.0446251971 -0.00039262963988009663 
661442.006269592 807025.178223576 -0.005587487063977605 
664576.8025078365 774475.9633206156 -0.01097238531934799 
667711.598746081 702065.0708355628 -0.01638735795208471 
670846.3949843255 592673.9495614675 -0.021619280522140343 
673981.19122257 451444.52373260306 -0.026424041145231492 
677115.9874608145 284396.4481104389 -0.03059024789081976 
680250.783699059 97362.43476859259 -0.03398553540115881 
683385.5799373036 -103841.14220733856 -0.036543524587810336 
686520.3761755481 -312417.98500963993 -0.03821041336051158 
689655.1724137926 -520080.9129244638 -0.03891158921073256 
692789.9686520371 -717861.5911868641 -0.03857694121558878 
695924.7648902816 -897708.4871101069 -0.03720092113645474 
699059.5611285261 -1053506.7444206798 -0.03487523499685803 
702194.3573667706 -1180733.579442237 -0.031758662107903804 
705329.1536050151 -1275361.1942866861 -0.028012610280053835 
708463.9498432596 -1333377.273607228 -0.023765755401198928 
711598.7460815042 -1351612.0252495382 -0.01913986320258367 
714733.5423197487 -1329145.228612624 -0.01430395788417634 
717868.3385579932 -1267897.6512625956 -0.00949326401518279 
721003.1347962377 -1171797.4588443502 -0.00496530517618635 
724137.9310344822 -1045341.5892052293 -0.000930965034886452 
727272.7272727267 -892952.4925323367 0.0024751820706635187 
730407.5235109712 -719650.9419562758 0.00516139602368426 
733542.3197492157 -532141.7819976779 0.007023650736698498 
736677.1159874602 -338932.7841508962 0.007932324138227035 
739811.9122257048 -149082.90019814734 0.007779507480653055 
742946.7084639493 29410.104622344286 0.006541028010924481 
746081.5047021938 190200.1567750447 0.004290274756216608 
749216.3009404383 327841.4925238774 0.0011496702417350619 
752351.0971786828 436764.44447096466 -0.002770664055439814 
755485.8934169273 511309.4187745558 -0.0073854811410653184 
758620.6896551718 547008.7530291007 -0.01258897942897157 
761755.4858934163 541955.6163707562 -0.018204065943595967 
764890.2821316608 496955.41185799264 -0.023985644500617524 
768025.0783699054 414372.221952919 -0.029681542274217588 
771159.8746081499 296889.1954227311 -0.03509489192024156 
774294.6708463944 147431.5428117581 -0.040090518145284026 
777429.4670846389 -29774.738945580248 -0.044546450339074437 
780564.2633228834 -228277.36042175276 -0.04830872531508315 
783699.0595611279 -439780.21215752984 -0.051203435766218226 
786833.8557993724 -655676.89305005 -0.053099043494342635 
789968.6520376169 -868404.5834378509 -0.053958269231367796 
793103.4482758614 -1071499.2673113123 -0.05382866006016121 
796238.244514106 -1258604.0565660591 -0.052783836857996175 
799373.0407523505 -1422772.5264902029 -0.050877446000198966 
802507.836990595 -1557078.2209309258 -0.048156710346347456 
805642.6332288395 -1656143.046016809 -0.04471838378105598 
808777.429467084 -1717201.8455065393 -0.040744274551347076 
811912.2257053285 -1739769.6567693858 -0.03647406115714545 
815047.021943573 -1724394.6410837544 -0.03213800153285212 
818181.8181818175 -1671875.6987645596 -0.027913137875229935 
821316.614420062 -1583766.8110508856 -0.02394098439758286 
824451.4106583066 -1463577.00404953 -0.02037981309751128 
827586.2068965511 -1317295.0606197861 -0.01742880488480576 
830721.0031347956 -1152535.149008519 -0.015291800199129001 
833855.7993730401 -977002.9803298839 -0.01411260509739533 
836990.5956112846 -797645.9718465055 -0.01394413440366701 
840125.3918495291 -621089.0076845223 -0.014778654375136828 
843260.1880877736 -454585.49202014686 -0.01660341877785254 
846394.9843260181 -306177.40271720564 -0.019421355253606866 
849529.7805642626 -183609.50928663515 -0.023215437084736123 
852664.5768025072 -92870.40211765913 -0.027896193655838303 
855799.3730407517 -37637.10569864791 -0.03329032765066916 
858934.1692789962 -19969.512119421823 -0.03918576539402814 
862068.9655172407 -41331.15891936037 -0.04539029911949337 
865203.7617554852 -102740.18612662122 -0.05174853335022231 
868338.5579937297 -203845.9530515057 -0.05810737294866341 
871473.3542319742 -341916.8425131214 -0.0642749250225023 
874608.1504702187 -511857.1376349084 -0.07002385110089726 
877742.9467084632 -707324.5022736966 -0.075142348688672 
880877.7429467078 -921916.0583538362 -0.07948546668385412 
884012.5391849523 -1149390.2584995886 -0.08297953138905008 
887147.3354231968 -1382968.8084915655 -0.08558193376869141 
890282.1316614413 -1614757.8121657865 -0.08724422891514606 
893416.9278996858 -1836192.4519002575 -0.08792040027898283 
896551.7241379303 -2039313.6674506653 -0.08761197766985875 
899686.5203761748 -2217808.745475768 -0.08640156857514743 
902821.3166144193 -2367010.9677519524 -0.08443845804563421 
905956.1128526638 -2483148.5389665724 -0.08189013644250696 
909090.9090909084 -2562879.14868941 -0.07890780229672938 
912225.7053291529 -2603764.2959646923 -0.0756363330356866 
915360.5015673974 -2605266.8273583357 -0.07225008510372087 
918495.2978056419 -2569256.102142353 -0.06896835509874621 
921630.0940438864 -2499503.3823084612 -0.06602708292508731 
924764.8902821309 -2400683.020199023 -0.06363062944206295 
927899.6865203754 -2277845.150923318 -0.061927988747830016 
931034.4827586199 -2136731.7537213676 -0.06103046570086949 
934169.2789968645 -1984342.4243457725 -0.0610434833926157 
937304.075235109 -1828870.9783003696 -0.062072007564940246 
940438.8714733535 -1678816.4981012887 -0.0641902639108933 
943573.667711598 -1541955.2057177192 -0.06740680573406671 
946708.4639498425 -1424979.4206540843 -0.07166141754477418 
949843.260188087 -1333859.6784016136 -0.07685590470638479 
952978.0564263315 -1274210.5589069598 -0.08288524239932453 
956112.852664576 -1250990.492636265 -0.08963782880853567 
959247.6489028205 -1267663.4743181847 -0.09697016466095768 
962382.445141065 -1325594.6050096618 -0.10469083544297395 
965517.2413793096 -1424227.396568852 -0.11257846032964414 
968652.0376175541 -1561762.1374968716 -0.12042036132362151 
971786.8338557986 -1735557.0924646973 -0.12803598751457268 
974921.6300940431 -1941862.979945514 -0.13526704344518728 
978056.4263322876 -2175328.6285583093 -0.14195430503777884 
981191.2225705321 -2429037.8061412447 -0.1479359797614083 
984326.0188087766 -2695280.796380504 -0.1530770711553055 
987460.8150470211 -2966456.246634594 -0.1573022705209485 
990595.6112852657 -3235363.158721457 -0.16059886780837382 
993730.4075235102 -3494904.2839753297 -0.16298635859292152 
996865.2037617547 -3735513.0499970503 -0.16459706435469482 
999999.9999999992 -4047448.467328798 -0.16101666645505472 
