#x u 
0.0 322956950.3068318 14.773121412362611 
3134.796238244514 -8180148.551920826 -0.39737015506478157 
6269.592476489028 112086.7810521422 -0.008326127582764934 
9404.38871473354 -82553.55972274239 -0.00778053586448075 
12539.184952978056 -61894.99662837837 0.002788411440426099 
15673.98119122257 -44325.206103723525 0.012998237054558017 
18808.777429467085 -25145.972268354788 0.022700626050941752 
21943.5736677116 -5191.254714526178 0.031516156525450166 
25078.369905956115 14873.982778421225 0.03910882233173263 
28213.16614420063 34325.11569736808 0.0451873666563041 
31347.962382445145 52349.48285176307 0.04951395979436158 
34482.75862068966 68134.50462363102 0.0519159946808784 
37617.55485893417 81016.07033341458 0.0522981230078145 
40752.35109717868 90559.084770279 0.05064845724528195 
43887.14733542319 96506.85911774001 0.04703593930184181 
47021.943573667704 98669.06873183235 0.04160208378990741 
50156.739811912215 96880.39228912018 0.034553272413330886 
53291.53605015673 91085.40857981716 0.026156371629181562 
56426.33228840124 81467.03829913106 0.016734202172210715 
59561.12852664575 68480.95954365958 0.006654957348745354 
62695.92476489026 52748.0543014842 -0.003686157287616389 
65830.72100313478 34900.53116079731 -0.01388815936890088 
68965.51724137929 15524.307416206342 -0.023561316146078284 
72100.3134796238 -4762.0385124213935 -0.0323375578806306 
75235.10971786831 -25198.64004351906 -0.03987863541781064 
78369.90595611282 -44889.994874970434 -0.0458881124707276 
81504.70219435733 -62953.05436832154 -0.05012802956735684 
84639.49843260185 -78685.62708129411 -0.05243425992972616 
87774.29467084636 -91606.72998496267 -0.05272346119507957 
90909.09090909087 -101349.83741227599 -0.05099055247389353 
94043.88714733538 -107542.18942456595 -0.04730272891491291 
97178.68338557989 -109817.65180595475 -0.041796792010200284 
100313.4796238244 -107968.06458996481 -0.03468014796860001 
103448.27586206891 -102085.59460999395 -0.026228943467861216 
106583.07210031342 -92548.02805443725 -0.01677687628393445 
109717.86833855794 -79855.33761058247 -0.006695469458905939 
112852.66457680245 -64477.90286008667 0.003626366493631811 
115987.46081504696 -46863.20865372804 0.013796231941073569 
119122.25705329147 -27578.690293275373 0.023426071330239454 
122257.05329153598 -7419.028049869463 0.032141255344557404 
125391.84952978049 12664.176688008534 0.0395968826896862 
128526.645768025 31770.192639200875 0.04549895533961197 
131661.44200626953 49208.55313449225 0.04962145712859752 
134796.23824451404 64470.528066857936 0.05181256224698292 
137931.03448275855 77067.5522664726 0.051992198518892696 
141065.83072100306 86431.72833324115 0.05014971706408931 
144200.62695924757 92009.45982395031 0.0463475893993754 
147335.42319749208 93473.57295401924 0.040727733569399155 
150470.2194357366 90846.58575335171 0.03351109662771627 
153605.0156739811 84410.96659862538 0.024985036989512144 
156739.81191222562 74498.92029617418 0.015483077248910819 
159874.60815047013 61378.30152770624 0.005367366248480776 
163009.40438871464 45348.92441535482 -0.004980435811155965 
166144.20062695915 26937.74263525408 -0.015164438114745434 
169278.99686520366 6968.649609060143 -0.02478569478910442 
172413.79310344817 -13594.36626723272 -0.03346336114997425 
175548.58934169268 -33897.555370966904 -0.04085918697405947 
178683.3855799372 -53307.88011151235 -0.04669414716060808 
181818.1818181817 -71293.86248097694 -0.05075264786041636 
184952.97805642622 -87228.20450238817 -0.052880873986308224 
188087.77429467073 -100349.01973329484 -0.05298984826564181 
191222.57053291524 -109951.80616332933 -0.05106632111324014 
194357.36677115975 -115637.99509526674 -0.047183427147550444 
197492.16300940426 -117377.3134142783 -0.0415000091411414 
200626.95924764877 -115327.55827297099 -0.03424616079585388 
203761.75548589329 -109605.52316325202 -0.025704108499822593 
206896.5517241378 -100253.28402620633 -0.01619595929412474 
210031.3479623823 -87436.74570553258 -0.0060804205016267215 
213166.14420062682 -71662.08297746297 0.004250856237245042 
216300.94043887133 -53766.05240841719 0.014387966988441601 
219435.73667711584 -34665.04884660535 0.02392862599075492 
222570.53291536035 -15098.90921916932 0.03250384113698381 
225705.32915360486 4386.707136844285 0.03979167914111972 
228840.12539184937 23224.909431685097 0.04551887362408701 
231974.9216300939 40632.86087718559 0.049461462206521034 
235109.7178683384 55675.314120484014 0.05145497183540982 
238244.5141065829 67554.43607023718 0.051412406096979224 
241379.31034482742 75850.96025288303 0.04933724904743627 
244514.10658307193 80483.49296996299 0.04532072200325448 
247648.90282131644 81441.76060747146 0.039525884404570055 
250783.69905956095 78585.27520935214 0.032172081388218664 
253918.49529780546 71730.50175721393 0.0235302082460814 
257053.29153604998 60942.94781929813 0.01392529831303083 
260188.0877742945 46725.52924653451 0.0037327043068853074 
263322.884012539 29891.7021299428 -0.006641340453431042 
266457.6802507835 11235.716410888766 -0.016789104017792548 
269592.476489028 -8674.97059176644 -0.0263252302376884 
272727.27272727253 -29386.203741294565 -0.03489543249149544 
275862.06896551704 -50262.20802071206 -0.04217587037198452 
278996.86520376155 -70345.62759495356 -0.047878130156008405 
282131.66144200607 -88552.14294981184 -0.051767601607593326 
285266.4576802506 -104027.36400296591 -0.05368698751458431 
288401.2539184951 -116315.41700225361 -0.053568599564021706 
291536.0501567396 -125177.0261088149 -0.05142782906463 
294670.8463949841 -130258.89282753752 -0.04734697274322603 
297805.6426332286 -130974.84944944837 -0.04146597643950435 
300940.43887147313 -126741.28993191285 -0.033986776012615225 
304075.23510971764 -117338.93297673287 -0.02518103641675242 
307210.03134796215 -103040.26499667022 -0.015385099434845345 
310344.82758620667 -84392.82360350588 -0.004977526552724692 
313479.6238244512 -61923.83766313101 0.005648108097399728 
316614.4200626957 -36133.15465529225 0.016097826895619463 
319749.2163009402 -7849.924851397431 0.025975248245045855 
322884.0125391847 21362.796776601812 0.03487689890083178 
326018.8087774292 49157.78544176367 0.04240274164797021 
329153.60501567373 72798.81506063906 0.04818559779770631 
332288.40125391824 89704.255652058 0.051925413166258635 
335423.19749216276 97776.71361767281 0.053411395071217595 
338557.99373040727 95469.2022375683 0.052529479062279366 
341692.7899686518 81876.88555644799 0.04926820302014353 
344827.5862068963 57118.34217286142 0.04373502280041026 
347962.3824451408 22877.181612431246 0.03617719356743862 
351097.1786833853 -17381.66393348531 0.02698510703671856 
354231.9749216298 -58924.29154507088 0.016659851733335132 
357366.77115987433 -96895.5658401491 0.005749617249045309 
360501.56739811884 -127541.60651228408 -0.0052189343444906605 
363636.36363636336 -148929.60058893237 -0.015787375144570317 
366771.15987460787 -161000.79590441743 -0.02558224191707838 
369905.9561128524 -165210.39828111316 -0.03431286747437919 
373040.7523510969 -164052.8907770586 -0.04176344189691663 
376175.5485893414 -160502.3683451661 -0.04778012569024041 
379310.3448275859 -157222.83410109978 -0.05224607224365796 
382445.1410658304 -155607.56514331832 -0.055046635060843285 
385579.93730407493 -155104.98305728208 -0.056045370218183246 
388714.73354231945 -153395.63210753218 -0.05509644722887358 
391849.52978056396 -147540.8797599746 -0.052098830787099516 
394984.32601880847 -135524.6741720525 -0.047065649602893715 
398119.122257053 -117269.40610256584 -0.04016667997443782 
401253.9184952975 -94565.5704005023 -0.031718418820423054 
404388.714733542 -70126.34242982074 -0.022131682419305215 
407523.5109717865 -46507.76425608512 -0.011851033172201049 
410658.307210031 -25518.971055523347 -0.0013150852059984044 
413793.10344827553 -8193.567545998638 0.009058562096437905 
416927.89968652005 5025.314046525658 0.01887915792417125 
420062.69592476456 14172.315645460418 0.027791959076373798 
423197.49216300907 19662.16026807038 0.03548753125643365 
426332.2884012536 21996.6553429864 0.04170101967093282 
429467.0846394981 21304.911473518267 0.04620220503540856 
432601.8808777426 17080.717430481396 0.0487925967930785 
435736.6771159871 8460.604850809304 0.0493249573067659 
438871.4733542316 -5067.368212180387 0.04773995416377026 
442006.26959247614 -23089.27186782677 0.04409387407846336 
445141.06583072065 -44343.66478591888 0.038553588381646235 
448275.86206896516 -67401.56003549186 0.03136116793918321 
451410.65830720967 -91338.32559147009 0.02279625627762013 
454545.4545454542 -115803.72142327813 0.013163683424146833 
457680.2507836987 -140491.12485287644 0.002806627655766083 
460815.0470219432 -164594.89233945034 -0.007881238135716638 
463949.8432601877 -186834.23986193936 -0.01847063440168435 
467084.6394984322 -206025.549593567 -0.028537234934926686 
470219.43573667674 -221616.28820142194 -0.037700448540140735 
473354.23197492125 -233639.79841607835 -0.045635085670305074 
476489.02821316576 -242161.79952456884 -0.052058627601864464 
479623.82445141027 -246826.73915624173 -0.05672148392225678 
482758.6206896548 -247008.83736707526 -0.059422946058857666 
485893.4169278993 -242431.0615176012 -0.06004621048136357 
489028.2131661438 -233606.93103085144 -0.05858263847482794 
492163.0094043883 -221625.9150995681 -0.05512313319779156 
495297.8056426328 -207480.69958738284 -0.0498256907510706 
498432.60188087734 -191617.4736560075 -0.04289043338943946 
501567.39811912185 -174164.68367854308 -0.034563188659497195 
504702.19435736636 -155585.79679289757 -0.025156214933753644 
507836.99059561087 -137046.9709131896 -0.015053890106758427 
510971.7868338554 -120075.25373745157 -0.004684282180346258 
514106.5830720999 -105820.86515657912 0.005528588986002823 
517241.3793103444 -94659.58363038587 0.015197534189641308 
520376.1755485889 -86528.13160546261 0.023971383174458204 
523510.9717868334 -81624.4178368669 0.03151675131964798 
526645.768025078 -80718.51272069677 0.037516259253639196 
529780.5642633225 -84720.81606001106 0.04169884705624457 
532915.360501567 -93932.53562204367 0.043882370449730784 
536050.1567398115 -107748.76421609061 0.0439931185430528 
539184.952978056 -125128.14386868259 0.04204800425524808 
542319.7492163006 -145353.36273535833 0.03812139283610431 
545454.5454545451 -168306.93670987827 0.03233208034016306 
548589.3416927896 -193995.4611233682 0.02486229786288191 
551724.1379310341 -221846.05351192848 0.01598413319341442 
554858.9341692786 -250542.79507340313 0.006057609927008416 
557993.7304075231 -278606.25788015604 -0.004509002346254816 
561128.5266457676 -305132.12580203195 -0.01530919393665205 
564263.3228840121 -329924.2048201979 -0.02596191012904865 
567398.1191222566 -352884.41928093706 -0.036100469700263864 
570532.9153605012 -373310.95608492405 -0.045354437005877525 
573667.7115987457 -389878.054339165 -0.05335860170476081 
576802.5078369902 -401385.09543513256 -0.059793163769495034 
579937.3040752347 -407570.08658751304 -0.06442434435002482 
583072.1003134792 -409204.15566565265 -0.06711196100113229 
586206.8965517237 -407403.5236952548 -0.06778341249800597 
589341.6927899682 -402869.0158892645 -0.0664077815080057 
592476.4890282127 -395791.06628078286 -0.06300308757876207 
595611.2852664572 -386421.1903285305 -0.057673931227969655 
598746.0815047018 -375591.3413843354 -0.0506425181895888 
601880.8777429463 -364524.2938700642 -0.04223893430940912 
605015.6739811908 -354061.4390656599 -0.03285393886468379 
608150.4702194353 -344111.83027774125 -0.02289113451836276 
611285.2664576798 -333968.36090921203 -0.012750923577446602 
614420.0626959243 -323283.0317299754 -0.0028416700786113237 
617554.8589341688 -312817.57576317387 0.0064166551334297545 
620689.6551724133 -304290.3355562185 0.014622423579466588 
623824.4514106578 -299520.533736099 0.021443656544586687 
626959.2476489024 -299723.91229135304 0.026651216364497656 
630094.0438871469 -305576.16558104457 0.030107833405672035 
633228.8401253914 -317799.1845746227 0.03172811026268592 
636363.6363636359 -337454.3994906043 0.03145130793787665 
639498.4326018804 -365450.52963872347 0.029253228864205203 
642633.2288401249 -401648.31926181976 0.02518186732401385 
645768.0250783694 -444444.0562401653 0.01937677283625363 
648902.8213166139 -491297.04533695115 0.012049530768044213 
652037.6175548584 -539752.9398443672 0.003443566614548572 
655172.413793103 -588048.7170913266 -0.006187480681773454 
658307.2100313475 -634848.2525891883 -0.01656445681361934 
661442.006269592 -678565.3137217839 -0.027352913061981593 
664576.8025078365 -717138.2533775084 -0.038158990443474206 
667711.598746081 -748609.9864068949 -0.048566776007008754 
670846.3949843255 -771982.3080630507 -0.05819171120079216 
673981.19122257 -787488.493503967 -0.06670935587696655 
677115.9874608145 -796005.5368250286 -0.07384520271401264 
680250.783699059 -798202.3091904605 -0.07935149148923613 
683385.5799373036 -794275.8727834099 -0.08300898910336842 
686520.3761755481 -784498.7679150583 -0.08466318098736693 
689655.1724137926 -769946.1542302631 -0.08426549112176157 
692789.9686520371 -752585.8641790312 -0.08188189222913507 
695924.7648902816 -734585.6072126956 -0.07766223256603046 
699059.5611285261 -717511.0767990503 -0.07180131362891472 
702194.3573667706 -702197.8316494289 -0.0645278560862965 
705329.1536050151 -689369.9368140182 -0.05612502594289049 
708463.9498432596 -680299.2111993204 -0.04695053786736561 
711598.7460815042 -676766.6177016781 -0.03742292172109595 
714733.5423197487 -680328.7852879543 -0.027974568156452353 
717868.3385579932 -691624.3542494528 -0.019005743772726368 
721003.1347962377 -710411.2860946027 -0.01087179382835805 
724137.9310344822 -736261.850889626 -0.003900719837399396 
727272.7272727267 -769165.2212027074 0.0015927113048362015 
730407.5235109712 -809405.3050025628 0.005324802236219922 
733542.3197492157 -856859.1956887109 0.0070855762064290185 
736677.1159874602 -910475.2971985366 0.006771051515919687 
739811.9122257048 -968499.3121893257 0.004378776227490321 
742946.7084639493 -1029233.113640004 -2.374777694465224e-05 
746081.5047021938 -1091565.8511949826 -0.006323007369891741 
749216.3009404383 -1154775.6743959214 -0.014352808906863102 
752351.0971786828 -1217877.8000230186 -0.023869541699003533 
755485.8934169273 -1279265.4514857724 -0.03454339404725765 
758620.6896551718 -1337066.8696724589 -0.045984623400586816 
761755.4858934163 -1389879.8138114468 -0.0577889777037657 
764890.2821316608 -1437153.6420533862 -0.06956835595902702 
768025.0783699054 -1478870.7313667166 -0.08095023704547037 
771159.8746081499 -1514914.8648399469 -0.09156310216845588 
774294.6708463944 -1544822.7041020868 -0.10103920354077267 
777429.4670846389 -1568182.4745035428 -0.1090462387137311 
780564.2633228834 -1585245.9331893043 -0.11532752204024241 
783699.0595611279 -1597098.1727955702 -0.11972014036771501 
786833.8557993724 -1605205.1482839033 -0.12214243591810506 
789968.6520376169 -1610809.701660079 -0.12257207760741902 
793103.4482758614 -1614781.272093848 -0.12104223863341228 
796238.244514106 -1618016.8557532805 -0.11766023387500853 
799373.0407523505 -1621899.1925610097 -0.11262596223287684 
802507.836990595 -1628272.4231751116 -0.10622551168253565 
805642.6332288395 -1638925.7226826102 -0.09879969602233545 
808777.429467084 -1655098.0858252016 -0.09071134748461876 
811912.2257053285 -1677476.1811578178 -0.08233338383482067 
815047.021943573 -1706616.3554622475 -0.0740549485243679 
818181.8181818175 -1743278.0893329137 -0.06628263351875788 
821316.614420062 -1788281.4681588924 -0.059419569403552155 
824451.4106583066 -1842039.2532026926 -0.05382984117472848 
827586.2068965511 -1904268.8178081461 -0.049811936529727485 
830721.0031347956 -1974183.1545530586 -0.04759545772174767 
833855.7993730401 -2050937.3564574455 -0.04735131352527148 
836990.5956112846 -2133848.499165391 -0.04919369146315455 
840125.3918495291 -2222186.2013980914 -0.05316483143229458 
843260.1880877736 -2314822.75866339 -0.05921606057993792 
846394.9843260181 -2410185.0412987494 -0.06720547169180213 
849529.7805642626 -2506604.089588832 -0.07691664694461386 
852664.5768025072 -2602711.7313537295 -0.08808224852208763 
855799.3730407517 -2697490.647542163 -0.10039422630914994 
858934.1692789962 -2789987.0811883304 -0.11350075817093322 
862068.9655172407 -2879080.9040891672 -0.12700762470866572 
865203.7617554852 -2963635.151350361 -0.14049832256070557 
868338.5579937297 -3042899.290048722 -0.1535666401750665 
871473.3542319742 -3116732.1867794315 -0.16584125597228377 
874608.1504702187 -3185402.689700784 -0.17699070631010205 
877742.9467084632 -3249206.316136652 -0.1867191095498798 
880877.7429467078 -3308352.8636514856 -0.19477297995615325 
884012.5391849523 -3363268.333906291 -0.2009652413616733 
887147.3354231968 -3414957.6745364126 -0.20519984376726846 
890282.1316614413 -3464967.6844103937 -0.20747555856768296 
893416.9278996858 -3514921.275112559 -0.2078674194354582 
896551.7241379303 -3566092.2234276426 -0.20650720507316997 
899686.5203761748 -3619473.6424012803 -0.20358373971723503 
902821.3166144193 -3676245.1141401995 -0.1993587639515024 
905956.1128526638 -3738063.841881076 -0.19417224981557563 
909090.9090909084 -3806759.5750260255 -0.18841820761748584 
912225.7053291529 -3883673.248114724 -0.18250237759047058 
915360.5015673974 -3969320.852814729 -0.17681350945030702 
918495.2978056419 -4063757.4504946354 -0.17172592958076402 
921630.0940438864 -4167251.3332643365 -0.16761606545043808 
924764.8902821309 -4280495.418738966 -0.16485805458750377 
927899.6865203754 -4404053.351540483 -0.16378511547042376 
931034.4827586199 -4537596.160114615 -0.1646426711470238 
934169.2789968645 -4679785.8137641065 -0.16757293813453486 
937304.075235109 -4829015.508373182 -0.1726409882074199 
940438.8714733535 -4984275.9655085085 -0.17986909312439192 
943573.667711598 -5145220.908793327 -0.18923707567815368 
946708.4639498425 -5311335.157253263 -0.20064434344781545 
949843.260188087 -5481114.547428179 -0.2138752750184322 
952978.0564263315 -5652233.197372353 -0.22861255886141868 
956112.852664576 -5822651.573286502 -0.2444961322907286 
959247.6489028205 -5991565.3780980725 -0.2611769848097399 
962382.445141065 -6159182.967052783 -0.2783190259228784 
965517.2413793096 -6325537.1585119115 -0.29555798717315884 
968652.0376175541 -6489617.339850884 -0.31247578427318445 
971786.8338557986 -6649841.596320296 -0.3286365343718932 
974921.6300940431 -6805473.106712777 -0.3436655319768771 
978056.4263322876 -6957503.233867046 -0.3573029116189649 
981191.2225705321 -7107994.217057872 -0.3693853245877397 
984326.0188087766 -7258487.333995348 -0.3797829449075587 
987460.8150470211 -7409140.886429508 -0.3883677044357975 
990595.6112852657 -7559562.87099671 -0.395056865982533 
993730.4075235102 -7710574.214426895 -0.399889963897635 
996865.2037617547 -7862447.858667681 -0.4031743358481917 
999999.9999999992 -8096708.285882229 -0.4016256327057363 
