#x u 
0.0 2833.561594922583 -0.049719004898775024 
3134.796238244514 18561.285753830743 -0.047667306842446626 
6269.592476489028 28956.411272742334 -0.043983848820847736 
9404.38871473354 38916.880262655104 -0.03856813371221764 
12539.184952978056 47347.40523586399 -0.03166213719637947 
15673.98119122257 53947.81774622333 -0.02353172953852328 
18808.777429467085 58462.04103878603 -0.014491351841120988 
21943.5736677116 60715.53978181281 -0.004890593911602757 
25078.369905956115 60621.170202618 0.004899283151528509 
28213.16614420063 58182.58160261222 0.014499705066968597 
31347.962382445145 53494.07413651727 0.023539423777358896 
34482.75862068966 46736.95226199669 0.031668873603243664 
37617.55485893417 38172.513700240816 0.038573688938453296 
40752.35109717868 28131.945060139522 0.04398686075964276 
43887.14733542319 17003.51486101754 0.04769906185804451 
47021.943573667704 5217.559199437732 0.0495667415170028 
50156.739811912215 -6770.159336085875 0.049517676614326864 
53291.53605015673 -18496.07599213085 0.04755376448848379 
56426.33228840124 -29506.749886910926 0.043750949568571236 
59561.12852664575 -39376.39855698806 0.03825628660528612 
62695.92476489026 -47723.362953680975 0.031282254067669574 
65830.72100313478 -54224.86618821541 0.02309853760642253 
68965.51724137929 -58629.495305334625 0.014021601317044802 
72100.3134796238 -60766.923415518395 0.0044024500817717695 
75235.10971786831 -60554.49623121973 -0.0053869437797834 
78369.90595611282 -58000.42830594469 -0.014968024670226938 
81504.70219435733 -53203.485377684905 -0.02397029244915651 
84639.49843260185 -46349.165100488375 -0.03204562966362799 
87774.29467084636 -37702.523855166146 -0.03888176324070014 
90909.09090909087 -27597.927026169113 -0.04421434007876817 
94043.88714733538 -16426.11910116727 -0.0478371495748947 
97178.68338557989 -4619.113592213191 -0.04961009778328033 
100313.4796238244 7366.512915145511 -0.04946462484438059 
103448.27586206891 19067.27656615861 -0.04740635619283099 
106583.07210031342 30030.709145068875 -0.04351488502204102 
109717.86833855794 39832.85500885146 -0.03794069441754516 
112852.66457680245 48094.665440529934 -0.030899338180131714 
115987.46081504696 54496.65645286822 -0.0226631053661624 
119122.25705329147 58791.263225565024 -0.013550490877084693 
122257.05329153598 60812.41343020095 -0.003913879270156959 
125391.84952978049 60481.94924271031 0.0058740819429052215 
128526.645768025 57812.64970433811 0.015434892565186771 
131661.44200626953 52907.736556456395 0.024398836307010147 
134796.23824451404 45956.88265860264 0.032419277704915615 
137931.03448275855 37228.87734410193 0.03918606650571234 
141065.83072100306 27061.232343772135 0.04443753116842952 
144200.62695924757 15847.130216373385 0.047970597695769564 
147335.42319749208 4020.2199896298134 0.04964864250012278 
150470.2194357366 -7962.152036009997 0.0494067756340268 
153605.0156739811 -19636.627856516767 0.04725435008268984 
156739.81191222562 -30551.755805831606 0.043274600084304234 
159874.60815047013 -40285.448179659026 0.037621422464293904 
163009.40438871464 -48461.30335563721 0.030513425449213115 
166144.20062695915 -54763.1612339562 0.022225475092504065 
169278.99686520366 -58947.32913991614 0.01307806621160128 
172413.79310344817 -60852.00541310359 0.0034249288619594134 
175548.58934169268 -60403.53627325079 -0.006360650394679576 
178683.3855799372 -57619.264009936305 -0.015900263471591417 
181818.1818181817 -52606.85635671427 -0.024825013787608017 
184952.97805642622 -45560.14298275346 -0.0327897814879917 
188087.77429467073 -36751.620104742906 -0.0394865692199378 
191222.57053291524 -26521.913065516273 -0.04465641238192564 
194357.36677115975 -15266.604361209385 -0.048099393277896085 
197492.16300940426 -3420.9364767671013 -0.04968237192918216 
200626.95924764877 8557.018929244012 -0.04934413459390425 
203761.75548589329 20204.074643356253 -0.0470977609007225 
206896.5517241378 31069.83933428825 -0.04303011805994821 
210031.3479623823 40734.13417361863 -0.03729850171085697 
213166.14420062682 48823.2411397782 -0.030124553303547467 
216300.94043887133 55024.35468389871 -0.021785689230026 
219435.73667711584 59097.67791197373 -0.012604373139787198 
222570.53291536035 60885.695524303446 -0.002935646279158995 
225705.32915360486 60319.264927898155 0.006846601944146038 
228840.12539184937 57420.289978690125 0.01636409225437311 
231974.9216300939 52300.87396001321 0.025248783557146944 
235109.7178683384 45158.984551650356 0.03315710507869479 
238244.5141065829 36270.79842498033 0.03978324223842974 
241379.31034482742 25980.021498522474 0.04487096249055877 
244514.10658307193 14684.597839308182 0.04822352382973866 
247648.90282131644 2821.321176510941 0.049711282799132235 
250783.69905956095 -9151.055900317944 0.04927670779939826 
253918.49529780546 -20769.561891549136 0.04693660383409092 
257053.29153604998 -31584.909482918738 0.04278146266062428 
260188.0877742945 -41178.86947388921 0.03697196347644631 
263322.884012539 -49180.4436895861 0.029732759458794288 
266457.6802507835 -55280.2114702478 0.02134379043237174 
269592.476489028 -59242.29495981589 0.012129457603854624 
272727.27272727253 -60913.48049628729 0.0024460789759523376 
275862.06896551704 -60229.14337990439 -0.0073318894601760295 
278996.86520376155 -57215.74690855609 -0.01682633392803073 
282131.66144200607 -51989.819042760675 -0.025670104515341307 
285266.4576802506 -44753.4462725654 -0.03352121285130164 
288401.2539184951 -35786.45893841167 -0.04007605678767305 
291536.0501567396 -25435.610199391347 -0.04508116068569298 
294670.8463949841 -14101.167097912556 -0.04834297731221006 
297805.6426332286 -2221.4322439320913 -0.04973537230598576 
300940.43887147313 9744.20533518805 -0.04920450179005164 
304075.23510971764 21333.03475601347 -0.04677089451298396 
307210.03134796215 32096.916296459327 -0.042528658002748326 
310344.82758620667 41619.6109467934 -0.03664183943112363 
313479.6238244512 49532.87636094907 -0.029338081913980598 
316614.4200626957 55530.70677814391 -0.020899821558112253 
319749.2163009402 59381.16625742489 -0.011653365664578884 
322884.0125391847 60935.35763426579 -0.0019562744341502097 
326018.8087774292 60133.18036991477 0.007816465876043677 
329153.60501567373 57005.654637614294 0.017286943660992336 
332288.40125391824 51673.72177333414 0.026088935799408845 
335423.19749216276 44343.56747756354 0.033882069491982435 
338557.99373040727 35298.64861981459 0.04036498446837525 
341692.7899686518 24888.73196910268 0.04528698658077298 
344827.5862068963 13516.368722393228 0.0484577421398397 
347962.3824451408 1621.327860637819 0.049754638113366556 
351097.1786833853 -10336.409705890652 0.049127523568930194 
354231.9749216298 -21894.43858703485 0.04660064900910118 
357366.77115987433 -32605.810116750028 0.04227172860516152 
360501.56739811884 -42056.3158460063 0.03630816159272875 
363636.36363636336 -49880.5049723745 0.02894055894781591 
366771.15987460787 -55775.816312726325 0.020453825666590177 
369905.9561128524 -59514.27833605246 0.011176143496831896 
373040.7523510969 -60951.32481643613 0.0014662801585728033 
376175.5485893414 -60031.38520512343 -0.00830028419399066 
379310.3448275859 -56790.033542146266 -0.01774587677996356 
382445.1410658304 -51352.61280915403 -0.02650523678803423 
385579.93730407493 -43929.38791968027 -0.034239640002225964 
388714.73354231945 -34807.41478059588 -0.04064999725822074 
391849.52978056396 -24339.439847901813 -0.04548842021330094 
394984.32601880847 -12930.260391282281 -0.048567807225924596 
398119.122257053 -1021.0472984543912 -0.04976907748499669 
401253.9184952975 10928.276571146125 -0.04904575012008393 
404388.714733542 22461.81783249868 -0.046425512599072516 
407523.5109717865 33171.685330810156 -0.042007942534301 
410658.307210031 42807.031072084705 -0.035956381835497146 
413793.10344827553 51512.98859499031 -0.02848111252981 
416927.89968652005 60197.22337551389 -0.019814166068761033 
420062.69592476456 70773.43329798043 -0.010187580293594834 
423197.49216300907 85694.85497424492 0.00015758256509952666 
426332.2884012536 106223.82285990997 0.01090558675046011 
429467.0846394981 129818.1017193628 0.021560665437986588 
432601.8808777426 148588.94968178778 0.03139100691853915 
435736.6771159871 151416.4657977651 0.0395400333208063 
438871.4733542316 130247.45642166134 0.04532849382123622 
442006.26959247614 86925.84983178663 0.048579547294802065 
445141.06583072065 34422.79441276793 0.04968525410393481 
448275.86206896516 -10579.651175939664 0.049274460280248754 
451410.65830720967 -39229.69861052947 0.04768902826272013 
454545.4545454542 -56475.10531425115 0.04471268925362643 
457680.2507836987 -75359.67053294156 0.03983207186317414 
460815.0470219432 -104069.94264097695 0.03282718295241728 
463949.8432601877 -137663.87380110112 0.024144543418896103 
467084.6394984322 -162566.84889448129 0.014682593499914789 
470219.43573667674 -169553.02630826083 0.005185976536834771 
473354.23197492125 -162296.92782018794 -0.004158888652819792 
476489.02821316576 -152896.99598721173 -0.013532339860676472 
479623.82445141027 -149048.3169449368 -0.022907969306536092 
482758.6206896548 -146159.0731246092 -0.03170592038641956 
485893.4169278993 -132572.63033145815 -0.0390465407876548 
489028.2131661438 -102385.73551639053 -0.04435129678442344 
492163.0094043883 -62407.76749294448 -0.047673679896294605 
495297.8056426328 -25947.309482964392 -0.04942439061860556 
498432.60188087734 70.30742716403802 -0.04978852091385397 
501567.39811912185 21160.073040405056 -0.048453021808047475 
504702.19435736636 48199.1215947062 -0.04493355283557763 
507836.99059561087 84712.76633182334 -0.03915686184717693 
510971.7868338554 121940.75910241847 -0.031683530879094327 
514106.5830720999 146908.04439021446 -0.02333139819217175 
517241.3793103444 155047.2091721496 -0.014587493160158818 
520376.1755485889 154144.246114743 -0.005416468623048596 
523510.9717868334 155517.1044642029 0.0043449075742077355 
526645.768025078 161753.29552304305 0.014435188280841513 
529780.5642633225 163899.43810360334 0.02405394328626468 
532915.360501567 150982.9962632836 0.0323238990947361 
536050.1567398115 121758.9520786149 0.03886191500184062 
539184.952978056 86338.4024493979 0.04387140399098819 
542319.7492163006 56179.986876207906 0.04766226223384535 
545454.5454545451 33241.59739790595 0.05010022734905209 
548589.3416927896 9766.890522115285 0.05056791168836567 
551724.1379310341 -21444.8196021642 0.048498728556756576 
554858.9341692786 -57817.63317440415 0.043956197784287186 
557993.7304075231 -89184.29099788601 0.03767779886591362 
561128.5266457676 -109201.56414014843 0.030538324049865943 
564263.3228840121 -123426.21281525685 0.022963480456288085 
567398.1191222566 -144561.60660722764 0.014853855474245212 
570532.9153605012 -178910.21881849156 0.006041927600673498 
573667.7115987457 -217788.0489010234 -0.0032351334085635817 
576802.5078369902 -243176.45395209154 -0.012347228333781966 
579937.3040752347 -242628.58228839454 -0.020725946738054286 
583072.1003134792 -219046.0679657696 -0.028239827048618712 
586206.8965517237 -186056.61449101774 -0.03506424266389991 
589341.6927899682 -154119.62879674742 -0.04118434284758462 
592476.4890282127 -121492.37237545766 -0.046087118473450775 
595611.2852664572 -78753.95723510992 -0.04901168776090992 
598746.0815047018 -21479.356129344756 -0.0495302087320904 
601880.8777429463 42554.46300164777 -0.047865355032308536 
605015.6739811908 99222.94377893176 -0.04461235015570438 
608150.4702194353 140741.83960287532 -0.04015279885442799 
611285.2664576798 171814.68698338908 -0.03436989539240954 
614420.0626959243 202805.10494603828 -0.02695713834455888 
617554.8589341688 237174.2732976774 -0.017987594344830597 
620689.6551724133 266453.6211243735 -0.008135374604438009 
623824.4514106578 278085.602162397 0.0016948253556277975 
626959.2476489024 267922.6794129933 0.010953376494943212 
630094.0438871469 244269.46492623613 0.019644901201209708 
633228.8401253914 219236.77961088126 0.027946504588599826 
636363.6363636359 196501.53414916067 0.03566133357602139 
639498.4326018804 168322.78408643996 0.04209592942458743 
642633.2288401249 124910.46654126531 0.046502764197028014 
645768.0250783694 66242.44575897628 0.04863346083074797 
648902.8213166139 3847.019837206046 0.04883006469125778 
652037.6175548584 -49384.25905383294 0.04756529393856176 
655172.413793103 -90711.29756747937 0.044919302107593345 
658307.2100313475 -128361.19905911612 0.040544043938500265 
661442.006269592 -170874.47706134053 0.034150496730131284 
664576.8025078365 -216266.30838146436 0.026001521922742264 
667711.598746081 -252468.72067407612 0.016884949565922076 
670846.3949843255 -268644.95135285193 0.0075858794706698115 
673981.19122257 -265527.98993147677 -0.0015983652202659973 
677115.9874608145 -253956.67683109932 -0.010803932863806579 
680250.783699059 -243182.888528757 -0.020078418732322956 
683385.5799373036 -231259.78855345803 -0.02895484313901657 
686520.3761755481 -207609.32448060988 -0.036583946902136705 
689655.1724137926 -165041.72532475303 -0.04229922854868818 
692789.9686520371 -108550.870943129 -0.04603313346237505 
695924.7648902816 -51594.026903413454 -0.04815798959334426 
699059.5611285261 -3715.913969110812 -0.04892817861941143 
702194.3573667706 37535.876325183344 -0.04811663847821831 
705329.1536050151 81983.73787371605 -0.04523139460181061 
708463.9498432596 134432.98956968202 -0.0400849686256196 
711598.7460815042 187631.2088970052 -0.0331158386751839 
714733.5423197487 228048.5533234313 -0.025119381873451255 
717868.3385579932 248465.47917475566 -0.01666410695081023 
721003.1347962377 254194.1914608768 -0.007797289868774321 
724137.9310344822 256450.88916753602 0.0016624692480942426 
727272.7272727267 259894.87555042322 0.01156693373241702 
730407.5235109712 257463.35823375362 0.02121546048016227 
733542.3197492157 237937.12620054602 0.02971636812520444 
736677.1159874602 198270.0320460098 0.03656668722741826 
739811.9122257048 147697.48797932622 0.04185453477404399 
742946.7084639493 99275.4915068309 0.0458842450431308 
746081.5047021938 57704.576250010876 0.048629620918927974 
749216.3009404383 16180.873795528449 0.049598938669118936 
752351.0971786828 -34490.8372907211 0.04825962418247252 
755485.8934169273 -94185.82621868228 0.04457936827031245 
758620.6896551718 -151541.7267375767 0.03911549939237309 
761755.4858934163 -193923.07466119863 0.03255682032503669 
764890.2821316608 -218861.8733503594 0.02519495957719992 
768025.0783699054 -235017.9758243421 0.016873447022927958 
771159.8746081499 -251719.8765882817 0.00745784095271193 
774294.6708463944 -268140.7796350217 -0.0026794637988170316 
777429.4670846389 -273527.77404090966 -0.012682675707388243 
780564.2633228834 -258260.58521775145 -0.021733548005191325 
783699.0595611279 -224117.0635471834 -0.02953651456472409 
786833.8557993724 -182948.82916522224 -0.03627256531830186 
789968.6520376169 -145145.89792011373 -0.042084499576330245 
793103.4482758614 -109987.494848687 -0.046647523966021065 
796238.244514106 -67971.90337733942 -0.04928732956766106 
799373.0407523505 -12607.4088041825 -0.04952979525703422 
802507.836990595 50806.45132268456 -0.04751032766166429 
805642.6332288395 108711.962708605 -0.043816070503318844 
808777.429467084 151497.23478070862 -0.03892782777130558 
811912.2257053285 181615.5652740031 -0.03284633532782993 
815047.021943573 209164.46727620726 -0.02529053122389429 
818181.8181818175 239651.31211789107 -0.016251321189183918 
821316.614420062 266874.3161695956 -0.006308487631013359 
824451.4106583066 278450.46365699644 0.0036341250174616014 
827586.2068965511 268209.26188048034 0.012929714062723674 
830721.0031347956 242443.39788262555 0.02148910881650991 
833855.7993730401 213458.73320382443 0.02949971931034863 
836990.5956112846 187206.02267183753 0.03687316794054086 
840125.3918495291 157978.01052617893 0.043016181943121935 
843260.1880877736 115704.82783157864 0.04717782330676812 
846394.9843260181 58120.17917745042 0.049018348581220825 
849529.7805642626 -5055.289594267153 0.048810085705411385 
852664.5768025072 -60375.38396504098 0.04706544990939453 
855799.3730407517 -102757.44183388431 0.04398682660557866 
858934.1692789962 -138767.48341433276 0.0393171705883529 
862068.9655172407 -177733.4783300362 0.03274565503981044 
865203.7617554852 -220113.40557550578 0.024436338646799567 
868338.5579937297 -255418.18130416935 0.015116217936038664 
871473.3542319742 -271928.233930476 0.0056203209853114555 
874608.1504702187 -268032.3376408209 -0.0036395559864700416 
877742.9467084632 -253306.03525608536 -0.012737349252071841 
880877.7429467078 -238226.6147871298 -0.021775399438625876 
884012.5391849523 -223352.40196369408 -0.030403068839530204 
887147.3354231968 -199334.09889519727 -0.03783180996029342 
890282.1316614413 -157715.89418777596 -0.043344184921313346 
893416.9278996858 -101127.27424888645 -0.04677378992528054 
896551.7241379303 -42101.79756048386 -0.048462206265229374 
899686.5203761748 8289.097992289702 -0.048747007234092185 
902821.3166144193 50102.170525366455 -0.047525257861163114 
905956.1128526638 92404.64862979087 -0.04435446652177853 
909090.9090909084 141686.31379457936 -0.038984787814190736 
912225.7053291529 193068.5662098418 -0.03176013709058539 
915360.5015673974 233625.8749689876 -0.02346129106496385 
918495.2978056419 254389.87526232892 -0.014748365742812143 
921630.0940438864 258472.7103965642 -0.005778831041605898 
924764.8902821309 256823.28131866787 0.0036095711030445033 
927899.6865203754 256123.30310353189 0.01335714237548279 
931034.4827586199 251575.1791082635 0.02286579279220509 
934169.2789968645 232167.17504590604 0.03125500848491557 
937304.075235109 192864.18480092438 0.03793517935720442 
940438.8714733535 140880.6079778237 0.04290900879092181 
943573.667711598 89407.25452965577 0.04649665251500321 
946708.4639498425 45344.28250414635 0.048784425234434055 
949843.260188087 3877.5853899909116 0.04938508760102947 
952978.0564263315 -44475.33061427213 0.04776725452958942 
956112.852664576 -101841.76029794039 0.04381026957063969 
959247.6489028205 -158714.63752870477 0.03800124702228822 
962382.445141065 -201989.94656516274 0.03106467026195101 
965517.2413793096 -226939.1449286268 0.02340881478889204 
968652.0376175541 -240598.13447708086 0.01496299904052937 
971786.8338557986 -253077.12852870158 0.00556618213706714 
974921.6300940431 -265984.65191082086 -0.004514111947204952 
978056.4263322876 -270173.0712282751 -0.014491650942482183 
981191.2225705321 -255191.15850199302 -0.023508967308342746 
984326.0188087766 -220505.5637863147 -0.03116635810999071 
987460.8150470211 -176684.81418571342 -0.03759066484314909 
990595.6112852657 -135282.71829221433 -0.04298547356815124 
993730.4075235102 -98052.45014608503 -0.047146892250715604 
996865.2037617547 -56279.5204907405 -0.04948722065959715 
999999.9999999992 2833.561591882397 -0.04971900489891437 
