#x u 
0.0 1.805311602766568e+16 827513794.2094319 
3134.796238244514 -451782336895390.3 -20708675.14022918 
6269.592476489028 11118074060045.572 509627.26688910846 
9404.38871473354 -466088403850.5541 -21364.411456861788 
12539.184952978056 -181009531159.07532 -8297.052991446424 
15673.98119122257 -192960437104.40222 -8844.86474758544 
18808.777429467085 -197601603227.3647 -9057.614764761362 
21943.5736677116 -202549181643.48553 -9284.409772255973 
25078.369905956115 -207615747846.88608 -9516.658298831375 
28213.16614420063 -212809163872.93304 -9754.720387743142 
31347.962382445145 -218132486394.83664 -9998.735851986623 
34482.75862068966 -223588973873.5282 -10248.853802067417 
37617.55485893417 -229181963129.6456 -10505.226998055923 
40752.35109717868 -234914874294.52148 -10768.012084137634 
43887.14733542319 -240791212621.65726 -11037.369676035472 
47021.943573667704 -246814570458.22992 -11313.464454148912 
50156.739811912215 -252988629321.7148 -11596.465257983591 
53291.53605015673 -259317162057.4081 -11886.545181550155 
56426.33228840124 -265804035050.17566 -12183.881668791973 
59561.12852664575 -272453210484.04907 -12488.6566087366 
62695.92476489026 -279268748658.8641 -12801.056431262901 
65830.72100313478 -286254810378.3751 -13121.272204371442 
68965.51724137929 -293415659405.0824 -13449.499733246936 
72100.3134796238 -300755664964.0496 -13785.939660953754 
75235.10971786831 -308279304295.8515 -14130.797571295563 
78369.90595611282 -315991165300.23816 -14484.284096181536 
81504.70219435733 -323895949344.66766 -14846.615031443333 
84639.49843260185 -331998474308.6618 -15218.011464934352 
87774.29467084636 -340303677895.8805 -15598.69991884907 
90909.09090909087 -348816621198.65314 -15988.912505779526 
94043.88714733538 -357542492465.62067 -16388.887096595055 
97178.68338557989 -366486611009.5036 -16798.86749750048 
100313.4796238244 -375654431175.6139 -17219.10363273189 
103448.27586206891 -385051546262.0341 -17649.851727740763 
106583.07210031342 -394683692256.69293 -18091.37448658398 
109717.86833855794 -404556751279.4609 -18543.94125825064 
112852.66457680245 -414676754708.95325 -19007.828190615513 
115987.46081504696 -425049886099.75635 -19483.31837638908 
119122.25705329147 -435682484092.66174 -19970.701999921715 
122257.05329153598 -446581045541.49133 -20470.27649463925 
125391.84952978049 -457752229024.4712 -20982.346718234603 
128526.645768025 -469202858813.58264 -21507.2251483928 
131661.44200626953 -480939929281.27496 -22045.232097585867 
134796.23824451404 -492970609643.5918 -22596.695941841223 
137931.03448275855 -505302248869.1193 -23161.95335521719 
141065.83072100306 -517942380537.11633 -23741.34953967982 
144200.62695924757 -530898727445.21533 -24335.238440955567 
147335.42319749208 -544179205877.82776 -24943.982946110667 
150470.2194357366 -557791929626.2592 -25567.955066954088 
153605.0156739811 -571745214015.1451 -26207.53612096351 
156739.81191222562 -586047580243.4028 -26863.116923998696 
159874.60815047013 -600707760259.8636 -27535.098005146352 
163009.40438871464 -615734702220.3846 -28223.889846177593 
166144.20062695915 -631137576413.7642 -28929.91314085586 
169278.99686520366 -646925781467.6383 -29653.5990659177 
172413.79310344817 -663108950655.1979 -30395.389556044494 
175548.58934169268 -679696958178.4454 -31155.73757767239 
178683.3855799372 -696699925370.9329 -31935.10739956588 
181818.1818181817 -714128226838.9215 -32733.974861555816 
184952.97805642622 -731992496644.636 -33552.82764669151 
188087.77429467073 -750303634698.2919 -34392.16556488711 
191222.57053291524 -769072813515.3746 -35252.50085559542 
194357.36677115975 -788311485391.897 -36134.358512192586 
197492.16300940426 -808031389903.9382 -37038.276623951395 
200626.95924764877 -828244561546.7675 -37964.80672721103 
203761.75548589329 -848963337359.741 -38914.51415865689 
206896.5517241378 -870200364509.2627 -39887.97840929539 
210031.3479623823 -891968607922.9886 -40885.79348314497 
213166.14420062682 -914281358096.594 -41908.56826586208 
216300.94043887133 -937152239129.4957 -42956.92690547041 
219435.73667711584 -960595216966.1259 -44031.50920364274 
222570.53291536035 -984624607800.1909 -45132.97101506549 
225705.32915360486 -1009255086642.7766 -46261.98465437568 
228840.12539184937 -1034501696097.2435 -47419.23931209313 
231974.9216300939 -1060379855371.1606 -48605.44148040077 
235109.7178683384 -1086905369503.6616 -49821.315387290335 
238244.5141065829 -1114094438762.184 -51067.60343653036 
241379.31034482742 -1141963668205.7148 -52345.066652970985 
244514.10658307193 -1170530077486.5676 -53654.48513621813 
247648.90282131644 -1199811110990.5923 -54996.658527083135 
250783.69905956095 -1229824648359.823 -56372.40648876193 
253918.49529780546 -1260589015351.7937 -57782.569200691956 
257053.29153604998 -1292122994955.464 -59228.007861571925 
260188.0877742945 -1324445838741.5981 -60709.60520077756 
263322.884012539 -1357577278517.334 -62228.2660017089 
266457.6802507835 -1391537538384.9087 -63784.917642072214 
269592.476489028 -1426347347239.063 -65380.51065316432 
272727.27272727253 -1462027951641.783 -67016.01929587297 
275862.06896551704 -1498601128985.5137 -68692.44214986543 
278996.86520376155 -1536089200925.4702 -70410.80271562483 
282131.66144200607 -1574515047155.2104 -72172.15003326285 
285266.4576802506 -1613902119616.6433 -73977.55932277856 
288401.2539184951 -1654274457155.265 -75828.13264668315 
291536.0501567396 -1695656700535.911 -77724.99959146314 
294670.8463949841 -1738074107725.673 -79669.31796386398 
297805.6426332286 -1781552569441.143 -81662.27450203359 
300940.43887147313 -1826118625054.4355 -83705.08560591225 
304075.23510971764 -1871799478953.5989 -85798.99809120235 
307210.03134796215 -1918623017355.2764 -87945.28996665785 
310344.82758620667 -1966617825473.0957 -90145.27123001526 
313479.6238244512 -2015813204957.4321 -92400.28467835202 
316614.4200626957 -2066239191633.2544 -94711.70673367596 
319749.2163009402 -2117926573660.1956 -97080.94828895196 
322884.0125391847 -2170906910220.4785 -99509.4555788788 
326018.8087774292 -2225212550724.228 -101998.71107438838 
329153.60501567373 -2280876654430.441 -104550.2343956566 
332288.40125391824 -2337933210415.4995 -107165.58323997649 
335423.19749216276 -2396417057949.264 -109846.35432676137 
338557.99373040727 -2456363907429.4795 -112594.18436615939 
341692.7899686518 -2517810361981.5225 -115410.75105583885 
344827.5862068963 -2580793939695.315 -118297.77410439086 
347962.3824451408 -2645353096385.795 -121257.01627598506 
351097.1786833853 -2711527248820.0415 -124290.28445361617 
354231.9749216298 -2779356798496.543 -127399.430724915 
357366.77115987433 -2848883156140.5645 -130586.35349819975 
360501.56739811884 -2920148767007.3145 -133852.99865323686 
363636.36363636336 -2993197136932.8384 -137201.36072430183 
366771.15987460787 -3068072858998.357 -140633.48410982138 
369905.9561128524 -3144821640757.4106 -144151.46430675313 
373040.7523510969 -3223490332130.6494 -147757.44917504245 
376175.5485893414 -3304126954135.8984 -151453.64024038555 
379310.3448275859 -3386780728520.427 -155242.29403891577 
382445.1410658304 -3471502108198.942 -159125.7234999165 
385579.93730407493 -3558342808345.9985 -163106.29936010772 
388714.73354231945 -3647355838106.097 -167186.45160824285 
391849.52978056396 -3738595533052.0474 -171368.67096634986 
394984.32601880847 -3832117588566.1836 -175655.5104158705 
398119.122257053 -3927979094189.929 -180049.58677093833 
401253.9184952975 -4026238568818.222 -184553.58229318372 
404388.714733542 -4126955996586.0903 -189170.2463410026 
407523.5109717865 -4230192863442.3276 -193902.39705289414 
410658.307210031 -4336012194579.8896 -198752.9230723726 
413793.10344827553 -4444478592912.104 -203724.78532276754 
416927.89968652005 -4555658278625.125 -208821.01883287742 
420062.69592476456 -4669619129666.581 -214044.73460656352 
423197.49216300907 -4786430723030.733 -219399.12152935955 
426332.2884012536 -4906164376879.367 -224887.44831333772 
429467.0846394981 -5028893193711.959 -230513.06548947835 
432601.8808777426 -5154692104785.964 -236279.407456223 
435736.6771159871 -5283637915798.192 -242189.99458423516 
438871.4733542316 -5415809353669.768 -248248.43536972502 
442006.26959247614 -5551287114310.17 -254458.42863029963 
445141.06583072065 -5690153911442.677 -260823.765746853 
448275.86206896516 -5832494526739.129 -267348.33296271856 
451410.65830720967 -5978395861460.599 -274036.1137490481 
454545.4545454542 -6127946989580.258 -280891.19123540074 
457680.2507836987 -6281239212204.271 -287917.7506972668 
460815.0470219432 -6438366113177.031 -295120.08209559025 
463949.8432601877 -6599423615989.002 -302502.5826740713 
467084.6394984322 -6764510042256.065 -310069.7596270036 
470219.43573667674 -6933726171946.157 -317826.2328461995 
473354.23197492125 -7107175305282.721 -325776.7377443054 
476489.02821316576 -7284963326112.001 -333926.12814528885 
479623.82445141027 -7467198766634.526 -342279.3792380802 
482758.6206896548 -7653992873657.181 -350841.59060105565 
485893.4169278993 -7845459676652.056 -359617.9893109659 
489028.2131661438 -8041716057772.474 -368613.9331436063 
492163.0094043883 -8242881823711.687 -377834.91386133205 
495297.8056426328 -8449079779174.833 -387286.5605771358 
498432.60188087734 -8660435801896.159 -396974.64319231897 
501567.39811912185 -8877078919408.98 -406905.07591730176 
504702.19435736636 -9099141387878.611 -417083.9208897222 
507836.99059561087 -9326758773128.041 -427517.3918955965 
510971.7868338554 -9560070033709.176 -438211.85818651516 
514106.5830720999 -9799217605793.223 -449173.8483821372 
517241.3793103444 -10044347489863.764 -460410.054456787 
520376.1755485889 -10295609339483.332 -471927.3358220745 
523510.9717868334 -10553156552469.941 -483732.72352043184 
526645.768025078 -10817146364592.799 -495833.42453401536 
529780.5642633225 -11087739945612.688 -508236.82620043756 
532915.360501567 -11365102497454.676 -520950.5007250705 
536050.1567398115 -11649403354556.98 -533982.2097914541 
539184.952978056 -11940816086728.268 -547339.9092846303 
542319.7492163006 -12239518604863.97 -561031.7541431388 
545454.5454545451 -12545693269597.096 -575066.1033429011 
548589.3416927896 -12859527002676.03 -589451.5250033295 
551724.1379310341 -13181211400870.992 -604196.8016065505 
554858.9341692786 -13510942852510.434 -619310.935334463 
557993.7304075231 -13848922657027.984 -634803.1535412489 
561128.5266457676 -14195357147864.594 -650682.9143774187 
564263.3228840121 -14550457818750.473 -666959.9125669006 
567398.1191222566 -14914441453119.703 -683644.0853262607 
570532.9153605012 -15287530256475.19 -700745.6184182172 
573667.7115987457 -15669951991861.578 -718274.9523471888 
576802.5078369902 -16061940118865.918 -736242.78871669 
579937.3040752347 -16463733936471.445 -754660.0967640037 
583072.1003134792 -16875578729732.3 -773538.1200712045 
586206.8965517237 -17297725919989.871 -792888.3834401811 
589341.6927899682 -17730433218479.0 -812722.6999251187 
592476.4890282127 -18173964783550.234 -833053.1780331342 
595611.2852664572 -18628591381968.895 -853892.2291144213 
598746.0815047018 -19094590554596.93 -875252.5749560634 
601880.8777429463 -19572246786376.98 -897147.255575841 
605015.6739811908 -20061851680327.406 -919589.6372026129 
608150.4702194353 -20563704135452.773 -942593.4204386962 
611285.2664576798 -21078110528881.062 -966172.6486182269 
614420.0626959243 -21605384902735.484 -990341.716384427 
617554.8589341688 -22145849156029.684 -1015115.3784985373 
620689.6551724133 -22699833241466.777 -1040508.7588744801 
623824.4514106578 -23267675366859.758 -1066537.359825731 
626959.2476489024 -23849722201153.24 -1093217.0715229558 
630094.0438871469 -24446329085450.92 -1120564.1816803913 
633228.8401253914 -25057860249598.062 -1148595.3854956408 
636363.6363636359 -25684689034581.43 -1177327.7958544362 
639498.4326018804 -26327198120588.72 -1206778.9537927313 
642633.2288401249 -26985779760462.066 -1236966.8392036266 
645768.0250783694 -27660836018607.777 -1267909.8817917444 
648902.8213166139 -28352779015851.492 -1299626.9722973714 
652037.6175548584 -29062031180811.027 -1332137.474016538 
655172.413793103 -29789025508003.805 -1365461.2346271153 
658307.2100313475 -30534205822486.438 -1399618.598311802 
661442.006269592 -31298027050781.848 -1434630.4181670889 
664576.8025078365 -32080955498238.145 -1470518.0689052045 
667711.598746081 -32883469133383.277 -1507303.4598753212 
670846.3949843255 -33706057879848.72 -1545009.0484308063 
673981.19122257 -34549223916021.652 -1583657.8536503667 
677115.9874608145 -35413481982180.164 -1623273.4704023825 
680250.783699059 -36299359694900.78 -1663880.0837433294 
683385.5799373036 -37207397868975.484 -1705502.4836616416 
686520.3761755481 -38138150847472.92 -1748166.0801966116 
689655.1724137926 -39092186840511.83 -1791896.9189587506 
692789.9686520371 -40070088272850.016 -1836721.6970566434 
695924.7648902816 -41072452140019.8 -1882667.7794182387 
699059.5611285261 -42099890372861.54 -1929763.2154998132 
702194.3573667706 -43153030210804.1 -1978036.756398727 
705329.1536050151 -44232514584605.91 -2027517.872402486 
708463.9498432596 -45339002509119.43 -2078236.770999805 
711598.7460815042 -46473169486138.766 -2130224.4153560535 
714733.5423197487 -47635707917065.94 -2183512.5432405914 
717868.3385579932 -48827327525338.44 -2238133.686402925 
721003.1347962377 -50048755789099.09 -2294121.1904191985 
724137.9310344822 -51300738384900.24 -2351509.2350447606 
727272.7272727267 -52584039642997.2 -2410332.8550977716 
730407.5235109712 -53899443014255.17 -2470627.9618743625 
733542.3197492157 -55247751548427.336 -2532431.365083821 
736677.1159874602 -56629788383860.664 -2595780.7953059096 
739811.9122257048 -58046397249241.59 -2660714.9269979927 
742946.7084639493 -59498442978239.53 -2727273.402090949 
746081.5047021938 -60986812037582.42 -2795496.8541980693 
749216.3009404383 -62512413068549.734 -2865426.9334360845 
752351.0971786828 -64076177441679.46 -2937106.33184894 
755485.8934169273 -65679059824863.15 -3010578.80944247 
758620.6896551718 -67322038765566.945 -3085889.2208640375 
761755.4858934163 -69006117288076.31 -3163083.5427687997 
764890.2821316608 -70732323506256.27 -3242208.901895613 
768025.0783699054 -72501711251775.66 -3323313.603850771 
771159.8746081499 -74315360717641.95 -3406447.162592939 
774294.6708463944 -76174379117356.23 -3491660.3306337823 
777429.4670846389 -78079901360548.52 -3579005.1299939696 
780564.2633228834 -80033090746025.42 -3668534.8839575117 
783699.0595611279 -82035139672680.89 -3760304.2496455032 
786833.8557993724 -84087270368198.34 -3854369.251406521 
789968.6520376169 -86190735635466.66 -3950787.315021111 
793103.4482758614 -88346819617163.62 -4049617.302741901 
796238.244514106 -90556838579483.06 -4150919.5492149647 
799373.0407523505 -92822141715958.05 -4254755.898326563 
802507.836990595 -95144111971800.34 -4361189.740994226 
805642.6332288395 -97524166888707.38 -4470286.0538993385 
808777.429467084 -99963759470198.0 -4582111.43916269 
811912.2257053285 -102464379068131.61 -4696734.164991635 
815047.021943573 -105027552291532.1 -4814224.207349142 
818181.8181818175 -107654843938704.39 -4934653.2926894445 
821316.614420062 -110347857953039.23 -5058094.941778558 
824451.4106583066 -113108238402486.25 -5184624.514599655 
827586.2068965511 -115937670482885.33 -5314319.256353177 
830721.0031347956 -118837881545978.52 -5447258.344590383 
833855.7993730401 -121810642153334.56 -5583522.937537242 
836990.5956112846 -124857767157199.14 -5723196.223654414 
840125.3918495291 -127981116808679.5 -5866363.472450585 
843260.1880877736 -131182597893360.6 -6013112.086551118 
846394.9843260181 -134464164894768.38 -6163531.655038526 
849529.7805642626 -137827821186741.02 -6317714.008111269 
852664.5768025072 -141275620256076.16 -6475753.273122325 
855799.3730407517 -144809666956470.9 -6637745.9320443 
858934.1692789962 -148432118794141.72 -6803790.880380418 
862068.9655172407 -152145187245275.28 -6973989.487530661 
865203.7617554852 -155951139105871.62 -7148445.658641993 
868338.5579937297 -159852297875188.47 -7327265.89800099 
871473.3542319742 -163851045174217.5 -7510559.3740365375 
874608.1504702187 -167949822200203.94 -7698437.9859803235 
877742.9467084632 -172151131217645.2 -7891016.432204975 
880877.7429467078 -176457537086096.5 -8088412.280253865 
884012.5391849523 -180871668825627.12 -8290746.038599707 
887147.3354231968 -185396221221391.6 -8498141.230197195 
890282.1316614413 -190033956468877.47 -8710724.467899658 
893416.9278996858 -194787705860881.78 -8928625.531786859 
896551.7241379303 -199660371516717.16 -9151977.44842676 
899686.5203761748 -204654928154152.9 -9380916.572094426 
902821.3166144193 -209774424905166.12 -9615582.667998511 
905956.1128526638 -215021987177150.0 -9856118.997591676 
909090.9090909084 -220400818561200.12 -10102672.406040577 
912225.7053291529 -225914202788555.66 -10355393.411905563 
915360.5015673974 -231565505735798.34 -10614436.299058415 
918495.2978056419 -237358177479561.28 -10879959.210872656 
921630.0940438864 -243295754402136.78 -11152124.246750038 
924764.8902821309 -249381861349864.34 -11431097.561068555 
927899.6865203754 -255620213846050.0 -11717049.464631792 
931034.4827586199 -262014620359587.16 -12010154.52867202 
934169.2789968645 -268568984630071.56 -12310591.691442715 
937304.075235109 -275287308050475.3 -12618544.367448192 
940438.8714733535 -282173692109097.1 -12934200.559388539 
943573.667711598 -289232340892899.25 -13257752.972915903 
946708.4639498425 -296467563654080.44 -13589399.134286717 
949843.260188087 -303883777441167.2 -13929341.510968043 
952978.0564263315 -311485509795628.2 -14277787.635244414 
956112.852664576 -319277401515418.4 -14634950.230889497 
959247.6489028205 -327264209487496.75 -15001047.342996562 
962382.445141065 -335450809591634.0 -15376302.471074026 
965517.2413793096 -343842199677479.7 -15760944.705497073 
968652.0376175541 -352443502616300.0 -16155208.867380027 
971786.8338557986 -361259969428684.06 -16559335.65192995 
974921.6300940431 -370296982490000.6 -16973571.775363244 
978056.4263322876 -379560058815996.9 -17398170.125495758 
981191.2225705321 -389054853431076.9 -17833389.916123047 
984326.0188087766 -398787162821347.25 -18279496.84528714 
987460.8150470211 -408762928474063.44 -18736763.25750515 
990595.6112852657 -418988240505127.4 -19205468.3100357 
993730.4075235102 -429469341376804.5 -19685898.143288214 
996865.2037617547 -440212629710262.3 -20178346.05541749 
999999.9999999992 -451224664143496.3 -20683112.683622595 
