#x u 
0.0 826778894.2929277 37.85092500890887 
3134.796238244514 -19788657.81801514 -0.9557193577305537 
6269.592476489028 1483851.4380900017 0.01933299887027481 
9404.38871473354 1008218.4886497762 -0.0006174529915162774 
12539.184952978056 1035765.6404830151 0.00430771515729835 
15673.98119122257 1009336.5088342963 0.008428093767855444 
18808.777429467085 943956.5623662964 0.012226234443049362 
21943.5736677116 841806.8893759825 0.015539350504920113 
25078.369905956115 706744.7862775553 0.018235068788181014 
28213.16614420063 543884.481410835 0.02020416706584148 
31347.962382445145 359513.5920590076 0.021370033442393407 
34482.75862068966 160853.20461023462 0.021691776629912635 
37617.55485893417 -44325.83564233726 0.021161018500687915 
40752.35109717868 -248107.85581000522 0.01979743110107672 
43887.14733542319 -442732.13333174994 0.017648265671283327 
47021.943573667704 -620779.803263976 0.014791714255426688 
50156.739811912215 -775357.9566066258 0.011338597630532611 
53291.53605015673 -900383.0453527456 0.007427307208998785 
56426.33228840124 -990937.7904588189 0.0032128769508704366 
59561.12852664575 -1043561.4691006154 -0.0011436018113078247 
62695.92476489026 -1056355.6812050354 -0.005479923585078237 
65830.72100313478 -1028928.0668766607 -0.009633096337907375 
68965.51724137929 -962311.1112710222 -0.013441227119653627 
72100.3134796238 -858962.1482805503 -0.01675161275255206 
75235.10971786831 -722805.5933129127 -0.019432936445116723 
78369.90595611282 -559172.6815461769 -0.021384539745174527 
81504.70219435733 -374542.96664648526 -0.022537915735495906 
84639.49843260185 -176149.57704620238 -0.02285274933139845 
87774.29467084636 28385.908228715998 -0.022314560837910932 
90909.09090909087 231282.90046126887 -0.020938258411361294 
94043.88714733538 424752.2631787562 -0.01877445616145608 
97178.68338557989 601219.3395702189 -0.01591110041965637 
100313.4796238244 753695.4675571155 -0.01246646586054968 
103448.27586206891 876204.0082152497 -0.008577441357683154 
106583.07210031342 964081.1440879777 -0.004391042437074472 
109717.86833855794 1014063.9548532174 -6.295582245717415e-05 
112852.66457680245 1024256.3582558683 0.004241136107220731 
115987.46081504696 994142.4315044564 0.008349211984910366 
119122.25705329147 924712.4746501012 0.012094427480113752 
122257.05329153598 818588.3173433235 0.015329066291566367 
125391.84952978049 679970.9898277913 0.01793250099745768 
128526.645768025 514358.1872931983 0.01981035343236166 
131661.44200626953 328165.83564135985 0.02089054262815647 
134796.23824451404 128443.06551713025 0.021124379749432924 
137931.03448275855 -77266.334114189 0.020494595128188867 
141065.83072100306 -281048.7277083561 0.01902365669018395 
144200.62695924757 -474902.822558577 0.01677399346400631 
147335.42319749208 -651196.4726195734 0.01383882524406004 
150470.2194357366 -803127.5816914577 0.010330959341560903 
153605.0156739811 -924995.2232712881 0.006378057823674511 
156739.81191222562 -1012257.0477562286 0.0021251745502063935 
159874.60815047013 -1061537.495183299 -0.002263178995631919 
163009.40438871464 -1070760.4168491587 -0.006609491108009241 
166144.20062695915 -1039397.67989488 -0.010737829636118957 
169278.99686520366 -968643.0566970872 -0.014487679831519525 
172413.79310344817 -861333.8394049458 -0.017718674451374032 
175548.58934169268 -721644.3628971931 -0.020307002769276453 
178683.3855799372 -554759.4518007423 -0.022142629077257916 
181818.1818181817 -366709.86023812206 -0.023135195023778678 
184952.97805642622 -164342.16635529048 -0.023226823577275388 
188087.77429467073 44776.99450333127 -0.022402103254502446 
191222.57053291524 252673.00108999046 -0.020687791634941687 
194357.36677115975 451418.8193335872 -0.018145033575951673 
197492.16300940426 633499.5961765931 -0.01486433560411602 
200626.95924764877 791929.6836977308 -0.010970022315633973 
203761.75548589329 920212.728715629 -0.006629640515219737 
206896.5517241378 1012401.4776523 -0.002056253936272839 
210031.3479623823 1063427.054317878 0.0025043475064265063 
213166.14420062682 1069615.221509166 0.006797831859746676 
216300.94043887133 1029146.0806725002 0.010585718983570152 
219435.73667711584 942299.7340184075 0.013662637314587589 
222570.53291536035 811553.3071808362 0.01586920937063719 
225705.32915360486 641694.62560536 0.017107816354153007 
228840.12539184937 439966.50526992895 0.01736147365661839 
231974.9216300939 216005.2209573443 0.016704505385892528 
235109.7178683384 -18727.38657988071 0.015290720056195308 
238244.5141065829 -252075.58938383844 0.01331590584840037 
241379.31034482742 -472574.9717092869 0.010968311652729532 
244514.10658307193 -670605.2689132973 0.008388845152882417 
247648.90282131644 -838983.439013262 0.0056554912168508 
250783.69905956095 -972998.027199395 0.00279145328849728 
253918.49529780546 -1070092.8999869039 -0.00021289572227173445 
257053.29153604998 -1129373.3849408082 -0.0033724728698134292 
260188.0877742945 -1150983.729416954 -0.006676786608777185 
263322.884012539 -1135420.0616488073 -0.010059105884847024 
266457.6802507835 -1083021.469604207 -0.013376592243615211 
269592.476489028 -993992.5172542756 -0.016417456532572556 
272727.27272727253 -869117.6267149679 -0.01894225703369863 
275862.06896551704 -710881.166643606 -0.02074589139622723 
278996.86520376155 -524353.0372021968 -0.02171052479222455 
282131.66144200607 -317270.6227689263 -0.021822889731524582 
285266.4576802506 -99231.41554756515 -0.021151505668620903 
288401.2539184951 119565.7797015328 -0.019803341017855754 
291536.0501567396 329428.99016724265 -0.017886959689592356 
294670.8463949841 521793.7049653216 -0.015497054104431678 
297805.6426332286 689419.1345855457 -0.012716968322380682 
300940.43887147313 826408.230192507 -0.009627392106523273 
304075.23510971764 928195.4275311092 -0.006314255220022674 
307210.03134796215 991476.7553173471 -0.0028767008588826857 
310344.82758620667 1014059.7360621451 0.0005640115744800643 
313479.6238244512 994765.321546403 0.0038608142521468266 
316614.4200626957 933580.983042409 0.00685144542290698 
319749.2163009402 832080.3843237652 0.00938393871872753 
322884.0125391847 693825.5935043478 0.011343725554099156 
326018.8087774292 524369.3636535837 0.012664483949590563 
329153.60501567373 330733.6305634758 0.013316641221498829 
332288.40125391824 120650.44420284101 0.013286170268065955 
335423.19749216276 -97976.42708107497 0.01256415855386469 
338557.99373040727 -317177.28453754634 0.011156313451437009 
341692.7899686518 -528812.0543904558 0.009101655680269804 
344827.5862068963 -724675.1858985239 0.006480630724109423 
347962.3824451408 -896996.6722521442 0.0034035770443072086 
351097.1786833853 -1039103.4095984552 -1.0083223367451412e-05 
354231.9749216298 -1145825.142360825 -0.0036432415621603315 
357366.77115987433 -1213473.5476309417 -0.007375508429923332 
360501.56739811884 -1239634.2770469044 -0.0110717986786171 
363636.36363636336 -1223159.626943747 -0.014582939771861337 
366771.15987460787 -1164479.0892273807 -0.01776364087407352 
369905.9561128524 -1065941.3728142197 -0.020494550021515942 
373040.7523510969 -931793.82479095 -0.02269008936134941 
376175.5485893414 -767715.8751104944 -0.024287907218603882 
379310.3448275859 -580233.6065442631 -0.02523452148888064 
382445.1410658304 -376422.39789578144 -0.02548532539743026 
385579.93730407493 -163964.24101719545 -0.02502148114142274 
388714.73354231945 48781.99563753396 -0.023867485734680755 
391849.52978056396 253084.8098721178 -0.022091094367039703 
394984.32601880847 440533.1146042847 -0.019784409497849122 
398119.122257053 603724.6702412176 -0.01704367210043038 
401253.9184952975 736542.326959478 -0.013965998500945636 
404388.714733542 834012.0195832931 -0.010662976999673989 
407523.5109717865 892139.5307488785 -0.00727265190750109 
410658.307210031 908105.6420290723 -0.003952320016883651 
413793.10344827553 880775.0053221555 -0.0008541196193119847 
416927.89968652005 811084.476309685 0.0018966405470774543 
420062.69592476456 701933.6637625196 0.004202970629654112 
423197.49216300907 557652.975567201 0.005980706378669355 
426332.2884012536 383505.37548801786 0.0071466012762807325 
429467.0846394981 185589.03532639376 0.007626412306467465 
432601.8808777426 -28961.340042002535 0.007377808488143877 
435736.6771159871 -251936.7093496933 0.006406387207007824 
438871.4733542316 -474511.318138769 0.004759032241628654 
442006.26959247614 -688036.4851623162 0.00250135944007354 
445141.06583072065 -884669.2862823982 -0.00029830791869494243 
448275.86206896516 -1057501.9691270317 -0.0035636113324504478 
451410.65830720967 -1200364.5395203228 -0.007191816575117132 
454545.4545454542 -1307792.0046068276 -0.011045348341831029 
457680.2507836987 -1375443.7752580272 -0.014966647796683956 
460815.0470219432 -1400745.7350563323 -0.018806002467431984 
463949.8432601877 -1383236.1402189126 -0.02243862815515027 
467084.6394984322 -1324342.270612084 -0.02575843806512831 
470219.43573667674 -1226845.161962947 -0.028660139637762653 
473354.23197492125 -1094553.9383841627 -0.031033307859579404 
476489.02821316576 -932432.7613156195 -0.03277922628516964 
479623.82445141027 -746892.1610309789 -0.03383685756624389 
482758.6206896548 -545729.3857936261 -0.034193832449916015 
485893.4169278993 -337521.48180875124 -0.03387292922510299 
489028.2131661438 -130811.35546497474 -0.03290908701907926 
492163.0094043883 66378.02475153736 -0.03134092949696292 
495297.8056426328 246518.04048213223 -0.029224665232904453 
498432.60188087734 402387.1074242257 -0.026653845073770815 
501567.39811912185 527228.3154358587 -0.023761319240226238 
504702.19435736636 615374.2331625241 -0.02069743730714298 
507836.99059561087 662936.1308576943 -0.01760268755158294 
510971.7868338554 668039.6843343372 -0.014598353083615127 
514106.5830720999 630507.597801702 -0.011799691999092705 
517241.3793103444 551407.5525262322 -0.009332515621842896 
520376.1755485889 432962.1252235037 -0.00733056001010404 
523510.9717868334 278875.4081012093 -0.005911403258059675 
526645.768025078 94632.77657346473 -0.005151612424256657 
529780.5642633225 -112700.85916142372 -0.005083307306360588 
532915.360501567 -335187.6211305293 -0.005712782919859025 
536050.1567398115 -564748.1546571114 -0.007039725698981531 
539184.952978056 -793446.7042970484 -0.009055971828227392 
542319.7492163006 -1013348.3074283522 -0.011725210555144621 
545454.5454545451 -1216424.3423628053 -0.014965993857684162 
548589.3416927896 -1394929.2835306362 -0.01865792464332933 
551724.1379310341 -1542163.82432674 -0.022667563086971924 
554858.9341692786 -1653109.8496194046 -0.026870817556534816 
557993.7304075231 -1724521.0435807945 -0.031153001427560986 
561128.5266457676 -1754576.1775878852 -0.03539162097306066 
564263.3228840121 -1742603.6243832647 -0.03944525619960764 
567398.1191222566 -1689248.386926807 -0.043165495598431095 
570532.9153605012 -1596925.305745901 -0.04642459335449389 
573667.7115987457 -1470040.0932242856 -0.049134822431737515 
576802.5078369902 -1314643.263381552 -0.05124381363173161 
579937.3040752347 -1137718.0679164806 -0.05271466500698888 
583072.1003134792 -946631.8120272519 -0.053514593697448445 
586206.8965517237 -749060.9994870474 -0.05362582793232559 
589341.6927899682 -553169.6480668181 -0.053068073385642206 
592476.4890282127 -367535.8871639785 -0.05190886099934126 
595611.2852664572 -200580.09889895498 -0.05024993675385733 
598746.0815047018 -59773.49543292496 -0.04820198645091883 
601880.8777429463 48853.10992750118 -0.045871087083306505 
605015.6739811908 120673.4454051283 -0.04336693001421117 
608150.4702194353 152190.9986431307 -0.040819350069591614 
611285.2664576798 141011.10268578207 -0.03838074912160943 
614420.0626959243 86225.63682091367 -0.03620679251166624 
617554.8589341688 -11117.439532802375 -0.03443049134037956 
620689.6551724133 -147933.70811854515 -0.03315157887620506 
623824.4514106578 -319534.3975286879 -0.03244708665033771 
626959.2476489024 -520219.51438454905 -0.03238731918247549 
630094.0438871469 -743577.9914078447 -0.033036786388864585 
633228.8401253914 -982408.5204267391 -0.03443658847032336 
636363.6363636359 -1228616.5622028438 -0.036585105680143185 
639498.4326018804 -1473493.0859106123 -0.0394362439532134 
642633.2288401249 -1708393.151979671 -0.042916782814791686 
645768.0250783694 -1925421.888126819 -0.046945508092930466 
648902.8213166139 -2117732.260295766 -0.05143650216367454 
652037.6175548584 -2279437.884538224 -0.05628699311282771 
655172.413793103 -2405518.7316969223 -0.06136708324939127 
658307.2100313475 -2492057.7640442257 -0.0665267158588146 
661442.006269592 -2536746.605925767 -0.0716169663606192 
664576.8025078365 -2539268.365870944 -0.07650786386118869 
667711.598746081 -2501249.5266969 -0.08108909822051119 
670846.3949843255 -2425869.375262495 -0.08525831313643892 
673981.19122257 -2317499.240781793 -0.08891453180081361 
677115.9874608145 -2181624.0783842993 -0.09196820878926265 
680250.783699059 -2024922.472066894 -0.0943612999468243 
683385.5799373036 -1855162.1117971193 -0.09607987827065041 
686520.3761755481 -1680738.4729238895 -0.09714922049332664 
689655.1724137926 -1510052.4336851262 -0.09761841157990732 
692789.9686520371 -1351087.8851970006 -0.09755005967204178 
695924.7648902816 -1211338.1342811978 -0.0970223856782377 
699059.5611285261 -1097871.1398648117 -0.096135820968346 
702194.3573667706 -1017198.120643309 -0.09501115552721623 
705329.1536050151 -974838.5878416293 -0.09377639415885353 
708463.9498432596 -974801.4878046955 -0.09255308097862631 
711598.7460815042 -1019282.8598695028 -0.09145460189796364 
714733.5423197487 -1108653.7382159294 -0.09059676292664012 
717868.3385579932 -1241549.455689687 -0.09010794320367549 
721003.1347962377 -1414864.9205291735 -0.0901261777040372 
724137.9310344822 -1623699.7572472848 -0.09078317914356898 
727272.7272727267 -1861492.231689425 -0.09218678888981946 
730407.5235109712 -2120493.9741139454 -0.0944119743872515 
733542.3197492157 -2392451.41478089 -0.09749923614390135 
736677.1159874602 -2669183.679604045 -0.1014517460349867 
739811.9122257048 -2942869.7746914653 -0.1062272485338467 
742946.7084639493 -3206140.707908975 -0.11173164308848714 
746081.5047021938 -3452206.8609139617 -0.11782476446369967 
749216.3009404383 -3675107.633298318 -0.12433998432612743 
752351.0971786828 -3869938.4281424885 -0.1311071523475322 
755485.8934169273 -4032874.967040728 -0.13796646183755454 
758620.6896551718 -4161026.0023175497 -0.14477126073096766 
761755.4858934163 -4252354.6592713 -0.1513889118302534 
764890.2821316608 -4305855.448066938 -0.15770810405470287 
768025.0783699054 -4321894.385267834 -0.1636497015997956 
771159.8746081499 -4302419.959983932 -0.16917000097356732 
774294.6708463944 -4250865.606002358 -0.17425069131180917 
777429.4670846389 -4171873.2927932185 -0.17888360783392904 
780564.2633228834 -4071123.437902873 -0.18306472151470848 
783699.0595611279 -3955370.5754230395 -0.18680235747433876 
786833.8557993724 -3832459.8522445317 -0.1901289035063581 
789968.6520376169 -3711018.2372394344 -0.19310091283954864 
793103.4482758614 -3599802.2081340626 -0.19578535649363518 
796238.244514106 -3507042.4484360986 -0.19824615807678975 
799373.0407523505 -3440145.888855902 -0.2005461950066298 
802507.836990595 -3405741.5439486206 -0.2027630808847159 
805642.6332288395 -3409683.3664633585 -0.20500024976015474 
808777.429467084 -3456678.223451383 -0.20737767881319097 
811912.2257053285 -3549662.627933391 -0.21000771963687254 
815047.021943573 -3689418.8009329033 -0.21297852384900604 
818181.8181818175 -3874768.1104448126 -0.21636070067323504 
821316.614420062 -4103131.537370075 -0.22022781048061812 
824451.4106583066 -4370886.921988267 -0.22466487873019683 
827586.2068965511 -4673202.664967796 -0.22975063208121468 
830721.0031347956 -5003655.7036710745 -0.23552800318503603 
833855.7993730401 -5354270.972070832 -0.24199259316148136 
836990.5956112846 -5716253.189195208 -0.24911202259206852 
840125.3918495291 -6080970.759298007 -0.25685653164574507 
843260.1880877736 -6440461.09282359 -0.2652078835207452 
846394.9843260181 -6787213.527369882 -0.27413593312287765 
849529.7805642626 -7113769.140534496 -0.28356809077919926 
852664.5768025072 -7412909.015091034 -0.2933875101507021 
855799.3730407517 -7678584.716167475 -0.3034674456684454 
858934.1692789962 -7906897.94448044 -0.31371032860479203 
862068.9655172407 -8096281.133123108 -0.3240529032773064 
865203.7617554852 -8246790.745877044 -0.3344334982957227 
868338.5579937297 -8359330.44082433 -0.3447589016863085 
871473.3542319742 -8435688.251817888 -0.3549112707941972 
874608.1504702187 -8479371.173265208 -0.3647941137575307 
877742.9467084632 -8496277.368464423 -0.37437304948942224 
880877.7429467078 -8494294.773089685 -0.3836691927693788 
884012.5391849523 -8481970.408788748 -0.3927113237740051 
887147.3354231968 -8467370.42535958 -0.4014976720284296 
890282.1316614413 -8458076.824795347 -0.4100101323049145 
893416.9278996858 -8462061.289440075 -0.4182684584745763 
896551.7241379303 -8488191.17944578 -0.42636682355270955 
899686.5203761748 -8545446.044581397 -0.4344499824959931 
902821.3166144193 -8641282.8335226 -0.44264865608660026 
905956.1128526638 -8780566.289581953 -0.45103866550210103 
909090.9090909084 -8965989.94273162 -0.459665920599585 
912225.7053291529 -9199398.3996512 -0.46861002975167637 
915360.5015673974 -9482467.075852022 -0.47801564841393485 
918495.2978056419 -9815867.151670132 -0.4880515785306293 
921630.0940438864 -10197702.623634798 -0.4988337886526986 
924764.8902821309 -10622907.046654454 -0.5103899167214311 
927899.6865203754 -11084409.37007077 -0.5227026600890833 
931034.4827586199 -11575072.06267727 -0.5357867501103054 
934169.2789968645 -12088572.564356506 -0.5497161346344713 
937304.075235109 -12618491.10070753 -0.5645680989269609 
940438.8714733535 -13156803.504006617 -0.5803398120591591 
943573.667711598 -13693707.987686865 -0.5969262729288248 
946708.4639498425 -14219387.539208006 -0.6141877806376368 
949843.260188087 -14726251.691015553 -0.6320406933219428 
952978.0564263315 -15209596.693495147 -0.6504774689736111 
956112.852664576 -15666197.47254359 -0.6694940780240788 
959247.6489028205 -16092510.034333056 -0.6890020449043391 
962382.445141065 -16484615.872142162 -0.7088230392445914 
965517.2413793096 -16840210.812714305 -0.7287799903759815 
968652.0376175541 -17160691.69700961 -0.74879549910244 
971786.8338557986 -17451129.253762078 -0.7688960632726214 
974921.6300940431 -17718016.43212525 -0.78911682988456 
978056.4263322876 -17967001.526872806 -0.8094078366010898 
981191.2225705321 -18202871.835102245 -0.8296452064994371 
984326.0188087766 -18431683.636383545 -0.8497420575948558 
987460.8150470211 -18662576.908923853 -0.8697457782441103 
990595.6112852657 -18907003.743255187 -0.8898170656385367 
993730.4075235102 -19175752.476715397 -0.9101074596270898 
996865.2037617547 -19477022.651255134 -0.9306379944258018 
999999.9999999992 -19775722.483380675 -0.9532139455548181 
