#x u 
0.0 1365279436914721.0 62581305.336009726 
3134.796238244514 -34166351885121.176 -1566107.9288335904 
6269.592476489028 840813138481.8839 38540.92014712968 
9404.38871473354 -35247232442.69877 -1615.6992479330786 
12539.184952978056 -13688024818.236025 -627.4761508229983 
15673.98119122257 -14591937063.516127 -668.9095332536509 
18808.777429467085 -14943077255.27888 -685.003233218217 
21943.5736677116 -15317416460.099026 -702.1585232843939 
25078.369905956115 -15700773819.842829 -719.7255231256053 
28213.16614420063 -16093736379.56831 -737.7313437902993 
31347.962382445145 -16496527297.265837 -756.186473033703 
34482.75862068966 -16909384843.786379 -775.1021377801616 
37617.55485893417 -17332553395.3366 -794.4898794517162 
40752.35109717868 -17766284105.74761 -814.3615716398363 
43887.14733542319 -18210835309.378304 -834.7294246270029 
47021.943573667704 -18666472918.034973 -855.60598929349 
50156.739811912215 -19133470806.933586 -877.004160809465 
53291.53605015673 -19612111169.18489 -898.9371816902074 
56426.33228840124 -20102684809.262566 -921.4186433583552 
59561.12852664575 -20605491361.877663 -944.4624860611649 
62695.92476489026 -21120839448.726467 -968.0829980959846 
65830.72100313478 -21649046795.68931 -992.2948157105102 
68965.51724137929 -22190440320.46154 -1017.1129243127809 
72100.3134796238 -22745356179.620533 -1042.5526606169553 
75235.10971786831 -23314139760.47773 -1068.62971505492 
78369.90595611282 -23897145621.457108 -1095.3601345090892 
81504.70219435733 -24494737407.1836 -1122.7603263571484 
84639.49843260185 -25107287769.01638 -1150.847064932611 
87774.29467084636 -25735178305.064384 -1179.6375006539981 
90909.09090909087 -26378799514.419624 -1209.1491711197334 
94043.88714733538 -27038550758.842236 -1239.4000133489126 
97178.68338557989 -27714840242.236942 -1270.4083771026933 
100313.4796238244 -28408085034.7976 -1302.1930399668547 
103448.27586206891 -29118711166.22842 -1334.773224770374 
106583.07210031342 -29847153792.595867 -1368.1686190437338 
109717.86833855794 -30593857423.85586 -1402.3993954667312 
112852.66457680245 -31359276200.12014 -1437.4862323668644 
115987.46081504696 -32143874220.220802 -1473.4503341304323 
119122.25705329147 -32948125937.0642 -1510.313451988371 
122257.05329153598 -33772516627.08479 -1548.0979054061022 
125391.84952978049 -34617542921.84841 -1586.8266035309828 
128526.645768025 -35483713377.35282 -1626.5230656911292 
131661.44200626953 -36371549062.04849 -1667.2114402952154 
134796.23824451404 -37281584160.05639 -1708.9165222818542 
137931.03448275855 -38214366593.589165 -1751.66376969478 
141065.83072100306 -39170458660.01205 -1795.479319637717 
144200.62695924757 -40150437664.12231 -1840.3900032321453 
147335.42319749208 -41154896521.58005 -1886.4233590167607 
150470.2194357366 -42184444320.18402 -1933.6076447299117 
153605.0156739811 -43239706840.69691 -1981.9718480921952 
156739.81191222562 -44321327043.358665 -2031.5456973758714 
159874.60815047013 -45429965517.72785 -2082.35967210734 
163009.40438871464 -46566300884.18951 -2134.445013752717 
166144.20062695915 -47731030137.927864 -2187.833736262817 
169278.99686520366 -48924868939.47299 -2242.558636867188 
172413.79310344817 -50148551867.19931 -2298.65330791974 
175548.58934169268 -51402832646.198845 -2356.152150446542 
178683.3855799372 -52688484358.48845 -2415.0903895049382 
181818.1818181817 -54006299634.48725 -2475.5040911298483 
184952.97805642622 -55357090832.282425 -2537.4301808503565 
188087.77429467073 -56741690222.62625 -2600.906464200685 
191222.57053291524 -58160950201.1007 -2665.97164974256 
194357.36677115975 -59615743540.48091 -2732.6653746822453 
197492.16300940426 -61106963685.55189 -2801.0282326424485 
200626.95924764877 -62635525091.48902 -2871.101803088547 
203761.75548589329 -64202363615.79999 -2942.9286823291513 
206896.5517241378 -65808436980.736496 -3016.552516362157 
210031.3479623823 -67454725317.44112 -3092.01803563211 
213166.14420062682 -69142231788.4825 -3169.3710911658327 
216300.94043887133 -70871983276.29054 -3248.658691220323 
219435.73667711584 -72645031130.21484 -3329.929037912358 
222570.53291536035 -74462451976.90858 -3413.231563952708 
225705.32915360486 -76325348601.28644 -3498.6169698330727 
228840.12539184937 -78234850892.17293 -3586.1372613200856 
231974.9216300939 -80192116830.02213 -3675.845786445995 
235109.7178683384 -82198333491.59334 -3767.7972711647744 
238244.5141065829 -84254718061.49835 -3862.0478536132223 
241379.31034482742 -86362518856.65157 -3958.6551177219217 
244514.10658307193 -88523016368.02411 -4057.6781268941972 
247648.90282131644 -90737524305.14331 -4159.177457629703 
250783.69905956095 -93007390613.45241 -4263.215232273618 
253918.49529780546 -95333998442.22891 -4369.855150406357 
257053.29153604998 -97718767066.51065 -4479.162519533918 
260188.0877742945 -100163152784.75851 -4591.204286522288 
263322.884012539 -102668649805.53748 -4706.049070760091 
266457.6802507835 -105236791110.80199 -4823.767198769598 
269592.476489028 -107869149270.36952 -4944.430739292971 
272727.27272727253 -110567337200.12718 -5068.1135385990265 
275862.06896551704 -113333008890.34233 -5194.891257197918 
278996.86520376155 -116167860145.72783 -5324.841409744137 
282131.66144200607 -119073629358.8088 -5458.04340888414 
285266.4576802506 -122052098303.59344 -5594.578612128131 
288401.2539184951 -125105092925.92459 -5734.530370257427 
291536.0501567396 -128234484134.53954 -5877.984076981182 
294670.8463949841 -131442188635.32349 -6025.027221271608 
297805.6426332286 -134730169858.4149 -6175.749444108979 
300940.43887147313 -138100438992.59335 -6330.242599746874 
304075.23510971764 -141555056098.21448 -6488.600819645068 
307210.03134796215 -145096131264.2575 -6650.920576991847 
310344.82758620667 -148725825813.88657 -6817.30075157341 
313479.6238244512 -152446353604.6648 -6987.842696733701 
316614.4200626957 -156259982466.24603 -7162.650310102939 
319749.2163009402 -160169035768.12515 -7341.830107568196 
322884.0125391847 -164175894062.32642 -7525.491297877852 
326018.8087774292 -168282996750.87866 -7713.745855607894 
329153.60501567373 -172492843781.5785 -7906.708592784588 
332288.40125391824 -176807997420.72208 -8104.497231631216 
335423.19749216276 -181231084136.93546 -8307.232480332359 
338557.99373040727 -185764796567.04758 -8515.038110893205 
341692.7899686518 -190411895488.40668 -8728.041036102253 
344827.5862068963 -195175211743.83188 -8946.371383650512 
347962.3824451408 -200057648136.53998 -9170.162568748136 
351097.1786833853 -205062181359.62823 -9399.551368749742 
354231.9749216298 -210191863996.9169 -9634.67800201038 
357366.77115987433 -215449826557.00128 -9875.6862097211 
360501.56739811884 -220839279461.22723 -10122.72333753024 
363636.36363636336 -226363514948.12784 -10375.940415600242 
366771.15987460787 -232025908943.5414 -10635.492239634073 
369905.9561128524 -237829922987.92072 -10901.537457246546 
373040.7523510969 -243779106263.3802 -11174.23866170676 
376175.5485893414 -249877097671.0874 -11453.762490757836 
379310.3448275859 -256127627870.8998 -11740.279726340215 
382445.1410658304 -262534521252.41895 -12033.965393568566 
385579.93730407493 -269101697900.67334 -12334.998861527381 
388714.73354231945 -275833175648.785 -12643.563949701891 
391849.52978056396 -282733072239.09973 -12959.84904054303 
394984.32601880847 -289805607517.37354 -13284.04719417701 
398119.122257053 -297055105571.7109 -13616.356260657727 
401253.9184952975 -304485996828.27826 -13956.978989766298 
404388.714733542 -312102820241.2269 -14306.12314414206 
407523.5109717865 -319910225745.5957 -14664.001623013999 
410658.307210031 -327912977051.74475 -15030.83259972162 
413793.10344827553 -336115954741.27844 -15406.839670834133 
416927.89968652005 -344524159592.43555 -15792.252013267385 
420062.69592476456 -353142716129.55164 -16187.304548919998 
423197.49216300907 -361976876449.71844 -16592.23811912319 
426332.2884012536 -371032024320.84247 -17007.299668625663 
429467.0846394981 -380313679385.6006 -17432.74243167617 
432601.8808777426 -389827501189.0379 -17868.82610759032 
435736.6771159871 -399579292806.81396 -18315.81701605937 
438871.4733542316 -409575004070.2895 -18773.98823259712 
442006.26959247614 -419820734603.86127 -19243.619714570017 
445141.06583072065 -430322736955.34155 -19724.998431166776 
448275.86206896516 -441087420006.0949 -20218.418506216098 
451410.65830720967 -452121352724.89874 -20724.181377022116 
454545.4545454542 -463431268294.1559 -21242.595970741826 
457680.2507836987 -475024068663.3192 -21773.97890113304 
460815.0470219432 -486906829542.6669 -22318.65468679774 
463949.8432601877 -499086805673.8135 -22876.95598417386 
467084.6394984322 -511571436008.7183 -23449.223819281073 
470219.43573667674 -524368348399.9254 -24035.807800813935 
473354.23197492125 -537485363646.7665 -24637.066307917514 
476489.02821316576 -550930499119.9409 -25253.36666272102 
479623.82445141027 -564711972432.2269 -25885.085308297865 
482758.6206896548 -578838205570.3928 -26532.608009780462 
485893.4169278993 -593317829633.7614 -27196.330083793102 
489028.2131661438 -608159690075.9291 -27876.656650175228 
492163.0094043883 -623372852281.0487 -28574.002897593004 
495297.8056426328 -638966607377.0243 -29288.794358708416 
498432.60188087734 -654950478227.5176 -30021.46719313733 
501567.39811912185 -671334225476.009 -30772.468473683904 
504702.19435736636 -688127853446.5955 -31542.256468064243 
507836.99059561087 -705341615800.929 -32331.300911995677 
510971.7868338554 -722986021113.7671 -33140.083280533174 
514106.5830720999 -741071838754.604 -33969.09707373444 
517241.3793103444 -759610105420.3667 -34818.848129970225 
520376.1755485889 -778612132347.8445 -35689.85496546271 
523510.9717868334 -798089512901.1669 -36582.649123829106 
526645.768025078 -818054130168.0786 -37497.775517684255 
529780.5642633225 -838518164448.9017 -38435.79275728289 
532915.360501567 -859494100830.8015 -39397.27347679282 
536050.1567398115 -880994737109.9308 -40382.80467308676 
539184.952978056 -903033192107.897 -41392.98806250413 
542319.7492163006 -925622914170.0986 -42428.44044892475 
545454.5454545451 -948777689608.4268 -43489.794094499644 
548589.3416927896 -972511651081.1229 -44577.697093716146 
551724.1379310341 -996839286135.619 -45692.813760876525 
554858.9341692786 -1021775446121.565 -46835.8250391662 
557993.7304075231 -1047335355430.5535 -48007.42892738188 
561128.5266457676 -1073534620813.8987 -49208.34091089022 
564263.3228840121 -1100389240609.2517 -50439.294387390284 
567398.1191222566 -1127915614005.8923 -51701.04109244179 
570532.9153605012 -1156130550684.3945 -52994.351539953226 
573667.7115987457 -1185051281045.8264 -54320.015488025194 
576802.5078369902 -1214695466903.3486 -55678.84242536659 
579937.3040752347 -1245081212292.5427 -57071.6620638022 
583072.1003134792 -1276227074197.176 -58499.324828764955 
586206.8965517237 -1308152073348.1936 -59962.7023559289 
589341.6927899682 -1340875705462.6353 -61462.6880112894 
592476.4890282127 -1374417953123.7422 -63000.19744394586 
595611.2852664572 -1408799298132.415 -64576.16916340715 
598746.0815047018 -1444040733975.2734 -66191.56512444188 
601880.8777429463 -1480163778260.4822 -67847.37131173376 
605015.6739811908 -1517190485362.3909 -69544.59833440582 
608150.4702194353 -1555143459679.411 -71284.28204800033 
611285.2664576798 -1594045869663.3052 -73067.48421033088 
614420.0626959243 -1633921462369.8408 -74895.29315906906 
617554.8589341688 -1674794578138.179 -76768.82449257681 
620689.6551724133 -1716690165287.831 -78689.22174857472 
623824.4514106578 -1759633795138.0747 -80657.65709447868 
626959.2476489024 -1803651677763.775 -82675.33204837971 
630094.0438871469 -1848770678574.9067 -84743.47823480435 
633228.8401253914 -1895018335377.6409 -86863.3581598113 
636363.6363636359 -1942422875496.1216 -89036.26598646754 
639498.4326018804 -1991013232901.1575 -91263.52830864725 
642633.2288401249 -2040819065728.1042 -93546.50494114673 
645768.0250783694 -2091870774609.314 -95886.58974612941 
648902.8213166139 -2144199521839.0803 -98285.21149726426 
652037.6175548584 -2197837250952.0623 -100743.83476290783 
655172.413793103 -2252816706296.0796 -103263.96078966509 
658307.2100313475 -2309171452632.7896 -105847.12838838548 
661442.006269592 -2366935895239.3774 -108494.91484475856 
664576.8025078365 -2426145300944.7715 -111208.93687479058 
667711.598746081 -2486835820044.415 -113990.85162293426 
670846.3949843255 -2549044508608.094 -116842.35768085941 
673981.19122257 -2612809350787.0137 -119765.19610895569 
677115.9874608145 -2678169281260.226 -122761.15146702799 
680250.783699059 -2745164208383.808 -125832.05287993739 
683385.5799373036 -2813835038466.5977 -128979.77515743724 
686520.3761755481 -2884223701026.5884 -132206.2399612429 
689655.1724137926 -2956373174476.3257 -135513.41699368609 
692789.9686520371 -3030327511881.2466 -138903.32519119314 
695924.7648902816 -3106131867042.147 -142378.03393361074 
699059.5611285261 -3183832521538.2725 -145939.6642980192 
702194.3573667706 -3263476913113.677 -149590.39037402417 
705329.1536050151 -3345113665146.6465 -153332.4406280534 
708463.9498432596 -3428792616580.9727 -157168.09928766201 
711598.7460815042 -3514564852009.589 -161099.70773118292 
714733.5423197487 -3602482732272.3965 -165129.66589889556 
717868.3385579932 -3692599926256.5205 -169260.43375692502 
721003.1347962377 -3784971444209.8394 -173494.5328278797 
724137.9310344822 -3879653672176.901 -177834.54777017038 
727272.7272727267 -3976704406875.033 -182283.12797470423 
730407.5235109712 -4076182890767.9165 -186842.98916790806 
733542.3197492157 -4178149847817.636 -191516.9150433059 
736677.1159874602 -4282667520642.632 -196307.75895527343 
739811.9122257048 -4389799709303.054 -201218.44568549265 
742946.7084639493 -4499611811193.079 -206251.97325868733 
746081.5047021938 -4612170861323.841 -211411.41477530077 
749216.3009404383 -4727545572855.326 -216699.9202551581 
752351.0971786828 -4845806378493.885 -222120.71852092698 
755485.8934169273 -4967025473515.591 -227677.11915677143 
758620.6896551718 -5091276860537.691 -233372.51454832082 
761755.4858934163 -5218636395398.994 -239210.38197513082 
764890.2821316608 -5349181833432.544 -245194.28572319573 
768025.0783699054 -5482992876124.193 -251327.8792175504 
771159.8746081499 -5620151218918.738 -257614.9072101075 
774294.6708463944 -5760740600950.76 -264059.20805849583 
777429.4670846389 -5904846856706.206 -270664.716096191 
780564.2633228834 -6052557968862.327 -277435.46405938343 
783699.0595611279 -6203964121615.221 -284375.5855387273 
786833.8557993724 -6359157754643.491 -291489.31746249564 
789968.6520376169 -6518233618605.283 -298781.00265190186 
793103.4482758614 -6681288832929.039 -306255.0924829948 
796238.244514106 -6848422945758.425 -313916.14964823145 
799373.0407523505 -7019737995184.21 -321768.8509774418 
802507.836990595 -7195338571115.589 -329817.9902879568 
805642.6332288395 -7375331878102.193 -338068.48127761757 
808777.429467084 -7559827800116.694 -346525.36050644296 
811912.2257053285 -7748938967999.342 -355193.7904986327 
815047.021943573 -7942780829250.868 -364079.062950122 
818181.8181818175 -8141471719195.2295 -373186.60199651576 
821316.614420062 -8345132932931.872 -382521.9675145668 
824451.4106583066 -8553888798561.008 -392090.8584792274 
827586.2068965511 -8767866752783.774 -401899.1164267661 
830721.0031347956 -8987197419485.752 -411952.729051924 
833855.7993730401 -9212014690803.244 -422257.8339163504 
836990.5956112846 -9442455809606.445 -432820.7222197569 
840125.3918495291 -9678661452925.164 -443647.8426124178 
843260.1880877736 -9920775816992.732 -454745.80508043116 
846394.9843260181 -10168946705088.918 -466121.3849583725 
849529.7805642626 -10423325618675.863 -477781.5270925172 
852664.5768025072 -10684067851143.27 -489733.35012384405 
855799.3730407517 -10951332583049.59 -501984.1508403292 
858934.1692789962 -11225282978538.36 -514541.4085843452 
862068.9655172407 -11506086283816.814 -527412.7897562985 
865203.7617554852 -11793913928940.668 -540606.1524719116 
868338.5579937297 -12088941633262.076 -554129.5513898545 
871473.3542319742 -12391349513682.09 -567991.2426705795 
874608.1504702187 -12701322194586.418 -582199.6890150883 
877742.9467084632 -13019048919336.45 -596763.5647777941 
880877.7429467078 -13344723664416.615 -611691.7612038429 
884012.5391849523 -13678545257511.113 -626993.3918490539 
887147.3354231968 -14020717499697.078 -642677.7981907702 
890282.1316614413 -14371449290720.912 -658754.5553818675 
893416.9278996858 -14730954756260.316 -675233.4780971699 
896551.7241379303 -15099453377259.707 -692124.6264757932 
899686.5203761748 -15477170122636.047 -709438.3122183188 
902821.3166144193 -15864335586607.498 -727185.1048956702 
905956.1128526638 -16261186130621.814 -745375.8384680853 
909090.9090909084 -16667964028678.3 -764021.6179583686 
912225.7053291529 -17084917615000.14 -783133.8262311673 
915360.5015673974 -17512301434377.775 -802724.1308925473 
918495.2978056419 -17950376396650.67 -822804.4913768279 
921630.0940438864 -18399409936509.293 -843387.1662746118 
924764.8902821309 -18859676178354.21 -864484.720889851 
927899.6865203754 -19331456104851.902 -886110.0349635548 
931034.4827586199 -19815037728243.117 -908276.3105209834 
934169.2789968645 -20310716264981.066 -930997.079868969 
937304.075235109 -20818794315317.492 -954286.2138178422 
940438.8714733535 -21339582048908.305 -978157.930177464 
943573.667711598 -21873397395927.832 -1002626.802504399 
946708.4639498425 -22420566242217.734 -1027707.7690331654 
949843.260188087 -22981422627685.395 -1053416.1417561222 
952978.0564263315 -23556308948814.81 -1079767.615692088 
956112.852664576 -24145576167039.04 -1106778.2784244204 
959247.6489028205 -24749584023904.715 -1134464.6199517122 
962382.445141065 -25368701262274.145 -1162843.5428169824 
965517.2413793096 -26003305852029.344 -1191932.372445371 
968652.0376175541 -26653785219712.47 -1221748.8676647244 
971786.8338557986 -27320536483267.016 -1252311.231462664 
974921.6300940431 -28003966693728.773 -1283638.1220649884 
978056.4263322876 -28704493084616.184 -1315748.6643698085 
981191.2225705321 -29422543328025.746 -1348662.4616916976 
984326.0188087766 -30158555795884.406 -1382399.6077447268 
987460.8150470211 -30912979826056.367 -1416980.6988501814 
990595.6112852657 -31686275994765.957 -1452426.8464355376 
993730.4075235102 -32478916397188.293 -1488759.6899128996 
996865.2037617547 -33291384938816.77 -1526001.409864589 
999999.9999999992 -34124177539880.355 -1564174.7459019567 
