#x u 
0.0 107596.92481478289 -0.04155800432263543 
3134.796238244514 139684.792565111 -0.04275632956038308 
6269.592476489028 230269.47925582353 -0.039372310106555966 
9404.38871473354 310600.2743332725 -0.03452761685536407 
12539.184952978056 378929.6584957067 -0.028347306435615 
15673.98119122257 432606.38777804584 -0.021070781464722865 
18808.777429467085 469554.2135117245 -0.012979451140558661 
21943.5736677116 488344.39112198516 -0.004386205758311647 
25078.369905956115 488250.3042432515 0.004376654081947435 
28213.16614420063 469275.5912287449 0.012970268826565705 
31347.962382445145 432154.00372002285 0.02106232362442478 
34482.75862068966 378321.0325078825 0.028339898934084146 
37617.55485893417 309858.3971415513 0.03452157111401012 
40752.35109717868 229413.5458897142 0.03936829506722743 
43887.14733542319 140097.27898715215 0.04269264810879146 
47021.943573667704 45363.454073313114 0.04436607759597541 
50156.739811912215 -51124.5743897383 0.04432387205550761 
53291.53605015673 -145635.61693585565 0.04256766357450306 
56426.33228840124 -234514.9340911419 0.03916536468769853 
59561.12852664575 -314325.5650511293 0.034248542201560414 
62695.92476489026 -381981.2348626674 0.028007329509416472 
65830.72100313478 -434865.7005933763 0.020683074138248346 
68965.51724137929 -470933.9213754904 0.012559004846313126 
72100.3134796238 -488791.1400812237 0.003949279174677162 
75235.10971786831 -487746.8185433984 -0.004813165016449162 
78369.90595611282 -467841.3406478013 -0.01338948424581334 
81504.70219435733 -429844.4506894044 -0.021448032479429367 
84639.49843260185 -375225.4873811794 -0.02867718587379417 
87774.29467084636 -306096.5645655758 -0.034797393261536476 
90909.09090909087 -225130.8958290252 -0.03957198638754201 
94043.88714733538 -135459.4214044388 -0.04281633186401487 
97178.68338557989 -40549.734796587734 -0.04440497093861894 
100313.4796238244 55928.008965482746 -0.04427647098105705 
103448.27586206891 150243.0181247373 -0.04243580108123286 
106583.07210031342 238748.13381307825 -0.038954139894677754 
109717.86833855794 318020.8655867012 -0.033966123165855414 
112852.66457680245 384995.7390395303 -0.02766463736754383 
115987.46081504696 437082.8376160695 -0.020293360786119423 
119122.25705329147 472267.9546149637 -0.01213734048877545 
122257.05329153598 489190.4825079781 -0.0035119695610983754 
125391.84952978049 487196.02759652986 0.0052492091350710346 
128526.645768025 466361.7153984144 0.01380740105513619 
131661.44200626953 427493.208206107 0.021831661147674257 
134796.23824451404 372093.5501475771 0.0290116914906757 
137931.03448275855 302305.0445102746 0.03506984050384452 
141065.83072100306 220826.41093061137 0.03977183972774253 
144200.62695924757 130808.42597818842 0.04293586297881633 
147335.42319749208 35732.08271057036 0.044439557563026054 
150470.2194357366 -60726.01923464534 0.044224775651234054 
153605.0156739811 -154835.84764895373 0.04229982285419391 
156739.81191222562 -242958.1779981453 0.038739137044806034 
159874.60815047013 -321685.3221371894 0.03368040984757415 
163009.40438871464 -387972.90351916733 0.027319262107188227 
166144.20062695915 -439257.5831544825 0.01990167923572047 
169278.99686520366 -473556.18386066053 0.011714498963354927 
172413.79310344817 -489542.37967066804 0.0030743193310742763 
175548.58934169268 -486597.984822394 -0.005684744147071897 
178683.3855799372 -464836.858985447 -0.014223978721911097 
181818.1818181817 -425100.5043107944 -0.022213172422050623 
184952.97805642622 -368925.52456521185 -0.029343383341932053 
188087.77429467073 -298484.2047049409 -0.035338886417011876 
191222.57053291524 -216500.5086748403 -0.039967835704593224 
194357.36677115975 -126144.74379588955 -0.04305122986019577 
197492.16300940426 -30910.965066329052 -0.04446983411473349 
200626.95924764877 65518.13985116393 -0.04416879107982908 
203761.75548589329 159413.66006236634 -0.04215974208154733 
206896.5517241378 247144.65832552162 -0.03852037699062937 
210031.3479623823 325318.57929684286 -0.03339142995728008 
213166.14420062682 390912.4395544302 -0.02697123722536387 
216300.94043887133 441389.72628591466 -0.01950806747518775 
219435.73667711584 474798.4841707013 -0.0112905212803096 
222570.53291536035 489846.797439733 -0.0026363709311191257 
225705.32915360486 485952.7482235383 0.006119727811086838 
228840.12539184937 463266.9193005985 0.014639176843394934 
231974.9216300939 422666.57106535166 0.022592529300810082 
235109.7178683384 365721.7178923292 0.029672229257666237 
238244.5141065829 294634.41572250926 0.035604504907001844 
241379.31034482742 212153.60861929227 0.040159955308973455 
244514.10658307193 121468.82717548599 0.043162421319030836 
247648.90282131644 26086.849451047477 0.044495797657300176 
250783.69905956095 -70303.90604019946 0.044108522696634504 
253918.49529780546 -163976.01137531424 0.042015572349349065 
257053.29153604998 -251307.168759786 0.03829788094909468 
260188.0877742945 -328920.28468584194 0.033099211522351554 
263322.884012539 -393814.0620476331 0.02662059647606318 
266457.6802507835 -443479.0602196827 0.01911256367986866 
269592.476489028 -475994.7350581585 0.010865448560109585 
272727.27272727253 -490103.7062903034 0.002198166836655919 
275862.06896551704 -485260.38037602743 -0.006554117939394185 
278996.86520376155 -461652.0486030303 -0.015052955150874675 
282131.66144200607 -420191.64454839344 -0.02296969499032832 
285266.4576802506 -362482.4409261943 -0.02999819734085155 
288401.2539184951 -290756.05094421026 -0.03586667021216731 
291536.0501567396 -207786.13189843693 -0.04034817992878985 
294670.8463949841 -116781.12877561653 -0.04326942660993577 
297805.6426332286 -21260.205079426425 -0.044517445611318464 
300940.43887147313 75082.84602844629 -0.044043975997874504 
304075.23510971764 168522.45287492315 -0.04186732735499599 
307210.03134796215 255445.33734883813 -0.03807167195523197 
310344.82758620667 332490.18235457374 -0.03280378716413724 
313479.6238244512 396677.49598443834 -0.026267374160631032 
316614.4200626957 445524.9175212704 -0.01871518490343213 
319749.2163009402 477143.9127372297 -0.010439280419542143 
322884.0125391847 490313.56167304044 -0.0017597715668731626 
326018.8087774292 484525.98745899845 0.006987641424069864 
329153.60501567373 459999.92629536195 0.015464928685946963 
332288.40125391824 417669.31657853816 0.02334493764951342 
335423.19749216276 359165.09295019973 0.0303232230974984 
338557.99373040727 286791.8870255025 0.03612799713577524 
341692.7899686518 203443.2153887468 0.04053044175324007 
344827.5862068963 112369.8921731298 0.043359043764522216 
347962.3824451408 16848.960762353276 0.04451564042840341 
351097.1786833853 -79933.81270879526 0.043978792926719044 
354231.9749216298 -174452.8219085993 0.04177920704979609 
357366.77115987433 -262136.6102905515 0.03795993461917808 
360501.56739811884 -337502.28565011034 0.0325727668262577 
363636.36363636336 -396051.374860454 0.025753414473319122 
366771.15987460787 -437003.4981687729 0.01783359171510469 
369905.9561128524 -464105.9212438796 0.009363913449506349 
373040.7523510969 -482644.4451082059 0.0009622312365881281 
376175.5485893414 -494463.5177922419 -0.006929156451361478 
379310.3448275859 -495439.27689218667 -0.014173168519226684 
382445.1410658304 -477939.61365978693 -0.020837788152625845 
385579.93730407493 -436064.2166766722 -0.0269667704672802 
388714.73354231945 -369145.4610805575 -0.03242793625669462 
391849.52978056396 -281348.021822817 -0.03693781957070463 
394984.32601880847 -178974.91874939116 -0.040188732036677534 
398119.122257053 -68211.38248763783 -0.041952904841136285 
401253.9184952975 45591.17801724374 -0.04211315425258183 
404388.714733542 157698.8284550377 -0.040648010650529406 
407523.5109717865 263713.7174093418 -0.03761125929229767 
410658.307210031 359530.8040025741 -0.03312008154858327 
413793.10344827553 441444.8440726547 -0.027348151141969843 
416927.89968652005 506288.2238927065 -0.02051866846607642 
420062.69592476456 551553.4517086989 -0.012895729432337945 
423197.49216300907 575490.12237815 -0.004774112888211528 
426332.2884012536 577172.6054899181 0.003532118472928238 
429467.0846394981 556535.8394673133 0.01170176290769698 
432601.8808777426 514377.8474975149 0.019418900485480388 
435736.6771159871 452328.8779963858 0.026385109703656134 
438871.4733542316 372788.362946064 0.032331007439075694 
442006.26959247614 278832.1319247356 0.037026665986193 
445141.06583072065 174093.46985955368 0.040290504355255226 
448275.86206896516 62622.61799620105 0.041996310004294 
451410.65830720967 -51269.84882116954 0.042078119474729336 
454545.4545454542 -163179.71196324995 0.04053276919653931 
457680.2507836987 -268779.42003154324 0.037420017823427736 
460815.0470219432 -363985.43515457935 0.03286023536729229 
463949.8432601877 -445116.1432875983 0.02702974849310119 
467084.6394984322 -509034.222128667 0.020154021971500125 
470219.43573667674 -553267.9612877299 0.01249893996219405 
473354.23197492125 -576106.843260932 0.004360524280641032 
476489.02821316576 -576667.6890964985 -0.00394651275759176 
479623.82445141027 -554928.810901048 -0.012100938253608503 
482758.6206896548 -511730.85050984914 -0.0197874207927472 
485893.4169278993 -448744.27188965527 -0.026708724301905535 
489028.2131661438 -368404.7643420283 -0.03259720216049522 
492163.0094043883 -273819.05446353974 -0.03722514708806323 
495297.8056426328 -168644.76911182233 -0.04041359657870398 
498432.60188087734 -56948.9950733362 -0.04203925337635036 
501567.39811912185 56948.995073302925 -0.042039253376350595 
504702.19435736636 168644.7691117911 -0.040413596578704684 
507836.99059561087 273819.054463511 -0.0372251470880644 
510971.7868338554 368404.76434200304 -0.03259720216049679 
514106.5830720999 448744.27188963414 -0.0267087243019074 
517241.3793103444 511730.85050983296 -0.019787420792749304 
520376.1755485889 554928.8109010379 -0.012100938253610766 
523510.9717868334 576667.6890964948 -0.003946512757594123 
526645.768025078 576106.843260935 0.004360524280638671 
529780.5642633225 553267.961287739 0.012498939962191782 
532915.360501567 509034.2221286822 0.02015402197149801 
536050.1567398115 445116.14328761934 0.027029748493099356 
539184.952978056 363985.43515460566 0.0328602353672908 
542319.7492163006 268779.4200315731 0.03742001782342662 
545454.5454545451 163179.71196328258 0.04053276919653863 
548589.3416927896 51269.84882120284 0.042078119474729156 
551724.1379310341 -62622.61799616806 0.04199631000429431 
554858.9341692786 -174093.46985952262 0.040290504355255996 
557993.7304075231 -278832.131924707 0.037026665986194196 
561128.5266457676 -372788.36294603854 0.032331007439077276 
564263.3228840121 -452328.87799636443 0.02638510970365802 
567398.1191222566 -514377.84749749955 0.019418900485482515 
570532.9153605012 -556535.8394673037 0.011701762907699264 
573667.7115987457 -577172.605489915 0.0035321184729306034 
576802.5078369902 -575490.1223781529 -0.004774112888209148 
579937.3040752347 -551553.4517087087 -0.012895729432335676 
583072.1003134792 -506288.22389272245 -0.020518668466074377 
586206.8965517237 -441444.8440726757 -0.02734815114196808 
589341.6927899682 -359530.80400259915 -0.033120081548581815 
592476.4890282127 -263713.71740936994 -0.0376112592922966 
595611.2852664572 -157698.8284550676 -0.040648010650528754 
598746.0815047018 -45585.86973646269 -0.04211291093305774 
601880.8777429463 68293.87626722791 -0.04194912351383185 
605015.6739811908 179599.60822883865 -0.04016009769119755 
608150.4702194353 284413.74755448254 -0.03679729367322504 
611285.2664576798 380077.95771609596 -0.03192681546642624 
614420.0626959243 466143.90681771876 -0.02558798585869307 
617554.8589341688 544042.2695971921 -0.017807792691706056 
620689.6551724133 613749.8642800851 -0.008750080177608591 
623824.4514106578 668340.0319802647 0.0010409476432343937 
626959.2476489024 691856.2016679721 0.010552022505301566 
630094.0438871469 666513.6422476376 0.018641823197601527 
633228.8401253914 587227.4261339173 0.024719515032421882 
636363.6363636359 470791.1994045443 0.029179318106191485 
639498.4326018804 347352.5857343161 0.033024282187031476 
642633.2288401249 237814.6287246002 0.0368450702812703 
645768.0250783694 137623.1383727376 0.04009101809038973 
648902.8213166139 24584.587641415976 0.04144171028848761 
652037.6175548584 -114983.48380020482 0.04001737700543278 
655172.413793103 -267664.37246009347 0.03624069785688966 
658307.2100313475 -401680.5063129997 0.03144369503833338 
661442.006269592 -494826.0984742041 0.026592181857751227 
664576.8025078365 -552979.92770765 0.021439191718633472 
667711.598746081 -599926.792749281 0.014990669312108651 
670846.3949843255 -649152.7234066795 0.0067945945134372816 
673981.19122257 -687284.4945390453 -0.002306347560235484 
677115.9874608145 -686674.8991226717 -0.010760528839561976 
680250.783699059 -633981.1114763878 -0.017628341033582722 
683385.5799373036 -544718.4356283741 -0.023261990252702133 
686520.3761755481 -448475.5255107119 -0.028641678069050533 
689655.1724137926 -360287.7095450397 -0.034077962611664375 
692789.9686520371 -268173.0880357252 -0.03865508310962446 
695924.7648902816 -149794.45156420767 -0.041008878353832344 
699059.5611285261 -555.7983856215324 -0.040627825574394365 
702194.3573667706 156587.99604806895 -0.038314327346904854 
705329.1536050151 290100.86169650435 -0.035324844102756166 
708463.9498432596 387853.8788249067 -0.03209428380149673 
711598.7460815042 464904.2445469381 -0.02788411295087434 
714733.5423197487 543093.1900961893 -0.021719411225255426 
717868.3385579932 624105.3692539635 -0.013622753456505498 
721003.1347962377 684468.278584803 -0.0048395657508551355 
724137.9310344822 697858.6442426611 0.003190903124895211 
727272.7272727267 661340.4221254855 0.010047268576453022 
730407.5235109712 598005.50824754 0.01645814500633428 
733542.3197492157 533274.1316572586 0.023228565601582863 
736677.1159874602 469763.50861998263 0.030101946432582873 
739811.9122257048 387082.53436652664 0.03576523681331952 
742946.7084639493 266653.26684423315 0.03900131119526522 
746081.5047021938 115318.95012767088 0.0397852432856898 
749216.3009404383 -37235.38165599924 0.03917916624386426 
752351.0971786828 -164699.2455326765 0.03814212056219912 
755485.8934169273 -266608.2715762417 0.03650955916850844 
758620.6896551718 -363651.67266634235 0.03321562849046246 
761755.4858934163 -470966.8828301088 0.02752182551428612 
764890.2821316608 -577700.6687229966 0.019955596094909225 
768025.0783699054 -654493.1574411928 0.011966125649121268 
771159.8746081499 -681150.6619842027 0.004651881446900014 
774294.6708463944 -665527.233829777 -0.0021115583387353665 
777429.4670846389 -633862.9976735851 -0.00923774612277175 
780564.2633228834 -602809.0452602897 -0.017158234363102383 
783699.0595611279 -562573.9349694632 -0.025062876083695243 
786833.8557993724 -488875.8140047741 -0.03146165558619298 
789968.6520376169 -371052.5908556838 -0.03548777306888 
793103.4482758614 -226669.68617003525 -0.03758185081775494 
796238.244514106 -87147.02896105603 -0.038847204013174916 
799373.0407523505 30624.596805460067 -0.03976182661616094 
802507.836990595 137010.95368219176 -0.039606451859497634 
805642.6332288395 253531.18780053558 -0.037212124885616274 
808777.429467084 385072.4656386408 -0.032240880453012995 
811912.2257053285 509838.1796956133 -0.025650900725850082 
815047.021943573 597774.5122597731 -0.018853466044093103 
818181.8181818175 638259.6571382312 -0.012442441483002449 
821316.614420062 648093.2448543177 -0.005823922635009009 
824451.4106583066 651523.3190923713 0.0018750582109757557 
827586.2068965511 653414.774955025 0.01058585735992314 
830721.0031347956 633821.3325066448 0.01906068900753195 
833855.7993730401 569664.9182135415 0.02587925498810428 
836990.5956112846 460687.24923689093 0.03065232239567367 
840125.3918495291 332324.7306204742 0.034168096143289674 
843260.1880877736 212399.20536083105 0.03733838321625618 
846394.9843260181 106012.28894711513 0.04006186192577363 
849529.7805642626 -5124.299766895668 0.0412063467417523 
852664.5768025072 -138416.21376307472 0.03973275045239455 
855799.3730407517 -286899.12304986233 0.035781020304006025 
858934.1692789962 -421426.8995537454 0.030576769403151485 
862068.9655172407 -516416.48903920886 0.02525545867827518 
865203.7617554852 -572259.7224032347 0.019836529240933796 
868338.5579937297 -611018.0148112501 0.013419301264487395 
871473.3542319742 -650094.062068409 0.005385528007228296 
874608.1504702187 -681693.1029740201 -0.003666094602711433 
877742.9467084632 -679747.236663829 -0.012246657932571446 
880877.7429467078 -627054.6630860833 -0.01923241129080737 
884012.5391849523 -534101.4764737497 -0.02474047461527784 
887147.3354231968 -429757.2566048604 -0.029716403565488093 
890282.1316614413 -333577.5955324933 -0.034679208297668976 
893416.9278996858 -238739.18637812245 -0.03895372976459939 
896551.7241379303 -123404.16549898183 -0.041205569096159356 
899686.5203761748 21613.650946211597 -0.04072213758502347 
902821.3166144193 178156.70471035643 -0.03809738029317275 
905956.1128526638 314636.365293392 -0.03460326812268186 
909090.9090909084 414106.2431601993 -0.030909786109512453 
912225.7053291529 487174.22162112617 -0.026497205150001382 
915360.5015673974 556379.5849299049 -0.020373493903843246 
918495.2978056419 628650.0918184032 -0.012335233883307586 
921630.0940438864 684949.2109541026 -0.0034377530751146376 
924764.8902821309 698103.7269226501 0.004829117408117379 
927899.6865203754 660136.7983491782 0.011803374587907242 
931034.4827586199 590414.9213782949 0.018035742241214004 
934169.2789968645 516066.5808421337 0.024405137875132835 
937304.075235109 445245.11699990754 0.030907202033410623 
940438.8714733535 361278.0716438283 0.036400738355211265 
943573.667711598 243734.17008759457 0.03958795350544156 
946708.4639498425 94107.22647316502 0.04020571930771739 
949843.260188087 -61047.99388005716 0.03918213655520773 
952978.0564263315 -192991.4009387431 0.03759914815018992 
956112.852664576 -295815.1259415719 0.03555489603566527 
959247.6489028205 -387503.6977510786 0.03212180193070531 
962382.445141065 -486137.48605832446 0.02644133845620429 
965517.2413793096 -586460.3017618463 0.018799268045121022 
968652.0376175541 -661614.4669403307 0.010544377678702263 
971786.8338557986 -688349.2303496166 0.002928431282667514 
974921.6300940431 -669304.4705867821 -0.003922457268750858 
978056.4263322876 -629030.1658294001 -0.010834921815792932 
981191.2225705321 -587990.083496193 -0.018408282148481725 
984326.0188087766 -541899.2522403692 -0.02608051800066604 
987460.8150470211 -468079.50549945165 -0.03243372920346074 
990595.6112852657 -352062.18875501945 -0.03642820082602539 
993730.4075235102 -206348.80840011704 -0.038277281765972566 
996865.2037617547 -62212.898032711695 -0.039018292181790204 
999999.9999999992 107596.92481412171 -0.04155800432266573 
