#x u 
0.0 5.5191814404955845e+20 25298672913442.88 
3134.796238244514 -1.3811846558745938e+19 -633103644421.9115 
6269.592476489028 3.399007245761252e+17 15580276435.598682 
9404.38871473354 -1.4249187186456198e+16 -653150344.4519805 
12539.184952978056 -5533783991988131.0 -253656076.87519827 
15673.98119122257 -5899147765811114.0 -270403521.60444343 
18808.777429467085 -6041039662820078.0 -276907523.5750979 
21943.5736677116 -6192299861710519.0 -283840947.20469844 
25078.369905956115 -6347198314361993.0 -290941140.1151446 
28213.16614420063 -6505975233671014.0 -298219113.1174264 
31347.962382445145 -6668723908152549.0 -305679142.3494294 
34482.75862068966 -6835543785737810.0 -313325786.2724216 
37617.55485893417 -7006536706309873.0 -321163712.9950213 
40752.35109717868 -7181807059671039.0 -329197707.51069444 
43887.14733542319 -7361461846919621.0 -337432674.50716037 
47021.943573667704 -7545610745834982.0 -345873641.36331296 
50156.739811912215 -7734366177796980.0 -354525761.2199781 
53291.53605015673 -7927843376448633.0 -363394316.12447244 
56426.33228840124 -8126160458030338.0 -372484720.25592655 
59561.12852664575 -8329438493465369.0 -381802523.2316691 
62695.92476489026 -8537801582304167.0 -391353413.4937809 
65830.72100313478 -8751376928495631.0 -401143221.7814059 
68965.51724137929 -8970294918010203.0 -411177924.69193363 
72100.3134796238 -9194689198460716.0 -421463648.3286997 
75235.10971786831 -9424696760701402.0 -432006672.04055613 
78369.90595611282 -9660458022443708.0 -442813432.2561083 
81504.70219435733 -9902116913971010.0 -453890526.4135377 
84639.49843260185 -1.01498209660247e+16 -465244716.987486 
87774.29467084636 -1.0403721399881236e+16 -476882935.6170173 
90909.09090909087 -1.0663973219652984e+16 -488812287.33819187 
94043.88714733538 -1.093073530691723e+16 -501040054.9216403 
97178.68338557989 -1.1204170517719884e+16 -513573703.31828463 
100313.4796238244 -1.1484445781996962e+16 -526420884.21668315 
103448.27586206891 -1.1771732205480278e+16 -539589440.7144939 
106583.07210031342 -1.2066205174155072e+16 -553087412.1066818 
109717.86833855794 -1.23680444613346e+16 -566923038.7933091 
112852.66457680245 -1.2677434337416338e+16 -581104767.3099511 
115987.46081504696 -1.2994563682373118e+16 -595641255.4844353 
119122.25705329147 -1.3319626101056354e+16 -610541377.7226554 
122257.05329153598 -1.365282004139268e+16 -625814230.4262002 
125391.84952978049 -1.3994348915536022e+16 -641469137.5455621 
128526.645768025 -1.4344421224049852e+16 -657515656.2722791 
131661.44200626953 -1.470325068319693e+16 -673963582.8734174 
134796.23824451404 -1.5071056355408988e+16 -690822958.672193 
137931.03448275855 -1.5448062783017824e+16 -708104076.1783174 
141065.83072100306 -1.5834500125337058e+16 -725817485.3714471 
144200.62695924757 -1.6230604299176926e+16 -743974000.1416396 
147335.42319749208 -1.6636617122868192e+16 -762584704.8911923 
150470.2194357366 -1.7052786463886426e+16 -781660961.3017411 
153605.0156739811 -1.7479366390173926e+16 -801214415.2704171 
156739.81191222562 -1.7916617325248694e+16 -821257004.0194451 
159874.60815047013 -1.8364806207190628e+16 -841800963.3837336 
163009.40438871464 -1.8824206651603572e+16 -862858835.2808168 
166144.20062695915 -1.9295099118656372e+16 -884443475.3675503 
169278.99686520366 -1.9777771084303532e+16 -906568060.8883017 
172413.79310344817 -2.0272517215785664e+16 -929246098.7196075 
175548.58934169268 -2.0779639551518708e+16 -952491433.6161513 
178683.3855799372 -2.1299447685486852e+16 -976318256.6628507 
181818.1818181817 -2.183225895625119e+16 -1000741113.9382256 
184952.97805642622 -2.2378398640683864e+16 -1025774915.394608 
188087.77429467073 -2.293820015254421e+16 -1051434943.9606843 
191222.57053291524 -2.351200524602291e+16 -1077736864.8717127 
194357.36677115975 -2.410016422438137e+16 -1104696735.2329798 
197492.16300940426 -2.470303615381131e+16 -1132331013.8224428 
200626.95924764877 -2.5320989082641644e+16 -1160656571.1386907 
203761.75548589329 -2.5954400266027892e+16 -1189690699.7003033 
206896.5517241378 -2.660365639626335e+16 -1219451124.602798 
210031.3479623823 -2.7269153838852016e+16 -1249956014.3396275 
213166.14420062682 -2.7951298874486572e+16 -1281223991.8938851 
216300.94043887133 -2.8650507947079896e+16 -1313274146.1074708 
219435.73667711584 -2.936720791799991e+16 -1346126043.334679 
222570.53291536035 -3.0101836326664256e+16 -1379799739.3873308 
225705.32915360486 -3.0854841657653852e+16 -1414315791.7786756 
228840.12539184937 -3.1626683614509356e+16 -1449695272.273568 
231974.9216300939 -3.2417833400376436e+16 -1485959779.752572 
235109.7178683384 -3.322877400567105e+16 -1523131453.3979125 
238244.5141065829 -3.4060000502940028e+16 -1561232986.2092772 
241379.31034482742 -3.491202034909862e+16 -1600287638.8577135 
244514.10658307193 -3.578535369522855e+16 -1640319253.8860474 
247648.90282131644 -3.668053370412592e+16 -1681352270.2645485 
250783.69905956095 -3.759810687579249e+16 -1723411738.3107257 
253918.49529780546 -3.853863338106898e+16 -1766523334.9823449 
257053.29153604998 -3.9502687403614456e+16 -1810713379.5530083 
260188.0877742945 -4.049085749044094e+16 -1856008849.6798465 
263322.884012539 -4.150374691121672e+16 -1902437397.873139 
266457.6802507835 -4.254197402655777e+16 -1950027368.3779204 
269592.476489028 -4.360617266553218e+16 -1998807814.4779274 
272727.27272727253 -4.469699251260749e+16 -2048808516.2323892 
275862.06896551704 -4.5815099504277864e+16 -2100059998.6565282 
278996.86520376155 -4.696117623561327e+16 -2152593550.356816 
282131.66144200607 -4.8135922376978616e+16 -2206441242.632387 
285266.4576802506 -4.9340055101177176e+16 -2261635949.0543184 
288401.2539184951 -5.057430952127875e+16 -2318211365.534684 
291536.0501567396 -5.183943913940037e+16 -2376202030.897654 
294670.8463949841 -5.313621630671322e+16 -2435643347.9651527 
297805.6426332286 -5.44654326949572e+16 -2496571605.1699867 
300940.43887147313 -5.58278997797501e+16 -2559023998.709642 
304075.23510971764 -5.7224449335987096e+16 -2623038655.254228 
307210.03134796215 -5.865593394563306e+16 -2688654655.222507 
310344.82758620667 -6.012322751821606e+16 -2755912056.640167 
313479.6238244512 -6.162722582434208e+16 -2824851919.594951 
316614.4200626957 -6.316884704255455e+16 -2895516331.3034983 
319749.2163009402 -6.474903231987502e+16 -2967948431.80524 
322884.0125391847 -6.636874634636565e+16 -3042192440.299015 
326018.8087774292 -6.8028977944064136e+16 -3118293682.138538 
329153.60501567373 -6.973074067065113e+16 -3196298616.503156 
332288.40125391824 -7.147507343821839e+16 -3276254864.76079 
335423.19749216276 -7.326304114751533e+16 -3358211239.540388 
338557.99373040727 -7.50957353380623e+16 -3442217774.5316167 
341692.7899686518 -7.69742748545255e+16 -3528325755.0300093 
344827.5862068963 -7.889980652976299e+16 -3616587749.246219 
347962.3824451408 -8.087350588495613e+16 -3707057640.398472 
351097.1786833853 -8.289657784725525e+16 -3799790659.607825 
354231.9749216298 -8.497025748537726e+16 -3894843419.616307 
357366.77115987433 -8.709581076360512e+16 -3992273949.348528 
360501.56739811884 -8.927453531464821e+16 -4092141729.337853 
363636.36363636336 -9.150776123183712e+16 -4194507728.038778 
366771.15987460787 -9.379685188113496e+16 -4299434439.047656 
369905.9561128524 -9.614320473346091e+16 -4406985919.254513 
373040.7523510969 -9.854825221783466e+16 -4517227827.949258 
376175.5485893414 -1.0101346259586302e+17 -4630227466.906146 
379310.3448275859 -1.0354034085810154e+17 -4746053821.470962 
382445.1410658304 -1.0613042964283946e+17 -4864777602.676005 
385579.93730407493 -1.0878531017786829e+17 -4986471290.408562 
388714.73354231945 -1.1150660324580842e+17 -5111209177.659309 
391849.52978056396 -1.1429597017358386e+17 -5239067415.877569 
394984.32601880847 -1.1715511384664829e+17 -5370124061.461132 
398119.122257053 -1.2008577974858344e+17 -5504459123.409073 
401253.9184952975 -1.2308975702670254e+17 -5642154612.166557 
404388.714733542 -1.261688795843099e+17 -5783294589.691576 
407523.5109717865 -1.2932502720028416e+17 -5927965220.774057 
410658.307210031 -1.3256012667666718e+17 -6076254825.638753 
413793.10344827553 -1.3587615301496083e+17 -6228253933.864026 
416927.89968652005 -1.3927513062184875e+17 -6384055339.649414 
420062.69592476456 -1.4275913454508037e+17 -6543754158.465698 
423197.49216300907 -1.463302917402695e+17 -6707447885.1221485 
426332.2884012536 -1.4999078236938333e+17 -6875236453.286265 
429467.0846394981 -1.5374284113171242e+17 -7047222296.492479 
432601.8808777426 -1.5758875862813594e+17 -7223510410.676963 
435736.6771159871 -1.6153088275951405e+17 -7404208418.276776 
438871.4733542316 -1.6557162016006198e+17 -7589426633.932506 
442006.26959247614 -1.6971343766658048e+17 -7779278131.834383 
445141.06583072065 -1.7395886382443843e+17 -7973878814.753183 
448275.86206896516 -1.7831049043122822e+17 -8173347484.797872 
451410.65830720967 -1.8277097411903702e+17 -8377805915.943321 
454545.4545454542 -1.8734303797629914e+17 -8587378928.37233 
457680.2507836987 -1.9202947321021782e+17 -8802194464.6773 
460815.0470219432 -1.9683314085077555e+17 -9022383667.968113 
463949.8432601877 -2.0175697349736842e+17 -9248080961.933939 
467084.6394984322 -2.0680397710913405e+17 -9479424132.90776 
470219.43573667674 -2.1197723284006538e+17 -9716554413.983778 
473354.23197492125 -2.1727989892002957e+17 -9959616571.239079 
476489.02821316576 -2.2271521258284202e+17 -10208758992.11214 
479623.82445141027 -2.282864920425715e+17 -10464133775.992128 
482758.6206896548 -2.339971385192812e+17 -10725896827.074268 
485893.4169278993 -2.398506383154476e+17 -10994207949.538157 
489028.2131661438 -2.4585056494431885e+17 -11269230945.106817 
492163.0094043883 -2.5200058131151507e+17 -11551133713.046345 
495297.8056426328 -2.5830444195120323e+17 -11840088352.667015 
498432.60188087734 -2.6476599531820886e+17 -12136271268.388487 
501567.39811912185 -2.7138918613746586e+17 -12439863277.433287 
504702.19435736636 -2.781780578122387e+17 -12751049720.214159 
507836.99059561087 -2.8513675489258688e+17 -13070020573.482914 
510971.7868338554 -2.9226952560557894e+17 -13396970566.309664 
514106.5830720999 -2.9958072444879974e+17 -13732099298.963299 
517241.3793103444 -3.0707481484873376e+17 -14075611364.765802 
520376.1755485889 -3.147563718856523e+17 -14427716474.99485 
523510.9717868334 -3.2263008508665894e+17 -14788629586.91066 
526645.768025078 -3.307007612886082e+17 -15158571034.985744 
529780.5642633225 -3.389733275726403e+17 -15537766665.417265 
532915.360501567 -3.474528342721219e+17 -15926447974.004255 
536050.1567398115 -3.56144458055834e+17 -16324852247.473907 
539184.952978056 -3.6505350508828275e+17 -16733222708.343168 
542319.7492163006 -3.741854142690707e+17 -17151808663.403982 
545454.5454545451 -3.835457605532979e+17 -17580865655.923088 
548589.3416927896 -3.93140258355028e+17 -18020655621.649067 
551724.1379310341 -4.0297476503588845e+17 -18471447048.72197 
554858.9341692786 -4.130552844809446e+17 -18933515141.583107 
557993.7304075231 -4.233879707640178e+17 -19407141988.985023 
561128.5266457676 -4.339791319046995e+17 -19892616736.204403 
564263.3228840121 -4.4483523371934246e+17 -20390235761.56282 
567398.1191222566 -4.55962903768391e+17 -20900302857.36322 
570532.9153605012 -4.673689354024508e+17 -21423129415.35281 
573667.7115987457 -4.790602919095759e+17 -21959034616.824936 
576802.5078369902 -4.910441107662956e+17 -22508345627.476734 
579937.3040752347 -5.03327707994987e+17 -23071397797.141018 
583072.1003134792 -5.159185826302451e+17 -23648534864.514603 
586206.8965517237 -5.2882442129698394e+17 -24240109167.00797 
589341.6927899682 -5.4205310290305594e+17 -24846481855.844334 
592476.4890282127 -5.556127034492615e+17 -25468023116.5395 
595611.2852664572 -5.6951150095968205e+17 -26105112394.897007 
598746.0815047018 -5.837579805353428e+17 -26758138628.656754 
601880.8777429463 -5.983608395342989e+17 -27427500484.93818 
605015.6739811908 -6.133289928813007e+17 -28113606603.62331 
608150.4702194353 -6.286715785102817e+17 -28816875846.828056 
611285.2664576798 -6.443979629429897e+17 -29537737554.613964 
614420.0626959243 -6.605177470071736e+17 -30276631807.096916 
617554.8589341688 -6.770407716978085e+17 -31034009693.11229 
620689.6551724133 -6.939771241849395e+17 -31810333585.601112 
623824.4514106578 -7.11337143971819e+17 -32606077423.884754 
626959.2476489024 -7.291314292070843e+17 -33421727003.000996 
630094.0438871469 -7.4737084315484e+17 -34257780270.278027 
633228.8401253914 -7.66066520826593e+17 -35114747629.326935 
636363.6363636359 -7.852298757790816e+17 -35993152251.639145 
639498.4326018804 -8.048726070821597e+17 -36893530395.97813 
642633.2288401249 -8.250067064609819e+17 -37816431735.76107 
645768.0250783694 -8.456444656168518e+17 -38762419694.62979 
648902.8213166139 -8.667984837312015e+17 -39732071790.416306 
652037.6175548584 -8.884816751572884e+17 -40725979987.712585 
655172.413793103 -9.107072773043023e+17 -41744751059.26009 
658307.2100313475 -9.334888587186968e+17 -42789006956.379684 
661442.006269592 -9.568403273676716e+17 -43859385188.66768 
664576.8025078365 -9.807759391298726e+17 -44956539213.19007 
667711.598746081 -1.0053103064984876e+18 -46081138833.41272 
670846.3949843255 -1.0304584075020512e+18 -47233870608.11082 
673981.19122257 -1.0562355948484115e+18 -48415438270.507355 
677115.9874608145 -1.0826576052974284e+18 -49626563157.89655 
680250.783699059 -1.1097405692681404e+18 -50867984652.0143 
683385.5799373036 -1.1375010206862465e+18 -52140460630.42437 
686520.3761755481 -1.1659559070779359e+18 -53444767929.19656 
689655.1724137926 -1.1951225999162092e+18 -54781702817.15885 
692789.9686520371 -1.2250189052260237e+18 -56152081482.01258 
695924.7648902816 -1.2556630744547244e+18 -57556740528.60884 
699059.5611285261 -1.2870738156143997e+18 -58996537489.68837 
702194.3573667706 -1.3192703047029673e+18 -60472351349.3983 
705329.1536050151 -1.3522721974109668e+18 -61985083079.9047 
708463.9498432596 -1.386099641121189e+18 -63535656191.428856 
711598.7460815042 -1.4207732872084966e+18 -65125017296.04225 
714733.5423197487 -1.4563143036473142e+18 -66754136685.566086 
717868.3385579932 -1.492744387934495e+18 -68424008923.92566 
721003.1347962377 -1.5300857803354744e+18 -70135653454.3239 
724137.9310344822 -1.5683612774617536e+18 -71890115221.60258 
727272.7272727267 -1.6075942461880515e+18 -73688465310.17296 
730407.5235109712 -1.6478086379175918e+18 -75531801597.90375 
733542.3197492157 -1.689029003204234e+18 -77421249426.36682 
736677.1159874602 -1.7312805067403802e+18 -79357962287.84872 
739811.9122257048 -1.774588942719812e+18 -81343122529.54773 
742946.7084639493 -1.8189807505848256e+18 -83377942075.38734 
746081.5047021938 -1.864483031167303e+18 -85463663165.88586 
749216.3009404383 -1.9111235632335437e+18 -87601559116.53432 
752351.0971786828 -1.9589308204429783e+18 -89792935095.14474 
755485.8934169273 -2.0079339887310915e+18 -92039128918.64449 
758620.6896551718 -2.0581629841271964e+18 -94341511869.80185 
761755.4858934163 -2.109648471017916e+18 -96701489534.38304 
764890.2821316608 -2.1624218808675446e+18 -99120502659.251 
768025.0783699054 -2.216515431406706e+18 -101600028031.929 
771159.8746081499 -2.2719621463010076e+18 -104141579382.16837 
774294.6708463944 -2.328795875311712e+18 -106746708306.06686 
777429.4670846389 -2.3870513149607383e+18 -109417005213.30534 
780564.2633228834 -2.4467640297125847e+18 -112154100298.07965 
783699.0595611279 -2.507970473686167e+18 -114959664534.32104 
786833.8557993724 -2.5707080129097523e+18 -117835410695.81256 
789968.6520376169 -2.6350149481326136e+18 -120783094401.82245 
793103.4482758614 -2.7009305382073134e+18 -123804515188.89574 
796238.244514106 -2.7684950240569073e+18 -126901517609.45612 
799373.0407523505 -2.8377496532416983e+18 -130075992357.88979 
802507.836990595 -2.9087367051405317e+18 -133329877424.79878 
805642.6332288395 -2.981499516762e+18 -136665159280.1289 
808777.429467084 -3.056082509201349e+18 -140083874085.89218 
811912.2257053285 -3.132531214759172e+18 -143588108939.22836 
815047.021943573 -3.210892304738496e+18 -147180003146.55862 
818181.8181818175 -3.2912136179372314e+18 -150861749529.61526 
821316.614420062 -3.3735441898533693e+18 -154635595764.1415 
824451.4106583066 -3.4579342826207427e+18 -158503845752.07886 
827586.2068965511 -3.5444354156936566e+18 -162468861028.08047 
830721.0031347956 -3.633100397299076e+18 -166533062201.20834 
833855.7993730401 -3.723983356675617e+18 -170698930432.6952 
836990.5956112846 -3.817139777118996e+18 -174969008950.67252 
840125.3918495291 -3.91262652985412e+18 -179345904602.79077 
843260.1880877736 -4.0105019087545027e+18 -183832289447.6778 
846394.9843260181 -4.1108256659301924e+18 -188430902386.20926 
849529.7805642626 -4.213659048205941e+18 -193144550833.58438 
852664.5768025072 -4.319064834511901e+18 -197976112433.23026 
855799.3730407517 -4.4271073742095954e+18 -202928536813.57874 
858934.1692789962 -4.537852626376715e+18 -208004847388.79022 
862068.9655172407 -4.651368200074578e+18 -213208143204.52365 
865203.7617554852 -4.767723395622907e+18 -218541600829.87805 
868338.5579937297 -4.886989246907097e+18 -224008476296.66162 
871473.3542319742 -5.009238564743836e+18 -229612107087.1729 
874608.1504702187 -5.134545981331458e+18 -235355914171.70493 
877742.9467084632 -5.262987995812333e+18 -241243404097.01962 
880877.7429467078 -5.394643020974916e+18 -247278171127.0656 
884012.5391849523 -5.52959143112415e+18 -253463899437.24716 
887147.3354231968 -5.667915611149307e+18 -259804365363.58347 
890282.1316614413 -5.809700006819291e+18 -266303439708.13 
893416.9278996858 -5.955031176336058e+18 -272965090102.07037 
896551.7241379303 -6.10399784317765e+18 -279793383427.9225 
899686.5203761748 -6.256690950263194e+18 -286792488302.33594 
902821.3166144193 -6.41320371547281e+18 -293966677621.00037 
905956.1128526638 -6.573631688556362e+18 -301320331167.21344 
909090.9090909084 -6.738072809465778e+18 -308857938285.70074 
912225.7053291529 -6.906627468146541e+18 -316584100623.3216 
915360.5015673974 -7.079398565824952e+18 -324503534938.339 
918495.2978056419 -7.256491577828467e+18 -332621075979.96124 
921630.0940438864 -7.438014617977556e+18 -340941679439.9164 
924764.8902821309 -7.624078504588273e+18 -349470424977.86127 
927899.6865203754 -7.814796828125908e+18 -358212519322.4724 
931034.4827586199 -8.010286020551038e+18 -367173299450.1089 
934169.2789968645 -8.210665426400244e+18 -376358235842.9921 
937304.075235109 -8.416057375644971e+18 -385772935828.8909 
940438.8714733535 -8.62658725837302e+18 -395423147004.3488 
943573.667711598 -8.842383601338137e+18 -405314760743.5476 
946708.4639498425 -9.063578146424557e+18 -415453815794.939 
949843.260188087 -9.290305931074277e+18 -425846501967.8501 
952978.0564263315 -9.522705370726281e+18 -436499163911.31116 
956112.852664576 -9.760918343318039e+18 -447418304987.41016 
959247.6489028205 -1.0005090275900903e+19 -458610591241.5462 
962382.445141065 -1.0255370233422047e+19 -470082855471.9924 
965517.2413793096 -1.0511911009727412e+19 -481842101401.264 
968652.0376175541 -1.0774869220841038e+19 -493895507951.82935 
971786.8338557986 -1.1044405400577886e+19 -506250433628.786 
974921.6300940431 -1.1320684098548419e+19 -518914421012.16833 
978056.4263322876 -1.1603873980614787e+19 -531895201361.62695 
981191.2225705321 -1.1894147931859894e+19 -545200699336.3023 
984326.0188087766 -1.2191683162132306e+19 -558839037832.7574 
987460.8150470211 -1.2496661314231392e+19 -572818542943.9436 
990595.6112852657 -1.2809268574798922e+19 -587147749042.2175 
993730.4075235102 -1.3129695787984447e+19 -601835403989.4999 
996865.2037617547 -1.3458138571953793e+19 -616890474477.7677 
999999.9999999992 -1.3794797438312428e+19 -632322151503.1455 
