#x u 
0.0 136470.45295111468 0.048592429042121105 
3134.796238244514 139653.06819607076 0.0427102603398042 
6269.592476489028 229949.63096832344 0.03941713347509604 
9404.38871473354 310530.26515532366 0.03456198680013525 
12539.184952978056 379108.30492640065 0.028370585834848316 
15673.98119122257 433025.18620655127 0.021082046924134252 
18808.777429467085 470197.05975886376 0.012978268785901463 
21943.5736677116 489186.4235834202 0.004372621247801153 
25078.369905956115 489258.96160168055 -0.004402115434555605 
28213.16614420063 470411.8687303473 -0.0130066224314483 
31347.962382445145 433373.9615443882 -0.02110816368865916 
34482.75862068966 379577.4949187496 -0.02839345282361916 
37617.55485893417 311102.77677129913 -0.03458076790137846 
40752.35109717868 230597.72261158627 -0.03943084561425632 
43887.14733542319 141175.46071893562 -0.04275613358749915 
47021.943573667704 46293.94755346299 -0.04442804302447129 
50156.739811912215 -50377.75132558601 -0.04438192123203965 
53291.53605015673 -145101.34387379105 -0.042619551740888065 
56426.33228840124 -234213.8711102076 -0.03920908534120918 
59561.12852664575 -314269.3543137024 -0.03428240466272159 
62695.92476489026 -382172.05402781605 -0.02803002413481064 
65830.72100313478 -435296.1789139018 -0.020693722950316264 
68965.51724137929 -471587.37797172077 -0.012557197627764534 
72100.3134796238 -489642.13529284263 -0.003935093626455601 
75235.10971786831 -488762.48025135207 0.004839181982532255 
78369.90595611282 -468984.1996900289 0.013426409357888547 
81504.70219435733 -431073.4330197151 0.021494580871049433 
84639.49843260185 -376483.42760474386 0.028731115613000777 
87774.29467084636 -307292.5617493046 0.03485468194861384 
90909.09090909087 -226210.50925509864 0.03963004318898264 
94043.88714733538 -136639.1169970465 0.042884747692610775 
97178.68338557989 -42292.33068281459 0.0445044057487575 
100313.4796238244 54127.920534913625 0.04438300171641535 
103448.27586206891 151547.77520426162 0.04240354454975249 
106583.07210031342 246747.3375738381 0.038617491560116624 
109717.86833855794 328182.7880297296 0.03353164638082424 
112852.66457680245 379528.64515320794 0.0279466535691965 
115987.46081504696 396853.5079873508 0.02216767835576243 
119122.25705329147 396747.98329936445 0.015627008786289698 
122257.05329153598 397306.2637956684 0.007748362768537623 
125391.84952978049 398102.8627141445 -0.001145078898576163 
128526.645768025 388487.05843539233 -0.01022261420712266 
131661.44200626953 363848.47005319275 -0.018904841299161396 
134796.23824451404 325139.8711177642 -0.026856018686504536 
137931.03448275855 273858.12210908276 -0.03376867455338729 
141065.83072100306 211986.28688236914 -0.039375496683315594 
144200.62695924757 141916.94764213348 -0.04345966941529016 
147335.42319749208 66359.68385266165 -0.04586325789958717 
150470.2194357366 -11763.707127009377 -0.046493315434150306 
153605.0156739811 -89432.19586839978 -0.04532547771106001 
156739.81191222562 -163642.3440003516 -0.04240490498366548 
159874.60815047013 -231524.4470900826 -0.03784453572080218 
163009.40438871464 -290453.5060364322 -0.03182071927923866 
166144.20062695915 -338150.7357145217 -0.02456639647879235 
169278.99686520366 -372771.68553525786 -0.016362091787090895 
172413.79310344817 -392977.5643000144 -0.007525065445952242 
175548.58934169268 -397987.01122028654 0.001602954973635658 
178683.3855799372 -387606.31111836934 0.010668989167495814 
181818.1818181817 -362236.885388071 0.01932245383713341 
184952.97805642622 -322859.7690402087 0.027228719736461467 
188087.77429467073 -270997.67410512076 0.03408205177574906 
191222.57053291524 -208656.10639939754 0.03961743178932009 
194357.36677115975 -138245.81266988232 0.04362080678089375 
197492.16300940426 -62489.55708179383 0.04593736634719484 
200626.95924764877 15683.16799833123 0.04647752919208579 
203761.75548589329 93249.42539367368 0.045220407232879456 
206896.5517241378 167209.7300164805 0.042214613341934874 
210031.3479623823 234704.03887574686 0.037576381488190334 
213166.14420062682 293122.3488627783 0.03148507197271016 
216300.94043887133 340205.62550121907 0.02417623557066522 
219435.73667711584 374133.15974950977 0.015932504789191188 
222570.53291536035 393592.9747705661 0.007072664475937278 
225705.32915360486 397832.56004078966 -0.002060675582420199 
228840.12539184937 386687.9709117815 -0.011114329371416163 
231974.9216300939 360590.1683454865 -0.019738192342479 
235109.7178683384 320548.3536653847 -0.027598779946409642 
238244.5141065829 268110.9427684493 -0.03439212347193188 
241379.31034482742 205305.68892404548 -0.039855524507583825 
244514.10658307193 134561.2696095303 -0.0437777134822253 
247648.90282131644 58613.369617509175 -0.0460070194536729 
250783.69905956095 -19601.107801534097 -0.046457235219955845 
253918.49529780546 -97057.61090895653 -0.04511095094949803 
257053.29153604998 -170760.8988123672 -0.04202022741883711 
260188.0877742945 -237860.86735039 -0.03730458282379548 
263322.884012539 -295762.7625439493 -0.031146371014061786 
266457.6802507835 -342227.5196628667 -0.023783729874726774 
269592.476489028 -375458.3477987711 -0.015501372540670284 
272727.27272727253 -394170.2117212096 -0.006619577547291286 
275862.06896551704 -397639.5241554548 0.002518196331843938 
278996.86520376155 -385732.1268829635 0.011558591626539952 
282131.66144200607 -358908.4786360788 0.02015201649384317 
285266.4576802506 -318205.84917123057 0.027966163425208485 
288401.2539184951 -265198.20807534875 0.03469885956891901 
291536.0501567396 -201935.35940425785 0.040089751746136756 
294670.8463949841 -130863.6758149592 0.043930374301327506 
297805.6426332286 -54731.49740076257 0.04607221046355469 
300940.43887147313 23517.1465462142 0.046432435486018046 
304075.23510971764 100856.38306861577 0.04499711947678514 
307210.03134796215 174295.50596973748 0.04182176606733805 
310344.82758620667 240994.62634174057 0.0370291660886362 
313479.6238244512 298374.4909933499 0.030804649252985043 
316614.4200626957 344216.2221014074 0.02338891745904464 
319749.2163009402 376747.12115662836 0.015068736855880855 
322884.0125391847 394709.21916728944 0.0061658486036920085 
326018.8087774292 397407.9222863121 -0.0029754728482046452 
329153.60501567373 384738.8717366507 -0.012001732845070367 
332288.40125391824 357191.9793623949 -0.020563886155538644 
335423.19749216276 315832.4827509328 -0.028330834541326254 
338557.99373040727 262259.7525240911 -0.035002230317204654 
341692.7899686518 198545.4447191928 -0.04032009078791158 
344827.5862068963 127153.38990580518 -0.04407877443203977 
347962.3824451408 50844.31692385966 -0.046132933054140186 
351097.1786833853 -27430.90442634875 -0.04640313239553159 
354231.9749216298 -104645.37343999612 -0.04487892385494794 
357366.77115987433 -177813.20867658735 -0.041619248535668306 
360501.56739811884 -244105.0119149757 -0.03675015799463796 
363636.36363636336 -300957.28090649005 -0.030459939832150836 
366771.15987460787 -346171.5399379616 -0.02299183661540903 
369905.9561128524 -377999.35482843523 -0.014634639694989926 
373040.7523510969 -395209.9448319323 -0.005711521651084694 
376175.5485893414 -397137.77689580247 0.003432460781487636 
379310.3448275859 -383708.3018059755 0.012443710047937243 
382445.1410658304 -355440.83700306155 0.020973761381439127 
385579.93730407493 -313428.48459088977 0.028692757926296112 
388714.73354231945 -259295.86110754442 0.035302206293679084 
391849.52978056396 -195136.27364752383 0.040546519292946524 
394984.32601880847 -123430.77173268382 0.04422289948143407 
398119.122257053 -46952.20519394121 0.04618918133610922 
401253.9184952975 31342.001857127183 0.04636932879052415 
404388.714733542 108424.21453915308 0.04475637554746066 
407523.5109717865 181313.66576043062 0.04141269446545644 
410658.307210031 247191.72240219737 0.03646758560204249 
413793.10344827553 303510.8817855498 0.03011227618399516 
416927.89968652005 348093.28353153076 0.02259252585561879 
420062.69592476456 379214.9273634257 0.014199123159908919 
423197.49216300907 395672.34015110286 0.005256640753413649 
426332.2884012536 396829.11418459483 -0.003889115809667325 
429467.0846394981 382640.5170431322 -0.012884480368965138 
432601.8808777426 353655.22139664873 -0.021381602418853188 
435736.6771159871 310994.0878483926 -0.029051898478146203 
438871.4733542316 256306.82128553558 -0.03559875840448229 
442006.26959247614 191708.1768355469 -0.040769015300552235 
445141.06583072065 119696.18234227828 -0.04436273547121103 
448275.86206896516 43055.53969641216 -0.04624094985409283 
451410.65830720967 -35250.05951177014 -0.046331027949516046 
454545.4545454542 -112192.53986649102 -0.044629486439952785 
457680.2507836987 -184796.5377213835 -0.04120212388982412 
460815.0470219432 -250254.4584316886 -0.03618147631678327 
463949.8432601877 -306035.0459636748 -0.029761692027476645 
467084.6394984322 -349981.2664973959 -0.022191023907746514 
470219.43573667674 -380393.72086650797 -0.013762229490210835 
473354.23197492125 -396096.36027833447 -0.004801250028349128 
476489.02821316576 -396481.9640890572 0.00434539364300532 
479623.82445141027 -381535.6210096838 0.013324001059030486 
482758.6206896548 -351835.30572519463 0.021787369712379583 
485893.4169278993 -308529.5286290113 0.029408221364803894 
489028.2131661438 -253292.92295697052 0.03589185788782559 
492163.0094043883 -188261.48676512006 0.040987557231441596 
495297.8056426328 -115949.98394233265 0.044498268839055444 
498432.60188087734 -39154.698358339956 0.046288233587202236 
501567.39811912185 39154.69835831711 0.04628823358720251 
504702.19435736636 115949.98394231075 0.04449826883905624 
507836.99059561087 188261.48676510045 0.040987557231442866 
510971.7868338554 253292.92295695347 0.03589185788782725 
514106.5830720999 308529.5286289984 0.029408221364805878 
517241.3793103444 351835.3057251854 0.02178736971238185 
520376.1755485889 381535.62100967823 0.013324001059032958 
523510.9717868334 396481.96408905415 0.004345393643007885 
526645.768025078 396096.3602783354 -0.004801250028346545 
529780.5642633225 380393.72086651385 -0.013762229490208349 
532915.360501567 349981.26649740676 -0.02219102390774419 
536050.1567398115 306035.0459636898 -0.029761692027474584 
539184.952978056 250254.45843170705 -0.036181476316781584 
542319.7492163006 184796.53772140347 -0.04120212388982288 
545454.5454545451 112192.53986651255 -0.04462948643995206 
548589.3416927896 35250.059511792584 -0.046331027949515866 
551724.1379310341 -43055.53969638988 -0.04624094985409317 
554858.9341692786 -119696.18234225709 -0.044362735471211785 
557993.7304075231 -191708.17683552846 -0.04076901530055345 
561128.5266457676 -256306.82128551987 -0.035598758404483934 
564263.3228840121 -310994.0878483791 -0.02905189847814819 
567398.1191222566 -353655.2213966381 -0.02138160241885548 
570532.9153605012 -382640.5170431249 -0.01288448036896763 
573667.7115987457 -396829.11418459285 -0.003889115809669947 
576802.5078369902 -395672.3401511059 0.005256640753411035 
579937.3040752347 -379214.9273634341 0.014199123159906424 
583072.1003134792 -348093.2835315431 0.02259252585561652 
586206.8965517237 -303510.8817855646 0.030112276183993168 
589341.6927899682 -247191.72240221454 0.03646758560204091 
592476.4890282127 -181313.66576044945 0.04141269446545529 
595611.2852664572 -108424.21453917446 0.04475637554745996 
598746.0815047018 -31342.00185714993 0.04636932879052394 
601880.8777429463 46952.20519391804 0.04618918133610954 
605015.6739811908 123430.7717326616 0.044222899481434916 
608150.4702194353 195136.27364750285 0.04054651929294785 
611285.2664576798 259295.86110752547 0.03530220629368082 
614420.0626959243 313428.4845908743 0.028692757926298232 
617554.8589341688 355440.83700305014 0.020973761381441552 
620689.6551724133 383708.30180596816 0.01244371004793986 
623824.4514106578 397137.7768957993 0.003432460781490308 
626959.2476489024 395209.9448319328 -0.005711521651082076 
630094.0438871469 377999.3548284404 -0.014634639694987461 
633228.8401253914 346171.5399379715 -0.02299183661540678 
636363.6363636359 300957.28090650396 -0.03045993983214886 
639498.4326018804 244105.01191499317 -0.03675015799463635 
642633.2288401249 177813.20867660764 -0.04161924853566712 
645768.0250783694 104645.37344001784 -0.04487892385494723 
648902.8213166139 27430.904426370696 -0.04640313239553137 
652037.6175548584 -50844.31692383872 -0.0461329330541405 
655172.413793103 -127153.38990578474 -0.0440787744320406 
658307.2100313475 -198545.44471917354 -0.04032009078791288 
661442.006269592 -262259.75252407347 -0.035002230317206375 
664576.8025078365 -315832.4827509186 -0.028330834541328342 
667711.598746081 -357191.97936238436 -0.020563886155540986 
670846.3949843255 -384738.871736645 -0.012001732845072848 
673981.19122257 -397407.9222863113 -0.0029754728482071753 
677115.9874608145 -394709.2191672928 0.00616584860368947 
680250.783699059 -376747.1211566359 0.015068736855878409 
683385.5799373036 -344216.22210141865 0.023388917459042383 
686520.3761755481 -298374.4909933647 0.030804649252983075 
689655.1724137926 -240994.62634175835 0.0370291660886346 
692789.9686520371 -174295.5059697572 0.04182176606733691 
695924.7648902816 -100856.38306863634 0.04499711947678449 
699059.5611285261 -23517.146546236687 0.04643243548601788 
702194.3573667706 54731.4974007408 0.046072210463555065 
705329.1536050151 130863.6758149371 0.043930374301328394 
708463.9498432596 201935.35940423794 0.040089751746138116 
711598.7460815042 265198.2080753315 0.03469885956892077 
714733.5423197487 318205.8491712176 0.02796616342521053 
717868.3385579932 358908.4786360698 0.020152016493845456 
721003.1347962377 385732.1268829592 0.011558591626542424 
724137.9310344822 397639.5241554541 0.0025181963318465245 
727272.7272727267 394170.21172121284 -0.006619577547288663 
730407.5235109712 375458.34779877856 -0.01550137254066778 
733542.3197492157 342227.51966287807 -0.0237837298747245 
736677.1159874602 295762.7625439637 -0.03114637101405985 
739811.9122257048 237860.86735040735 -0.03730458282379395 
742946.7084639493 170760.89881238673 -0.042020227418836 
746081.5047021938 97057.61090897824 -0.04511095094949739 
749216.3009404383 19601.1078015565 -0.04645723521995569 
752351.0971786828 -58613.36961748595 -0.046007019453673276 
755485.8934169273 -134561.26960950956 -0.04377771348222616 
758620.6896551718 -205305.68892402682 -0.03985552450758514 
761755.4858934163 -268110.9427684337 -0.03439212347193359 
764890.2821316608 -320548.35366537195 -0.02759877994641174 
768025.0783699054 -360590.16834547714 -0.019738192342481396 
771159.8746081499 -386687.97091177583 -0.011114329371418765 
774294.6708463944 -397832.5600407891 -0.002060675582422884 
777429.4670846389 -393592.97477057 0.007072664475934675 
780564.2633228834 -374133.1597495179 0.01593250478918873 
783699.0595611279 -340205.62550123094 0.024176235570663014 
786833.8557993724 -293122.34886279365 0.03148507197270822 
789968.6520376169 -234704.03887576546 0.03757638148818879 
793103.4482758614 -167209.7300165018 0.04221461334193374 
796238.244514106 -93249.42539369708 0.04522040723287883 
799373.0407523505 -15683.167998353721 0.04647752919208568 
802507.836990595 62489.5570817721 0.04593736634719521 
805642.6332288395 138245.81266986276 0.04362080678089463 
808777.429467084 208656.1063993798 0.039617431789321485 
811912.2257053285 270997.67410510447 0.0340820517757509 
815047.021943573 322859.7690401954 0.027228719736463656 
818181.8181818175 362236.88538806146 0.019322453837135857 
821316.614420062 387606.31111836515 0.010668989167498406 
824451.4106583066 397987.01122028707 0.0016029549736382832 
827586.2068965511 392977.5643000192 -0.007525065445949657 
830721.0031347956 372771.6855352663 -0.016362091787088463 
833855.7993730401 338150.73571453436 -0.024566396478790106 
836990.5956112846 290453.50603644794 -0.031820719279236714 
840125.3918495291 231524.44709010067 -0.03784453572080064 
843260.1880877736 163642.34400037193 -0.042404904983664414 
846394.9843260181 89432.1958684208 -0.045325477711059416 
849529.7805642626 11763.707127031466 -0.046493315434150216 
852664.5768025072 -66359.68385263917 -0.045863257899587596 
855799.3730407517 -141916.94764211198 -0.04345966941529109 
858934.1692789962 -211986.2868823496 -0.039375496683316955 
862068.9655172407 -273858.1221090669 -0.033768674553389055 
865203.7617554852 -325139.871117753 -0.026856018686506635 
868338.5579937297 -363848.47005318553 -0.018904841299163776 
871473.3542319742 -388487.0584353893 -0.010222614207125256 
874608.1504702187 -398102.8627141457 -0.001145078898578872 
877742.9467084632 -392451.7893247423 0.007970880841424633 
880877.7429467078 -366785.37972935045 0.017000426412660974 
884012.5391849523 -305831.4963167 0.026339920428260208 
887147.3354231968 -200726.66162554137 0.036142529980054995 
890282.1316614413 -80339.4043269662 0.04489222360709808 
893416.9278996858 -2389.0577764213085 0.049818319546904535 
896551.7241379303 6849.883074075686 0.04966413308129997 
899686.5203761748 -8086.77586102004 0.046493423111732435 
902821.3166144193 27120.494411504507 0.04380896326790856 
905956.1128526638 135368.9679758738 0.04282652694922087 
909090.9090909084 259123.01438568695 0.041138677596166094 
912225.7053291529 317971.6971318867 0.03534418923507742 
915360.5015673974 291554.69913575007 0.024838175789124936 
918495.2978056419 239556.00025850302 0.012715857176451028 
921630.0940438864 237685.17719481216 0.0028241880350494595 
924764.8902821309 297233.41789531615 -0.003940074786252661 
927899.6865203754 352878.968934038 -0.010204006235362691 
931034.4827586199 331513.39622492285 -0.01897787048677548 
934169.2789968645 229665.87595010587 -0.030119348528781047 
937304.075235109 118108.34516294528 -0.040134104188903695 
940438.8714733535 68813.31976842183 -0.04553355123135815 
943573.667711598 81046.65036962547 -0.04622992250765156 
946708.4639498425 84220.10913293404 -0.045410209125287135 
949843.260188087 14373.538724975693 -0.04603227248051694 
952978.0564263315 -116249.49479843778 -0.047634646263217874 
956112.852664576 -229757.16463616648 -0.04681651750072902 
959247.6489028205 -262236.1221219547 -0.040881077916543225 
962382.445141065 -228786.1485419582 -0.03080756081376524 
965517.2413793096 -205690.46319804952 -0.02042286662923794 
968652.0376175541 -248595.2831259477 -0.012638329172283745 
971786.8338557986 -332814.8712589114 -0.006699488900089632 
974921.6300940431 -378545.7226622644 0.000672727727082075 
978056.4263322876 -334456.36380904843 0.01146509540247137 
981191.2225705321 -231754.95555490797 0.023907912727952264 
984326.0188087766 -151913.70170024506 0.03396755854040762 
987460.8150470211 -142015.42773027567 0.039238374889249444 
990595.6112852657 -166709.27309622228 0.041154636366965376 
993730.4075235102 -147139.58299260665 0.043207969859463506 
996865.2037617547 -47726.688845827885 0.04714573005645006 
999999.9999999992 136470.4529510326 0.048592429042117344 
