#x u 
0.0 3.2630455467171373e+24 1.4957058918623018e+17 
3134.796238244514 -8.16582764878369e+22 -3743029740576459.0 
6269.592476489028 2.0095580433719086e+21 92113571890974.23 
9404.38871473354 -8.42439178545232e+19 -3861549662275.1377 
12539.184952978056 -3.2716788537595257e+19 -1499663203518.4126 
15673.98119122257 -3.4876888995380806e+19 -1598677297423.9358 
18808.777429467085 -3.5715781009031197e+19 -1637130200084.387 
21943.5736677116 -3.661006021403994e+19 -1678121925659.395 
25078.369905956115 -3.752584947065703e+19 -1720099623098.5789 
28213.16614420063 -3.846456896336983e+19 -1763128390421.0981 
31347.962382445145 -3.942677023184871e+19 -1807233508962.054 
34482.75862068966 -4.041304123089543e+19 -1852441929229.8955 
37617.55485893417 -4.142398405735643e+19 -1898781249972.348 
40752.35109717868 -4.246021588379189e+19 -1946279760978.1309 
43887.14733542319 -4.352236932119351e+19 -1994966459693.8298 
47021.943573667704 -4.46110928053913e+19 -2044871068949.768 
50156.739811912215 -4.572705099316897e+19 -2096024055093.2537 
53291.53605015673 -4.687092516759929e+19 -2148456646607.8557 
56426.33228840124 -4.804341365454189e+19 -2202200853151.5425 
59561.12852664575 -4.924523224857412e+19 -2257289485116.256 
62695.92476489026 -5.0477114649986e+19 -2313756173658.0005 
65830.72100313478 -5.173981291282579e+19 -2371635391222.535 
68965.51724137929 -5.303409790395698e+19 -2430962472593.5386 
72100.3134796238 -5.436075977356362e+19 -2491773636468.9 
75235.10971786831 -5.572060843772343e+19 -2554106007563.0835 
78369.90595611282 -5.711447407288074e+19 -2617997639270.2803 
81504.70219435733 -5.8543207622527074e+19 -2683487536901.8955 
84639.49843260185 -6.000768131670049e+19 -2750615681498.72 
87774.29467084636 -6.150878920448529e+19 -2819423054238.5366 
90909.09090909087 -6.304744769981588e+19 -2889951661455.0576 
94043.88714733538 -6.46245961409526e+19 -2962244560281.8745 
97178.68338557989 -6.624119736399418e+19 -3036345884935.975 
100313.4796238244 -6.789823829066522e+19 -3112300873662.069 
103448.27586206891 -6.959673053077181e+19 -3190155896352.5366 
106583.07210031342 -7.133771099976904e+19 -3269958482856.419 
109717.86833855794 -7.312224255184285e+19 -3351757351993.533 
112852.66457680245 -7.495141462877972e+19 -3435602441296.634 
115987.46081504696 -7.682634392500137e+19 -3521544937500.646 
119122.25705329147 -7.874817506931404e+19 -3609637307790.978 
122257.05329153598 -8.071808132376733e+19 -3699933331831.0 
125391.84952978049 -8.27372652998973e+19 -3792488134595.1445 
128526.645768025 -8.480695969283582e+19 -3887358220025.711 
131661.44200626953 -8.692842803387474e+19 -3984601505527.4087 
134796.23824451404 -8.910296546189418e+19 -4084277357323.015 
137931.03448275855 -9.133189951403708e+19 -4186446626695.8574 
141065.83072100306 -9.36165909361312e+19 -4291171687140.29 
144200.62695924757 -9.595843451340906e+19 -4398516472440.419 
147335.42319749208 -9.835885992202587e+19 -4508546515700.512 
150470.2194357366 -1.00819332601865e+20 -4621328989352.459 
153605.0156739811 -1.0334135465116331e+20 -4736932746164.575 
156739.81191222562 -1.0592646574353033e+20 -4855428361275.653 
159874.60815047013 -1.0857624406792407e+20 -4976888175279.656 
163009.40438871464 -1.1129230729212176e+20 -5101386338389.092 
166144.20062695915 -1.1407631355027548e+20 -5228998855703.89 
169278.99686520366 -1.1692996245519196e+20 -5359803633611.769 
172413.79310344817 -1.1985499613594798e+20 -5493880527348.708 
175548.58934169268 -1.2285320030144594e+20 -5631311389749.934 
178683.3855799372 -1.259264053305618e+20 -5772180121220.937 
181818.1818181817 -1.2907648738957112e+20 -5916572720958.218 
184952.97805642622 -1.3230536957753872e+20 -6064577339450.87 
188087.77429467073 -1.35615023100358e+20 -6216284332295.506 
191222.57053291524 -1.3900746847415386e+20 -6371786315357.774 
194357.36677115975 -1.4248477675878701e+20 -6531178221313.676 
197492.16300940426 -1.4604907082222599e+20 -6694557357604.938 
200626.95924764877 -1.4970252663654515e+20 -6862023465844.159 
203761.75548589329 -1.5344737460633508e+20 -7033678782706.314 
206896.5517241378 -1.572859009303404e+20 -7209628102343.7295 
210031.3479623823 -1.6122044899716337e+20 -7389978840362.116 
213166.14420062682 -1.652534208158862e+20 -7574841099396.732 
216300.94043887133 -1.6938727848248046e+20 -7764327736329.06 
219435.73667711584 -1.7362454568289445e+20 -7958554431185.066 
222570.53291536035 -1.779678092337382e+20 -8157639757757.1 
225705.32915360486 -1.8241972066151275e+20 -8361705255992.239 
228840.12539184937 -1.869829978213524e+20 -8570875506191.116 
231974.9216300939 -1.9166042655625832e+20 -8785278205062.911 
235109.7178683384 -1.964548623978287e+20 -9005044243683.307 
238244.5141065829 -2.0136923230952774e+20 -9230307787402.854 
241379.31034482742 -2.064065364735722e+20 -9461206357753.814 
244514.10658307193 -2.1156985012252587e+20 -9697880916405.56 
247648.90282131644 -2.1686232541670942e+20 -9940475951220.244 
250783.69905956095 -2.2228719336856506e+20 -10189139564461.588 
253918.49529780546 -2.2784776581515316e+20 -10444023563210.553 
257053.29153604998 -2.335474374399991e+20 -10705283552042.387 
260188.0877742945 -2.3938968784552424e+20 -10973079028021.777 
263322.884012539 -2.453780836773197e+20 -11247573478074.14 
266457.6802507835 -2.5151628080155938e+20 -11528934478792.873 
269592.476489028 -2.5780802653687084e+20 -11817333798743.697 
272727.27272727253 -2.642571619420396e+20 -12112947503328.115 
275862.06896551704 -2.708676241609387e+20 -12415956062270.04 
278996.86520376155 -2.7764344882612486e+20 -12726544459791.037 
282131.66144200607 -2.8458877252256245e+20 -13044902307541.428 
285266.4576802506 -2.9170783531297587e+20 -13371223960356.6 
288401.2539184951 -2.990049833263723e+20 -13705708634909.062 
291536.0501567396 -3.064846714113173e+20 -14048560531328.617 
294670.8463949841 -3.1415146585558005e+20 -14399988957864.883 
297805.6426332286 -3.2201004717381635e+20 -14760208458668.29 
300940.43887147313 -3.3006521296498314e+20 -15129438944767.46 
304075.23510971764 -3.383218808412342e+20 -15507905828323.102 
307210.03134796215 -3.4678509143008084e+20 -15895840160240.19 
310344.82758620667 -3.554600114516531e+20 -16293478771222.754 
313479.6238244512 -3.643519368729393e+20 -16701064416357.035 
316614.4200626957 -3.7346629614093147e+20 -17118845923311.408 
319749.2163009402 -3.8280865349664755e+20 -17547078344243.635 
322884.0125391847 -3.923847123720548e+20 -17986023111508.055 
326018.8087774292 -4.022003188719673e+20 -18435948197257.918 
329153.60501567373 -4.1226146534304435e+20 -18897128277040.2 
332288.40125391824 -4.225742940320686e+20 -19369844897482.746 
335423.19749216276 -4.3314510083573626e+20 -19854386648176.1 
338557.99373040727 -4.43980339144251e+20 -20351049337855.16 
341692.7899686518 -4.550866237810646e+20 -20860136174987.867 
344827.5862068963 -4.6647073504117326e+20 -21381957952881.58 
347962.3824451408 -4.781396228304319e+20 -21916833239419.68 
351097.1786833853 -4.9010041090841274e+20 -22465088571544.754 
354231.9749216298 -5.023604012374009e+20 -23027058654606.703 
357366.77115987433 -5.149270784401823e+20 -23603086566697.547 
360501.56739811884 -5.278081143693465e+20 -24193523968097.742 
363636.36363636336 -5.410113727908888e+20 -24798731315961.855 
366771.15987460787 -5.545449141849734e+20 -25419078084374.68 
369905.9561128524 -5.684170006667898e+20 -26054942989912.223 
373040.7523510969 -5.8263610103050574e+20 -26706714222844.914 
376175.5485893414 -5.972108959193966e+20 -27374789684124.76 
379310.3448275859 -6.121502831253068e+20 -28059577228300.336 
382445.1410658304 -6.274633830206764e+20 -28761494912508.69 
385579.93730407493 -6.431595441264548e+20 -29480971251695.86 
388714.73354231945 -6.592483488192935e+20 -30218445480221.64 
391849.52978056396 -6.757396191815113e+20 -30974367820008.65 
394984.32601880847 -6.926434229973908e+20 -31749199755398.94 
398119.122257053 -7.099700798994802e+20 -32543414314886.36 
401253.9184952975 -7.277301676686437e+20 -33357496359896.645 
404388.714733542 -7.459345286917084e+20 -34191942880791.17 
407523.5109717865 -7.645942765806496e+20 -35047263300275.664 
410658.307210031 -7.837208029573612e+20 -35923979784398.46 
413793.10344827553 -8.033257844081478e+20 -36822627561328.516 
416927.89968652005 -8.23421189612182e+20 -37743755248107.875 
420062.69592476456 -8.440192866482877e+20 -38687925185577.766 
423197.49216300907 -8.651326504844969e+20 -39655713781683.07 
426332.2884012536 -8.867741706549664e+20 -40647711863364.484 
429467.0846394981 -9.089570591289286e+20 -41664525037253.88 
432601.8808777426 -9.316948583764924e+20 -42706774059391.516 
435736.6771159871 -9.550014496362073e+20 -43775095214192.96 
438871.4733542316 -9.78891061389449e+20 -44870140702895.3 
442006.26959247614 -1.0033782780467855e+21 -45992579041720.79 
445141.06583072065 -1.028478048851643e+21 -47143095470000.15 
448275.86206896516 -1.0542056970066876e+21 -48322392368505.875 
451410.65830720967 -1.0805769290285249e+21 -49531189688249.516 
454545.4545454542 -1.107607844336388e+21 -50770225390006.03 
457680.2507836987 -1.1353149450807099e+21 -52040255894832.89 
460815.0470219432 -1.1637151462175413e+21 -53342056545858.664 
463949.8432601877 -1.1928257858349983e+21 -54676422081623.63 
467084.6394984322 -1.222664635738014e+21 -56044167121261.055 
470219.43573667674 -1.2532499122978866e+21 -57446126661815.56 
473354.23197492125 -1.2846002875732195e+21 -58883156588001.734 
476489.02821316576 -1.3167349007090618e+21 -60356134194714.9 
479623.82445141027 -1.3496733696211943e+21 -61865958722612.34 
482758.6206896548 -1.3834358029727097e+21 -63413551907092.21 
485893.4169278993 -1.418042812450177e+21 -64999858541005.43 
489028.2131661438 -1.453515525346915e+21 -66625847051443.71 
492163.0094043883 -1.4898755974610202e+21 -68292510090956.63 
495297.8056426328 -1.5271452263160663e+21 -70000865143557.65 
498432.60188087734 -1.5653471647124997e+21 -71751955145889.73 
501567.39811912185 -1.604504734618039e+21 -73546849123929.73 
504702.19435736636 -1.6446418414055412e+21 -75386642845619.38 
507836.99059561087 -1.6857829884470318e+21 -77272459489822.81 
510971.7868338554 -1.7279532920728167e+21 -79205450332018.25 
514106.5830720999 -1.7711784969047913e+21 -81186795447141.92 
517241.3793103444 -1.8154849915733245e+21 -83217704430014.11 
520376.1755485889 -1.860899824827293e+21 -85299417133786.94 
523510.9717868334 -1.9074507220471238e+21 -87433204426864.27 
526645.768025078 -1.9551661021709046e+21 -89620368968756.38 
529780.5642633225 -2.0040750950439073e+21 -91862246005342.6 
532915.360501567 -2.0542075592021322e+21 -94160204184028.58 
536050.1567398115 -2.1055941001006893e+21 -96515646389293.6 
539184.952978056 -2.1582660887981785e+21 -98930010599140.44 
542319.7492163006 -2.2122556811084552e+21 -101404770762968.52 
545454.5454545451 -2.2675958372314894e+21 -103941437701408.16 
548589.3416927896 -2.3243203418752968e+21 -106541560028663.84 
551724.1379310341 -2.38246382488123e+21 -109206725097930.58 
554858.9341692786 -2.4420617823652057e+21 -111938559970460.25 
557993.7304075231 -2.5031505983877997e+21 -114738732408868.52 
561128.5266457676 -2.5657675671663956e+21 -117608951895290.69 
564263.3228840121 -2.6299509158430135e+21 -120550970675005.56 
567398.1191222566 -2.695739827821645e+21 -123566584826167.1 
570532.9153605012 -2.763174466689416e+21 -126657635356295.47 
573667.7115987457 -2.832296000736119e+21 -129826009326197.02 
576802.5078369902 -2.9031466280871243e+21 -133073641001999.28 
579937.3040752347 -2.975769602464972e+21 -136402513036004.25 
583072.1003134792 -3.050209259595414e+21 -139814657677081.03 
586206.8965517237 -3.1265110442740044e+21 -143312158011337.7 
589341.6927899682 -3.2047215381097884e+21 -146897149233827.1 
592476.4890282127 -3.284888487962963e+21 -150571819952066.4 
595611.2852664572 -3.3670608350939825e+21 -154338413522164.56 
598746.0815047018 -3.451288745041752e+21 -158199229418371.5 
601880.8777429463 -3.537623638249295e+21 -162156624636888.66 
605015.6739811908 -3.626118221455496e+21 -166213015134795.75 
608150.4702194353 -3.716826519872144e+21 -170370877304972.4 
611285.2664576798 -3.8098039101658686e+21 -174632749487915.62 
614420.0626959243 -3.905107154265153e+21 -179001233521376.25 
617554.8589341688 -4.002794434012994e+21 -183478996328758.66 
620689.6551724133 -4.1029253866864635e+21 -188068771547255.75 
623824.4514106578 -4.205561141404749e+21 -192773361196711.4 
626959.2476489024 -4.310764356447998e+21 -197595637390230.97 
630094.0438871469 -4.4185992575096555e+21 -202538544087582.25 
633228.8401253914 -4.5291316769057475e+21 -207605098892459.62 
636363.6363636359 -4.6424290937649643e+21 -212798394894705.0 
639498.4326018804 -4.758560675224086e+21 -218121602558614.25 
642633.2288401249 -4.877597318653959e+21 -223577971658478.72 
645768.0250783694 -4.999611694941762e+21 -229170833262545.97 
648902.8213166139 -5.124678292855966e+21 -234903601766609.66 
652037.6175548584 -5.252873464521135e+21 -240779776978469.5 
655172.413793103 -5.38427547203026e+21 -246802946254536.1 
658307.2100313475 -5.518964535223112e+21 -252976786689881.6 
661442.006269592 -5.657022880659794e+21 -259305067363075.25 
664576.8025078365 -5.798534791819366e+21 -265791651637175.1 
667711.598746081 -5.943586660554237e+21 -272440499518279.72 
670846.3949843255 -6.092267039831649e+21 -279255670073078.8 
673981.19122257 -6.244666697794571e+21 -286241323906880.3 
677115.9874608145 -6.400878673174864e+21 -293401725703625.9 
680250.783699059 -6.560998332092675e+21 -300741246829443.5 
683385.5799373036 -6.725123426276655e+21 -308264368001331.56 
686520.3761755481 -6.89335415274057e+21 -315975682022599.5 
689655.1724137926 -7.065793214952786e+21 -323879896586735.75 
692789.9686520371 -7.242545885535872e+21 -331981837151417.44 
695924.7648902816 -7.423720070534661e+21 -340286449884410.7 
699059.5611285261 -7.609426375291993e+21 -348798804683165.3 
702194.3573667706 -7.799778171972381e+21 -357524098269945.44 
705329.1536050151 -7.994891668774741e+21 -366467657364385.94 
708463.9498432596 -8.194885980876594e+21 -375634941935409.7 
711598.7460815042 -8.39988320315286e+21 -385031548534496.2 
714733.5423197487 -8.610008484713796e+21 -394663213712327.06 
717868.3385579932 -8.825390105307461e+21 -404535817520904.3 
721003.1347962377 -9.046159553633464e+21 -414655387103272.0 
724137.9310344822 -9.27245160761571e+21 -425028100373038.75 
727272.7272727267 -9.504404416683223e+21 -435660289785942.6 
730407.5235109712 -9.742159586109256e+21 -446558446205763.7 
733542.3197492157 -9.985862263460107e+21 -457729222866941.4 
736677.1159874602 -1.0235661227206501e+22 -469179439436320.5 
739811.9122257048 -1.0491708977551642e+22 -480916086176498.44 
742946.7084639493 -1.0754161829531292e+22 -492946328213327.25 
746081.5047021938 -1.1023180008442877e+22 -505277509910161.06 
749216.3009404383 -1.129892774766163e+22 -517917159351528.06 
752351.0971786828 -1.1581573388903746e+22 -530872992938968.0 
755485.8934169273 -1.1871289484997621e+22 -544152920101827.3 
758620.6896551718 -1.216825290522593e+22 -557765048125903.56 
761755.4858934163 -1.2472644943302812e+22 -571717687102873.8 
764890.2821316608 -1.2784651428052215e+22 -586019355003539.5 
768025.0783699054 -1.310446283685487e+22 -600678782877973.1 
771159.8746081499 -1.3432274411933112e+22 -615704920185755.2 
774294.6708463944 -1.3768286279544728e+22 -631106940259547.4 
777429.4670846389 -1.411270357215835e+22 -646894245905333.4 
780564.2633228834 -1.4465736553685144e+22 -663076475142758.0 
783699.0595611279 -1.4827600747843094e+22 -679663507089050.4 
786833.8557993724 -1.5198517069732498e+22 -696665467990148.8 
789968.6520376169 -1.5578711960702853e+22 -714092737402690.0 
793103.4482758614 -1.5968417526593423e+22 -731955954530641.4 
796238.244514106 -1.6367871679431923e+22 -750266024720452.9 
799373.0407523505 -1.6777318282677897e+22 -769034126118674.1 
802507.836990595 -1.7197007300099257e+22 -788271716496122.6 
805642.6332288395 -1.7627194948373078e+22 -807990540242756.4 
808777.429467084 -1.8068143853503817e+22 -828202635537528.8 
811912.2257053285 -1.8520123211154368e+22 -848920341697597.6 
815047.021943573 -1.8983408950987777e+22 -870156306711378.6 
818181.8181818175 -1.9458283905119924e+22 -891923494960034.6 
821316.614420062 -1.994503798078632e+22 -914235195132123.4 
824451.4106583066 -2.0443968337327895e+22 -937105028336228.2 
827586.2068965511 -2.0955379567604483e+22 -960546956416539.9 
830721.0031347956 -2.14795838839462e+22 -984575290476442.4 
833855.7993730401 -2.2016901308756523e+22 -1009204699615326.0 
836990.5956112846 -2.256765986988333e+22 -1034450219883950.5 
840125.3918495291 -2.313219580087709e+22 -1060327263463832.4 
843260.1880877736 -2.371085374625875e+22 -1086851628076242.8 
846394.9843260181 -2.4303986971922286e+22 -1114039506626597.8 
849529.7805642626 -2.4911957580800703e+22 -1141907497090091.2 
852664.5768025072 -2.553513673392687e+22 -1170472612644617.2 
855799.3730407517 -2.617390487702431e+22 -1199752292057183.2 
858934.1692789962 -2.6828651972766028e+22 -1229764410330121.5 
862068.9655172407 -2.7499777738843615e+22 -1260527289613641.8 
865203.7617554852 -2.8187691891991553e+22 -1292059710391340.5 
868338.5579937297 -2.8892814398115776e+22 -1324380922945538.2 
871473.3542319742 -2.9615575728679593e+22 -1357510659109415.8 
874608.1504702187 -3.035641712350297e+22 -1391469144313142.5 
877742.9467084632 -3.111579086013575e+22 -1426277109931330.5 
880877.7429467078 -3.1894160529969216e+22 -1461955805939362.2 
884012.5391849523 -3.2692001321254837e+22 -1498527013886323.8 
887147.3354231968 -3.35098003092028e+22 -1536013060192463.5 
890282.1316614413 -3.434805675333752e+22 -1574436829779290.8 
893416.9278996858 -3.5207282402291377e+22 -1613821780040634.2 
896551.7241379303 -3.608800180622306e+22 -1654191955163178.2 
899686.5203761748 -3.699075263705109e+22 -1695572000805246.5 
902821.3166144193 -3.791608601669787e+22 -1737987179142765.0 
905956.1128526638 -3.886456685354536e+22 -1781463384291619.5 
909090.9090909084 -3.983677418730683e+22 -1826027158115793.2 
912225.7053291529 -4.083330154252593e+22 -1871705706430961.5 
915360.5015673974 -4.185475729091833e+22 -1918526915613415.2 
918495.2978056419 -4.290176502277795e+22 -1966519369624464.0 
921630.0940438864 -4.397496392767333e+22 -2015712367460706.5 
924764.8902821309 -4.507500918466769e+22 -2066135941040822.5 
927899.6865203754 -4.6202572362300344e+22 -2117820873539816.5 
931034.4827586199 -4.735834182857385e+22 -2170798718181888.5 
934169.2789968645 -4.854302317119696e+22 -2225101817503422.5 
937304.075235109 -4.975733962833991e+22 -2280763323097831.0 
940438.8714733535 -5.100203253016547e+22 -2337817215854329.0 
943573.667711598 -5.2277861751404825e+22 -2396298326702986.5 
946708.4639498425 -5.358560617525513e+22 -2456242357878734.0 
949843.260188087 -5.492606416888096e+22 -2517685904717274.5 
952978.0564263315 -5.630005407081071e+22 -2580666477996223.5 
956112.852664576 -5.770841469052574e+22 -2645222526835132.5 
959247.6489028205 -5.915200582054647e+22 -2711393462168368.5 
962382.445141065 -6.063170876132901e+22 -2779219680805158.0 
965517.2413793096 -6.2148426859291685e+22 -2848742590091522.0 
968652.0376175541 -6.370308605830021e+22 -2920004633189094.0 
971786.8338557986 -6.529663546494889e+22 -2993049314986322.5 
974921.6300940431 -6.693004792798225e+22 -3067921228657839.0 
978056.4263322876 -6.86043206322114e+22 -3144666082888243.0 
981191.2225705321 -7.032047570728764e+22 -3223330729776893.5 
984326.0188087766 -7.207956085170351e+22 -3303963193440705.5 
987460.8150470211 -7.3882649972403675e+22 -3386612699332441.0 
990595.6112852657 -7.57308438403962e+22 -3471329704292464.5 
993730.4075235102 -7.762527076276528e+22 -3558165927352262.5 
996865.2037617547 -7.9567087271493e+22 -3647174381308457.5 
999999.9999999992 -8.155747882951229e+22 -3738409405086709.5 
