#x u 
0.0 198373.46617921314 -0.009149964865977855 
3134.796238244514 297067.97611479106 -0.013363777550112041 
6269.592476489028 490115.0199077486 -0.012209341723737398 
9404.38871473354 661359.6057653232 -0.010713395818061824 
12539.184952978056 807094.164942211 -0.008800196039821804 
15673.98119122257 921617.2539993894 -0.006546746110377882 
18808.777429467085 1000501.4449628568 -0.00404013293605423 
21943.5736677116 1040696.2717354228 -0.0013772879396885596 
25078.369905956115 1040647.4016675442 0.0013388167444393939 
28213.16614420063 1000356.7245597158 0.004003149421059016 
31347.962382445145 921382.2798123184 0.006512680417209055 
34482.75862068966 806778.0070801504 0.0087703662367488 
37617.55485893417 660975.6505081045 0.010688902229744807 
40752.35109717868 489613.3833042595 0.012194098660936554 
43887.14733542319 299317.7797335309 0.013227749624803919 
47021.943573667704 97447.56566903213 0.013749883866368563 
50156.739811912215 -108190.94313956481 0.013740310468549177 
53291.53605015673 -309645.71108616283 0.013199399634381994 
56426.33228840124 -499126.4877112979 0.012148068371279417 
59561.12852664575 -669306.0564779326 0.010626971630915732 
62695.92476489026 -813603.5780379163 0.00869493018333924 
65830.72100313478 -926439.0711126223 0.006426656019375934 
68965.51724137929 -1003449.1902189488 0.0039098632399533866 
72100.3134796238 -1041655.9561218227 0.0012418761541763339 
75235.10971786831 -1039581.9142111436 -0.0014741342490891718 
78369.90595611282 -997307.2676318279 -0.004133139920581261 
81504.70219435733 -916466.7758303512 -0.0066323171824828235 
84639.49843260185 -800186.5384509099 -0.008875022917277929 
87774.29467084636 -652963.1091462416 -0.010774531754507412 
90909.09090909087 -480489.6139687836 -0.012257389738512574 
94043.88714733538 -289435.59833931027 -0.013266254790925363 
97178.68338557989 -87189.11590485394 -0.013762114127296915 
100313.4796238244 118428.96729716506 -0.013725792880423195 
103448.27586206891 319467.4055183064 -0.013158695591944158 
106583.07210031342 508152.04775839497 -0.012082751898756253 
109717.86833855794 677186.4639756556 -0.010539568514543433 
112852.66457680245 820034.0978402285 -0.008588820299277659 
115987.46081504696 931171.0351916822 -0.006305942633988493 
119122.25705329147 1006299.6136510597 -0.0037792143366070395 
122257.05329153598 1042514.6131095123 -0.00110634392245044 
125391.84952978049 1038415.600511787 0.0016093087814382115 
128526.645768025 994161.0845648168 0.004262729558022283 
131661.44200626953 911462.3862102871 0.006751310697220577 
134796.23824451404 793517.461889835 0.008978818833297172 
137931.03448275855 644887.2386554441 0.010859116286526733 
141065.83072100306 471319.24324298603 0.012319492004953213 
144200.62695924757 279525.3453678927 0.013303473298813965 
147335.42319749208 76922.2099037381 0.013773009637934222 
150470.2194357366 -128655.50534898858 0.013709944064705841 
153605.0156739811 -329258.11566936097 0.013116715323149775 
156739.81191222562 -517128.3235104074 0.01201626355275031 
159874.60815047013 -685001.192986664 0.010451143193878142 
163009.40438871464 -826385.0847495116 0.008481877408725386 
166144.20062695915 -935812.6875062331 0.006184617652251232 
169278.99686520366 -1009052.4388006873 0.0036481988974662225 
172413.79310344817 -1043272.1594197017 0.0009707043894146494 
175548.58934169268 -1037148.5736870941 -0.0017443272312737622 
178683.3855799372 -990918.4804984833 -0.0043919057648330075 
181818.1818181817 -906369.596314365 -0.006869649420562547 
184952.97805642622 -786771.4242126563 -0.009081743917920833 
188087.77429467073 -636748.822292588 -0.010942647622177346 
191222.57053291524 -462103.16053636523 -0.0123803994371273 
194357.36677115975 -269587.9819879557 -0.01333940153874714 
197492.16300940426 -66647.84342517612 -0.013782569341554371 
200626.95924764877 138869.56545072375 -0.013692765558531028 
203761.75548589329 339016.891964786 -0.01307346289955183 
206896.5517241378 526054.444382587 -0.011948609781786712 
210031.3479623823 692749.4855814908 -0.010361704245052838 
213166.14420062682 832655.9228006925 -0.008374111883784542 
216300.94043887133 940363.5778749493 -0.006062692841146484 
219435.73667711584 1011707.3986787514 -0.003516829629364566 
222570.53291536035 1043928.52158002 -0.0008349707103810975 
225705.32915360486 1035780.9566225759 0.0018791765035207702 
228840.12539184937 987579.7699242386 0.004520656012561755 
231974.9216300939 901188.9000785233 0.006987321875155507 
235109.7178683384 779949.0796993513 0.00918378818872302 
238244.5141065829 628548.6493806991 0.011025117659980682 
241379.31034482742 452842.25969189673 0.012440106127787572 
244514.10658307193 259624.4719975417 0.013374036026141971 
247648.90282131644 56367.01295223112 0.013790792310987498 
250783.69905956095 -149070.15696825797 0.013674259027995569 
253918.49529780546 -348742.7879272167 0.013028942516085952 
257053.29153604998 -534929.5446545725 0.01187979714742196 
260188.0877742945 -700430.5902741597 0.010271260342509757 
263322.884012539 -838846.0038021212 0.008265534176342466 
266457.6802507835 -944823.2649192607 0.005940180025832658 
269592.476489028 -1014264.2357878608 0.0033851192734527373 
272727.27272727253 -1044483.6359316718 0.0006991560497927932 
275862.06896551704 -1034312.8819597181 -0.002013843519512634 
278996.86520376155 -984145.2766546078 -0.004648967814069895 
282131.66144200607 -895920.7999645051 -0.007104316648265812 
285266.4576802506 -773051.0900306975 -0.009284941748705285 
288401.2539184951 -620287.5152324124 -0.011106518401390337 
291536.0501567396 -443537.43889935256 -0.012498606286143138 
294670.8463949841 -249635.7817305845 -0.013407373401892879 
297805.6426332286 -46080.71559489311 -0.013797677748709932 
300940.43887147313 159256.2905737622 -0.013654426267997948 
304075.23510971764 358434.8602682626 -0.012983158490664122 
307210.03134796215 543752.7635543481 -0.011809832323607829 
310344.82758620667 708043.7620950631 -0.01017982025815887 
313479.6238244512 844954.727394553 -0.008156154817057885 
316614.4200626957 949191.3161061625 -0.005817091088496739 
319749.2163009402 1016722.7021472903 -0.003253080603962493 
322884.0125391847 1044937.4486356163 -0.0005632735799469503 
326018.8087774292 1032744.4920831192 0.0021483152182589582 
329153.60501567373 980615.3337918207 0.004776828724742046 
332288.40125391824 890565.8069111143 0.007220622392886232 
335423.19749216276 766078.1242240848 0.009385194787256926 
338557.99373040727 611966.2210728194 0.01118684195156823 
341692.7899686518 434189.600608175 0.012555894238421721 
344827.5862068963 239622.8799631822 0.01343941043269802 
347962.3824451408 35789.94899336964 0.013803224986921799 
351097.1786833853 -169426.97834163962 0.013633269202064027 
354231.9749216298 -368092.16897999635 0.012936115263755165 
357366.77115987433 -552523.2453417408 0.011738722096043682 
360501.56739811884 -715588.2626632376 0.010087392860527636 
363636.36363636336 -850981.5011093825 0.008045984414339537 
366771.15987460787 -953467.3077900612 0.0056934379671977915 
369905.9561128524 -1019082.5593168304 0.003120726426959015 
373040.7523510969 -1045289.9156781388 0.0004273364797336887 
376175.5485893414 -1031075.9391086134 -0.002282578557624075 
379310.3448275859 -976990.2836966863 -0.004904226343639578 
382445.1410658304 -885124.4402744956 -0.0073362278293031035 
385579.93730407493 -759030.8585428079 -0.009484537582290654 
388714.73354231945 -603585.5739762508 -0.011266080519486518 
391849.52978056396 -424799.6516187275 -0.012611964420225179 
394984.32601880847 -229586.73806440076 -0.013470144000152933 
398119.122257053 -25495.710672562975 -0.013807433512765414 
401253.9184952975 179581.2361880086 -0.013610789989588564 
404388.714733542 377713.7788640761 -0.012887817463867246 
407523.5109717865 561240.1300195527 -0.011666472931934182 
410658.307210031 723063.3356155857 -0.009993985984350123 
413793.10344827553 856925.7397546361 -0.007935033622538955 
416927.89968652005 957650.9398078328 -0.005569237905602311 
420062.69592476456 1021343.7971198689 -0.002988079603807354 
423197.49216300907 1045540.9104066646 -0.000291353694814013 
426332.2884012536 1029306.2752792083 0.0024166713766431928 
429467.0846394981 973268.7492388005 0.0050312275551412985 
432601.8808777426 879598.3578846402 0.007451069944659859 
435736.6771159871 751918.8067792711 0.009582555738072467 
438871.4733542316 595159.1698901233 0.011343640470344595 
442006.26959247614 415361.5439481049 0.012667130363927347 
445141.06583072065 219470.74351934297 0.013502210729912267 
448275.86206896516 15109.977620086744 0.013814383457692836 
451410.65830720967 -189708.68318247248 0.013586560115075749 
454545.4545454542 -387008.3261549497 0.012824957097261693 
457680.2507836987 -569357.1856182069 0.011568092559383982 
460815.0470219432 -730200.3750680074 0.009887329637629418 
463949.8432601877 -863711.7061130293 0.007865705733249063 
467084.6394984322 -964277.3353166837 0.005560725830430956 
470219.43573667674 -1026367.0083600266 0.0029862861227346387 
473354.23197492125 -1045631.7529484933 0.00015264977767922842 
476489.02821316576 -1021039.8662706446 -0.0028437498740426876 
479623.82445141027 -956421.0916324779 -0.005755086301751937 
482758.6206896548 -859577.8740216612 -0.008225653687199862 
485893.4169278993 -738910.8241813442 -0.009946117812270705 
489028.2131661438 -599838.593164509 -0.010812137516026171 
492163.0094043883 -443707.4007307755 -0.010958095039635348 
495297.8056426328 -269727.0609214545 -0.010632182536885712 
498432.60188087734 -77922.9149290589 -0.010005835597807907 
501567.39811912185 129141.49428179844 -0.009059029653016611 
504702.19435736636 345960.6366164136 -0.007629965106896097 
507836.99059561087 563343.4263454204 -0.005613734505440724 
510971.7868338554 766842.9005879929 -0.003187759650077086 
514106.5830720999 936919.3390561413 -0.0008747999757597082 
517241.3793103444 1054151.2541243627 0.0006926302970870464 
520376.1755485889 1108571.0122202625 0.0012190936609177486 
523510.9717868334 1106126.635599862 0.0010564341835555453 
526645.768025078 1064661.8479834863 0.001024946068337787 
529780.5642633225 1000041.8930846346 0.001779602689798378 
532915.360501567 913553.2571193707 0.0032356494092515642 
536050.1567398115 792870.065303111 0.00461848598005681 
539184.952978056 627028.263802053 0.005158154623456087 
542319.7492163006 421609.62433511054 0.004795680260639611 
545454.5454545451 198934.428007838 0.004204077200343048 
548589.3416927896 -17525.89825008518 0.004087398058994983 
551724.1379310341 -219181.51325789222 0.004460208229522061 
554858.9341692786 -412683.64077395556 0.0046457707976429365 
557993.7304075231 -604527.419130542 0.003996196722366996 
561128.5266457676 -786215.5104126454 0.0025860521956499313 
564263.3228840121 -935776.6211702769 0.0011549315350862155 
567398.1191222566 -1034326.4662005854 0.0003586852405073346 
570532.9153605012 -1080549.100510852 0.00011374015935214322 
573667.7115987457 -1088106.7410166515 -0.00027860828735705933 
576802.5078369902 -1068863.380916169 -0.001360402718322705 
579937.3040752347 -1019652.4268840222 -0.002910551037598217 
583072.1003134792 -926522.1731002926 -0.004142366012325287 
586206.8965517237 -781949.862356486 -0.004498309863507964 
589341.6927899682 -596822.7339009626 -0.004207403815221321 
592476.4890282127 -394437.7118670056 -0.004020629316336045 
595611.2852664572 -192628.55922141246 -0.004403931794702529 
598746.0815047018 7439.519891855742 -0.005038183730668435 
601880.8777429463 214324.701391788 -0.005151941889076802 
605015.6739811908 428841.6455091395 -0.004336752057539944 
608150.4702194353 634768.836440657 -0.0029874543620154303 
611285.2664576798 807819.4988290323 -0.0019044617389011248 
614420.0626959243 933746.1014788513 -0.0014759880687680886 
617554.8589341688 1016827.853693577 -0.0012992427915825013 
620689.6551724133 1070076.3730170745 -0.0006373716444458746 
623824.4514106578 1097672.373826155 0.0007700505999508813 
626959.2476489024 1088251.5146175937 0.002396598500062767 
630094.0438871469 1026179.8259989317 0.0034460489957221893 
633228.8401253914 908979.7860083946 0.0036542311130307323 
636363.6363636359 752546.0745630631 0.003533928258656875 
639498.4326018804 578575.2514113258 0.003807027929748883 
642633.2288401249 397275.19618225284 0.004622504485729357 
645768.0250783694 203320.10730043924 0.005383338572775459 
648902.8213166139 -10964.16861358013 0.005364549152714346 
652037.6175548584 -239349.920708331 0.004472498685911543 
655172.413793103 -459793.3800344433 0.003347295276590367 
658307.2100313475 -649186.4149839528 0.002700929071997 
661442.006269592 -799581.5071608511 0.0025869837887645243 
664576.8025078365 -919145.0694797301 0.002368954021062084 
667711.598746081 -1017133.3207082025 0.001419055317147787 
670846.3949843255 -1088943.877038854 -0.00018870540807030883 
673981.19122257 -1117158.7051797218 -0.0017210403907217797 
677115.9874608145 -1087618.149056958 -0.0025196598508406384 
680250.783699059 -1003705.2487988753 -0.0026563901382133624 
683385.5799373036 -883848.8809453836 -0.0028219424195793314 
686520.3761755481 -744840.6079332504 -0.0035671511947333798 
689655.1724137926 -588408.1564607805 -0.004695996092608442 
692789.9686520371 -404994.05337572837 -0.005449448522950637 
695924.7648902816 -190539.43337495942 -0.00528721383939231 
699059.5611285261 41639.51515308359 -0.0044458192787861905 
702194.3573667706 266658.1464565427 -0.003686909810345536 
705329.1536050151 465754.0450927465 -0.00350100356359492 
708463.9498432596 637584.7163842841 -0.0036039202611160013 
711598.7460815042 791586.088236166 -0.0032545812696165325 
714733.5423197487 930696.7752634815 -0.0020588219519218657 
717868.3385579932 1041900.0982135335 -0.0004129575067825268 
721003.1347962377 1104767.2522984385 0.000880069310161034 
724137.9310344822 1109207.7014117045 0.0014191647275523704 
727272.7272727267 1063905.2440954605 0.0015893984121531542 
730407.5235109712 986661.7830238068 0.002119885594118095 
733542.3197492157 886831.9475952259 0.003281989885466935 
736677.1159874602 758274.3191131903 0.0045723113334121416 
739811.9122257048 590114.2772331134 0.005214611361618206 
742946.7084639493 383825.99562119076 0.0049535540001879735 
746081.5047021938 158454.05156001096 0.004306539470688826 
749216.3009404383 -61768.34549967988 0.004009901425323557 
752351.0971786828 -264672.3148375236 0.004242550863682901 
755485.8934169273 -454455.6314767878 0.004443418632684782 
758620.6896551718 -638848.6890424724 0.003913994300023061 
761755.4858934163 -812972.4428159923 0.0025715502643819154 
764890.2821316608 -957169.2113874769 0.0010604202697781038 
768025.0783699054 -1051359.5214405854 0.00010384201132533893 
771159.8746081499 -1091065.8009223249 -0.00022290836842002503 
774294.6708463944 -1088454.0898121868 -0.0005352401672424391 
777429.4670846389 -1057450.3787468865 -0.001454781900381764 
780564.2633228834 -998669.0106066093 -0.0029191795634757635 
783699.0595611279 -900013.3886064404 -0.004213131902977944 
786833.8557993724 -752258.8418956787 -0.00468889248133969 
789968.6520376169 -563115.8876443327 -0.004419594843206752 
793103.4482758614 -354822.5593122948 -0.004099729473263819 
796238.244514106 -147587.3732255847 -0.00429876898384042 
799373.0407523505 53966.4547513903 -0.004853600813501722 
802507.836990595 257404.84718168064 -0.005038701983658068 
805642.6332288395 466035.40582557255 -0.004334698261749254 
808777.429467084 667035.5737927408 -0.0029867635361645554 
811912.2257053285 836957.8124416551 -0.0017655226975471427 
815047.021943573 959121.4656093515 -0.0011816098655740388 
818181.8181818175 1034881.4588858736 -0.0009789578175657346 
821316.614420062 1077174.4115741095 -0.00043812999091873096 
824451.4106583066 1093332.8223092165 0.0008310309882429459 
827586.2068965511 1075379.0593584187 0.002442411686177836 
830721.0031347956 1008074.46845513 0.003603370960282345 
833855.7993730401 886263.4564312734 0.003913393552094572 
836990.5956112846 723222.7809415587 0.003753151946129305 
840125.3918495291 541131.8328429264 0.0038564988181039195 
843260.1880877736 353522.3332230626 0.004516936923275863 
846394.9843260181 157938.90167243645 0.0052638320551761115 
849529.7805642626 -53747.28741000788 0.005349014745274912 
852664.5768025072 -278524.3844573369 0.0045320243076644 
855799.3730407517 -496924.5808641315 0.0033383866102354946 
858934.1692789962 -685115.47505245 0.0025195588137920076 
862068.9655172407 -831999.7149970576 0.0022823057793391636 
865203.7617554852 -943651.7830078693 0.002097002890122582 
868338.5579937297 -1030715.8746723633 0.0012850019140859988 
871473.3542319742 -1092264.077627406 -0.00023408860256601415 
874608.1504702187 -1113277.1570628246 -0.0018221747698718342 
877742.9467084632 -1078522.2081529386 -0.0027568502144142562 
880877.7429467078 -988301.7601157698 -0.002954233649446858 
884012.5391849523 -859527.6091817034 -0.003021970870119072 
887147.3354231968 -710946.4584910334 -0.0035884909269779655 
890282.1316614413 -547942.7056464559 -0.004615328474008968 
893416.9278996858 -362719.72270360054 -0.005416464764927466 
896551.7241379303 -149432.90668213723 -0.005364700746084042 
899686.5203761748 81911.77682544965 -0.0045426286531928435 
902821.3166144193 307703.13691654813 -0.0036542527522894497 
905956.1128526638 507062.84193665127 -0.003290716729378652 
909090.9090909084 675420.095643186 -0.003322219641443085 
912225.7053291529 821378.6638008072 -0.0030547456291934484 
915360.5015673974 950487.7359442869 -0.001985557740458297 
918495.2978056419 1053263.4128816046 -0.0003618703531280145 
921630.0940438864 1110287.547195204 0.0010456192290482732 
924764.8902821309 1109200.9281193055 0.0017170430666190236 
927899.6865203754 1055851.6519655269 0.0018925745771217863 
931034.4827586199 967954.5316098966 0.0022828687879556274 
934169.2789968645 857945.9102500407 0.003287085247599116 
937304.075235109 723007.1380899887 0.004542195351051463 
940438.8714733535 552619.5859926037 0.005278329115606868 
943573.667711598 345519.99724443164 0.0051070960792800844 
946708.4639498425 117998.14778114551 0.004414711051507371 
949843.260188087 -105449.56410468313 0.003947515337410229 
952978.0564263315 -309574.57887729275 0.00402646386084524 
956112.852664576 -495905.7954223967 0.004216601936986439 
959247.6489028205 -672774.4264812528 0.003798412866260535 
962382.445141065 -838655.3142890543 0.0025444704044305265 
965517.2413793096 -976646.469387405 0.0009839821278845376 
968652.0376175541 -1066158.045416282 -0.00012351152410781507 
971786.8338557986 -1099746.7413012022 -0.0005526629788659048 
974921.6300940431 -1087581.6533952001 -0.0008125426477022938 
978056.4263322876 -1044985.0967626118 -0.0015738779281073514 
981191.2225705321 -976225.2732016261 -0.00292736841607755 
984326.0188087766 -871604.4536247124 -0.0042542729966496854 
987460.8150470211 -720833.7909236794 -0.004846220029769182 
990595.6112852657 -528502.3779016373 -0.0046233172197558976 
993730.4075235102 -315138.5544298208 -0.004199357815305163 
996865.2037617547 -105181.2856613043 -0.004105198994640145 
999999.9999999992 198373.4661776002 -0.009149964866051791 
