#x u 
0.0 7.719310963888797e+17 35383566439.67872 
3134.796238244514 -1.931770856187334e+16 -885479840.8655165 
6269.592476489028 475396473675247.1 21791093.477367084 
9404.38871473354 -19929386981483.805 -913517.8344179016 
12539.184952978056 -7739733933936.078 -354771.8547308983 
15673.98119122257 -8250744003285.84 -378195.3949540367 
18808.777429467085 -8449198883541.817 -387292.1140545604 
21943.5736677116 -8660756596985.971 -396989.43543138175 
25078.369905956115 -8877402901375.395 -406920.00455523166 
28213.16614420063 -9099473759796.936 -417099.2214093831 
31347.962382445145 -9327099642143.18 -427533.06668285624 
34482.75862068966 -9560419633111.525 -438227.9159933329 
37617.55485893417 -9799576163327.861 -449190.2983713036 
40752.35109717868 -10044715230541.21 -460426.9063824024 
43887.14733542319 -10295986485671.268 -471944.6000525905 
47021.943573667704 -10553543324417.148 -483750.4110508947 
50156.739811912215 -10817542980877.693 -495851.54697786004 
53291.53605015673 -11088146623749.021 -508255.39575051604 
56426.33228840124 -11365519454673.363 -520969.53010880103 
59561.12852664575 -11649830809147.896 -534001.7122272004 
62695.92476489026 -11941254259931.525 -547359.898437265 
65830.72100313478 -12239967722773.188 -561052.2440756931 
68965.51724137929 -12546153564803.252 -575087.1084525125 
72100.3134796238 -12859998715723.762 -589473.0599431198 
75235.10971786831 -13181694781760.25 -604218.8812122265 
78369.90595611282 -13511438162390.184 -619333.5745722486 
81504.70219435733 -13849430169981.924 -634826.3674740741 
84639.49843260185 -14195877152387.88 -650706.7181364652 
87774.29467084636 -14550990618654.816 -666984.3213181295 
90909.09090909087 -14914987367915.107 -683669.1142400289 
94043.88714733538 -15288089621569.318 -700771.2826591261 
97178.68338557989 -15670525158823.682 -718301.2670939344 
100313.4796238244 -16062527455596.86 -736269.7692059948 
103448.27586206891 -16464335826922.818 -754687.7583408095 
106583.07210031342 -16876195572994.297 -773566.4782338721 
109717.86833855794 -17298358128957.123 -792917.4538872287 
112852.66457680245 -17731081218529.04 -812752.4986190811 
115987.46081504696 -18174629011470.793 -833083.7212885082 
119122.25705329147 -18629272284989.617 -853923.5336973703 
122257.05329153598 -19095288589202.65 -875284.6581743119 
125391.84952978049 -19572962416790.75 -897180.1353482482 
128526.645768025 -20062585376950.477 -919623.3321173815 
131661.44200626953 -20564456373721.758 -942627.9498164124 
134796.23824451404 -21078881788746.85 -966208.0325838459 
137931.03448275855 -21606175668534.75 -990377.9759337588 
141065.83072100306 -22146659916365.676 -1015152.5355391012 
144200.62695924757 -22700664488995.855 -1040546.836234658 
147335.42319749208 -23268527598298.82 -1066576.3812457882 
150470.2194357366 -23850595917922.26 -1093257.0616469982 
153605.0156739811 -24447224795021.965 -1120605.1660540581 
156739.81191222562 -25058778467188.4 -1148637.3905552686 
159874.60815047013 -25685630284739.312 -1177370.8488903746 
163009.40438871464 -26328162938565.074 -1206823.0828865822 
166144.20062695915 -26986768693680.348 -1237012.0731588143 
169278.99686520366 -27661849628588.746 -1267956.2500786465 
172413.79310344817 -28353817880559.08 -1299674.5050164312 
175548.58934169268 -29063095896957.69 -1332186.201863996 
178683.3855799372 -29790116692846.41 -1365511.1888478154 
181818.1818181817 -30535324115072.305 -1399669.8106423994 
184952.97805642622 -31299173113026.348 -1434682.920791153 
188087.77429467073 -32082130016189.215 -1470571.8944399208 
191222.57053291524 -32884672818585.547 -1507358.6413887187 
194357.36677115975 -33707291470334.445 -1545065.6194697367 
197492.16300940426 -34550488176544.793 -1583715.8482621328 
200626.95924764877 -35414777703795.19 -1623332.9231541518 
203761.75548589329 -36300687694376.164 -1663941.0297605114 
206896.5517241378 -37208758988427.734 -1705564.9587006483 
210031.3479623823 -38139545954123.37 -1748230.12074393 
213166.14420062682 -39093616826118.945 -1791962.5623313752 
216300.94043887133 -40071554052532.63 -1836788.9814859172 
219435.73667711584 -41073954650709.83 -1882736.744122765 
222570.53291536035 -42101430571963.81 -1929833.9007683035 
225705.32915360486 -43154609075440.45 -1978109.203694258 
228840.12539184937 -44234133111280.57 -2027592.1244753357 
231974.9216300939 -45340661713329.27 -2078312.8719821465 
235109.7178683384 -46474870401691.54 -2130302.410823501 
238244.5141065829 -47637451595407.914 -2183592.4802511805 
241379.31034482742 -48829115035461.3 -2238215.6135372305 
244514.10658307193 -50050588218295.27 -2294205.1578322975 
247648.90282131644 -51302616840068.57 -2351595.294515387 
250783.69905956095 -52585965251951.66 -2410421.0600494747 
253918.49529780546 -53901416926811.07 -2470718.3673593127 
257053.29153604998 -55249774937595.164 -2532524.0277463943 
260188.0877742945 -56631862447665.8 -2595875.7733529806 
263322.884012539 -58048523213294.07 -2660812.280186298 
266457.6802507835 -59500622098597.45 -2727373.1917164708 
269592.476489028 -60989045603281.88 -2795599.1430654796 
272727.27272727253 -62514702403593.97 -2865531.78580564 
275862.06896551704 -64078523906850.125 -2937213.8133837557 
278996.86520376155 -65681464819843.625 -3010688.9871838447 
282131.66144200607 -67324503731424.76 -3086002.163240645 
285266.4576802506 -69008643709610.85 -3163199.319619337 
288401.2539184951 -70734912913663.94 -3242327.584480788 
291536.0501567396 -72504365221588.9 -3323435.264852995 
294670.8463949841 -74318080873439.73 -3406571.8761271974 
297805.6426332286 -76177167130753.31 -3491788.172294346 
300940.43887147313 -78082758952430.69 -3579136.176937587 
304075.23510971764 -80036019687468.27 -3668669.214999737 
307210.03134796215 -82038141785032.6 -3760441.9453479373 
310344.82758620667 -84090347522390.83 -3854510.39415782 
313479.6238244512 -86193889751154.4 -3950931.9891360835 
316614.4200626957 -88350052662238.31 -4049765.5945976367 
319749.2163009402 -90560152569953.38 -4151071.5474140984 
322884.0125391847 -92825538715730.06 -4254911.69385505 
326018.8087774292 -95147594092040.31 -4361349.4273472745 
329153.60501567373 -97527736287064.11 -4470449.727178103 
332288.40125391824 -99967418350575.25 -4582279.198166272 
335423.19749216276 -102468129681458.17 -4696906.111321866 
338557.99373040727 -105031396937302.9 -4814400.445518586 
341692.7899686518 -107658784966629.14 -4934833.930205829 
344827.5862068963 -110351897764365.8 -5058280.089191116 
347962.3824451408 -113112379451218.36 -5184814.285522351 
351097.1786833853 -115941915277490.83 -5314513.767495815 
354231.9749216298 -118842232651906.62 -5447457.715813611 
357366.77115987433 -121815102196025.19 -5583727.2919164775 
360501.56739811884 -124862338824958.53 -5723405.687522634 
363636.36363636336 -127985802855146.81 -5866578.175406365 
366771.15987460787 -131187401139931.9 -6013332.161449442 
369905.9561128524 -134469088233583.23 -6163757.237995281 
373040.7523510969 -137832867584405.23 -6317945.238535098 
376175.5485893414 -141280792757616.22 -6475990.293758544 
379310.3448275859 -144814968688791.8 -6637988.889006089 
382445.1410658304 -148437552968720.34 -6804039.923163133 
385579.93730407493 -152150757160482.12 -6974244.7690336825 
388714.73354231945 -155956848149503.5 -7148707.335228516 
391849.52978056396 -159858149527329.47 -7327534.1296019 
394984.32601880847 -163857043009940.16 -7510834.324274492 
398119.122257053 -167955969891548.8 -7698719.822284747 
401253.9184952975 -172157432534858.34 -7891305.3259129105 
404388.714733542 -176463995898712.34 -8088708.4067196045 
407523.5109717865 -180878289104010.28 -8291049.577338004 
410658.307210031 -185403007038770.5 -8498452.365059337 
413793.10344827553 -190040912003314.03 -8711043.387255458 
416927.89968652005 -194794835396641.38 -8928952.428687396 
420062.69592476456 -199667679445108.66 -9152312.520749927 
423197.49216300907 -204662418974452.44 -9381260.022700233 
426332.2884012536 -209782103226162.66 -9615934.704916282 
429467.0846394981 -215029857719234.0 -9856479.834232274 
432601.8808777426 -220408886158427.8 -10103042.2614032 
435736.6771159871 -225922472390279.56 -10355772.51075535 
438871.4733542316 -231573982408101.38 -10614824.872080648 
442006.26959247614 -237366866407183.22 -10880357.494830078 
445141.06583072065 -243304660891355.53 -11152532.484660309 
448275.86206896516 -249390990832131.62 -11431516.002389688 
451410.65830720967 -255629571881763.72 -11717478.365425447 
454545.4545454542 -262024212641641.3 -12010594.151728062 
457680.2507836987 -268578816987468.9 -12311042.306379152 
460815.0470219432 -275297386452612.28 -12619006.250817161 
463949.8432601877 -282184022670984.9 -12934673.994804237 
467084.6394984322 -289242929880922.3 -13258238.25119071 
470219.43573667674 -296478417491611.94 -13589896.553549645 
473354.23197492125 -303894902713734.25 -13929851.376757314 
476489.02821316576 -311496913255966.25 -14278310.260595622 
479623.82445141027 -319289090088964.5 -14635485.936450107 
482758.6206896548 -327276190278435.4 -15001596.457177699 
485893.4169278993 -335463089889002.56 -15376865.330221735 
489028.2131661438 -343854786960703.06 -15761521.654058475 
492163.0094043883 -352456404560013.7 -16155800.258061353 
495297.8056426328 -361273193907306.9 -16559941.845869852 
498432.60188087734 -370310537582593.4 -16974193.14234751 
501567.39811912185 -379573952811443.8 -17398807.044215288 
504702.19435736636 -389069094833081.25 -17834042.774451017 
507836.99059561087 -398801760352764.8 -18280166.040551566 
510971.7868338554 -408777891080639.94 -18737449.196757097 
514106.5830720999 -419003577359228.4 -19206171.41033636 
517241.3793103444 -429485061881698.2 -19686618.832030885 
520376.1755485889 -440228743503123.6 -20179084.770759206 
523510.9717868334 -451241181147051.56 -20683869.872686867 
526645.768025078 -462529097809821.0 -21201282.304774456 
529780.5642633225 -474099384665128.94 -21731637.94291797 
532915.360501567 -485959105271329.2 -22275260.56479567 
536050.1567398115 -498115499883957.8 -22832482.047535688 
539184.952978056 -510575989876056.8 -23403642.570323046 
542319.7492163006 -523348182269002.4 -23989090.82207034 
545454.5454545451 -536439874376673.6 -24589184.21428221 
548589.3416927896 -549859058565821.25 -25204289.099245936 
551724.1379310341 -563613927135518.6 -25834780.993680116 
554858.9341692786 -577712877318602.0 -26481044.807975635 
557993.7304075231 -592164516408121.4 -27143475.0811678 
561128.5266457676 -606977667011964.2 -27822476.22178507 
564263.3228840121 -622161372438926.5 -28518462.754724946 
567398.1191222566 -637724902219548.6 -29231859.574309513 
570532.9153605012 -653677757765039.4 -29963102.2036732 
573667.7115987457 -670029678167691.5 -30712637.060638685 
576802.5078369902 -686790646146303.6 -31480921.73024258 
579937.3040752347 -703970894140286.8 -32268425.244079273 
583072.1003134792 -721580910556220.8 -33075628.366635054 
586206.8965517237 -739631446170680.9 -33903023.88878799 
589341.6927899682 -758133520693181.1 -34751116.92864903 
592476.4890282127 -777098429493210.0 -35620425.23992631 
595611.2852664572 -796537750495497.0 -36511479.52800203 
598746.0815047018 -816463351247809.9 -37424823.77391836 
601880.8777429463 -836887396165694.1 -38361015.56647391 
605015.6739811908 -857822353958619.1 -39320626.44263504 
608150.4702194353 -879281005242059.2 -40304242.236469135 
611285.2664576798 -901276450340162.0 -41312463.43681224 
614420.0626959243 -923822117283804.8 -42345905.55389094 
617554.8589341688 -946931770008928.8 -43405199.49512265 
620689.6551724133 -970619516760105.2 -44490991.95031989 
623824.4514106578 -994899818704274.8 -45603945.78652646 
626959.2476489024 -1019787498759737.1 -46744740.45271716 
630094.0438871469 -1045297750645649.4 -47914072.39460213 
633228.8401253914 -1071446148157537.8 -49112655.479788885 
636363.6363636359 -1098248654674575.6 -50341221.43356545 
639498.4326018804 -1125721632904528.4 -51600520.28557564 
642633.2288401249 -1153881854872442.0 -52891320.82766546 
645768.0250783694 -1182746512159339.0 -54214411.08318806 
648902.8213166139 -1212333226397346.8 -55570598.78806242 
652037.6175548584 -1242660060027849.0 -56960711.88388857 
655172.413793103 -1273745527329180.0 -58385599.02341824 
658307.2100313475 -1305608605720418.0 -59846130.088682406 
661442.006269592 -1338268747347811.0 -61343196.72207579 
664576.8025078365 -1371745890960621.5 -62877712.870709375 
667711.598746081 -1406060474083488.5 -64450615.34435682 
670846.3949843255 -1441233445492799.0 -66062864.38733914 
673981.19122257 -1477286278004868.0 -67715444.26470375 
677115.9874608145 -1514240981583891.8 -69409363.86306499 
680250.783699059 -1552120116777946.2 -71145657.30648354 
683385.5799373036 -1590946808491419.8 -72925384.58776979 
686520.3761755481 -1630744760102479.0 -74749632.2156059 
689655.1724137926 -1671538267934168.8 -76619513.87787862 
692789.9686520371 -1713352236087768.2 -78536171.12161908 
695924.7648902816 -1756212191647081.2 -80500774.04994664 
699059.5611285261 -1800144300262633.2 -82514522.03642705 
702194.3573667706 -1845175382125287.0 -84578644.45728119 
705329.1536050151 -1891332928339205.8 -86694401.44189718 
708463.9498432596 -1938645117704461.5 -88863084.64212058 
711598.7460815042 -1987140833919744.2 -91086018.02079771 
714733.5423197487 -2036849683215636.0 -93364558.66005443 
717868.3385579932 -2087802012429207.0 -95700097.58980046 
721003.1347962377 -2140028927530849.5 -98094060.6369623 
724137.9310344822 -2193562312614688.8 -100547909.29596122 
727272.7272727267 -2248434849364039.0 -103063141.62096481 
730407.5235109712 -2304680037003705.5 -105641293.14044982 
733542.3197492157 -2362332212751072.0 -108283937.79462792 
736677.1159874602 -2421426572778588.5 -110992688.89630923 
739811.9122257048 -2481999193700613.0 -113769200.11579856 
742946.7084639493 -2544087054597940.0 -116615166.49043806 
746081.5047021938 -2607728059593550.5 -119532325.45941392 
749216.3009404383 -2672961060993161.5 -122522457.92445335 
752351.0971786828 -2739825883004447.5 -125587389.33704439 
755485.8934169273 -2808363346049286.0 -128728990.81284155 
758620.6896551718 -2878615291684110.5 -131949180.273945 
761755.4858934163 -2950624608143702.0 -135249923.619759 
764890.2821316608 -3024435256524100.5 -138633235.92714912 
768025.0783699054 -3100092297620550.5 -142101182.680624 
771159.8746081499 -3177641919436530.0 -145655881.03328532 
774294.6708463944 -3257131465380791.0 -149299501.09931248 
777429.4670846389 -3338609463169759.5 -153034267.27878582 
780564.2633228834 -3422125654453137.5 -156862459.61566073 
783699.0595611279 -3507731025180785.0 -160786415.18972337 
786833.8557993724 -3595477836729193.5 -164808529.54336646 
789968.6520376169 -3685419657806330.5 -168931258.1440465 
793103.4482758614 -3777611397154515.0 -173157117.8833208 
796238.244514106 -3872109337071388.5 -177488688.61338672 
799373.0407523505 -3968971167769797.0 -181928614.7220759 
802507.836990595 -4068256022597431.0 -186479606.74725398 
805642.6332288395 -4170024514137348.5 -191144443.0316028 
808777.429467084 -4274338771211391.5 -195925971.41878316 
811912.2257053285 -4381262476809061.0 -200827110.9920205 
815047.021943573 -4490860906965393.5 -205850853.856186 
818181.8181818175 -4603200970611755.0 -211000266.96447355 
821316.614420062 -4718351250423656.0 -216278493.99077463 
824451.4106583066 -4836382044690270.0 -221688757.2488824 
827586.2068965511 -4957365410230933.0 -227234359.65968493 
830721.0031347956 -5081375206385111.0 -232918686.7675618 
833855.7993730401 -5208487140103040.0 -238745208.80722767 
836990.5956112846 -5338778812164609.0 -244717482.82229385 
840125.3918495291 -5472329764554597.0 -250839154.8368278 
843260.1880877736 -5609221529022605.0 -257113962.08121923 
846394.9843260181 -5749537676857369.0 -263545735.27370745 
849529.7805642626 -5893363869906096.0 -270138400.9589766 
852664.5768025072 -6040787912870298.0 -276895983.9052647 
855799.3730407517 -6191899806910191.0 -283822609.56145364 
858934.1692789962 -6346791804590033.0 -290922506.57562566 
862068.9655172407 -6505558466197512.0 -298200009.37660617 
865203.7617554852 -6668296717471530.0 -305659560.8200654 
868338.5579937297 -6835105908774045.0 -313305714.9008144 
871473.3542319742 -7006087875742481.0 -321143139.53296906 
874608.1504702187 -7181347001459757.0 -329176619.3996844 
877742.9467084632 -7360990280179547.0 -337411058.87417424 
880877.7429467078 -7545127382645080.0 -345851485.0137841 
884012.5391849523 -7733870723041541.0 -354503050.62894243 
887147.3354231968 -7927335527623395.0 -363371037.42888993 
890282.1316614413 -8125639905058936.0 -372460859.24612695 
893416.9278996858 -8328904918535069.0 -381778065.34154344 
896551.7241379303 -8537254659665629.0 -391328343.7922238 
899686.5203761748 -8750816324248031.0 -401117524.9639728 
902821.3166144193 -8969720289914636.0 -411151585.0706906 
905956.1128526638 -9194100195726764.0 -421436649.8227976 
909090.9090909084 -9424093023760490.0 -431978998.1669516 
912225.7053291529 -9659839182733790.0 -442785066.1193367 
915360.5015673974 -9901482593725366.0 -453861450.6948299 
918495.2978056419 -1.0149170778037114e+16 -465214913.9344218 
921630.0940438864 -1.040305494725419e+16 -476852387.03336823 
924764.8902821309 -1.0663290095558222e+16 -488780974.57262 
927899.6865203754 -1.0930035094350604e+16 -501007958.8561377 
931034.4827586199 -1.1203452789243112e+16 -513540804.35671383 
934169.2789968645 -1.1483710099474244e+16 -526387162.2729898 
937304.075235109 -1.1770978119811868e+16 -539554875.2004255 
940438.8714733535 -1.2065432225004562e+16 -553051981.9191052 
943573.667711598 -1.236725217684641e+16 -566886722.3013293 
946708.4639498425 -1.2676622233920718e+16 -581067542.3420038 
949843.260188087 -1.2993731264089258e+16 -595603099.3148756 
952978.0564263315 -1.3318772859794798e+16 -610502267.0577264 
956112.852664576 -1.365194545624696e+16 -625774141.389731 
959247.6489028205 -1.3993452452564586e+16 -641428045.6643323 
962382.445141065 -1.4343502335949012e+16 -657473536.4610518 
965517.2413793096 -1.4702308808964328e+16 -673920409.4197245 
968652.0376175541 -1.5070090920001824e+16 -690778705.22068 
971786.8338557986 -1.5447073197007018e+16 -708058715.7144842 
974921.6300940431 -1.5833485784550982e+16 -725770990.2049762 
978056.4263322876 -1.6229564584330822e+16 -743926341.889495 
981191.2225705321 -1.6635551399185616e+16 -762535854.4602449 
984326.0188087766 -1.7051694080715578e+16 -781610888.8708305 
987460.8150470211 -1.747824668059403e+16 -801163090.2720637 
990595.6112852657 -1.7915469605663644e+16 -821204395.1212331 
993730.4075235102 -1.8363629776911424e+16 -841747038.4691751 
996865.2037617547 -1.882300079242281e+16 -862803561.4295384 
999999.9999999992 -1.9293863094316916e+16 -884386818.8393877 
