#x u 
0.0 281622.4056591949 0.016630795344027137 
3134.796238244514 303926.9454967203 0.007820770389790333 
6269.592476489028 503752.7393059994 0.007384210911847856 
9404.38871473354 679869.7494516213 0.006468271175293773 
12539.184952978056 829748.4359306713 0.005304597270303303 
15673.98119122257 947540.442772731 0.003935779608215685 
18808.777429467085 1028691.1038876993 0.0024147662665697177 
21943.5736677116 1070062.3064581635 0.0008003739224863361 
25078.369905956115 1070054.228450931 -0.0008449688578459306 
28213.16614420063 1028667.1822021308 -0.0024576367151891115 
31347.962382445145 947501.6036775468 -0.003975267826820888 
34482.75862068966 829696.1636155981 -0.005339175438433959 
37617.55485893417 679806.395221367 -0.006496617279619998 
40752.35109717868 503628.53185225336 -0.007402835107523391 
43887.14733542319 307975.36679172196 -0.008022785505138727 
47021.943573667704 100412.80191687601 -0.008332494972664027 
50156.739811912215 -111032.72694001668 -0.00831998691717198 
53291.53605015673 -318184.6221168008 -0.007985745242421013 
56426.33228840124 -513032.2701841401 -0.0073426975958278875 
59561.12852664575 -688040.8605959498 -0.006415713236103211 
62695.92476489026 -836443.3736304331 -0.005240613056899479 
65830.72100313478 -952502.8280815745 -0.00386275839370451 
68965.51724137929 -1031728.8540219072 -0.0023355387487641777 
72100.3134796238 -1071037.4406804189 -0.0007189441176356084 
75235.10971786831 -1068891.8197335943 0.0009237460483776355 
78369.90595611282 -1025498.4079347482 0.002534667432617978 
81504.70219435733 -942857.6136849176 0.004066303205047039 
84639.49843260185 -823968.5165427446 0.005450411624921807 
87774.29467084636 -671423.5793917767 0.006541565747231924 
90909.09090909087 -488805.21365931886 0.007191387706854473 
94043.88714733538 -287246.0774351832 0.00756134561787564 
97178.68338557989 -87945.7867370661 0.008251603050913084 
100313.4796238244 92467.84208158504 0.009644380602548436 
103448.27586206891 259740.00519839273 0.011102681839430936 
106583.07210031342 430551.9862790243 0.011508984963854744 
109717.86833855794 603752.9508833629 0.010597558186859531 
112852.66457680245 760914.5289528195 0.008941354673291591 
115987.46081504696 888651.5626483338 0.006939389214936635 
119122.25705329147 982024.4643116933 0.0046690777622372705 
122257.05329153598 1037422.5063463321 0.0022182131980216383 
125391.84952978049 1052703.4479564014 -0.0003184296109146633 
128526.645768025 1027276.3755407367 -0.0028427587553593236 
131661.44200626953 962124.5533059282 -0.005257158495174821 
134796.23824451404 859767.400465893 -0.007468264057344585 
137931.03448275855 724163.0653686157 -0.009390572049235248 
141065.83072100306 560555.3640059652 -0.01094974687249041 
144200.62695924757 375271.00179029495 -0.012085495278620328 
147335.42319749208 175474.92002626928 -0.01275389790729973 
150470.2194357366 -31106.772176727398 -0.012929107646850648 
153605.0156739811 -236485.56633609766 -0.012604349141355945 
156739.81191222562 -432719.47000424535 -0.011792180793490523 
159874.60815047013 -612220.1234029684 -0.010524009131427467 
163009.40438871464 -768046.2410920336 -0.008848874319238167 
166144.20062695915 -894172.0312905012 -0.006831553775066329 
169278.99686520366 -985720.2130828635 -0.004550057230110191 
172413.79310344817 -1039150.6207409014 -0.0020926100944147624 
175548.58934169268 -1052397.1018371996 0.00044575821736227405 
178683.3855799372 -1024947.4153039567 0.002966889070860182 
181818.1818181817 -957863.0397813023 0.005373290403766309 
184952.97805642622 -853738.1262668271 0.007571906741244234 
188087.77429467073 -716599.1823662631 0.009477717648643543 
191222.57053291524 -551749.3673526376 0.01101702546942153 
194357.36677115975 -365563.4191397877 0.012130305211540012 
197492.16300940426 -165241.14333864476 0.01277450637730691 
200626.95924764877 41471.00303214093 0.012924717724964301 
203761.75548589329 246579.4668308115 0.0125751305857374 
206896.5517241378 442152.70927754993 0.011739263484899879 
210031.3479623823 620627.9183458207 0.010449439380764996 
213166.14420062682 775103.4625000743 0.008755535736756814 
216300.94043887133 899605.7766016467 0.0067230557612407964 
219435.73667711584 989320.3595120439 0.004430595400217685 
222570.53291536035 1040777.950722507 0.001966804034204946 
225705.32915360486 1051988.6865645994 -0.000573043590924004 
228840.12539184937 1022519.0481847599 -0.0030907316358007968 
231974.9216300939 953508.6257067104 -0.005488901171429622 
235109.7178683384 847626.0503120166 -0.0076748150463534295 
238244.5141065829 708965.7983440553 -0.009563944029807207 
241379.31034482742 542889.8580179135 -0.011083235554798638 
244514.10658307193 355820.3814802923 -0.012173938658909417 
247648.90282131644 154991.34035868375 -0.012793875882432155 
250783.69905956095 -51831.21172694503 -0.012919074269603028 
253918.49529780546 -256649.45224881166 -0.012544692402156662 
257053.29153604998 -451543.06535340927 -0.011685207616840235 
260188.0877742945 -628975.5202625878 -0.010373856167190783 
263322.884012539 -782085.5087160922 -0.008661347978504557 
266457.6802507835 -904952.2715774865 -0.0066139056963894745 
269592.476489028 -992824.5544307546 -0.004310703858840066 
272727.27272727253 -1042304.3384608082 -0.00184080721898228 
275862.06896551704 -1051478.2417496948 0.0007002733865350429 
278996.86520376155 -1019991.5097039161 0.0032142744390251045 
282131.66144200607 -949061.7334050172 0.005603979585388506 
285266.4576802506 -841431.7653952069 0.007776978991873535 
288401.2539184951 -701263.6536432988 0.009649242829862403 
291536.0501567396 -533977.6952616805 0.01114837070708448 
294670.8463949841 -346042.83376272273 0.012216391388838468 
297805.6426332286 -144726.50518710283 0.012812004544079528 
300940.43887147313 62186.39345246923 0.012912177828110286 
304075.23510971764 266694.545929399 0.012513037542730894 
307210.03134796215 460889.62748653995 0.01163001843204428 
310344.82758620667 637262.1195418999 0.010297266821316677 
313479.6238244512 788991.7025702773 0.008566320179497836 
316614.4200626957 910210.9976759078 0.006504114166682441 
319749.2163009402 996232.4579765907 0.004190394233934226 
322884.0125391847 1043729.6359155789 0.0017146318688376766 
326018.8087774292 1050865.8168991494 -0.0008274352645210944 
329153.60501567373 1017365.0450005573 -0.0033375054984502205 
332288.40125391824 944522.7941683 -0.005718514484498362 
335423.19749216276 835155.8722833636 -0.00787838866919936 
338557.99373040727 693493.4952742101 -0.009733605775908857 
341692.7899686518 525013.7434505427 -0.011212424608996404 
344827.5862068963 336231.7242850356 -0.012257659283951294 
347962.3824451408 134447.633382552 -0.01282889060399895 
351097.1786833853 -72535.54388759653 -0.012904029069353276 
354231.9749216298 -276713.77362606145 -0.012480169077579489 
357366.77115987433 -470191.48917912017 -0.011573701283162085 
360501.56739811884 -645486.9124888675 -0.010219678771336614 
363636.36363636336 -795821.3742495344 -0.008470461556226293 
366771.15987460787 -915381.444867265 -0.006393691820503708 
369905.9561128524 -999543.7396261888 -0.004069678194005852 
373040.7523510969 -1045053.7048510668 -0.001588290221177699 
376175.5485893414 -1050151.4714103963 0.000954516891794974 
379310.3448275859 -1014639.9088084042 0.003460412862228449 
382445.1410658304 -939892.2482160201 0.005832494760328569 
385579.93730407493 -828798.9796584186 0.007979034242880052 
388714.73354231945 -685656.0768434717 0.009817024685812113 
391849.52978056396 -515998.87197398243 0.011275391048119374 
394984.32601880847 -326388.0046002463 0.01229773834178627 
398119.122257053 -124155.72186505087 0.012844532424457175 
401253.9184952975 82877.65929617229 0.012894628783658239 
404388.714733542 286706.16360095696 0.012446090194526225 
407523.5109717865 479447.74826869695 0.011516261632241847 
410658.307210031 653649.1014030294 0.010141099542305975 
413793.10344827553 802573.8613624487 0.008373781405758875 
416927.89968652005 920463.1116838456 0.0062826493674184615 
420062.69592476456 1002758.0782272831 0.003948567446977715 
423197.49216300907 1046276.4168494021 0.0014617945295375939 
426332.2884012536 1049335.2745658753 -0.001081505943052707 
429467.0846394981 1011816.3654310574 -0.003582984609906422 
432601.8808777426 935170.5446523248 -0.005945909358239963 
435736.6771159871 822361.7040582189 -0.008078905951573265 
438871.4733542316 677752.1584811322 -0.009899491468997518 
442006.26959247614 506933.9551600425 -0.011337263917508686 
445141.06583072065 316512.6294241487 -0.012336624675183929 
448275.86206896516 113851.76881931035 -0.012858928488396341 
451410.65830720967 -93211.73662434622 -0.012883977882733481 
454545.4545454542 -296670.74671916256 -0.012410804198789871 
457680.2507836987 -488657.5070156967 -0.011457705050200195 
460815.0470219432 -661747.8946557222 -0.010061536755412017 
463949.8432601877 -809248.5090035254 -0.008276289104842457 
467084.6394984322 -925455.5052685053 -0.006170997577134489 
470219.43573667674 -1005875.1620298505 -0.0038270737390541797 
473354.23197492125 -1047397.6533230494 -0.0013351570623929812 
476489.02821316576 -1048417.3055263158 0.0012083901019691373 
479623.82445141027 -1008894.6887163672 0.0037052088535812024 
482758.6206896548 -930358.141422499 0.006058747278456735 
485893.4169278993 -815844.6698167505 0.00817799410899148 
489028.2131661438 -669782.5067668983 0.009980998127234209 
492163.0094043883 -497819.87219053204 0.01139803721628155 
495297.8056426328 -306606.55654271843 0.01237431451266356 
498432.60188087734 -103536.77359791574 0.01287207739958081 
501567.39811912185 103536.77359785876 0.01287207739958086 
504702.19435736636 306606.55654266285 0.012374314512663728 
507836.99059561087 497819.8721904797 0.011398037216281865 
510971.7868338554 669782.5067668515 0.009980998127234676 
514106.5830720999 815844.6698167123 0.008177994108992026 
517241.3793103444 930358.141422471 0.006058747278457399 
520376.1755485889 1008894.6887163505 0.0037052088535819063 
523510.9717868334 1048417.3055263106 0.0012083901019698756 
526645.768025078 1047397.6533230555 -0.0013351570623922416 
529780.5642633225 1005875.1620298685 -0.003827073739053475 
532915.360501567 925455.5052685342 -0.00617099757713387 
536050.1567398115 809248.5090035637 -0.00827628910484194 
539184.952978056 661747.8946557675 -0.010061536755411604 
542319.7492163006 488657.50701574713 -0.011457705050199862 
545454.5454545451 296670.7467192181 -0.012410804198789616 
548589.3416927896 93211.73662440472 -0.012883977882733343 
551724.1379310341 -113851.768819251 -0.012858928488396362 
554858.9341692786 -316512.62942409114 -0.01233662467518413 
557993.7304075231 -506933.9551599902 -0.011337263917509048 
561128.5266457676 -677752.158481087 -0.009899491468998003 
564263.3228840121 -822361.704058183 -0.008078905951573838 
567398.1191222566 -935170.5446522989 -0.005945909358240568 
570532.9153605012 -1011816.3654310413 -0.0035829846099070923 
573667.7115987457 -1049335.2745658704 -0.0010815059430534357 
576802.5078369902 -1046276.4168494091 0.0014617945295368655 
579937.3040752347 -1002758.0782273009 0.003948567446977038 
583072.1003134792 -920463.1116838739 0.006282649367417872 
586206.8965517237 -802573.8613624866 0.00837378140575837 
589341.6927899682 -653649.1014030767 0.010141099542305534 
592476.4890282127 -479447.7482687515 0.011516261632241538 
595611.2852664572 -286706.163601016 0.01244609019452605 
598746.0815047018 -82877.65929623353 0.012894628783658229 
601880.8777429463 124155.72186499047 0.012844532424457341 
605015.6739811908 326388.00460018904 0.01229773834178661 
608150.4702194353 515998.87197393016 0.01127539104811984 
611285.2664576798 685656.0768434254 0.009817024685812654 
614420.0626959243 828798.9796583807 0.007979034242880649 
617554.8589341688 939892.2482159928 0.005832494760329234 
620689.6551724133 1014639.908808388 0.003460412862229163 
623824.4514106578 1050151.4714103914 0.0009545168917956982 
626959.2476489024 1045053.7048510733 -0.0015882902211769995 
630094.0438871469 999543.7396262073 -0.004069678194005156 
633228.8401253914 915381.4448672942 -0.006393691820503034 
636363.6363636359 795821.3742495727 -0.008470461556225696 
639498.4326018804 645486.9124889135 -0.010219678771336154 
642633.2288401249 470191.4891791719 -0.01157370128316179 
645768.0250783694 276713.77362611756 -0.012480169077579371 
648902.8213166139 72535.54388765566 -0.012904029069353295 
652037.6175548584 -134447.6333824931 -0.012828890603999074 
655172.413793103 -336231.7242849798 -0.012257659283951498 
658307.2100313475 -525013.7434504923 -0.011212424608996715 
661442.006269592 -693493.4952741661 -0.009733605775909284 
664576.8025078365 -835155.872283328 -0.0078783886691999 
667711.598746081 -944522.7941682745 -0.005718514484499041 
670846.3949843255 -1017365.0450005423 -0.0033375054984509365 
673981.19122257 -1050865.8168991453 -0.0008274352645218206 
677115.9874608145 -1043729.6359155863 0.0017146318688369647 
680250.783699059 -996232.4579766094 0.004190394233933532 
683385.5799373036 -910210.997675937 0.0065041141666818065 
686520.3761755481 -788991.7025703159 0.00856632017949732 
689655.1724137926 -637262.1195419466 0.010297266821316296 
692789.9686520371 -460889.6274865937 0.01163001843204401 
695924.7648902816 -266694.5459294569 0.012513037542730742 
699059.5611285261 -62186.39345252795 0.012912177828110218 
702194.3573667706 144726.50518704506 0.01281200454407956 
705329.1536050151 346042.83376266796 0.012216391388838647 
708463.9498432596 533977.6952616309 0.011148370707084854 
711598.7460815042 701263.6536432548 0.00964924282986291 
714733.5423197487 841431.7653951707 0.007776978991874134 
717868.3385579932 949061.7334049916 0.00560397958538918 
721003.1347962377 1019991.509703901 0.003214274439025814 
724137.9310344822 1051478.2417496915 0.0007002733865357817 
727272.7272727267 1042304.3384608163 -0.001840807218981569 
730407.5235109712 992824.5544307736 -0.004310703858839383 
733542.3197492157 904952.2715775163 -0.00661390569638886 
736677.1159874602 782085.508716132 -0.008661347978504024 
739811.9122257048 628975.5202626354 -0.010373856167190342 
742946.7084639493 451543.0653534624 -0.011685207616839891 
746081.5047021938 256649.4522488686 -0.012544692402156419 
749216.3009404383 51831.21172700371 -0.012919074269602966 
752351.0971786828 -154991.34035862572 -0.012793875882432288 
755485.8934169273 -355820.3814802364 -0.012173938658909719 
758620.6896551718 -542889.8580178625 -0.011083235554799063 
761755.4858934163 -708965.7983440112 -0.009563944029807694 
764890.2821316608 -847626.0503119812 -0.007674815046354001 
768025.0783699054 -953508.6257066852 -0.005488901171430246 
771159.8746081499 -1022519.0481847457 -0.0030907316358014815 
774294.6708463944 -1051988.686564597 -0.0005730435909247169 
777429.4670846389 -1040777.9507225159 0.0019668040342042305 
780564.2633228834 -989320.3595120646 0.0044305954002170096 
783699.0595611279 -899605.7766016781 0.006723055761240164 
786833.8557993724 -775103.4625001146 0.008755535736756226 
789968.6520376169 -620627.9183458685 0.010449439380764473 
793103.4482758614 -442152.7092776037 0.011739263484899521 
796238.244514106 -246579.46683086915 0.012575130585737249 
799373.0407523505 -41471.003032200795 0.012924717724964315 
802507.836990595 165241.1433385849 0.012774506377307048 
805642.6332288395 365563.4191397312 0.012130305211540257 
808777.429467084 551749.3673525866 0.011017025469421854 
811912.2257053285 716599.1823662196 0.009477717648643979 
815047.021943573 853738.1262667928 0.007571906741244799 
818181.8181818175 957863.0397812779 0.005373290403766964 
821316.614420062 1024947.4153039434 0.0029668890708609104 
824451.4106583066 1052397.1018371982 0.00044575821736305446 
827586.2068965511 1039150.6207409115 -0.0020926100944140043 
830721.0031347956 985720.2130828844 -0.004550057230109473 
833855.7993730401 894172.0312905328 -0.006831553775065652 
836990.5956112846 768046.2410920751 -0.008848874319237596 
840125.3918495291 612220.1234030176 -0.010524009131427033 
843260.1880877736 432719.47000429983 -0.011792180793490216 
846394.9843260181 236485.56633615523 -0.012604349141355746 
849529.7805642626 31106.772176786188 -0.01292910764685054 
852664.5768025072 -175474.9200262115 -0.01275389790729978 
855799.3730407517 -375271.0017902404 -0.012085495278620555 
858934.1692789962 -560555.3640059155 -0.010949746872490802 
862068.9655172407 -724163.0653685723 -0.009390572049235772 
865203.7617554852 -859767.4004658586 -0.007468264057345195 
868338.5579937297 -962124.553305904 -0.0052571584951754645 
871473.3542319742 -1027276.3755407232 -0.002842758755360013 
874608.1504702187 -1052703.4479563993 -0.00031842961091536735 
877742.9467084632 -1037422.5063463423 0.0022182131980209236 
880877.7429467078 -982024.4643117152 0.004669077762236571 
884012.5391849523 -888651.562648367 0.006939389214935994 
887147.3354231968 -760914.5289528621 0.008941354673291005 
890282.1316614413 -603752.9508834131 0.010597558186859011 
893416.9278996858 -423431.6399723456 0.011835365450139529 
896551.7241379303 -219539.62394270694 0.012945375918887274 
899686.5203761748 20005.36520023567 0.01479989671164489 
902821.3166144193 292009.7360508117 0.0176054305392368 
905956.1128526638 547038.5489647635 0.019469641863365913 
909090.9090909084 718840.8717812538 0.017735699279141398 
912225.7053291529 795929.7484254974 0.012248645465575862 
915360.5015673974 841070.5856864448 0.006234331592176698 
918495.2978056419 923544.0701489708 0.003181014279538134 
921630.0940438864 1039282.6810288079 0.0031665071721094593 
924764.8902821309 1110119.2535651464 0.0028135178828614773 
927899.6865203754 1064261.5430403263 -0.0010295358601606752 
931034.4827586199 911976.5876270939 -0.00782471037834192 
934169.2789968645 736297.0159785972 -0.013773141267234104 
937304.075235109 608640.764763549 -0.015682566728267653 
940438.8714733535 518108.35431495553 -0.014205032975117635 
943573.667711598 388607.5055307208 -0.013046045922454966 
946708.4639498425 165510.6408109787 -0.014983973434577809 
949843.260188087 -119556.91190729472 -0.018889691706411083 
952978.0564263315 -374173.05485829414 -0.020881042561717356 
956112.852664576 -534300.3542126103 -0.018397008368860168 
959247.6489028205 -623710.2185628618 -0.012907106615428099 
962382.445141065 -721507.4932043134 -0.008408100801909471 
965517.2413793096 -872244.6608437777 -0.007289501815525765 
968652.0376175541 -1033413.0774321195 -0.007913254460278149 
971786.8338557986 -1115703.5952140202 -0.0064471880066032695 
974921.6300940431 -1073823.4692422892 -0.0010177422861903903 
978056.4263322876 -952486.6363504411 0.006189775326927679 
981191.2225705321 -839324.378312591 0.011094906428552497 
984326.0188087766 -774282.4528022967 0.011877532134966852 
987460.8150470211 -710717.7292658519 0.010760689525491326 
990595.6112852657 -568937.922406441 0.011553305362910118 
993730.4075235102 -325591.638513607 0.01553997944081929 
996865.2037617547 -47726.85357128309 0.020182485897018564 
999999.9999999992 281622.40565912187 0.016630795344023792 
