#x u 
0.0 -168740.4541940685 -0.03424116101355054 
3134.796238244514 -244248.32244090026 -0.02893165804879197 
6269.592476489028 -403721.7687650381 -0.026785100657783757 
9404.38871473354 -544925.4648258465 -0.023480934786975056 
12539.184952978056 -665126.6655651167 -0.019271959336030407 
15673.98119122257 -759605.6555244855 -0.014317656121361905 
18808.777429467085 -824710.761010836 -0.008809691628873403 
21943.5736677116 -857924.3223737081 -0.002961056544295168 
25078.369905956115 -857961.9732879387 0.0030020825159305467 
28213.16614420063 -824822.2577647328 0.008849131126018268 
31347.962382445145 -759786.6877128901 0.014353984073411668 
34482.75862068966 -665370.1868775256 0.01930376884265867 
37617.55485893417 -545223.8388071235 0.02350707738983001 
40752.35109717868 -403993.69955088355 0.026801367886431768 
43887.14733542319 -247141.13479622625 0.029059250207542395 
47021.943573667704 -80731.6290045171 0.030193412104518036 
50156.739811912215 88799.76670995825 0.03015999556729975 
53291.53605015673 254897.27783354625 0.02896029281248323 
56426.33228840124 411137.9180773887 0.026640696313337747 
59561.12852664575 551479.8660844994 0.02329090480411228 
62695.92476489026 670496.1024991777 0.01904045463239414 
65830.72100313478 763584.2726595633 0.014053710592030902 
68965.51724137929 827144.6595286542 0.008523509940972038 
72100.3134796238 858719.3846553338 0.0026637053896892927 
75235.10971786831 857087.454267985 -0.0032991045773868386 
78369.90595611282 822311.9750708035 -0.009134338259166933 
81504.70219435733 755737.7139092474 -0.014616347326083455 
84639.49843260185 659939.0956722809 -0.019533142634927586 
87774.29467084636 538620.6503511448 -0.02369459184331683 
90909.09090909087 396473.75896420574 -0.026939771822262343 
94043.88714733538 238995.23797912875 -0.02914319154923977 
97178.68338557989 72274.77756787826 -0.030219644842655928 
100313.4796238244 -97240.54654848532 -0.030127505282599755 
103448.27586206891 -262995.58134457545 -0.028870335903381006 
106583.07210031342 -418580.58408190834 -0.02649675141108935 
109717.86833855794 -557979.0868882443 -0.023098538254217073 
112852.66457680245 -675800.5534084287 -0.01880710524416393 
115987.46081504696 -767488.8307002927 -0.013788401980033905 
119122.25705329147 -829498.3355464193 -0.008236501582100132 
122257.05329153598 -859431.1620618177 -0.0023660958894625053 
125391.84952978049 -856129.8086500183 0.0035958066675973563 
128526.645768025 -819721.9385586825 0.009418659477510898 
131661.44200626953 -751615.4431452508 0.01487729297869277 
134796.23824451404 -654443.9987560064 0.019760621960432587 
137931.03448275855 -531965.2225325829 0.023879808222317042 
141065.83072100306 -388915.36545813957 0.02707556294236222 
144200.62695924757 -230826.16165919555 0.029224306371476404 
147335.42319749208 -63810.91639570631 0.03024294665903457 
150470.2194357366 105671.8952889569 0.03009209301250762 
153605.0156739811 271068.3776242679 0.028777578938350343 
156739.81191222562 425982.65308575967 0.02635023666046372 
159874.60815047013 564424.1908069142 0.022903931439463454 
163009.40438871464 681039.4602466875 0.018571931805575932 
166144.20062695915 771318.9520715786 0.013521756068158013 
169278.99686520366 831771.5607602944 0.007948694387178597 
172413.79310344817 860059.5855603875 0.0020682569079839334 
175548.58934169268 855089.1293134901 -0.0038921600102279352 
178683.3855799372 817052.3994290173 -0.009702067205502799 
181818.1818181817 747420.2752288098 -0.015136795722825263 
184952.97805642622 648885.4290833122 -0.019986184756567972 
188087.77429467073 525258.2008434115 -0.024062708563194056 
191222.57053291524 381319.2521008613 -0.027208728076717235 
194357.36677115975 222634.69813308073 -0.02930258680714469 
197492.16300940426 55340.86637504534 -0.03026331529367375 
200626.95924764877 -114092.9952059325 -0.030053762191944867 
203761.75548589329 -279114.88360434683 -0.028682030908616943 
206896.5517241378 -433343.40052019083 -0.026201165966157083 
210031.3479623823 -570814.4422280745 -0.022707098168291723 
213166.14420062682 -686211.2205013935 -0.018334906960423798 
216300.94043887133 -775066.5587352145 -0.013253445466248393 
219435.73667711584 -833922.3206403633 -0.007658200525346513 
222570.53291536035 -860421.8742145523 -0.0017618418630519924 
225705.32915360486 -853302.3855946073 0.004218532307492045 
228840.12539184937 -812265.6058774109 0.010077951733898619 
231974.9216300939 -737774.5590264495 0.015641348342009302 
235109.7178683384 -630961.6237582307 0.02077371870077519 
238244.5141065829 -493958.4417056097 0.025368215170456232 
241379.31034482742 -330867.7735319091 0.02930195159542318 
244514.10658307193 -149114.6538398577 0.03237154911701551 
247648.90282131644 39810.394063974236 0.034253772355533674 
250783.69905956095 221530.54525065055 0.034551712714445765 
253918.49529780546 382388.12102752127 0.0329499188081133 
257053.29153604998 514072.5646539385 0.029414522011663 
260188.0877742945 616220.6646630599 0.024299003660576426 
263322.884012539 694433.220442173 0.01823897058817158 
266457.6802507835 754268.0687483907 0.011862157880429748 
269592.476489028 795370.3441381226 0.005504950368542797 
272727.27272727253 810564.4605125868 -0.0008428758794866763 
275862.06896551704 791060.4498088562 -0.007311830510479745 
278996.86520376155 733628.3999278145 -0.013834382760395 
282131.66144200607 643570.5800639706 -0.02001706255947487 
285266.4576802506 530932.461368721 -0.025319955704061627 
288401.2539184951 403605.4210364656 -0.02937593265163061 
291536.0501567396 263843.6280739864 -0.03215051563711639 
294670.8463949841 111269.29672315753 -0.03380146232987961 
297805.6426332286 -51044.74599337513 -0.03439452392330791 
300940.43887147313 -213860.8079304682 -0.03377104066153597 
304075.23510971764 -365351.74972792505 -0.03170159202340036 
307210.03134796215 -497394.0489460566 -0.028162364039479304 
310344.82758620667 -608234.7100250204 -0.023443915968738592 
313479.6238244512 -699004.3559297052 -0.017977005167291595 
316614.4200626957 -767970.0757083856 -0.012054497390066341 
319749.2163009402 -808741.0886987293 -0.005734721746338101 
322884.0125391847 -814439.6900822856 0.0009809261616436221 
326018.8087774292 -783542.7415447182 0.007892468587572685 
329153.60501567373 -721306.6292526561 0.014546461770349997 
332288.40125391824 -635289.7082780387 0.020449454385884594 
335423.19749216276 -529643.4147215897 0.025335354223100466 
338557.99373040727 -404087.407820247 0.029215336516623305 
341692.7899686518 -258513.40913867363 0.032166879195486484 
344827.5862068963 -98207.56804883637 0.03409157738164144 
347962.3824451408 65996.39697382873 0.03470255912460322 
351097.1786833853 223011.6466323617 0.03375906096526455 
354231.9749216298 366906.6944236618 0.03130399847992672 
357366.77115987433 496983.9297743418 0.02765539223940652 
360501.56739811884 612687.2815295386 0.02315941228889682 
363636.36363636336 708920.8590512457 0.01796142325245303 
366771.15987460787 776903.0127327286 0.012030478590537602 
369905.9561128524 809828.4335101327 0.005404489213213023 
373040.7523510969 807521.0262229287 -0.0016100281047613028 
376175.5485893414 775283.7589663325 -0.008502836146493296 
379310.3448275859 718210.0080272472 -0.014831063384727264 
382445.1410658304 636943.7811643619 -0.02042164330562684 
385579.93730407493 529301.6304529249 -0.025302520557033043 
388714.73354231945 395958.45070917514 -0.02944481651356954 
391849.52978056396 244086.34176750074 -0.03259595255811487 
394984.32601880847 84954.50935665684 -0.034386719517224495 
398119.122257053 -72181.52010982508 -0.03460568431176326 
401253.9184952975 -223696.98085875268 -0.03335675902817528 
404388.714733542 -369156.9647512005 -0.0309368721410433 
407523.5109717865 -505629.21302845806 -0.027563026707049448 
410658.307210031 -624968.823405264 -0.0232342484524567 
413793.10344827553 -717151.4302587961 -0.01786997165516026 
416927.89968652005 -776349.138612934 -0.011573892993309493 
420062.69592476456 -803532.8121581113 -0.004738914365737733 
423197.49216300907 -803003.7239016345 0.0021253109643786256 
426332.2884012536 -776599.2070330755 0.008670062243975658 
429467.0846394981 -721714.1304125917 0.014808470564322981 
432601.8808777426 -635217.2966117978 0.020543977005953416 
435736.6771159871 -519096.29689285695 0.025717002437869264 
438871.4733542316 -381804.7036944184 0.02994584310532221 
442006.26959247614 -233765.3574359361 0.0328325658870216 
445141.06583072065 -81590.85766350618 0.03422484096455033 
448275.86206896516 73102.61945672939 0.034264483200279694 
451410.65830720967 229267.2557396712 0.03317613096716746 
454545.4545454542 381276.78882350505 0.03102078437601183 
457680.2507836987 518713.4535174356 0.027673707482965375 
460815.0470219432 631546.2974572628 0.023048148098125294 
463949.8432601877 715477.008171508 0.017325952748214253 
467084.6394984322 772034.5687347762 0.010947254529753338 
470219.43573667674 803493.7821394918 0.00436324007344863 
473354.23197492125 808097.1385552868 -0.002196284384625686 
476489.02821316576 780694.9230466327 -0.00870555378442217 
479623.82445141027 718173.7288238409 -0.015104137965139132 
482758.6206896548 623963.058756338 -0.021098224779932406 
485893.4169278993 506835.4970933506 -0.026220900260663354 
489028.2131661438 375172.4804305065 -0.03009749840186401 
492163.0094043883 232591.68069768083 -0.03264566384538536 
495297.8056426328 79359.99604479928 -0.03400735578876804 
498432.60188087734 -82098.77359357718 -0.03429042601232791 
501567.39811912185 -243617.8698275171 -0.033395775277798356 
504702.19435736636 -393628.7728525922 -0.031114024707028797 
507836.99059561087 -523206.06341352 -0.027390189480416965 
510971.7868338554 -629695.5617313582 -0.0224762900428759 
514106.5830720999 -714335.9224877803 -0.01680788115197993 
517241.3793103444 -776577.7422449272 -0.01072900535657222 
520376.1755485889 -811243.5057314847 -0.0043477334338162775 
523510.9717868334 -811644.1110345913 0.002334337647423423 
526645.768025078 -775461.8053224058 0.009164342808027559 
529780.5642633225 -707257.8708524378 0.015733221839895145 
532915.360501567 -614968.4137616268 0.021544077756179014 
536050.1567398115 -504025.9839893488 0.026286776267848633 
539184.952978056 -375192.70947577077 0.029939633438296184 
542319.7492163006 -228243.23868324008 0.03260008558369025 
545454.5454545451 -67448.62178652102 0.034229952212767374 
548589.3416927896 97107.70787325544 0.0345890202446303 
551724.1379310341 253986.97531748962 0.033430760366800566 
554858.9341692786 396173.5417258744 0.030756456873694705 
557993.7304075231 522341.07518152473 0.026860760865218204 
561128.5266457676 632514.6264103311 0.02211910452978915 
564263.3228840121 722914.0697042663 0.01673686265079715 
567398.1191222566 785598.4588235196 0.01071840841455993 
570532.9153605012 813449.355003175 0.004081293051511714 
573667.7115987457 805381.1134743628 -0.0029182229245153435 
576802.5078369902 766388.7214691803 -0.00979481087082733 
579937.3040752347 702428.5882161753 -0.016078640776394985 
583072.1003134792 615511.9798608504 -0.02154789736835056 
586206.8965517237 504116.37135243835 -0.026214937210328144 
589341.6927899682 368381.0621697095 -0.030090354404176223 
592476.4890282127 214483.1295325419 -0.032981740255618244 
595611.2852664572 53419.30800121732 -0.03454601044400661 
598746.0815047018 -104725.99318457977 -0.034545920945036425 
601880.8777429463 -255223.38316481296 -0.03304501014440126 
605015.6739811908 -397420.68492898456 -0.030338187103873697 
608150.4702194353 -529333.3502399449 -0.026691208342627438 
611285.2664576798 -644028.1585056287 -0.022161120319510882 
614420.0626959243 -731821.0082237822 -0.0166825057749631 
617554.8589341688 -786171.4205886197 -0.010323038566017611 
620689.6551724133 -807240.625295735 -0.003432367999668964 
623824.4514106578 -799502.7397727097 0.0034806144230183633 
626959.2476489024 -766009.950129595 0.010022394326183254 
630094.0438871469 -705382.2899522677 0.01606262321158923 
633228.8401253914 -614676.8841402152 0.02161008546545495 
636363.6363636359 -495061.67328139034 0.026557504415424607 
639498.4326018804 -354227.66373775643 0.030573048443537598 
642633.2288401249 -202865.30365366276 0.03326104519407246 
645768.0250783694 -48736.60328605244 0.034430053436161026 
648902.8213166139 105629.30341794537 0.03419213769337068 
652037.6175548584 259423.5455693693 0.03279304138021276 
655172.413793103 408162.87040735676 0.030353972128843013 
658307.2100313475 542326.6200792855 0.026796490945336073 
661442.006269592 651690.4210923709 0.02202731680095514 
664576.8025078365 731016.614677116 0.016184644878250533 
667711.598746081 781314.2761587936 0.009681268823910159 
670846.3949843255 805511.3863053822 0.0029920257072129385 
673981.19122257 803218.5139086363 -0.0035993810741995974 
677115.9874608145 770172.3128749842 -0.010037513887544846 
680250.783699059 702978.0996508987 -0.01628749789048424 
683385.5799373036 604153.1697249288 -0.02211130604848692 
686520.3761755481 482113.13310196646 -0.027073335115946808 
689655.1724137926 346016.9513164511 -0.030778708272288857 
692789.9686520371 200746.76320206682 -0.03310197374579262 
695924.7648902816 47116.01552995566 -0.03417275256360504 
699059.5611285261 -113123.21907948331 -0.03413922341456883 
702194.3573667706 -272954.4198122387 -0.03296269043861652 
705329.1536050151 -421214.7120109598 -0.03046213899736194 
708463.9498432596 -548210.3075742008 -0.026562063389976243 
711598.7460815042 -650194.0465527468 -0.021479120270914268 
714733.5423197487 -728298.1687682256 -0.015643696619418716 
717868.3385579932 -783306.0607072536 -0.009430281149533367 
721003.1347962377 -811877.5552232477 -0.0029749815283965073 
724137.9310344822 -808123.0737284769 0.0037276910290365006 
727272.7272727267 -768699.1174319561 0.010548785935357801 
730407.5235109712 -696002.0571142789 0.017065482432723808 
733542.3197492157 -596315.6251074123 0.022706315487436155 
736677.1159874602 -475327.07157428935 0.027082226194139962 
739811.9122257048 -336189.4770726198 0.030190688741578143 
742946.7084639493 -182276.1853369039 0.03229857874056651 
746081.5047021938 -21262.443693562855 0.03362114280527549 
749216.3009404383 134750.9201552841 0.03410421666600251 
752351.0971786828 274399.2618569383 0.033497739856388646 
755485.8934169273 393031.7273036123 0.031611844427049986 
758620.6896551718 493580.0922479289 0.02848054786489356 
761755.4858934163 581077.5328609727 0.02428473762826704 
764890.2821316608 655808.0134075007 0.019157417848021954 
768025.0783699054 711491.83866803 0.013115487956597397 
771159.8746081499 740003.7106367946 0.006208287610066742 
774294.6708463944 737782.1975285745 -0.0012821185248365037 
777429.4670846389 707689.6661682733 -0.008828287771568301 
780564.2633228834 654939.1266316491 -0.015880235553383228 
783699.0595611279 581762.7237345407 -0.022118127373164643 
786833.8557993724 486550.3431064218 -0.027487665958117524 
789968.6520376169 368271.8054514306 -0.0319913028505846 
793103.4482758614 231331.79110639796 -0.03546093075431117 
796238.244514106 85523.24329918707 -0.03755583239823116 
799373.0407523505 -59097.63278713489 -0.03799242685171303 
802507.836990595 -197247.88173835652 -0.03676801024618877 
805642.6332288395 -328294.115363141 -0.03414577427171499 
808777.429467084 -451324.02823883435 -0.030417587855996162 
811912.2257053285 -560814.021223385 -0.0256925065317183 
815047.021943573 -647651.4658209551 -0.01992962268609321 
818181.8181818175 -704618.4282754393 -0.01317485637033705 
821316.614420062 -730727.6880881563 -0.0057451387006077406 
824451.4106583066 -729979.4583324417 0.001842582865289225 
827586.2068965511 -705937.6554028913 0.009132855783522912 
830721.0031347956 -657877.087410338 0.01591962168892773 
833855.7993730401 -582554.7210965045 0.022174279252405515 
836990.5956112846 -479700.26338378 0.027800862836393072 
840125.3918495291 -355371.301434485 0.032486440597503816 
843260.1880877736 -219528.67986757855 0.035813617410742245 
846394.9843260181 -80232.2490281755 0.03752507319899855 
849529.7805642626 59619.749202124694 0.03766868619827279 
852664.5768025072 199783.31745520752 0.03647561238446542 
855799.3730407517 337247.7531141455 0.034102430169679565 
858934.1692789962 463821.16691502417 0.030509074579566867 
862068.9655172407 569474.3508422042 0.025599141385406216 
865203.7617554852 648127.7373774376 0.019471098899135425 
868338.5579937297 699980.4013789413 0.012510460058630126 
871473.3542319742 728092.1890262249 0.005218560083146919 
874608.1504702187 732939.7596713525 -0.002050945099674354 
877742.9467084632 710756.7500287783 -0.009180992919344724 
880877.7429467078 657445.1626304736 -0.016123027858230537 
884012.5391849523 573944.3956204522 -0.02266003885244305 
887147.3354231968 467371.8939241896 -0.02836100112334284 
890282.1316614413 346656.84785277524 -0.03278506924134661 
893416.9278996858 217140.0046001863 -0.03573032959065631 
896551.7241379303 79662.8499476211 -0.03727389149571903 
899686.5203761748 -65081.26551089304 -0.03756796810173821 
902821.3166144193 -211713.99058612745 -0.0366112213463287 
905956.1128526638 -350152.88764062163 -0.03423840548799749 
909090.9090909084 -470642.6279931071 -0.030339504152415996 
912225.7053291529 -568759.5515411927 -0.025076090551775114 
915360.5015673974 -645331.7804372654 -0.018863576514920672 
918495.2978056419 -701545.1479420927 -0.012132283311295986 
921630.0940438864 -734538.4234102829 -0.0051109982080197215 
924764.8902821309 -738239.9641229734 0.002148594165945697 
927899.6865203754 -708646.7384365298 0.009542694295701083 
931034.4827586199 -648036.0404188326 0.016733441829767468 
934169.2789968645 -563683.0328334769 0.023216728941537305 
937304.075235109 -462392.9010329293 0.0285794322559713 
940438.8714733535 -346513.9434011397 0.03268607670102148 
943573.667711598 -215499.2135572397 0.03560832973548005 
946708.4639498425 -71215.53484399464 0.03737984630273298 
949843.260188087 78766.58854398089 0.03784085632278095 
952978.0564263315 223562.33327028682 0.03674044685627502 
956112.852664576 354741.0412331163 0.03399138528556755 
959247.6489028205 469627.0869424068 0.029809853144114905 
962382.445141065 568879.9222288763 0.02459141847075633 
965517.2413793096 651103.3276542951 0.018649808452190404 
968652.0376175541 710334.3049383535 0.012087199279162101 
971786.8338557986 739203.2417989955 0.00492455009268976 
974921.6300940431 734559.7444531606 -0.002654395093543196 
978056.4263322876 699730.5575846372 -0.010212299061959085 
981191.2225705321 641078.9857585477 -0.017226954706863966 
984326.0188087766 562484.172342673 -0.02335325694648397 
987460.8150470211 463499.80359307537 -0.02851406829150377 
990595.6112852657 343040.85174534505 -0.03273517846809303 
993730.4075235102 204519.38394159678 -0.03590408641737523 
996865.2037617547 59616.758864801464 -0.03784017500294964 
999999.9999999992 -168740.4542070974 -0.03424116101414776 
