#x u 
0.0 -149576.19668234675 -0.037936763504394566 
3134.796238244514 -221963.31332229654 -0.03302418760509916 
6269.592476489028 -366645.5310831111 -0.030541849989916433 
9404.38871473354 -494909.1493324925 -0.02677576379142127 
12539.184952978056 -604098.5710434415 -0.021977189793531127 
15673.98119122257 -689925.6660851253 -0.01632867360381403 
18808.777429467085 -749073.4049814581 -0.010048730373939739 
21943.5736677116 -779254.4941893279 -0.0033802029529515173 
25078.369905956115 -779301.8330889458 0.003419036824041002 
28213.16614420063 -749213.5910575029 0.010086062539011804 
31347.962382445145 -690153.2796059093 0.016363060486808276 
34482.75862068966 -604404.7593898777 0.022007299325575505 
37617.55485893417 -495283.92338042235 0.026800516491189495 
40752.35109717868 -367010.4713718163 0.030557358404743447 
43887.14733542319 -224544.73430401454 0.033132548090460165 
47021.943573667704 -73395.8583985876 0.03442650303243867 
50156.739811912215 80591.23337753015 0.034389186027866545 
53291.53605015673 231461.86432600234 0.033022040124307164 
56426.33228840124 373381.871204897 0.030377932817089188 
59561.12852664575 500863.21116437565 0.026559111664683832 
62695.92476489026 608976.1842161219 0.02171325037836818 
65830.72100313478 693540.0645993374 0.016027738283780974 
68965.51724137929 751284.7693334892 0.009722433980738882 
72100.3134796238 779977.312239237 0.0030411634170936495 
75235.10971786831 778508.1534539463 -0.003757708854114996 
78369.90595611282 746934.1053083395 -0.010411270624978182 
81504.70219435733 686476.1353951939 -0.01666222884072804 
84639.49843260185 599472.1517853623 -0.02226885911524706 
87774.29467084636 489286.5961855378 -0.0270143532065795 
90909.09090909087 360180.3410679231 -0.030715202985817765 
94043.88714733538 217145.9218463052 -0.03322829669151297 
97178.68338557989 65714.47566585142 -0.03445645305764189 
100313.4796238244 -88258.14752156702 -0.03435217931055092 
103448.27586206891 -238817.83051754965 -0.03291950771323619 
106583.07210031342 -380142.4344291277 -0.03021383963784194 
109717.86833855794 -506766.94062319666 -0.026339803196089424 
112852.66457680245 -613794.7828501109 -0.021447207273010062 
115987.46081504696 -697087.1973288876 -0.01572524842138952 
119122.25705329147 -753423.2686313291 -0.00939519463615899 
122257.05329153598 -780624.4823950228 -0.002701828926980882 
125391.84952978049 -777638.9684151553 0.004096016434152568 
128526.645768025 -744582.1764370492 0.010735468949917464 
131661.44200626953 -682732.4117176154 0.01695978117006116 
134796.23824451404 -594481.4029954406 0.02252825910839975 
137931.03448275855 -483241.8144047804 0.02722556987279164 
141065.83072100306 -353315.27784525085 0.03087006858228651 
144200.62695924757 -209726.04899194004 0.03332082256978715 
147335.42319749208 -58026.71946355373 0.03448306124449664 
150470.2194357366 95916.50174617501 0.03431184086811603 
153605.0156739811 246150.63441253253 0.03281378252799591 
156739.81191222562 386866.12866504147 0.030046816099866615 
159874.60815047013 512621.52012473624 0.026117940101101387 
163009.40438871464 618553.851185378 0.021179084060926646 
166144.20062695915 700566.7214533272 0.015421233409612312 
169278.99686520366 755488.6954406125 0.009067044077018568 
172413.79310344817 781195.9418899734 0.0023622323937754156 
175548.58934169268 776694.3622724694 -0.004433926752615626 
178683.3855799372 742158.0325508645 -0.011058626070709399 
181818.1818181817 678922.4716668259 -0.0172556886160105 
184952.97805642622 589432.9970593629 -0.022785474146528505 
188087.77429467073 477150.1643052131 -0.02743414600449178 
191222.57053291524 346415.94752774196 -0.03102194017415367 
194357.36677115975 202285.83537434798 -0.033410116751447595 
197492.16300940426 50333.33540640659 -0.03450632501234662 
200626.95924764877 -103565.55328825908 -0.034268174612878365 
203761.75548589329 -253459.56482210068 -0.03270487482258648 
206896.5517241378 -393552.30179968977 -0.029876878402325113 
210031.3479623823 -518426.38184913574 -0.02589354389762217 
213166.14420062682 -623252.9276527371 -0.02090890674666438 
216300.94043887133 -703978.2995030084 -0.015115722734044556 
219435.73667711584 -757480.8494411706 -0.008738014129754463 
222570.53291536035 -781691.6352997753 -0.0020224067540281954 
225705.32915360486 -775674.4266406875 0.004771407036494718 
228840.12539184937 -739661.9087609546 0.011380710645217451 
231974.9216300939 -675046.6847586238 0.017549922479312023 
235109.7178683384 -584327.42360839 0.02304047928304143 
238244.5141065829 -471012.2366995322 0.027640061372444125 
241379.31034482742 -339483.01926281815 0.031170803031803706 
244514.10658307193 -194826.00259976284 0.03349617057609284 
247648.90282131644 -42635.069654961604 0.034526242104902 
250783.69905956095 111204.56028695783 0.03422118477991032 
253918.49529780546 260743.912872824 0.03259279515967238 
257053.29153604998 400200.30535918893 0.029704043027016052 
260188.0877742945 524180.96279852703 0.025666636349233888 
263322.884012539 627891.5565014454 0.02063670153399162 
266457.6802507835 707321.6005981852 0.014808746025341865 
269592.476489028 759399.5374193655 0.008408136706092927 
272727.27272727253 782111.5145484635 0.0016823849665105128 
275862.06896551704 774579.2604406128 -0.0051084245544882586 
278996.86520376155 737094.047159625 -0.01170169143532828 
282131.66144200607 671105.4268951142 -0.017842454223017595 
285266.4576802506 579165.1778183043 -0.023293249785678698 
288401.2539184951 464828.6268887617 -0.027843296005473014 
291536.0501567396 332517.1654564717 -0.031316642717429864 
294670.8463949841 187347.2741772221 -0.03357897569759469 
297805.6426332286 34932.668843226784 -0.03454281059045765 
300940.43887147313 -118832.78185561176 -0.034170875926628846 
304075.23510971764 -268002.9721795971 -0.03247755441433097 
307210.03134796215 -406809.4928370242 -0.029528326657265527 
310344.82758620667 -529884.6268768939 -0.025437235888901705 
313479.6238244512 -632468.1821556682 -0.0203624441411443 
316614.4200626957 -710586.8240633206 -0.014499898678899795 
319749.2163009402 -761186.7326182434 -0.008074792515209792 
322884.0125391847 -782184.120595572 -0.0013297588104240299 
326018.8087774292 -772385.7031186888 0.005491850842507985 
329153.60501567373 -731267.3117958927 0.01216763979176753 
332288.40125391824 -658742.5420499537 0.018516300190989377 
335423.19749216276 -555280.8976620141 0.024399361847404422 
338557.99373040727 -422819.57246232545 0.029683920644796524 
341692.7899686518 -266495.07225281326 0.034164970569468406 
344827.5862068963 -96230.91394659318 0.03749145008768601 
347962.3824451408 73643.80910696034 0.039179711917153325 
351097.1786833853 228057.59387129179 0.03877473794640362 
354231.9749216298 357057.9865353841 0.03610969582621681 
357366.77115987433 460022.3269724817 0.031487760165955815 
360501.56739811884 544170.028782693 0.025601091386870046 
363636.36363636336 617177.1796366633 0.019178336693727364 
366771.15987460787 679086.6590333672 0.012599237698167252 
369905.9561128524 720463.7864196291 0.005795480929585856 
373040.7523510969 729067.8742104403 -0.0014575750455054699 
376175.5485893414 699628.5542138264 -0.009105785321917876 
379310.3448275859 637967.1665224701 -0.01663873929884599 
382445.1410658304 555645.442237094 -0.023344471882172 
385579.93730407493 460334.0604290067 -0.028757984933805016 
388714.73354231945 351298.10367908457 -0.03287256857778275 
391849.52978056396 224272.45220729563 -0.035917886361721135 
394984.32601880847 80480.92642475017 -0.03794523729540897 
398119.122257053 -69666.5331477398 -0.03865393252261283 
401253.9184952975 -212147.50799953367 -0.037639953959958346 
404388.714733542 -338505.5647229507 -0.03480744219700879 
407523.5109717865 -449244.3493466003 -0.030512991547374222 
410658.307210031 -548120.332323989 -0.025291145696731375 
413793.10344827553 -633544.5924839806 -0.01944626274542469 
416927.89968652005 -696304.1124203596 -0.012933478618169654 
420062.69592476456 -726139.010878399 -0.0056455968601190985 
423197.49216300907 -720374.9023288824 0.0022052644296430782 
426332.2884012536 -685619.6854044929 0.010022838740174095 
429467.0846394981 -630790.094123156 0.017157703007343095 
432601.8808777426 -558805.4961180604 0.023297322890627057 
435736.6771159871 -465639.77416543785 0.028516423356274457 
438871.4733542316 -347640.83341751364 0.032945725963044854 
442006.26959247614 -209298.47214091124 0.036417305826518455 
445141.06583072065 -63142.748318750804 0.03846778555034806 
448275.86206896516 78293.65667841418 0.038702470918419746 
451410.65830720967 210193.0903120974 0.037142158616127394 
454545.4545454542 334948.95625699125 0.03419069156464886 
457680.2507836987 454190.70436168974 0.030258028409857515 
460815.0470219432 561937.2762844573 0.0254334482173726 
463949.8432601877 646273.9420247234 0.019548358740754543 
467084.6394984322 697962.4190316757 0.01255636478460267 
470219.43573667674 717079.9689705061 0.004823008147936594 
473354.23197492125 710828.4730699505 -0.002988657922575284 
476489.02821316576 684904.0469665662 -0.010326540568982872 
479623.82445141027 637544.7933928402 -0.017033597608512203 
482758.6206896548 562510.5775886037 -0.023220447260152575 
485893.4169278993 457812.8714986986 -0.028871995242001534 
489028.2131661438 330929.98022323113 -0.033612489096079515 
492163.0094043883 194906.82132406367 -0.036885570152831795 
495297.8056426328 59292.08649131253 -0.038368085124589356 
498432.60188087734 -74736.65541632935 -0.038189111155039514 
501567.39811912185 -210137.81198530435 -0.03672874763578926 
504702.19435736636 -345330.32596058305 -0.03421099917510566 
507836.99059561087 -470415.84011941525 -0.030519143479625383 
510971.7868338554 -572476.8681779262 -0.025425555840801462 
514106.5830720999 -644572.9145485014 -0.018989976244590895 
517241.3793103444 -689152.463282304 -0.011701294712246284 
520376.1755485889 -712448.0052221328 -0.004206066769041424 
523510.9717868334 -715869.3086186956 0.0030999543856029743 
526645.768025078 -693523.8691551375 0.010198279701479055 
529780.5642633225 -638505.5420616859 0.017170587371254185 
532915.360501567 -551331.1601564504 0.02382109039012198 
536050.1567398115 -441609.5033119068 0.029606689758827996 
539184.952978056 -321107.1095536307 0.03395879157824595 
542319.7492163006 -195383.47471329028 0.03666786128857173 
545454.5454545451 -62634.89952399249 0.03793466734452986 
548589.3416927896 79223.75729064266 0.03804110319050511 
551724.1379310341 224889.86737039898 0.036991443209351875 
554858.9341692786 361690.5319978229 0.034503580338079785 
557993.7304075231 477478.1590148861 0.030359387108474318 
561128.5266457676 568308.781490263 0.0247435754107668 
564263.3228840121 638028.5958832627 0.018210611367124614 
567398.1191222566 690385.0431503612 0.0113084817427218 
570532.9153605012 722109.0496496469 0.0042470490046612845 
573667.7115987457 724354.9882363763 -0.00304985893580964 
576802.5078369902 691056.2391893297 -0.01057418152487349 
579937.3040752347 625444.5768355415 -0.017945837238537578 
583072.1003134792 537875.6898203532 -0.024521335910502526 
586206.8965517237 437205.4173654311 -0.029795615956606798 
589341.6927899682 324699.79456120846 -0.033685155615283846 
592476.4890282127 196755.22737889155 -0.03640444162779538 
595611.2852664572 53405.206720961956 -0.03807402276073756 
598746.0815047018 -96519.8317230421 -0.038478566484321026 
601880.8777429463 -239205.8331927006 -0.037233444149836224 
605015.6739811908 -364831.856616116 -0.03418707362140106 
608150.4702194353 -472464.2217989011 -0.02963693139285179 
611285.2664576798 -565917.9857452266 -0.024130915314374297 
614420.0626959243 -645158.6668416964 -0.018057884945669685 
617554.8589341688 -702534.8523911157 -0.011448224012957326 
620689.6551724133 -728025.9925375446 -0.004182167331674947 
623824.4514106578 -718078.1386551831 0.003622081266712078 
626959.2476489024 -678626.6688250938 0.011450628166784113 
630094.0438871469 -618892.1789208736 0.01863084368415928 
633228.8401253914 -542336.6451171566 0.02471897283945896 
636363.6363636359 -444464.57306504704 0.02965240716818949 
639498.4326018804 -320257.5442279696 0.033543480068078106 
642633.2288401249 -173908.2906841829 0.0363694707133854 
645768.0250783694 -20707.548830865802 0.03790408547330516 
648902.8213166139 121441.20721335303 0.03795195662085468 
652037.6175548584 243034.56731242625 0.03660342762180083 
655172.413793103 346170.0947640977 0.03419691083951689 
658307.2100313475 437498.2923659919 0.030996109150789784 
661442.006269592 518588.9856534634 0.026917560024548582 
664576.8025078365 583341.4838675333 0.021622263933354237 
667711.598746081 624192.3438191622 0.014920532458387053 
670846.3949843255 639675.8176170876 0.007104621274377396 
673981.19122257 634981.0993465636 -0.0011262614221215766 
677115.9874608145 615147.161001308 -0.009086878448718977 
680250.783699059 578661.3910839348 -0.0164677165267178 
683385.5799373036 518793.92684694205 -0.023296878155433413 
686520.3761755481 431590.09483899287 -0.02957117856664703 
689655.1724137926 322134.7912031034 -0.03496013120548355 
692789.9686520371 202329.59430645773 -0.03890122953978134 
695924.7648902816 82285.62054451361 -0.04099041593964088 
699059.5611285261 -35848.24403301255 -0.041261102479357756 
702194.3573667706 -155347.21452440796 -0.040062339596803664 
705329.1536050151 -276535.95211579173 -0.03766718191998157 
708463.9498432596 -391579.1357333389 -0.034023909154978375 
711598.7460815042 -488100.2705925855 -0.028910015243769883 
714733.5423197487 -557997.3612812031 -0.022322965201567912 
717868.3385579932 -602347.0525882882 -0.014690726669935488 
721003.1347962377 -627384.243264321 -0.0066728434547578324 
724137.9310344822 -635901.073742041 0.001248268232912178 
727272.7272727267 -623188.9493167032 0.008967034039401847 
730407.5235109712 -581829.7637474636 0.01654753141864529 
733542.3197492157 -510299.9480003889 0.023839770643169108 
736677.1159874602 -416308.93618782685 0.030335167806922397 
739811.9122257048 -311298.9313414284 0.035424664674714834 
742946.7084639493 -201793.04524254517 0.038798580743270264 
746081.5047021938 -86558.26392476757 0.04057706928884047 
749216.3009404383 37593.78331995371 0.04104176255137833 
752351.0971786828 167646.0421597704 0.04025646086666779 
755485.8934169273 292621.49439321883 0.03797889357762388 
758620.6896551718 400265.48435838206 0.03395693304022181 
761755.4858934163 485322.56795076776 0.028296014421846098 
764890.2821316608 550884.1872986737 0.021507517365252093 
768025.0783699054 601556.6024402921 0.014181304188725437 
771159.8746081499 635774.9867566718 0.006618770331957343 
774294.6708463944 645453.7152063595 -0.0011976143132289229 
777429.4670846389 623412.6954670206 -0.00927755350193938 
780564.2633228834 570809.4044966772 -0.017294608760398955 
783699.0595611279 496768.43607765506 -0.02461375177286885 
786833.8557993724 410570.42616669676 -0.030657789071911596 
789968.6520376169 314547.51351197565 -0.03523888769476631 
793103.4482758614 205050.68848612288 -0.038517363790043134 
796238.244514106 80334.53967366644 -0.04064053236815403 
799373.0407523505 -53090.32867605264 -0.04144892407819602 
802507.836990595 -182488.6311401194 -0.04056402330799724 
805642.6332288395 -297360.65855491936 -0.03776813048932183 
808777.429467084 -395624.19698850333 -0.033277534452352625 
811912.2257053285 -481208.88029642135 -0.027620188317865085 
815047.021943573 -555775.199404536 -0.02124267722449381 
818181.8181818175 -613427.6259342966 -0.014253553793000667 
821316.614420062 -644114.411042249 -0.006564529367174065 
824451.4106583066 -642242.5353721897 0.0017290393104431195 
827586.2068965511 -611523.6491091743 0.01013962453754396 
830721.0031347956 -560999.3451654061 0.01798199371367685 
833855.7993730401 -496432.7142001144 0.024778272194597876 
836990.5956112846 -416083.8828151817 0.030459847086779714 
840125.3918495291 -315236.48424128664 0.035165621382576596 
843260.1880877736 -194606.62403891442 0.03885955468162385 
846394.9843260181 -63658.68267913951 0.04117879869210498 
849529.7805642626 64811.61228521648 0.041679252192992795 
852664.5768025072 183301.96375424543 0.040225393624093934 
855799.3730407517 292554.1691956958 0.03711747528661344 
858934.1692789962 395923.5476389098 0.032823134797884915 
862068.9655172407 491279.34277606674 0.02759399189966555 
865203.7617554852 569128.9448680804 0.02136616006775517 
868338.5579937297 619092.7687224458 0.01404268462264803 
871473.3542319742 638053.2412369857 0.005852424758493999 
874608.1504702187 631517.2677564498 -0.002601870110029333 
877742.9467084632 606838.4766520688 -0.010667784320230089 
880877.7429467078 565467.7301593765 -0.018010649194660003 
884012.5391849523 502379.6213938773 -0.024650201026148257 
887147.3354231968 413236.2283861639 -0.030640355431082875 
890282.1316614413 301679.59234621515 -0.03574054096614355 
893416.9278996858 178981.21339929517 -0.03943461266110755 
896551.7241379303 56287.59043735431 -0.041286278928112534 
899686.5203761748 -62540.02930366795 -0.041264424890039536 
902821.3166144193 -180141.3823517932 -0.03970152230560257 
905956.1128526638 -297945.4184488542 -0.0369319619146235 
909090.9090909084 -409833.2512115487 -0.03299117949876386 
912225.7053291529 -504023.4580641562 -0.027689857450204768 
915360.5015673974 -571368.2299675839 -0.020980639234605525 
918495.2978056419 -611493.1901323729 -0.013225181106854503 
921630.0940438864 -630462.4879241555 -0.005072476487352939 
924764.8902821309 -632534.779789205 0.002933378717891534 
927899.6865203754 -614752.5032961245 0.010614693013289737 
931034.4827586199 -570086.4690224077 0.018028152104819103 
934169.2789968645 -495823.0439625443 0.02509063699156668 
937304.075235109 -398335.1147562552 0.03136855810081974 
940438.8714733535 -289149.7398763165 0.03626357584878831 
943573.667711598 -176344.99599376103 0.03940965520490447 
946708.4639498425 -60186.948273890885 0.04087289287520243 
949843.260188087 62569.28444162262 0.04095133868306469 
952978.0564263315 190418.61552572536 0.03979056016284552 
956112.852664576 313759.3825096966 0.037221944730847 
959247.6489028205 420166.36438812886 0.032993903688390454 
962382.445141065 502921.030309281 0.027150584109518046 
965517.2413793096 564004.9728586756 0.020155464961651284 
968652.0376175541 608570.8226289414 0.012623506140233748 
971786.8338557986 636841.7970320622 0.004935194983025384 
974921.6300940431 642060.6516578577 -0.0028717869089895276 
978056.4263322876 616710.3114473515 -0.010830858738715789 
981191.2225705321 560495.5849441965 -0.018692708899697444 
984326.0188087766 481691.21474660456 -0.025873667634716855 
987460.8150470211 390403.3890173754 -0.03177248262419766 
990595.6112852657 290759.820842076 -0.03613382037809875 
993730.4075235102 180057.3183657884 -0.03908339057531073 
996865.2037617547 58207.379739904034 -0.04092545043583818 
999999.9999999992 -149576.196688352 -0.03793676350466983 
