#x u 
0.0 -208359.1023242611 -0.020642359566564357 
3134.796238244514 -293217.60983448784 -0.01479881432285884 
6269.592476489028 -484101.7673497745 -0.013762715081790621 
9404.38871473354 -653358.1035565584 -0.012061133375028564 
12539.184952978056 -797415.9592021685 -0.009896212663209468 
15673.98119122257 -910636.1640336446 -0.007348532465736289 
18808.777429467085 -988642.1342603939 -0.004516686611803111 
21943.5736677116 -1028417.3386832969 -0.0015101805596314476 
25078.369905956115 -1028423.6722962549 0.0015547241331077635 
28213.16614420063 -988660.8901549916 0.004559507685443557 
31347.962382445145 -910666.6179761027 0.007387975198186247 
34482.75862068966 -797456.8921675093 0.009930749908674564 
37617.55485893417 -653409.5297820693 0.01208950278722799 
40752.35109717868 -484094.8384498562 0.013780754918080807 
43887.14733542319 -296060.21273188776 0.01493910562680996 
47021.943573667704 -96576.94654850858 0.015519761522656455 
50156.739811912215 106640.9475609891 0.015500268657741503 
53291.53605015673 305735.0390958324 0.014881380820627206 
56426.33228840124 493006.3648899229 0.013687030387333156 
59561.12852664575 661213.147810448 0.011963402856999261 
62695.92476489026 803850.8360848787 0.009777150859875922 
65830.72100313478 915403.634143108 0.007212816701904536 
68965.51724137929 991557.7982838314 0.0043695631160200425 
72100.3134796238 1029368.4490274788 0.0013573386419347454 
75235.10971786831 1027373.449526506 -0.0017073740809359344 
78369.90595611282 985649.9463579714 -0.004706062694007357 
81504.70219435733 905811.3862674745 -0.007522767989245584 
84639.49843260185 790945.124226891 -0.010048568048623608 
87774.29467084636 645493.0355006249 -0.012185790251762996 
90909.09090909087 475079.7484485786 -0.01385178827353734 
94043.88714733538 286295.1402987148 -0.014982138015242586 
97178.68338557989 86439.50677185255 -0.015533128882761598 
100313.4796238244 -116758.74015755675 -0.015483454074063345 
103448.27586206891 -315441.9297446653 -0.01483503451266444 
106583.07210031342 -501926.9883906446 -0.013612944565568484 
109717.86833855794 -669002.5438921576 -0.011864442418168215 
112852.66457680245 -810207.7890105498 -0.009657142601487069 
115987.46081504696 -920082.3207140412 -0.0070764013400828165 
119122.25705329147 -994377.293816136 -0.004222015829138937 
122257.05329153598 -1030219.7237047361 -0.0012043650796104213 
125391.84952978049 -1026223.5845798366 0.0018598584351618315 
128526.645768025 -982543.4070339435 0.004852161274257114 
131661.44200626953 -900868.302358215 0.0076568311673493985 
134796.23824451404 -784356.644654253 0.010165411605089145 
137931.03448275855 -637513.9365925221 0.012280895849403606 
141065.83072100306 -466018.58174523246 0.01392147818144961 
144200.62695924757 -276502.3008728933 0.015023717326561485 
147335.42319749208 -76293.68346082621 0.015544989726636496 
150470.2194357366 126865.20863916709 0.015465137791980511 
153605.0156739811 325118.22653243435 0.014787249394759526 
156739.81191222562 510798.9313479812 0.013537538461065953 
159874.60815047013 676727.0552234635 0.011764331279101497 
163009.40438871464 816486.1620703519 0.009536197722911956 
166144.20062695915 924671.7709849395 0.006939299657201611 
169278.99686520366 997100.3473795636 0.004074059060342096 
172413.79310344817 1030971.0801526175 0.0010512747091688127 
175548.58934169268 1024974.1889785356 -0.0020121624067397197 
178683.3855799372 979341.5734777665 -0.004997789256485788 
181818.1818181817 895837.8456646836 -0.007790151730071946 
184952.97805642622 777692.0924484396 -0.010281269245730019 
188087.77429467073 629473.0069290181 -0.012374810356114596 
191222.57053291524 456912.217157908 -0.013989817882781528 
194357.36677115975 266682.64423547377 -0.015063839528101464 
197492.16300940426 66140.46063143454 -0.015555342903929835 
200626.95924764877 -136959.3728067331 -0.01544532158793969 
203761.75548589329 -334762.9909812426 -0.01473803010146192 
206896.5517241378 -519621.3332961397 -0.013460819387259864 
210031.3479623823 -684385.9326248681 -0.011663079149308097 
213166.14420062682 -822685.3463418345 -0.009414327954267731 
216300.94043887133 -929171.5398374161 -0.006801524950383039 
219435.73667711584 -999726.6948725057 -0.003925707159557092 
222570.53291536035 -1031622.4454990937 -0.0008980823784316624 
225705.32915360486 -1023625.383898113 0.0021642712241186934 
228840.12539184937 -976044.7562266351 0.005142932516628662 
231974.9216300939 -890720.5040772943 0.00792271674701186 
235109.7178683384 -770952.1139863743 0.010396129733826542 
238244.5141065829 -621371.0263781701 0.012467524663381597 
241379.31034482742 -447761.53788832086 0.014056800749450014 
244514.10658307193 -256837.12276844424 0.015102500728518488 
247648.90282131644 -55980.82301735097 0.015564187410514848 
250783.69905956095 147040.2536545234 0.01542400738386088 
253918.49529780546 344375.2876714263 0.014687381406417893 
257053.29153604998 528393.3385741782 0.013382794784926072 
260188.0877742945 691978.4332825345 0.011560695848958705 
263322.884012539 828804.7405828557 0.009291545115374224 
266457.6802507835 933581.1908510388 0.006663090582023858 
269592.476489028 1002256.0815726065 0.003776974515034254 
272727.27272727253 1032173.7565699945 0.0007448029451094973 
275862.06896551704 1022177.3001555265 -0.0023161701346752425 
278996.86520376155 972653.2750299507 -0.005287576977632895 
282131.66144200607 885516.7739131915 -0.008054513361046144 
285266.4576802506 764137.3629603725 -0.010509981929370096 
288401.2539184951 613208.7807291985 -0.012559029779094167 
291536.0501567396 438567.4314361452 -0.014122420284967569 
294670.8463949841 246966.69136234486 -0.015139697178167036 
297805.6426332286 45815.75597439031 -0.0155715223885867 
300940.43887147313 -157106.87346512766 -0.01540119724695122 
304075.23510971764 -353954.1843322852 -0.01463530822190768 
307210.03134796215 -537114.0964089882 -0.013303472221460074 
310344.82758620667 -699503.8208203212 -0.011457191307933209 
313479.6238244512 -834843.7512898876 -0.009167861114607503 
316614.4200626957 -937900.2963456615 -0.006524009978499702 
319749.2163009402 -1004688.262161482 -0.003627875551951155 
322884.0125391847 -1032624.959895151 -0.0005914512753606347 
326018.8087774292 -1020630.0781965132 0.002467844406144189 
329153.60501567373 -969167.4588183173 0.005431708610822665 
332288.40125391824 -880227.159868111 0.008185528789576941 
335423.19749216276 -757248.5003147318 0.010622814790143605 
338557.99373040727 -604987.0616162668 0.012649316828418302 
341692.7899686518 -429330.78951294156 0.014186670125072753 
344827.5862068963 -237072.3073236696 0.015175425269464068 
347962.3824451408 -35646.24538496364 0.015577347126745833 
351097.1786833853 167158.255904267 0.015376893389504435 
354231.9749216298 363498.7519324926 0.014581815598368922 
357366.77115987433 545782.760997813 0.01322285939014317 
360501.56739811884 706961.3653712103 0.011352575564857564 
363636.36363636336 840801.7927555887 0.009043287947744772 
366771.15987460787 942128.4374229052 0.006384296628862788 
369905.9561128524 1007023.0007485035 0.0034784247310136623 
373040.7523510969 1032976.0117135702 0.00043804224234959247 
376175.5485893414 1018983.8680819515 -0.0026192793280474073 
379310.3448275859 965587.6456716388 -0.005575313437260055 
382445.1410658304 874852.1749674381 -0.008315750325771658 
385579.93730407493 750286.1941816435 -0.010734617372792616 
388714.73354231945 596706.666441716 -0.0127383770546569 
391849.52978056396 420052.5079556708 -0.014249544038347023 
394984.32601880847 227154.93028201055 -0.015209681537238357 
398119.122257053 25473.277562442647 -0.015581661060066452 
401253.9184952975 -177193.4261154997 -0.015351098168685866 
404388.714733542 -373008.06477020995 -0.014526908723906617 
407523.5109717865 -554398.4915902799 -0.013140964109396261 
410658.307210031 -714350.3436480899 -0.011246858766130376 
413793.10344827553 -846678.2871256113 -0.008917837696800872 
416927.89968652005 -946265.2056489424 -0.006243964158803591 
420062.69592476456 -1009260.0373192203 -0.003328635008075626 
423197.49216300907 -1033225.7657329217 -0.00028453974205127903 
426332.2884012536 -1017225.8047993393 0.0027710572345246397 
429467.0846394981 -961821.0130454515 0.005722648218241222 
432601.8808777426 -868917.7884008776 0.00846691773017744 
435736.6771159871 -741399.8895779955 0.010930235019476545 
438871.4733542316 -582601.62421476 0.013090537631797478 
442006.26959247614 -396014.4031324517 0.014985725246148222 
445141.06583072065 -185943.30240721456 0.016675910110514187 
448275.86206896516 40470.81707772237 0.018140772201481845 
451410.65830720967 270812.9961158006 0.01915592072737881 
454545.4545454542 487129.5539123225 0.019267435483351015 
457680.2507836987 670241.609261147 0.017975318355006528 
460815.0470219432 807671.428811953 0.015082158996454898 
463949.8432601877 899705.4761946895 0.010956567930374998 
467084.6394984322 957378.2411164731 0.006427012053727842 
470219.43573667674 991972.0732366204 0.0022880299956546304 
473354.23197492125 1003958.9351033098 -0.0012173786053439768 
476489.02821316576 981618.123336861 -0.004469659743206387 
479623.82445141027 911706.0860394613 -0.007989666555415212 
482758.6206896548 792911.537696128 -0.011825257683086836 
485893.4169278993 639238.9225383166 -0.015396790700416042 
489028.2131661438 469731.8448924641 -0.01796589461359063 
492163.0094043883 294504.67690532067 -0.01927038101847975 
495297.8056426328 110959.00579933047 -0.019689182836966565 
498432.60188087734 -86232.19671389685 -0.019773997473746783 
501567.39811912185 -291977.07676892926 -0.019635786513736063 
504702.19435736636 -488374.6109862061 -0.01882558412223435 
507836.99059561087 -655831.5289206846 -0.016832958570815328 
510971.7868338554 -786368.0899961187 -0.01367645262036474 
514106.5830720999 -885535.9223015677 -0.009960857181394297 
517241.3793103444 -961251.3838353108 -0.00633661501645294 
520376.1755485889 -1011380.690809999 -0.002931031866368466 
523510.9717868334 -1022999.4772664149 0.0006427336427395163 
526645.768025078 -983967.9062587022 0.004703177641115596 
529780.5642633225 -894822.2397323732 0.008968379081706588 
532915.360501567 -769059.2416269777 0.01266607430131515 
536050.1567398115 -622192.7203067264 0.0152091722563391 
539184.952978056 -461332.5179976432 0.016748222718738184 
542319.7492163006 -285720.7043768353 0.01800929285028914 
545454.5454545451 -96495.09634552985 0.019549379499068747 
548589.3416927896 95939.32152110315 0.02116576399358456 
551724.1379310341 275723.05996269034 0.022047598831324178 
554858.9341692786 432908.06094672385 0.021507264059135365 
557993.7304075231 570031.9418880524 0.019554346571212092 
561128.5266457676 696047.4460726187 0.016764945630730055 
564263.3228840121 813050.1057634556 0.01363825718144766 
567398.1191222566 909401.1515108644 0.010141941037092117 
570532.9153605012 966903.6875819195 0.005909784486985664 
573667.7115987457 975389.8897148467 0.0008443290444060194 
576802.5078369902 940229.3571815083 -0.004548595933913428 
579937.3040752347 875313.4597963488 -0.009468565416235048 
583072.1003134792 788938.1978277332 -0.013455482228195096 
586206.8965517237 677254.2649628134 -0.01668384967989685 
589341.6927899682 531939.7936144628 -0.019608143661392467 
592476.4890282127 353805.48028144264 -0.022335691690901754 
595611.2852664572 157811.62394299114 -0.024391024313006056 
598746.0815047018 -36004.57560992478 -0.025123609852897164 
601880.8777429463 -216403.00949385445 -0.024333445884795597 
605015.6739811908 -385306.334432025 -0.022458982339415318 
608150.4702194353 -548362.5122065836 -0.02013098291486347 
611285.2664576798 -701920.9585063762 -0.017561160993656733 
614420.0626959243 -830389.5434308056 -0.014406372783945149 
617554.8589341688 -916994.4718835005 -0.010247457404070123 
620689.6551724133 -956840.9307182197 -0.005174383909832209 
623824.4514106578 -958720.2463106893 0.00014306808199339254 
626959.2476489024 -933900.4002638593 0.004979443018512599 
630094.0438871469 -883768.1726828582 0.009128145824356176 
633228.8401253914 -799334.1931361003 0.012929660138075293 
636363.6363636359 -673076.0278819317 0.016731455677768 
639498.4326018804 -510568.91286335484 0.020354759081077894 
642633.2288401249 -329533.9083326926 0.023135215145187762 
645768.0250783694 -147122.58422985816 0.024500007185277263 
648902.8213166139 31416.13903589687 0.024479092186082334 
652037.6175548584 211033.35032936785 0.02361669326722575 
655172.413793103 394219.4452500115 0.02237869279119059 
658307.2100313475 570990.0641137669 0.02068000920428523 
661442.006269592 722329.8129992544 0.018028041767993032 
664576.8025078365 833737.4202881308 0.014128892980856508 
667711.598746081 904875.9551143651 0.009315373523564556 
670846.3949843255 945402.5653485097 0.004342379924682381 
673981.19122257 961545.6955602751 -0.0002404493629984567 
677115.9874608145 947672.5881481476 -0.0044854748533484 
680250.783699059 891780.9470424483 -0.008803290177339596 
683385.5799373036 789149.1688080174 -0.013342423472698896 
686520.3761755481 649750.4356021722 -0.017652117888068742 
689655.1724137926 491546.23684235 -0.02098949415691668 
692789.9686520371 326572.5391328939 -0.022954218531654767 
695924.7648902816 154257.65788402455 -0.02378894297560185 
699059.5611285261 -31239.546356976498 -0.024034568917861366 
702194.3573667706 -227655.02459654145 -0.023906621042781108 
705329.1536050151 -419551.8124496185 -0.02305060674906774 
708463.9498432596 -587168.9517095773 -0.020933976122316324 
711598.7460815042 -720161.0363411019 -0.01746147801576425 
714733.5423197487 -822053.9305727306 -0.013164745712899847 
717868.3385579932 -900987.1626034334 -0.008763640806010678 
721003.1347962377 -956698.4668330812 -0.004556244843837109 
724137.9310344822 -977607.3808589987 -0.0002731863657642538 
727272.7272727267 -951180.3374359645 0.004457357136168725 
730407.5235109712 -876742.402534086 0.00953023620137802 
733542.3197492157 -767280.2110328962 0.01428594940441234 
736677.1159874602 -638305.8411033086 0.01802358156002433 
739811.9122257048 -495399.35084524774 0.020571434056832965 
742946.7084639493 -333377.4110664367 0.022321881524730792 
746081.5047021938 -147759.5256555483 0.023699800922782968 
749216.3009404383 53762.48922774455 0.024628348583859313 
752351.0971786828 252170.02807313082 0.02455705452562522 
755485.8934169273 429661.1906627856 0.023024363077799242 
758620.6896551718 580986.6562176449 0.020163537280596132 
761755.4858934163 711947.6322469042 0.01661935034657312 
764890.2821316608 826914.8590904236 0.012961334735675342 
768025.0783699054 918742.9476338243 0.009207201849406967 
771159.8746081499 971892.9380694535 0.004952622611643481 
774294.6708463944 975641.5027551664 -3.520079404207958e-05 
777429.4670846389 933605.2443158246 -0.005390968034322652 
780564.2633228834 859638.057025505 -0.010347051820881891 
783699.0595611279 764434.9595627118 -0.01435267525443041 
786833.8557993724 646885.6181021138 -0.017472587808486293 
789968.6520376169 499163.2412403115 -0.02015326621057186 
793103.4482758614 320038.5128243568 -0.02260924211750749 
796238.244514106 122220.61013856815 -0.024480489614990095 
799373.0407523505 -74221.60910787541 -0.025125377669804966 
802507.836990595 -255695.50911815732 -0.024244115364956693 
805642.6332288395 -421909.16026534245 -0.022179070108710584 
808777.429467084 -578803.7433637655 -0.019577048318400167 
811912.2257053285 -725317.8281378055 -0.01676811905297862 
815047.021943573 -848171.4794848431 -0.013511884109544217 
818181.8181818175 -930392.6900305295 -0.009374067233870085 
821316.614420062 -964824.0007333556 -0.004332336728213615 
824451.4106583066 -958575.2677590047 0.001031413181141098 
827586.2068965511 -923866.5349496021 0.0059607035544550725 
830721.0031347956 -864961.2023594674 0.010131017043997678 
833855.7993730401 -774936.6057367064 0.013802819202801962 
836990.5956112846 -645631.7983079524 0.017367773312990276 
840125.3918495291 -480203.23219856835 0.020772536521146426 
843260.1880877736 -294934.1101752317 0.02343229108561254 
846394.9843260181 -108204.24202059471 0.024730093281452124 
849529.7805642626 72011.43977196256 0.024581191200481196 
852664.5768025072 249236.75257593082 0.023472306821322585 
855799.3730407517 427320.12207871 0.021936863359794664 
858934.1692789962 599035.8436658308 0.02001868704739033 
862068.9655172407 746727.7281965315 0.01728700775425175 
865203.7617554852 854579.335422675 0.013384260095589084 
868338.5579937297 919847.6679063853 0.008526802133670498 
871473.3542319742 951460.5405106841 0.003427393341074906 
874608.1504702187 957626.2136379012 -0.0012844890897234086 
877742.9467084632 935603.6850559196 -0.005541349177612327 
880877.7429467078 874447.6678913869 -0.0097193172163338 
884012.5391849523 767839.3026412517 -0.01405487515744877 
887147.3354231968 623456.8258143616 -0.01821738216800338 
890282.1316614413 458932.40775971103 -0.02149357985493415 
893416.9278996858 288498.5006545018 -0.02339602120449065 
896551.7241379303 114167.01020151815 -0.02406101921728338 
899686.5203761748 -69526.64660639425 -0.02402235267543575 
902821.3166144193 -262475.8910623375 -0.02360223651230122 
905956.1128526638 -451655.53444228147 -0.022561882528773163 
909090.9090909084 -617482.9220417131 -0.020379225991270598 
912225.7053291529 -747475.125768369 -0.016860417408942688 
915360.5015673974 -843108.6376644389 -0.012439624908597607 
918495.2978056419 -912917.2540502687 -0.007848484812912936 
921630.0940438864 -959299.7564744645 -0.0034982298980463034 
924764.8902821309 -973072.7111875955 0.0007816483094396736 
927899.6865203754 -941602.4905686295 0.005380330637982484 
931034.4827586199 -862017.8112776878 0.010307381605614313 
934169.2789968645 -745612.8300518264 0.01499564113470732 
937304.075235109 -608764.4901219234 0.018719465421567435 
940438.8714733535 -459812.96470264427 0.02119512935862908 
943573.667711598 -295540.8858244948 0.02273839900138084 
946708.4639498425 -110743.1324635963 0.023819366498111713 
949843.260188087 89420.70808051049 0.024487289197690228 
952978.0564263315 287544.2051258971 0.024273266483518706 
956112.852664576 464816.3601226192 0.02267450374879853 
959247.6489028205 613470.6076316042 0.019711046035963898 
962382.445141065 738036.2058747539 0.01596859721690828 
965517.2413793096 844351.3061171129 0.012080283227646933 
968652.0376175541 928136.166892637 0.008188739602746655 
971786.8338557986 975343.3020779716 0.0039490597261074905 
974921.6300940431 974069.0473311859 -0.0009367682976964581 
978056.4263322876 925607.6546521415 -0.006222742733421173 
981191.2225705321 843084.6846603546 -0.011188709166514845 
984326.0188087766 739114.757370594 -0.015210683960109429 
987460.8150470211 615408.9166570872 -0.018238994480140956 
990595.6112852657 465146.12850035855 -0.020688633283504596 
993730.4075235102 285369.03550782544 -0.02286020130535013 
996865.2037617547 89174.41676380386 -0.024643947027412204 
999999.9999999992 -208359.1023268406 -0.020642359566682596 
