#x u 
0.0 6.674555403554507e+19 3059464448083.3516 
3134.796238244514 -1.67031897892171e+18 -76563624451.28328 
6269.592476489028 4.110548352819971e+16 1884181909.8387413 
9404.38871473354 -1723208239018620.8 -78987947.87576582 
12539.184952978056 -669221481877013.5 -30675591.20438609 
15673.98119122257 -713406308525735.8 -32700923.1937704 
18808.777429467085 -730565833719876.4 -33487476.808964457 
21943.5736677116 -748858303202105.6 -34325962.01569949 
25078.369905956115 -767590760525141.4 -35184615.26608092 
28213.16614420063 -786792255536498.0 -36064768.13970953 
31347.962382445145 -806474069974491.9 -36966937.765881404 
34482.75862068966 -826648230451128.6 -37891675.41654282 
37617.55485893417 -847327052839722.6 -38839545.6238537 
40752.35109717868 -868523161391655.4 -39811127.05484735 
43887.14733542319 -890249496155606.6 -40807012.85135414 
47021.943573667704 -912519320876871.1 -41827810.99282996 
50156.739811912215 -935346231092345.1 -42874144.66766713 
53291.53605015673 -958744162435573.5 -43946652.65347377 
56426.33228840124 -982727399147813.5 -45045989.706946954 
59561.12852664575 -1007310582795755.9 -46172826.96377838 
62695.92476489026 -1032508721209773.0 -47327852.34843405 
65830.72100313478 -1058337197646617.2 -48511770.99412005 
68965.51724137929 -1084811780180547.8 -49725305.673260815 
72100.3134796238 -1111948631330599.5 -50969197.23866308 
75235.10971786831 -1139764317925666.0 -52244205.07583642 
78369.90595611282 -1168275821215772.5 -53551107.56665175 
81504.70219435733 -1197500547241956.5 -54890702.564350694 
84639.49843260185 -1227456337461722.2 -56263807.88063681 
87774.29467084636 -1258161479637947.5 -57671261.785090104 
90909.09090909087 -1289634719005549.0 -59113923.51685796 
94043.88714733538 -1321895269717561.8 -60592673.80915978 
97178.68338557989 -1354962826573363.0 -62108415.42710505 
100313.4796238244 -1388857577043077.5 -63662073.71881842 
103448.27586206891 -1423600213594127.5 -65254597.18025613 
106583.07210031342 -1459211946322693.8 -66886958.03427168 
109717.86833855794 -1495714515900289.8 -68560152.82417615 
112852.66457680245 -1533130206845846.8 -70275203.02205813 
115987.46081504696 -1571481861130236.0 -72033155.65230921 
119122.25705329147 -1610792892120899.0 -73835083.93078408 
122257.05329153598 -1651087298875670.2 -75682087.91996948 
125391.84952978049 -1692389680794060.2 -77575295.20058364 
128526.645768025 -1734725252635121.8 -79515861.55999547 
131661.44200626953 -1778119859911504.0 -81504971.69784763 
134796.23824451404 -1822599994668866.5 -83543839.9493055 
137931.03448275855 -1868192811659345.5 -85633711.02640454 
141065.83072100306 -1914926144919026.5 -87775860.77794346 
144200.62695924757 -1962828524760304.8 -89971596.96836321 
147335.42319749208 -2011929195189013.5 -92222260.07612288 
150470.2194357366 -2062258131756972.5 -94529224.11207491 
153605.0156739811 -2113846059861908.8 -96893897.45829676 
156739.81191222562 -2166724473505921.8 -99317723.72788943 
159874.60815047013 -2220925654522760.8 -101802182.64631227 
163009.40438871464 -2276482692285363.5 -104348790.95479482 
166144.20062695915 -2333429503906350.5 -106959103.33633767 
169278.99686520366 -2391800854944264.0 -109634713.36484055 
172413.79310344817 -2451632380628049.0 -112377254.47794695 
175548.58934169268 -2512960607612149.0 -115188400.97422993 
178683.3855799372 -2575822976275201.0 -118069869.03534928 
181818.1818181817 -2640257863576485.0 -121023417.77378362 
184952.97805642622 -2706304606484685.5 -124050850.30675463 
188087.77429467073 -2774003525993058.5 -127154014.85700087 
191222.57053291524 -2843395951735195.5 -130334805.88109574 
194357.36677115975 -2914524247216183.0 -133595165.22599654 
197492.16300940426 -2987431835674914.0 -136937083.3145195 
200626.95924764877 -3062163226593618.5 -140362600.36045417 
203761.75548589329 -3138764042870657.0 -143873807.61406824 
206896.5517241378 -3217281048672818.0 -147472848.63878232 
210031.3479623823 -3297762177984150.0 -151161920.6197935 
213166.14420062682 -3380256563869046.5 -154943275.70543352 
216300.94043887133 -3464814568467659.0 -158819222.38206723 
219435.73667711584 -3551487813741883.5 -162792126.88338044 
222570.53291536035 -3640329212990349.0 -166864414.63493025 
225705.32915360486 -3731393003151443.5 -171038571.7348477 
228840.12539184937 -3824734777914372.5 -175317146.4715861 
231974.9216300939 -3920411521658715.5 -179702750.8796282 
235109.7178683384 -4018481644243103.5 -184198062.33410525 
238244.5141065829 -4119005016664140.0 -188805825.18531314 
241379.31034482742 -4222043007607279.0 -193528852.43412656 
244514.10658307193 -4327658520911986.0 -198370027.44932407 
247648.90282131644 -4435916033974137.5 -203332305.72787404 
250783.69905956095 -4546881637108986.0 -208418716.69925633 
253918.49529780546 -4660623073898732.0 -213632365.57492068 
257053.29153604998 -4777209782549494.0 -218976435.24400863 
260188.0877742945 -4896712938282827.0 -224454188.2164962 
263322.884012539 -5019205496787762.0 -230068968.6149433 
266457.6802507835 -5144762238759633.0 -235824204.2160663 
269592.476489028 -5273459815553019.0 -241723408.54338083 
272727.27272727253 -5405376795976580.0 -247770183.01219139 
275862.06896551704 -5540593714258603.0 -253968219.1282339 
278996.86520376155 -5679193119212530.0 -260321300.74131098 
282131.66144200607 -5821259624632393.0 -266833306.35529822 
285266.4576802506 -5966879960948704.0 -273508211.49593747 
288401.2539184951 -6116143028176405.0 -280350091.1378601 
291536.0501567396 -6269139950187345.0 -287363122.1923238 
294670.8463949841 -6425964130340582.0 -294551586.0571692 
297805.6426332286 -6586711308504412.0 -301919871.23056275 
300940.43887147313 -6751479619504797.0 -309472475.99012125 
304075.23510971764 -6920369653035717.0 -317214011.1390581 
307210.03134796215 -7093484515068190.0 -325149202.8210253 
310344.82758620667 -7270929890795534.0 -333282895.405371 
313479.6238244512 -7452814109153279.0 -341620054.4445695 
316614.4200626957 -7639248208953226.0 -350165769.70563793 
319749.2163009402 -7830346006671724.0 -358925258.2773841 
322884.0125391847 -8026224165933697.0 -367903867.7553881 
326018.8087774292 -8227002268734807.0 -377107079.50665385 
329153.60501567373 -8432802888445378.0 -386540512.01593614 
332288.40125391824 -8643751664640509.0 -396209924.3157747 
335423.19749216276 -8859977379802205.0 -406121219.50234246 
338557.99373040727 -9081612037940104.0 -416280448.33924216 
341692.7899686518 -9308790945178924.0 -426693812.951455 
344827.5862068963 -9541652792361752.0 -437367670.61169577 
347962.3824451408 -9780339739719730.0 -448308537.62148696 
351097.1786833853 -1.0024997503659816e+16 -459523093.2893252 
354231.9749216298 -1.0275775445723628e+16 -471018184.00835955 
357366.77115987433 -1.0532826663771516e+16 -482800827.436074 
360501.56739811884 -1.079630808544754e+16 -494878216.778523 
363636.36363636336 -1.1066380563982454e+16 -507257725.1817374 
366771.15987460787 -1.134320897639324e+16 -519946910.23298484 
369905.9561128524 -1.1626962324139174e+16 -532953518.5746282 
373040.7523510969 -1.191781383629584e+16 -546285490.6334006 
376175.5485893414 -1.2215941075310044e+16 -559950965.4679734 
379310.3448275859 -1.2521526045400076e+16 -573958285.7377876 
382445.1410658304 -1.283475530366762e+16 -588316002.7961783 
385579.93730407493 -1.3155820073989206e+16 -603032881.910903 
388714.73354231945 -1.3484916363756778e+16 -618117907.615261 
391849.52978056396 -1.3822245083538522e+16 -633580289.1930729 
394984.32601880847 -1.4168012169733022e+16 -649429466.3008595 
398119.122257053 -1.4522428710291582e+16 -665675114.7306573 
401253.9184952975 -1.4885711073585498e+16 -682327152.3169936 
404388.714733542 -1.525808104049709e+16 -699395744.9916296 
407523.5109717865 -1.563976593981511e+16 -716891312.9897618 
410658.307210031 -1.6030998787017154e+16 -734824537.2114786 
413793.10344827553 -1.6432018426523582e+16 -753206365.7423447 
416927.89968652005 -1.6843069677510066e+16 -772048020.5370955 
420062.69592476456 -1.7264403483367492e+16 -791361004.2705361 
423197.49216300907 -1.7696277064901094e+16 -811157107.3598229 
426332.2884012536 -1.8138954077361628e+16 -831448415.1624109 
429467.0846394981 -1.8592704771404944e+16 -852247315.3540616 
432601.8808777426 -1.905780615807778e+16 -873566505.4914196 
435736.6771159871 -1.9534542177930704e+16 -895419000.7637559 
438871.4733542316 -2.0023203874361612e+16 -917818141.9386419 
442006.26959247614 -2.05240895712954e+16 -940777603.5063875 
445141.06583072065 -2.1037505055308464e+16 -964311402.0282183 
448275.86206896516 -2.156376376230906e+16 -988433904.6932899 
451410.65830720967 -2.210318696888734e+16 -1013159838.0897448 
454545.4545454542 -2.2656103988452076e+16 -1038504297.1951882 
457680.2507836987 -2.3222852372273668e+16 -1064482754.5920559 
460815.0470219432 -2.380377811555672e+16 -1091111069.913522 
463949.8432601877 -2.4399235868667156e+16 -1118405499.5256925 
467084.6394984322 -2.5009589153643476e+16 -1146382706.4519975 
470219.43573667674 -2.5635210586123812e+16 -1175059770.5458403 
473354.23197492125 -2.627648210282464e+16 -1204454198.917707 
476489.02821316576 -2.6933795194709744e+16 -1234583936.6231215 
479623.82445141027 -2.7607551145992456e+16 -1265467377.617962 
482758.6206896548 -2.8298161279116156e+16 -1297123375.9878218 
485893.4169278993 -2.9006047205863268e+16 -1329571257.4582705 
489028.2131661438 -2.9731641084745396e+16 -1362830831.193043 
492163.0094043883 -3.0475385884832504e+16 -1396922401.8873541 
495297.8056426328 -3.1237735656181664e+16 -1431866782.163738 
498432.60188087734 -3.2019155807030936e+16 -1467685305.2779734 
501567.39811912185 -3.282012338792725e+16 -1504399838.1428525 
504702.19435736636 -3.3641127382961676e+16 -1542032794.677729 
507836.99059561087 -3.4482669008290004e+16 -1580607149.4920106 
510971.7868338554 -3.5345262018121016e+16 -1620146451.9109533 
514106.5830720999 -3.622943301835907e+16 -1660674840.352306 
517241.3793103444 -3.713572178809287e+16 -1702217057.0626147 
520376.1755485889 -3.806468160912643e+16 -1744798463.2221508 
523510.9717868334 -3.901687960375266e+16 -1788445054.4276893 
526645.768025078 -3.999289708097701e+16 -1833183476.5625973 
529780.5642633225 -4.099332989140177e+16 -1879041042.0639055 
532915.360501567 -4.2018788790987976e+16 -1926045746.5963397 
536050.1567398115 -4.306989981391734e+16 -1974226286.1434507 
539184.952978056 -4.414730465478099e+16 -2023612074.5262814 
542319.7492163006 -4.525166106032892e+16 -2074233261.360274 
545454.5454545451 -4.638364323101859e+16 -2126120750.461353 
548589.3416927896 -4.754394223260894e+16 -2179306218.7124624 
551724.1379310341 -4.873326641805048e+16 -2233822135.402063 
554858.9341692786 -4.995234185992901e+16 -2289701782.0463886 
557993.7304075231 -5.120191279372748e+16 -2346979272.7075586 
561128.5266457676 -5.248274207217508e+16 -2405689574.8199396 
564263.3228840121 -5.3795611630962616e+16 -2465868530.537476 
567398.1191222566 -5.514132296610759e+16 -2527552878.615047 
570532.9153605012 -5.6520697623261144e+16 -2590780276.837191 
573667.7115987457 -5.793457769925471e+16 -2655589325.0078807 
576802.5078369902 -5.9383826356193736e+16 -2722019588.5154057 
579937.3040752347 -6.086932834841023e+16 -2790111622.4867077 
583072.1003134792 -6.239199056259786e+16 -2859906996.545929 
586206.8965517237 -6.395274257145876e+16 -2931448320.192342 
589341.6927899682 -6.5552537201199864e+16 -3004779268.813076 
592476.4890282127 -6.7192351113225784e+16 -3079944610.346602 
595611.2852664572 -6.887318540038215e+16 -3156990232.6131644 
598746.0815047018 -7.059606619811453e+16 -3235963171.3288984 
601880.8777429463 -7.236204531091512e+16 -3316911638.8207226 
605015.6739811908 -7.417220085444053e+16 -3399885053.459545 
608150.4702194353 -7.602763791369302e+16 -3484934069.829772 
611285.2664576798 -7.792948921766557e+16 -3572110609.6534986 
614420.0626959243 -7.987891583086384e+16 -3661467893.4882836 
617554.8589341688 -8.187710786212581e+16 -3753060473.21783 
620689.6551724133 -8.392528519117374e+16 -3846944265.355438 
623824.4514106578 -8.602469821334034e+16 -3943176585.180572 
626959.2476489024 -8.817662860292536e+16 -4041816181.7293677 
630094.0438871469 -9.038239009564714e+16 -4142923273.660426 
633228.8401253914 -9.26433292906678e+16 -4246559586.0178413 
636363.6363636359 -9.496082647268034e+16 -4352788387.913758 
639498.4326018804 -9.73362964545613e+16 -4461674531.153712 
642633.2288401249 -9.977118944110267e+16 -4573284489.82808 
645768.0250783694 -1.0226699191434947e+17 -4687686400.894014 
648902.8213166139 -1.0482522754108622e+17 -4804950105.772501 
652037.6175548584 -1.0744745810302178e+17 -4925147192.985982 
655172.413793103 -1.1013528445024474e+17 -5048351041.862562 
658307.2100313475 -1.128903474785287e+17 -5174636867.333496 
661442.006269592 -1.1571432913108576e+17 -5304081765.851287 
664576.8025078365 -1.1860895342537938e+17 -5436764762.456484 
667711.598746081 -1.2157598750562291e+17 -5572766859.021822 
670846.3949843255 -1.2461724272160646e+17 -5712171083.703207 
673981.19122257 -1.2773457573451022e+17 -5855062541.627713 
677115.9874608145 -1.3092988965038112e+17 -6001528466.849557 
680250.783699059 -1.3420513518196288e+17 -6151658275.605781 
683385.5799373036 -1.3756231183959104e+17 -6305543620.904137 
686520.3761755481 -1.410034691518761e+17 -6463278448.476488 
689655.1724137926 -1.445307079169252e+17 -6624959054.1319065 
692789.9686520371 -1.4814618148486016e+17 -6790684142.544426 
695924.7648902816 -1.518520970724213e+17 -6960554887.511433 
699059.5611285261 -1.5565071711045347e+17 -7134674993.719415 
702194.3573667706 -1.5954436062510214e+17 -7313150760.054783 
705329.1536050151 -1.6353540465356022e+17 -7496091144.498533 
708463.9498432596 -1.6762628569522902e+17 -7683607830.644093 
711598.7460815042 -1.7181950119918074e+17 -7875815295.879237 
714733.5423197487 -1.761176110888305e+17 -8072830881.273558 
717868.3385579932 -1.8052323932474813e+17 -8274774863.214226 
721003.1347962377 -1.8503907550656515e+17 -8481770526.833702 
724137.9310344822 -1.896678765149531e+17 -8693944241.274319 
727272.7272727267 -1.9441246819467686e+17 -8911425536.835592 
730407.5235109712 -1.992757470797484e+17 -9134347184.051338 
733542.3197492157 -2.042606821617376e+17 -9362845274.745026 
736677.1159874602 -2.0937031670231658e+17 -9597059305.112669 
739811.9122257048 -2.1460777009114726e+17 -9837132260.884207 
742946.7084639493 -2.1997623975024205e+17 -10083210704.61504 
746081.5047021938 -2.2547900308596426e+17 -10335444865.161287 
749216.3009404383 -2.3111941948985754e+17 -10593988729.393322 
752351.0971786828 -2.369009323895259e+17 -10859000136.203388 
755485.8934169273 -2.4282707135081827e+17 -11130640872.865042 
758620.6896551718 -2.4890145423260042e+17 -11409076773.802965 
761755.4858934163 -2.551277893954268e+17 -11694477821.833477 
764890.2821316608 -2.615098779654649e+17 -11987018251.937721 
768025.0783699054 -2.6805161615505002e+17 -12286876657.630655 
771159.8746081499 -2.7475699764129165e+17 -12594236099.990866 
774294.6708463944 -2.8163011600417994e+17 -12909284219.417938 
777429.4670846389 -2.88675167225682e+17 -13232213350.185343 
780564.2633228834 -2.958964522513567e+17 -13563220637.859016 
783699.0595611279 -3.032983796160437e+17 -13902508159.652958 
786833.8557993724 -3.1088546813523757e+17 -14250283047.795792 
789968.6520376169 -3.18662349663787e+17 -14606757615.983147 
793103.4482758614 -3.2663377192360403e+17 -14972149488.993513 
796238.244514106 -3.348046014021101e+17 -15346681735.54634 
799373.0407523505 -3.431798263231868e+17 -15730583004.48371 
802507.836990595 -3.5176455969244416e+17 -16124087664.35846 
805642.6332288395 -3.605640424186673e+17 -16527435946.514225 
808777.429467084 -3.695836465133479e+17 -16940874091.744675 
811912.2257053285 -3.788288783702531e+17 -17364654500.62139 
815047.021943573 -3.8830538212703443e+17 -17799035887.58253 
818181.8181818175 -3.980189431109278e+17 -18244283438.87569 
821316.614420062 -4.079754913706479e+17 -18700668974.451996 
824451.4106583066 -4.181811052966322e+17 -19168471113.90986 
827586.2068965511 -4.286420153318475e+17 -19647975446.58988 
830721.0031347956 -4.3936460777542445e+17 -20139474705.924744 
833855.7993730401 -4.503554286814422e+17 -20643268948.15072 
836990.5956112846 -4.6162118785524166e+17 -21159665735.48955 
840125.3918495291 -4.731687629497047e+17 -21688980323.91261 
843260.1880877736 -4.850052036640034e+17 -22231535855.60193 
846394.9843260181 -4.971377360473818e+17 -22787663556.225906 
849529.7805642626 -5.0957376691060186e+17 -23357702937.14991 
852664.5768025072 -5.2232088834774035e+17 -23942002002.705143 
855799.3730407517 -5.353868823711014e+17 -24540917462.642513 
858934.1692789962 -5.487797256620671e+17 -25154814949.900948 
862068.9655172407 -5.625075944407963e+17 -25784069243.823154 
865203.7617554852 -5.765788694577408e+17 -26429064498.955437 
868338.5579937297 -5.910021411100237e+17 -27090194479.57098 
871473.3542319742 -6.057862146858085e+17 -27767862800.05965 
874608.1504702187 -6.209401157398491e+17 -28462483171.331142 
877742.9467084632 -6.364730956035196e+17 -29174479653.382175 
880877.7429467078 -6.523946370326755e+17 -29904286914.18158 
884012.5391849523 -6.687144599967964e+17 -30652350495.0315 
887147.3354231968 -6.854425276129489e+17 -31419127082.566833 
890282.1316614413 -7.025890522281875e+17 -32205084787.558487 
893416.9278996858 -7.201645016541042e+17 -33010703430.69104 
896551.7241379303 -7.381796055573436e+17 -33836474835.489426 
899686.5203761748 -7.566453620099732e+17 -34682903128.57299 
902821.3166144193 -7.755730442037203e+17 -35550505047.4207 
905956.1128526638 -7.94974207332161e+17 -36439810255.83523 
909090.9090909084 -8.148606956450715e+17 -37351361667.29833 
912225.7053291529 -8.352446496792434e+17 -38285715776.41462 
915360.5015673974 -8.561385136701715e+17 -39243442998.64705 
918495.2978056419 -8.775550431491662e+17 -40225128018.55082 
921630.0940438864 -8.995073127305014e+17 -41231370146.718765 
924764.8902821309 -9.220087240933597e+17 -42262783685.65552 
927899.6865203754 -9.450730141634438e+17 -43319998304.80386 
931034.4827586199 -9.687142634992525e+17 -44403659424.952675 
934169.2789968645 -9.929469048881444e+17 -45514428612.26102 
937304.075235109 -1.0177857321574385e+18 -46652983982.13872 
940438.8714733535 -1.0432459092059293e+18 -47820020613.23079 
943573.667711598 -1.0693429792613197e+18 -49016250971.75667 
946708.4639498425 -1.0960928743692284e+18 -50242405346.46529 
949843.260188087 -1.1235119251195706e+18 -51499232294.46984 
952978.0564263315 -1.1516168706162534e+18 -52787499098.23608 
956112.852664576 -1.1804248686962573e+18 -54107992234.00182 
959247.6489028205 -1.209953506404362e+18 -55461517851.91449 
962382.445141065 -1.2402208107298847e+18 -56848902268.178986 
965517.2413793096 -1.2712452596120105e+18 -58270992469.51681 
968652.0376175541 -1.3030457932204178e+18 -59728656630.244385 
971786.8338557986 -1.3356418255180966e+18 -61222784642.28635 
974921.6300940431 -1.3690532561134108e+18 -62754288658.44725 
978056.4263322876 -1.4033004824086525e+18 -64324103649.27361 
981191.2225705321 -1.4384044120524897e+18 -65933187973.84569 
984326.0188087766 -1.474386475703903e+18 -67582523964.84755 
987460.8150470211 -1.5112686401154212e+18 -69273118528.27275 
990595.6112852657 -1.5490734215436457e+18 -71006003758.13234 
993730.4075235102 -1.5878238994952412e+18 -72782237566.5396 
996865.2037617547 -1.6275437308167913e+18 -74602904329.55753 
999999.9999999992 -1.668257164137215e+18 -76469115549.19675 
