#x u 
0.0 39923764.83404045 1.808722999235246 
3134.796238244514 -47163.86758915344 -0.031680379786571004 
6269.592476489028 1038315.7525968411 0.010990134562785437 
9404.38871473354 1055991.2656572787 0.006130408125805167 
12539.184952978056 1058540.767948522 0.0022120676393186972 
15673.98119122257 1019533.8830823951 -0.0018203540343571406 
18808.777429467085 941132.7170323798 -0.005780958641406713 
21943.5736677116 826312.6000185655 -0.00951917682442405 
25078.369905956115 679479.4932708701 -0.012892016210405876 
28213.16614420063 506319.1983418808 -0.01576869306564101 
31347.962382445145 313572.63272806414 -0.018035912222346198 
34482.75862068966 108729.74740185525 -0.01960432975369393 
37617.55485893417 -100300.22097786584 -0.02041384652500504 
40752.35109717868 -305485.9707774881 -0.020435536680139664 
43887.14733542319 -498932.7525835239 -0.019670384795102518 
47021.943573667704 -673144.7541237363 -0.018147281144818655 
50156.739811912215 -821327.7865820852 -0.015922492315045087 
53291.53605015673 -937710.9377906913 -0.013080186229800086 
56426.33228840124 -1017814.945577886 -0.009731249810405263 
59561.12852664575 -1058607.4980555219 -0.006008179905591599 
62695.92476489026 -1058554.2503846912 -0.002056923229292544 
65830.72100313478 -1017631.2310122619 0.0019709184143831596 
68965.51724137929 -937349.7036349461 0.005922853443555788 
72100.3134796238 -820771.5694916858 0.009648012557012135 
75235.10971786831 -672438.9069558854 0.013000785237327079 
78369.90595611282 -498167.41580104816 0.015847867518729138 
81504.70219435733 -304739.8908699305 0.018077158736276615 
84639.49843260185 -99595.78221514757 0.019604303512989377 
87774.29467084636 109417.6213927464 0.02037417221235964 
90909.09090909087 314259.12784674985 0.020358889449535955 
94043.88714733538 506957.1554614494 0.01955673753925731 
97178.68338557989 679965.7881602527 0.017994413702467377 
100313.4796238244 826553.962565115 0.01573046167122144 
103448.27586206891 941111.458559976 0.012855102612240195 
106583.07210031342 1019308.1569646406 0.009484101926502779 
109717.86833855794 1058156.3664351623 0.0057494742025237 
112852.66457680245 1056083.5247777207 0.0017924148654328792 
115987.46081504696 1013061.533659281 -0.00223901887241325 
119122.25705329147 930720.4246136262 -0.006190472994292668 
122257.05329153598 812324.056656162 -0.00990549020911161 
125391.84952978049 662563.6413658836 -0.013235239158940922 
128526.645768025 487256.70244768227 -0.016049753355060127 
131661.44200626953 293088.8068897373 -0.018244483619362418 
134796.23824451404 87447.87673260475 -0.019740085309822998 
137931.03448275855 -121735.3819306239 -0.0204797055337839 
141065.83072100306 -326267.69348533667 -0.02042996852516435 
144200.62695924757 -518116.24456125987 -0.019587134164761377 
147335.42319749208 -689851.2036867614 -0.017983288195308172 
150470.2194357366 -834951.1734580593 -0.01568593299352605 
153605.0156739811 -947935.1400021688 -0.012789866041800317 
156739.81191222562 -1024437.6481329838 -0.009407244616942128 
159874.60815047013 -1061369.3518212643 -0.005662869978701529 
163009.40438871464 -1057171.3229597802 -0.0016955422757504082 
166144.20062695915 -1012015.944491611 0.002340861572301702 
169278.99686520366 -927797.0274991782 0.0062834856894663105 
172413.79310344817 -807906.678102828 0.00997366394920033 
175548.58934169268 -656960.910143795 0.01326962037616413 
178683.3855799372 -480637.47988782177 0.016051203066251005 
181818.1818181817 -285621.5906218124 0.01821695532979178 
184952.97805642622 -79491.80183287349 0.019681418707884396 
188087.77429467073 129604.13979879554 0.020379862870934844 
191222.57053291524 333445.1439151589 0.020279073973370178 
194357.36677115975 524198.7559735862 0.019385242410996498 
197492.16300940426 694676.5099002254 0.017741545595740746 
200626.95924764877 838415.6549907405 0.015417484862419858 
203761.75548589329 949787.0708815445 0.012499691852038208 
206896.5517241378 1024278.494576622 0.009091584474503596 
210031.3479623823 1058880.4929812418 0.005319058968118764 
213166.14420062682 1052340.884396631 0.001331941669959025 
216300.94043887133 1005128.0694377316 -0.0027057146524015942 
219435.73667711584 919186.7255377672 -0.006632347446994486 
222570.53291536035 797730.6099801193 -0.010301174399697851 
225705.32915360486 645224.3663494064 -0.013580983854484068 
228840.12539184937 467450.90995445487 -0.01635017642954103 
231974.9216300939 271411.2682612687 -0.01849579106300024 
235109.7178683384 64925.15564369818 -0.01992379090287978 
238244.5141065829 -143924.2985889563 -0.020574354489795603 
241379.31034482742 -347215.22601276933 -0.02042941576712046 
244514.10658307193 -537339.9175689494 -0.01950639183929978 
247648.90282131644 -707033.6662485603 -0.017845320623744405 
250783.69905956095 -849557.2945133424 -0.015502652748675497 
253918.49529780546 -959138.1547197499 -0.012557097735947107 
257053.29153604998 -1031471.9853210663 -0.009119137158516567 
260188.0877742945 -1063974.128339447 -0.00533060951575001 
263322.884012539 -1055672.6534719164 -0.0013500239745632516 
266457.6802507835 -1006954.4893984885 0.0026663613182867298 
269592.476489028 -919477.1958211702 0.006573298913001829 
272727.27272727253 -796331.6207187623 0.010231424571581596 
275862.06896551704 -642217.9189842414 0.013499395270068222 
278996.86520376155 -463320.8705612667 0.01623780649396539 
282131.66144200607 -266829.8764702306 0.018327189032904638 
285266.4576802506 -60378.97757325624 0.019686946487452145 
288401.2539184951 148266.1468720221 0.02027966291338546 
291536.0501567396 351236.5623340657 0.020098831308843827 
294670.8463949841 540595.9636996503 0.019153946733862726 
297805.6426332286 708691.0598968714 0.01746854217239891 
300940.43887147313 848791.404982976 0.015092238016733487 
304075.23510971764 955653.2520860416 0.012112338538830803 
307210.03134796215 1025656.9031777362 0.008650412116749244 
310344.82758620667 1056540.6759012456 0.004844961570787134 
313479.6238244512 1047113.4812765088 0.0008361224183936851 
316614.4200626957 997302.8189969457 -0.0032339206691127855 
319749.2163009402 908508.6601337371 -0.00720882255431717 
322884.0125391847 783885.5827380863 -0.010913003451709018 
326018.8087774292 628227.9429863573 -0.014167800041821152 
329153.60501567373 447527.64693798946 -0.016822684379128674 
332288.40125391824 248587.2490079888 -0.018779597400996443 
335423.19749216276 38958.767983881284 -0.019993638904001 
338557.99373040727 -172950.37442224578 -0.020454700762924688 
341692.7899686518 -378048.02188386495 -0.02017055066949343 
344827.5862068963 -567259.6663938774 -0.01916632829543003 
347962.3824451408 -732517.2155579168 -0.01749479411880365 
351097.1786833853 -867480.6590459106 -0.015238311754505709 
354231.9749216298 -967650.080300107 -0.012492193000592507 
357366.77115987433 -1030054.791342757 -0.009340851862864673 
360501.56739811884 -1053021.4407015922 -0.005849581181212691 
363636.36363636336 -1036309.4497795101 -0.0020822131191372186 
366771.15987460787 -981396.8884417363 0.0018699333491287926 
369905.9561128524 -891448.6286153612 0.005874205957174215 
373040.7523510969 -770781.4590013028 0.009770249091492208 
376175.5485893414 -624167.2505816432 0.013397457589103408 
379310.3448275859 -456519.5844095328 0.016611123980651992 
382445.1410658304 -273148.6816821091 0.019276940019313835 
385579.93730407493 -80195.95056061761 0.021258821433197274 
388714.73354231945 115333.82582065335 0.022423764486926866 
391849.52978056396 306124.87406074686 0.022669719370541366 
394984.32601880847 485281.3078765465 0.021956530118269917 
398119.122257053 646664.8989421879 0.020313536716896154 
401253.9184952975 784702.8161269126 0.017818324532941167 
404388.714733542 894109.249408409 0.014568368182184223 
407523.5109717865 970073.1515252783 0.010672551315447644 
410658.307210031 1008969.91518095 0.006266834086388022 
413793.10344827553 1009067.0187737821 0.0015311370578673321 
416927.89968652005 970636.9423171827 -0.003318451601831671 
420062.69592476456 895443.6552162401 -0.008063060812516235 
423197.49216300907 786165.8165735548 -0.012513891132467748 
426332.2884012536 646333.0966705626 -0.016518055183499233 
429467.0846394981 480756.67115658935 -0.01993838292504415 
432601.8808777426 295850.27872421034 -0.022635085977214198 
435736.6771159871 99287.3148856493 -0.024475003511344857 
438871.4733542316 -100911.96011589302 -0.025364479255703086 
442006.26959247614 -297192.6962402053 -0.02527554995113763 
445141.06583072065 -482615.33545685495 -0.024240143752234503 
448275.86206896516 -650476.3566535688 -0.022318888971837654 
451410.65830720967 -794092.1473453487 -0.01957678779141362 
454545.4545454542 -907265.1519552146 -0.01609009284703917 
457680.2507836987 -985212.4784939698 -0.011974854526612403 
460815.0470219432 -1025203.3615355103 -0.007403123446505925 
463949.8432601877 -1026395.9755250061 -0.002583945926167186 
467084.6394984322 -989147.9261840256 0.002277835170486471 
470219.43573667674 -914582.0760825695 0.0070087791669232275 
473354.23197492125 -804877.5918018813 0.011458228473623867 
476489.02821316576 -663938.4405410031 0.015469632174128575 
479623.82445141027 -497625.35555601417 0.01886904846971888 
482758.6206896548 -313127.5814585506 0.02149028101635207 
485893.4169278993 -117906.02462917566 0.02321700636981256 
489028.2131661438 80934.44928732397 0.024002820021794487 
492163.0094043883 276449.4200399515 0.02385147159141518 
495297.8056426328 461323.3542131287 0.022780045129564705 
498432.60188087734 627863.1679928289 0.020805036319305303 
501567.39811912185 768835.640424439 0.01796646338549213 
504702.19435736636 878562.9950796749 0.014363717365631686 
507836.99059561087 953375.7494494028 0.010162412141794412 
510971.7868338554 991144.7526067565 0.005560025508963774 
514106.5830720999 990537.7961147202 0.0007404134352700373 
517241.3793103444 950899.8714654652 -0.004141149767672799 
520376.1755485889 872957.9459277759 -0.008932831606876124 
523510.9717868334 759621.9404537522 -0.013454109178994282 
526645.768025078 615975.5883659192 -0.01749801104123721 
529780.5642633225 448331.89853984275 -0.020873405072544274 
532915.360501567 263163.73492741236 -0.023450219267053596 
536050.1567398115 66824.09434052862 -0.025165820011613937 
539184.952978056 -133883.8935021893 -0.025990045655545524 
542319.7492163006 -331154.2144966149 -0.025888977145397826 
545454.5454545451 -516526.7332887698 -0.024828399682316482 
548589.3416927896 -682090.3651536132 -0.022815280511659458 
551724.1379310341 -821579.7508213392 -0.019933745837515997 
554858.9341692786 -930477.4845912587 -0.016335407946191156 
557993.7304075231 -1005238.5505135349 -0.012189944982232994 
561128.5266457676 -1042646.7590408622 -0.0076427563229179134 
564263.3228840121 -1040147.916122492 -0.0028189108656792505 
567398.1191222566 -996936.3768979055 0.002136411652246494 
570532.9153605012 -914716.5798452343 0.007030055797053403 
573667.7115987457 -797333.2745916806 0.011642288078674488 
576802.5078369902 -649601.924098491 0.01578209075710764 
579937.3040752347 -476488.43013105745 0.019323612394514845 
583072.1003134792 -283411.18321817624 0.022188386965891902 
586206.8965517237 -77238.58703293424 0.024293039554718072 
589341.6927899682 133220.65333614312 0.025517862213765057 
592476.4890282127 337966.58915266173 0.02573016435898242 
595611.2852664572 527292.0253020431 0.024839701626096836 
598746.0815047018 692791.9537394781 0.022831229324960383 
601880.8777429463 827267.0713544043 0.019745771185938708 
605015.6739811908 924146.7258059867 0.015639821043407182 
608150.4702194353 977643.8328460928 0.010578612510488678 
611285.2664576798 984099.2022246654 0.004684959380674114 
614420.0626959243 943615.2000556182 -0.0017970962840590412 
617554.8589341688 860530.4632509786 -0.00848977997443876 
620689.6551724133 742163.191788214 -0.014946107465994275 
623824.4514106578 596706.8582200074 -0.020750653749977265 
626959.2476489024 431754.6673315178 -0.0255887296341454 
630094.0438871469 254108.66270631572 -0.029253841599455873 
633228.8401253914 70208.56329338034 -0.03162396308648373 
636363.6363636359 -113902.47529329089 -0.032656408000448736 
639498.4326018804 -293274.33127706905 -0.03241069424861953 
642633.2288401249 -464462.2321797324 -0.031056367480837267 
645768.0250783694 -624667.194261172 -0.02882093845237938 
648902.8213166139 -769872.9665073954 -0.02589072561646555 
652037.6175548584 -893537.9869550896 -0.022336573466263752 
655172.413793103 -987287.2002769347 -0.018131229121362016 
658307.2100313475 -1043456.8403578966 -0.013252198092410218 
661442.006269592 -1057732.4445870526 -0.0077899503599571426 
664576.8025078365 -1030044.6055959412 -0.001977833552589288 
667711.598746081 -963426.5579432131 0.003869439256232009 
670846.3949843255 -862197.2598731705 0.009445866354950542 
673981.19122257 -731053.3597101481 0.01449995712589232 
677115.9874608145 -575371.6325551551 0.018822269155955734 
680250.783699059 -401680.2858876415 0.0222223732232832 
683385.5799373036 -217251.32538631774 0.02454333068143902 
686520.3761755481 -28991.895052490938 0.025705690773321785 
689655.1724137926 157179.7742159584 0.02572692487413037 
692789.9686520371 335693.2111140141 0.024680871531926343 
695924.7648902816 500070.162240542 0.022627456052934786 
699059.5611285261 642580.8855995593 0.019583135480167574 
702194.3573667706 755591.614009888 0.015568325554107226 
705329.1536050151 833676.0948904527 0.010689868234113406 
708463.9498432596 874666.7749510105 0.005175465769483468 
711598.7460815042 878751.4743370169 -0.0006803730266737326 
714733.5423197487 846611.2199097079 -0.006612745994639901 
717868.3385579932 778521.9013908345 -0.012436572277544109 
721003.1347962377 675318.1903741425 -0.018009076510572385 
724137.9310344822 540160.3495056919 -0.023152843932744267 
727272.7272727267 379167.5422365605 -0.02762804982825851 
730407.5235109712 200110.93104023763 -0.031190792463905406 
733542.3197492157 10342.213111396799 -0.03368370125184448 
736677.1159874602 -184093.95745552014 -0.03506967561121602 
739811.9122257048 -377474.5693663531 -0.03537743672397734 
742946.7084639493 -562841.9463253763 -0.03461893498893932 
746081.5047021938 -731812.7392400986 -0.03276779975216511 
749216.3009404383 -876275.0553594744 -0.029823291748451976 
752351.0971786828 -990493.9312882477 -0.02589246310080894 
755485.8934169273 -1071658.6051973933 -0.021200937858671623 
758620.6896551718 -1118476.5718199143 -0.01601475960143142 
761755.4858934163 -1129429.4345994776 -0.010547864746259954 
764890.2821316608 -1102643.025600065 -0.004945164800383256 
768025.0783699054 -1037604.8857706408 0.0006476540169129321 
771159.8746081499 -936963.8684752078 0.006008183078160747 
774294.6708463944 -806472.26882707 0.010843849334890781 
777429.4670846389 -652997.4340019381 0.01488417617793332 
780564.2633228834 -482507.9645328904 0.017971378042177008 
783699.0595611279 -299950.85084941366 0.020061514146872447 
786833.8557993724 -110939.04062174 0.021140064677665188 
789968.6520376169 76764.4315867974 0.02114451394364724 
793103.4482758614 253813.50936929788 0.019979000512451196 
796238.244514106 411622.67240792717 0.017608881243781335 
799373.0407523505 544337.2413866102 0.014137167026824493 
802507.836990595 648628.3517610246 0.009780763741045936 
805642.6332288395 721746.4141914964 0.004766959005740697 
808777.429467084 760066.7887099385 -0.0007469037829305851 
811912.2257053285 759829.1055164466 -0.006652045964959469 
815047.021943573 719438.5974913244 -0.012793637653783581 
818181.8181818175 640995.2504570575 -0.01890951902674778 
821316.614420062 529443.1489371997 -0.024675607778276487 
824451.4106583066 390155.518837274 -0.02982036392128835 
827586.2068965511 227366.8360786129 -0.03419763452929471 
830721.0031347956 44948.735272157995 -0.03774923378318851 
833855.7993730401 -151463.14851702738 -0.040402840782943227 
836990.5956112846 -353449.1533388447 -0.042018051093207734 
840125.3918495291 -551240.3653789934 -0.042442648785656976 
843260.1880877736 -736410.6974727255 -0.04162457555721659 
846394.9843260181 -903305.5975981442 -0.039664496965050824 
849529.7805642626 -1047985.6372099364 -0.03675346324291264 
852664.5768025072 -1166044.0162056175 -0.0330584979743404 
855799.3730407517 -1251822.493526287 -0.028672388090991586 
858934.1692789962 -1300066.9472605605 -0.02367595343641123 
862068.9655172407 -1308469.1221205278 -0.01824211622995182 
865203.7617554852 -1278551.086067476 -0.0126656641668219 
868338.5579937297 -1214015.4062275465 -0.007278924732657963 
871473.3542319742 -1118278.5633273816 -0.0023324143960564946 
874608.1504702187 -993714.0092804907 0.0020434895146143337 
877742.9467084632 -843297.6592786857 0.005763957835506021 
880877.7429467078 -672783.1449549695 0.008688006309745477 
884012.5391849523 -490925.7063170641 0.01060348618443974 
887147.3354231968 -307271.4752787376 0.011321103168934159 
890282.1316614413 -129550.97481758392 0.010784292577055783 
893416.9278996858 36879.640951273774 0.009083316277251636 
896551.7241379303 187250.2935588961 0.006360306956327889 
899686.5203761748 315395.34458767704 0.0027044830096413534 
902821.3166144193 413923.255028221 -0.001854453595880867 
905956.1128526638 476605.7497340226 -0.007251053854801416 
909090.9090909084 500693.39633711765 -0.013291551651086966 
912225.7053291529 486895.1818339623 -0.019667166340358287 
915360.5015673974 437154.9974325575 -0.026066707458057125 
918495.2978056419 352610.8363676761 -0.03227870854662475 
921630.0940438864 233873.2413904952 -0.03818482401518564 
924764.8902821309 83271.5295337735 -0.04366036151034151 
927899.6865203754 -93399.1294402468 -0.048494892846016824 
931034.4827586199 -287620.1420645519 -0.05242415032294416 
934169.2789968645 -490804.1657001539 -0.05524683061980224 
937304.075235109 -696319.6866038336 -0.05690995980323672 
940438.8714733535 -899037.9557421356 -0.05747841974864089 
943573.667711598 -1093172.8958186116 -0.05702433447744326 
946708.4639498425 -1270974.6172586011 -0.05555413879166136 
949843.260188087 -1423925.1718619277 -0.05304940305157215 
952978.0564263315 -1545438.6711147963 -0.0495762146989773 
956112.852664576 -1632470.4372847893 -0.04534470871046393 
959247.6489028205 -1684562.1828704493 -0.04065177805612562 
962382.445141065 -1701501.5224220934 -0.035761497864859326 
965517.2413793096 -1682166.252015573 -0.030841561582409412 
968652.0376175541 -1625807.0877576992 -0.02601360493161793 
971786.8338557986 -1534399.7876131563 -0.02145499004078142 
974921.6300940431 -1413532.5124139793 -0.017436123583372244 
978056.4263322876 -1270799.3098496126 -0.01424626637684369 
981191.2225705321 -1113244.850858955 -0.012078680981356872 
984326.0188087766 -946339.2558726808 -0.01098865357022087 
987460.8150470211 -775293.1598522486 -0.010961333409895063 
990595.6112852657 -607034.2154957288 -0.012012042301687972 
993730.4075235102 -450422.93411397043 -0.0142127516055566 
996865.2037617547 -316706.02315613086 -0.017502334219897366 
999999.9999999992 -111809.45626698632 -0.026416703621455626 
