#x u 
0.0 78506.27685183793 -0.03771487412402079 
3134.796238244514 199349.78204562236 -0.036885510466714504 
6269.592476489028 326159.78948025836 -0.03400293802367721 
9404.38871473354 440016.2483125682 -0.029821101635492293 
12539.184952978056 536890.7525511761 -0.024484550231671846 
15673.98119122257 613002.5859145529 -0.01820123326293816 
18808.777429467085 665409.6351952547 -0.011214074661042166 
21943.5736677116 692085.3124201593 -0.003793268063997126 
25078.369905956115 691998.0691920994 0.003774224105637041 
28213.16614420063 665151.2792366489 0.011195767130627407 
31347.962382445145 612583.1071987362 0.018184370141725262 
34482.75862068966 536326.3628775435 0.024469784048412452 
37617.55485893417 439329.89252545964 0.029808952063929448 
40752.35109717868 325344.5470428076 0.03399540870468411 
43887.14733542319 198778.13667438456 0.03686726380495046 
47021.943573667704 64524.981105821236 0.03831346280522418 
50156.739811912215 -72223.353747056 0.038278081229052296 
53291.53605015673 -206178.81345258895 0.036762487281033984 
56426.33228840124 -332161.3439859694 0.03382528893838552 
59561.12852664575 -445299.20427908783 0.02958006758203706 
62695.92476489026 -541217.3563166367 0.02419098580768643 
65830.72100313478 -616206.6477385217 0.017866439262637743 
68965.51724137929 -667367.2446618885 0.010850997991723687 
72100.3134796238 -692720.7681793959 0.0034159489202482997 
75235.10971786831 -691286.7982183683 -0.004151194804119722 
78369.90595611282 -663120.7863586396 -0.011557811937036236 
81504.70219435733 -609311.9115214531 -0.01851748879313215 
84639.49843260185 -531940.9614498663 -0.024761094855524888 
87774.29467084636 -433999.8687026737 -0.030047190045669685 
90909.09090909087 -319276.01270280394 -0.034171361204704966 
94043.88714733538 -192205.76187692498 -0.03697412674480684 
97178.68338557989 -57702.919407835245 -0.03834710379789423 
100313.4796238244 79031.29340286969 -0.03823719937824132 
103448.27586206891 212709.3682256638 -0.036648663486944705 
106583.07210031342 338161.97750813165 -0.03364292476450076 
109717.86833855794 450537.87219525734 -0.029336215045226224 
112852.66457680245 545491.4793342487 -0.023895074672339266 
115987.46081504696 619350.9455669436 -0.017529912401262653 
119122.25705329147 669260.1288077809 -0.010486868954050974 
122257.05329153598 693289.0441723841 -0.00303829871803435 
125391.84952978049 690508.4833612709 0.004527762790567746 
128526.645768025 661025.9346111022 0.011918737825684254 
131661.44200626953 605981.5157780842 0.018848816275585024 
134796.23824451404 527504.1302317083 0.025049996737699923 
137931.03448275855 428628.86637564166 0.03028246276966839 
141065.83072100306 313177.4831723013 0.034343955029873245 
144200.62695924757 185609.03068867826 0.03707766562072252 
147335.42319749208 50858.046310851816 0.03837781470261236 
150470.2194357366 -85830.66646437586 0.03819256767912695 
153605.0156739811 -219121.40935212348 0.03652679847903678 
156739.81191222562 -343943.69099038595 0.03344876621631085 
159874.60815047013 -455839.99657819385 0.02909442891429532 
163009.40438871464 -550753.3557350077 0.023644547466701575 
166144.20062695915 -624064.9190522975 0.017266389158858593 
169278.99686520366 -670453.1106486666 0.010092616207449471 
172413.79310344817 -686939.3564641494 0.0023463322510408192 
175548.58934169268 -677579.1160880525 -0.005457798480431574 
178683.3855799372 -652766.7924105441 -0.012558126099707656 
181818.1818181817 -619692.8129353407 -0.018394469206417022 
184952.97805642622 -573457.6442229617 -0.023024345115407772 
188087.77429467073 -501495.4909818945 -0.026926657991743836 
191222.57053291524 -397316.70743469347 -0.030375532167109892 
194357.36677115975 -266646.6735729136 -0.03315982280916144 
197492.16300940426 -120915.6801996883 -0.0348795412691888 
200626.95924764877 30346.525319773405 -0.03528967867449974 
203761.75548589329 180435.2315211249 -0.034335165154392014 
206896.5517241378 323546.5121713797 -0.03205291172102164 
210031.3479623823 454146.25789599295 -0.028531173053288318 
213166.14420062682 567184.1800395645 -0.023906134690775207 
216300.94043887133 658289.1051923425 -0.01835664674259546 
219435.73667711584 723938.0083484423 -0.012097307758481857 
222570.53291536035 761592.2481880877 -0.005370166208639134 
225705.32915360486 769795.7362691864 0.0015646395240902274 
228840.12539184937 748231.2439282297 0.008438940688495523 
231974.9216300939 697732.6695041833 0.014986908243396182 
235109.7178683384 620252.7915121396 0.020955332459516165 
238244.5141065829 518787.7547506505 0.026113414532906453 
241379.31034482742 397261.2094629319 0.030261691568487677 
244514.10658307193 260372.58388746443 0.03323974980483931 
247648.90282131644 113415.357494374 0.034932427810040294 
250783.69905956095 -37927.63772333348 0.03527426977114489 
253918.49529780546 -187803.9722101373 0.03425205666870914 
257053.29153604998 -330417.93214154284 0.031905317455917404 
260188.0877742945 -460254.63952183 0.028324800475025565 
263322.884012539 -572293.3123678559 0.02364896422140611 
266457.6802507835 -662201.4182133366 0.018058623157255316 
269592.476489028 -726502.2130228176 0.01176995562120199 
272727.27272727253 -762709.1867900365 0.005026144217765808 
275862.06896551704 -769422.2168130049 -0.001912028047420559 
278996.86520376155 -746381.710401245 -0.008776262239426777 
282131.66144200607 -694478.64331815 -0.015301118606624222 
285266.4576802506 -615720.1057721726 -0.021234281128743974 
288401.2539184951 -513151.6882924327 -0.02634631457059584 
291536.0501567396 -390739.7088248506 -0.030439536736443763 
294670.8463949841 -253217.83532383371 -0.03335566283519938 
297805.6426332286 -105904.03493976285 -0.034981926349037185 
300940.43887147313 45505.07162771558 -0.03525543971160661 
304075.23510971764 195154.4982989612 -0.034165626168531735 
307210.03134796215 337257.30576860666 -0.03175462878021861 
310344.82758620667 466318.3822928829 -0.028115680750842694 
313479.6238244512 577346.9395129932 -0.023389500102850173 
316614.4200626957 666049.5061067459 -0.017758848114813975 
319749.2163009402 728995.9562091334 -0.011441461947705636 
322884.0125391847 763752.1522872995 -0.0046816347547355 
326018.8087774292 768974.0731734812 0.002259231128313107 
329153.60501567373 744459.7873274239 0.00911273260437959 
332288.40125391824 691157.2615236167 0.015613844955672166 
335423.19749216276 611127.7030016119 0.021511170342378427 
338557.99373040727 507465.8526374939 0.02657665935037099 
341692.7899686518 384180.3113974208 0.030614429655919553 
344827.5862068963 246038.52784605234 0.033468340789882485 
347962.3824451408 98382.44103874612 0.03502803208544988 
351097.1786833853 -53078.092118067456 0.03523319032216153 
354231.9749216298 -202486.09687992156 0.03407588203652047 
357366.77115987433 -344063.96972019266 0.031600860308812914 
360501.56739811884 -472336.8981031154 0.027903834162697018 
363636.36363636336 -582344.5713373257 0.023127767499831614 
366771.15987460787 -669832.9956569155 0.01745735068964341 
369905.9561128524 -731418.996045972 0.011111858597707273 
373040.7523510969 -764721.0435254707 0.00433667123259091 
376175.5485893414 -768451.3488148572 -0.00260621509247852 
379310.3448275859 -742465.6611088978 -0.009448319150001813 
382445.1410658304 -687768.8462524376 -0.015925056960055767 
385579.93730407493 -606476.0286052026 -0.02178597324568225 
388714.73354231945 -501730.7992396832 -0.026804426531713606 
391849.52978056396 -377583.6533588895 -0.030786353364523004 
394984.32601880847 -238835.357755768 -0.03357777274055806 
398119.122257053 -90851.30529041067 -0.03507074054760752 
401253.9184952975 60645.964707575265 -0.03520752376071802 
404388.714733542 209798.05688106213 -0.03398283297671667 
407523.5109717865 350837.263836338 -0.03144402695528934 
410658.307210031 478309.60323292424 -0.027689281257017227 
413793.10344827553 587285.7231340322 -0.02286379179708907 
416927.89968652005 673551.5199134061 -0.017154160123164966 
420062.69592476456 733771.0975292375 -0.010781177538546037 
423197.49216300907 765615.7665344005 -0.003991287108412729 
426332.2884012536 767854.0944347552 0.002952946286878919 
429467.0846394981 740399.5251505822 0.009782989328660419 
432601.8808777426 684313.7261378593 0.016234724436162987 
435736.6771159871 601765.533736286 0.02205866318626384 
438871.4733542316 495947.0843263454 0.027029594024099785 
442006.26959247614 370950.37450130726 0.03095529118783787 
445141.06583072065 231609.02366899856 0.03368394807371664 
448275.86206896516 83311.35811927609 0.03511004759333159 
451410.65830720967 -68207.95540871215 0.03517844251660645 
454545.4545454542 -217089.66913512838 0.03388648801369719 
457680.2507836987 -357576.5311935363 0.03128414393049125 
460815.0470219432 -484235.91840576835 0.02747204284271036 
463949.8432601877 -592169.9156741435 0.02259759859691321 
467084.6394984322 -677204.7182265919 0.01684930582101307 
470219.43573667674 -736052.0325349604 0.0104494508420849 
473354.23197492125 -766436.2345373225 0.003645515880074484 
476489.02821316576 -767182.367959266 -0.0032993910829920764 
479623.82445141027 -738261.5798414265 -0.010116710681598511 
482758.6206896548 -680792.2362826539 -0.016542817350181475 
485893.4169278993 -596996.6752530396 -0.022329213716662136 
489028.2131661438 -490115.26884437224 -0.027252139989142356 
492163.0094043883 -364281.11816848035 -0.03112122674104071 
495297.8056426328 -224360.22644837573 -0.03378685649169937 
498432.60188087734 -75763.33080446086 -0.035145949410337975 
501567.39811912185 75763.33080441886 -0.03514594941033814 
504702.19435736636 224360.22644833455 -0.03378685649169994 
507836.99059561087 364281.11816844204 -0.031121226741041667 
510971.7868338554 490115.268844338 -0.02725213998914364 
514106.5830720999 596996.6752530107 -0.022329213716663677 
517241.3793103444 680792.2362826328 -0.016542817350183214 
520376.1755485889 738261.5798414142 -0.010116710681600376 
523510.9717868334 767182.3679592626 -0.003299391082994004 
526645.768025078 766436.2345373281 0.00364551588007249 
529780.5642633225 736052.0325349739 0.010449450842082951 
532915.360501567 677204.7182266131 0.016849305821011275 
536050.1567398115 592169.9156741713 0.022597598596911662 
539184.952978056 484235.918405801 0.027472042842709102 
542319.7492163006 357576.5311935734 0.03128414393049036 
545454.5454545451 217089.6691351692 0.03388648801369665 
548589.3416927896 68207.95540875557 0.03517844251660626 
551724.1379310341 -83311.3581192337 0.03511004759333182 
554858.9341692786 -231609.02366895686 0.033683948073717225 
557993.7304075231 -370950.3745012692 0.03095529118783879 
561128.5266457676 -495947.08432631264 0.02702959402410101 
564263.3228840121 -601765.5337362599 0.02205866318626535 
567398.1191222566 -684313.7261378404 0.016234724436164753 
570532.9153605012 -740399.5251505708 0.009782989328662344 
573667.7115987457 -767854.0944347517 0.0029529462868809328 
576802.5078369902 -765615.7665344053 -0.003991287108410749 
579937.3040752347 -733771.09752925 -0.01078117753854416 
583072.1003134792 -673551.5199134264 -0.017154160123163283 
586206.8965517237 -587285.7231340597 -0.02286379179708761 
589341.6927899682 -478309.603232958 -0.027689281257016023 
592476.4890282127 -350837.2638363766 -0.03144402695528842 
595611.2852664572 -209798.05688110445 -0.03398283297671611 
598746.0815047018 -60645.96470761833 -0.035207523760717854 
601880.8777429463 90851.30529036792 -0.03507074054760771 
605015.6739811908 238835.35775572705 -0.033577772740558634 
608150.4702194353 377583.65335885197 -0.030786353364523962 
611285.2664576798 501730.7992396506 -0.026804426531714887 
614420.0626959243 606476.0286051766 -0.021785973245683828 
617554.8589341688 687768.8462524185 -0.015925056960057558 
620689.6551724133 742465.6611088859 -0.009448319150003727 
623824.4514106578 768451.3488148536 -0.002606215092480475 
626959.2476489024 764721.0435254753 0.004336671232589006 
630094.0438871469 731418.9960459849 0.011111858597705455 
633228.8401253914 669832.9956569362 0.01745735068964168 
636363.6363636359 582344.571337354 0.023127767499830112 
639498.4326018804 472336.89810314967 0.02790383416269577 
642633.2288401249 344063.9697202314 0.031600860308812005 
645768.0250783694 202486.09687996266 0.03407588203651996 
648902.8213166139 53078.09211811011 0.035233190322161434 
652037.6175548584 -98382.4410387034 0.03502803208545016 
655172.413793103 -246038.527846011 0.03346834078988313 
658307.2100313475 -384180.31139738305 0.030614429655920553 
661442.006269592 -507465.85263746104 0.026576659350372307 
664576.8025078365 -611127.7030015854 0.021511170342380016 
667711.598746081 -691157.2615235983 0.015613844955673958 
670846.3949843255 -744459.7873274137 0.009112732604381515 
673981.19122257 -768974.0731734792 0.0022592311283151116 
677115.9874608145 -763752.1522873073 -0.0046816347547335045 
680250.783699059 -728995.9562091487 -0.01144146194770368 
683385.5799373036 -666049.5061067685 -0.017758848114812143 
686520.3761755481 -577346.9395130235 -0.023389500102848588 
689655.1724137926 -466318.3822929193 -0.02811568075084143 
692789.9686520371 -337257.3057686465 -0.03175462878021768 
695924.7648902816 -195154.4982990045 -0.03416562616853117 
699059.5611285261 -45505.07162775891 -0.035255439711606475 
702194.3573667706 105904.03493971878 -0.034981926349037476 
705329.1536050151 253217.83532379207 -0.03335566283520006 
708463.9498432596 390739.70882481214 -0.030439536736444794 
711598.7460815042 513151.6882923997 -0.026346314570597183 
714733.5423197487 615720.1057721459 -0.021234281128745543 
717868.3385579932 694478.6433181304 -0.015301118606625967 
721003.1347962377 746381.7104012334 -0.008776262239428683 
724137.9310344822 769422.2168130018 -0.0019120280474225545 
727272.7272727267 762709.1867900423 0.005026144217763802 
730407.5235109712 726502.2130228318 0.011769955621200073 
733542.3197492157 662201.4182133592 0.01805862315725357 
736677.1159874602 572293.3123678849 0.023648964221404653 
739811.9122257048 460254.63952186436 0.02832480047502445 
742946.7084639493 330417.9321415815 0.03190531745591664 
746081.5047021938 187803.9722101796 0.03425205666870871 
749216.3009404383 37927.63772337711 0.03527426977114483 
752351.0971786828 -113415.35749433028 0.03493242781004061 
755485.8934169273 -260372.58388742266 0.03323974980484002 
758620.6896551718 -397261.20946289424 0.030261691568488736 
761755.4858934163 -518787.75475061795 0.026113414532907803 
764890.2821316608 -620252.791512113 0.020955332459517757 
768025.0783699054 -697732.6695041638 0.014986908243397976 
771159.8746081499 -748231.2439282192 0.008438940688497494 
774294.6708463944 -769795.7362691849 0.0015646395240922662 
777429.4670846389 -761592.2481880953 -0.005370166208637149 
780564.2633228834 -723938.0083484574 -0.01209730775848001 
783699.0595611279 -658289.1051923643 -0.0183566467425938 
786833.8557993724 -567184.1800395917 -0.02390613469077377 
789968.6520376169 -454146.2578960268 -0.028531173053287166 
793103.4482758614 -323546.5121714186 -0.032052911721020816 
796238.244514106 -180435.23152116738 -0.03433516515439155 
799373.0407523505 -30346.525319818018 -0.0352896786744997 
802507.836990595 120915.680199644 -0.03487954126918913 
805642.6332288395 267480.14612884045 -0.033121618322132444 
808777.429467084 404478.91611963365 -0.03004723280458299 
811912.2257053285 531422.8539216834 -0.02555485571573879 
815047.021943573 653962.6872481141 -0.019334176974835034 
818181.8181818175 774549.1489409072 -0.011296206836505325 
821316.614420062 875104.2605050091 -0.002366682056115891 
824451.4106583066 916677.0805283098 0.0055019086099370096 
827586.2068965511 871310.739697968 0.010797497282157011 
830721.0031347956 757387.2924490409 0.014077481452551078 
833855.7993730401 631846.1062138558 0.017623061087475928 
836990.5956112846 537482.9007636362 0.023036259981764833 
840125.3918495291 460129.084272953 0.02929103094279372 
843260.1880877736 345473.87676836643 0.03351890645342722 
846394.9843260181 160553.49663917904 0.03384217851695756 
849529.7805642626 -65369.691666177176 0.03126188702297891 
852664.5768025072 -264873.13308949344 0.028567849697240723 
855799.3730407517 -396636.7762351358 0.027404633545585123 
858934.1692789962 -482403.06067141634 0.02658703929898816 
862068.9655172407 -577910.9423551618 0.023439711806028208 
865203.7617554852 -708637.0503496337 0.016747275493028527 
868338.5579937297 -838162.2507596427 0.00820617925698172 
871473.3542319742 -902590.8925120428 0.000845949363893908 
874608.1504702187 -874943.7854793934 -0.003926332136882897 
877742.9467084632 -791919.7589827498 -0.007559306443740126 
880877.7429467078 -714980.588144044 -0.012582590862579447 
884012.5391849523 -666724.2267097104 -0.019701395903639146 
887147.3354231968 -609410.0081869378 -0.026824954713401787 
890282.1316614413 -488094.07322664704 -0.031057705914853788 
893416.9278996858 -292853.640239279 -0.03156609359455981 
896551.7241379303 -74503.79059685032 -0.030313634024800192 
899686.5203761748 102888.36270806116 -0.02989841594432637 
902821.3166144193 222961.7869053401 -0.03077201303499511 
905956.1128526638 327650.19432141446 -0.030765661900329838 
909090.9090909084 466559.48582738836 -0.027420221652024377 
912225.7053291529 638642.6873107324 -0.02066682850498175 
915360.5015673974 787728.4106870964 -0.013036379726327717 
918495.2978056419 856782.9834793173 -0.007173977490777976 
921630.0940438864 844011.2226754453 -0.003266205598511749 
924764.8902821309 801969.8453053038 0.000922264431645229 
927899.6865203754 780770.6746864422 0.0074519564492555495 
931034.4827586199 775176.1572353032 0.01579271343585754 
934169.2789968645 731207.1224677954 0.023137799565668218 
937304.075235109 605234.3701831124 0.027125380177871115 
940438.8714733535 413310.55813511077 0.028113780770365984 
943573.667711598 218756.48629900554 0.028627068092864874 
946708.4639498425 70919.78782537124 0.030562521063529115 
949843.260188087 -40689.73210753411 0.03310240208626371 
952978.0564263315 -168917.31288209296 0.033528355657082926 
956112.852664576 -346802.9225370391 0.030082144161762848 
959247.6489028205 -546372.3573630563 0.023863996395896744 
962382.445141065 -701935.5411092616 0.01777170617815627 
965517.2413793096 -773593.849045121 0.013593981920390585 
968652.0376175541 -784384.5404660841 0.010309383038745627 
971786.8338557986 -792218.6904215496 0.005371285895172181 
974921.6300940431 -826303.859630059 -0.0023820479780070963 
978056.4263322876 -855012.7683479246 -0.011261492221209453 
981191.2225705321 -819009.0515689966 -0.018254722688688847 
984326.0188087766 -694769.133333836 -0.02194922597993248 
987460.8150470211 -521660.68552740506 -0.02378643918904231 
990595.6112852657 -364045.9802972556 -0.02633867985997189 
993730.4075235102 -248134.93688899494 -0.030431155887108187 
996865.2037617547 -141183.92536532917 -0.03407899401657288 
999999.9999999992 78506.27685169729 -0.03771487412402723 
