#x u 
0.0 -156454.61855109135 -0.03526625088799991 
3134.796238244514 -237178.6540216306 -0.030355707821260906 
6269.592476489028 -392293.18396656605 -0.028101611003011732 
9404.38871473354 -529496.6713096169 -0.02463518096356819 
12539.184952978056 -646301.6443515376 -0.02021964358220848 
15673.98119122257 -738112.2621140479 -0.015022126582335244 
18808.777429467085 -801380.1420600673 -0.009243706345949992 
21943.5736677116 -833658.672409202 -0.0031078321854962603 
25078.369905956115 -833699.6443403526 0.0031482217607482947 
28213.16614420063 -801501.4734419953 0.009282534056190634 
31347.962382445145 -738309.262117679 0.015057891009282731 
34482.75862068966 -646566.6514800884 0.020250959721946037 
37617.55485893417 -529821.3258156606 0.024660924366701253 
40752.35109717868 -392587.82372860785 0.0281172517293177 
43887.14733542319 -240172.9610544864 0.030486285723622185 
47021.943573667704 -78470.61643453504 0.031676415868757225 
50156.739811912215 86266.18481289929 0.03164161986401254 
53291.53605015673 247667.07501327936 0.030383243269955965 
56426.33228840124 399490.68608255585 0.02794994747564246 
59561.12852664575 535866.003063152 0.02443582796400785 
62695.92476489026 651519.3961145013 0.019976775642073917 
65830.72100313478 741978.5516371774 0.014745221943227846 
68965.51724137929 803745.4165195263 0.008943470908329773 
72100.3134796238 834431.467757432 0.002795876093892691 
75235.10971786831 832850.076574658 -0.0034598351739153713 
78369.90595611282 799062.3953257202 -0.009581754708581533 
81504.70219435733 734374.9927359791 -0.015333148046316119 
84639.49843260185 641289.3289241638 -0.020491608961401387 
87774.29467084636 523405.0240068445 -0.024857659908959766 
90909.09090909087 385280.6608853149 -0.02826246581625037 
94043.88714733538 232257.50496738 -0.03057436293039205 
97178.68338557989 70252.95757766037 -0.031703950252146854 
100313.4796238244 -94468.26979251573 -0.03160754667015667 
103448.27586206891 -255536.41171002662 -0.030288880108344803 
106583.07210031342 -406722.9674579743 -0.027798943367198105 
109717.86833855794 -542181.5569909266 -0.02423402223354343 
112852.66457680245 -656674.0002940674 -0.01973197211176 
115987.46081504696 -745772.877663516 -0.014466887158999027 
119122.25705329147 -806032.7379072261 -0.008642368068807839 
122257.05329153598 -835123.333849936 -0.0024836488377854155 
125391.84952978049 -831919.7329287739 0.0037711130270099012 
128526.645768025 -796545.8183052184 0.009880046052454364 
131661.44200626953 -730369.4983065727 0.015606917962720596 
134796.23824451404 -635949.8094477317 0.020730270775031666 
137931.03448275855 -516937.9585579625 0.025051984573900284 
141065.83072100306 -377936.13071099453 0.028404938802933193 
144200.62695924757 -224319.52285197115 0.030659474812253194 
147335.42319749208 -62028.48507611721 0.03172840975500339 
150470.2194357366 102661.19254971121 0.03157040794569086 
153605.0156739811 263380.9646201575 0.03019157931003305 
156739.81191222562 413915.8018709419 0.027645243114294744 
159874.60815047013 548444.5261933939 0.024029866110695297 
163009.40438871464 661764.9154353834 0.019485254830747988 
166144.20062695915 749494.873192059 0.014187149270445728 
169278.99686520366 808241.8843559906 0.00834042702934163 
172413.79310344817 835734.2035851507 0.002171180699283366 
175548.58934169268 830908.7036342042 -0.0040820251300340655 
178683.3855799372 793951.9864564992 -0.010177379157336977 
181818.1818181817 726293.1673115465 -0.015879174206290987 
184952.97805642622 630548.6109163654 -0.020966922015671872 
188087.77429467073 510420.7566922277 -0.025243879514498184 
191222.57053291524 370554.94553179486 -0.028544656871295853 
194357.36677115975 216359.78459170958 -0.030741613114433963 
197492.16300940426 53797.99659928453 -0.031749792005065586 
200626.95924764877 -110844.15847503011 -0.031530207292599505 
203761.75548589329 -271199.97292166686 -0.030091350311962244 
206896.5517241378 -421068.49170787237 -0.027488861623904806 
210031.3479623823 -554654.3032420848 -0.02382337939601458 
213166.14420062682 -666791.6477843401 -0.019236647727480835 
216300.94043887133 -753144.1772365139 -0.01390603540859056 
219435.73667711584 -810372.6416066727 -0.008037677074377332 
222570.53291536035 -836264.0177164717 -0.0018585019838275835 
225705.32915360486 -829817.0867479522 0.004392541328462487 
228840.12539184937 -791281.1513483115 0.010473725185694435 
231974.9216300939 -722146.3951032397 0.01614989037162952 
235109.7178683384 -625086.2571777294 0.021201539731157196 
238244.5141065829 -503854.05049545586 0.025433326119381282 
241379.31034482742 -363137.8212289408 0.028681606470460027 
244514.10658307193 -208379.0621801216 0.030820769870562096 
247648.90282131644 -45562.29040002001 0.03176809492852672 
250783.69905956095 119016.37392470047 0.03148694860983554 
253918.49529780546 278992.67827005143 0.02998820283507244 
257053.29153604998 428180.343248692 0.027329814063046874 
260188.0877742945 560810.2858674899 0.023614582116090174 
263322.884012539 671753.7098117382 0.018986174913690153 
266457.6802507835 756720.4358607334 0.013623572837907785 
269592.476489028 812424.8030028789 0.007734147566815497 
272727.27272727253 836712.7248586547 0.0015456430172823606 
275862.06896551704 828644.9881429892 -0.004702631506167429 
278996.86520376155 788533.5720177402 -0.010769055395725447 
282131.66144200607 717929.5838658918 -0.016419040202706014 
285266.4576802506 619563.2780107653 -0.021434101166548866 
288401.2539184951 497238.476854751 -0.025620306014634938 
291536.0501567396 355685.47716929077 -0.028815774318054023 
294670.8463949841 200378.1296459222 -0.03089693740343765 
297805.6426332286 37322.16523722785 -0.031783316750235636 
300940.43887147313 -127177.04629761387 -0.031440636092941655 
304075.23510971764 -286758.324871862 -0.029882146883358728 
307210.03134796215 -435250.66673412255 -0.027168115857314327 
310344.82758620667 -566911.8770174764 -0.02340349452160646 
313479.6238244512 -676650.62026058 -0.01873386068205792 
316614.4200626957 -760223.3022130491 -0.013339788953679611 
319749.2163009402 -814398.169511016 -0.007429867945163681 
322884.0125391847 -837080.2814928066 -0.0012326341429941927 
326018.8087774292 -827392.5214979969 0.005012265588339879 
329153.60501567373 -785709.5149450867 0.011063341144150527 
332288.40125391824 -713643.1425766388 0.016686597595405316 
335423.19749216276 -613980.2090743076 0.021664583766341165 
338557.99373040727 -490574.67739673477 0.025804801065583912 
341692.7899686518 -348198.6361355713 0.02894714740150045 
344827.5862068963 -192357.762977956 0.03097010832577722 
347962.3824451408 -29078.420298400823 0.03179545599386903 
351097.1786833853 135325.38411218737 0.031391274233643976 
354231.9749216298 294496.15955799824 0.029773192742901692 
357366.77115987433 442278.7764325762 0.027003782689379682 
360501.56739811884 572958.4849151914 0.023190137085379408 
363636.36363636336 681481.904192742 0.01847972950386024 
366771.15987460787 763652.436559913 0.013054711279338762 
369905.9561128524 816292.549739596 0.007124867720680749 
373040.7523510969 837366.6519706025 0.0009195057188486492 
376175.5485893414 826059.8082863323 -0.005321413544406211 
379310.3448275859 782809.2540280205 -0.011356553888989398 
382445.1410658304 709287.4869658478 -0.01695253660005821 
385579.93730407493 608337.5918551387 -0.021892965176649102 
388714.73354231945 483863.2984253268 -0.025986793378551365 
391849.52978056396 340678.02425628254 -0.029075712979278707 
394984.32601880847 184318.74004993253 -0.03104027554093066 
398119.122257053 20831.855122102348 -0.031804511482074395 
401253.9184952975 -143460.59708313952 -0.03133886781941588 
404388.714733542 -302205.4318567701 -0.029661350980869153 
407523.5109717865 -449263.9907066728 -0.026836830497473103 
410658.307210031 -578949.5245253084 -0.022974530564948845 
413793.10344827553 -686247.06452679 -0.018223804719840673 
416927.89968652005 -767006.5459599663 -0.0127683234431318 
420062.69592476456 -818096.3858397678 -0.006818655110803071 
423197.49216300907 -837489.5605753994 -0.000602518055639863 
426332.2884012536 -824223.4671231646 0.005649458155857331 
429467.0846394981 -778162.3879818053 0.011725245483091055 
432601.8808777426 -699597.9235898751 0.01745817236570759 
435736.6771159871 -589032.3047303294 0.022742784500629547 
438871.4733542316 -447823.9950429264 0.027508439579588984 
442006.26959247614 -280163.2464069214 0.03162907612132423 
445141.06583072065 -95607.42272251906 0.03480444738330716 
448275.86206896516 90238.63148105278 0.03652360450381963 
451410.65830720967 259399.93319033182 0.03622555562194643 
454545.4545454542 399081.2201527657 0.033635166350666476 
457680.2507836987 508124.28500169236 0.029047108526442194 
460815.0470219432 596075.465330435 0.02326966811395365 
463949.8432601877 673588.1689417504 0.017170483841496248 
467084.6394984322 741125.8161318416 0.011144048251599313 
470219.43573667674 786215.1491799247 0.004971372091174398 
473354.23197492125 792859.5384283708 -0.0017621740902803143 
476489.02821316576 755197.644320422 -0.009053102209709457 
479623.82445141027 682573.9757078708 -0.016257905906958033 
482758.6206896548 590931.3642112145 -0.022495913702684923 
485893.4169278993 488915.8900413062 -0.02729198352773261 
489028.2131661438 372577.0029852937 -0.030822515635816557 
492163.0094043883 233899.35423581663 -0.033524679855072535 
495297.8056426328 74166.17188314928 -0.03548127765799853 
498432.60188087734 -91905.46235605268 -0.03622546536174875 
501567.39811912185 -245750.01985565174 -0.035171321795102954 
504702.19435736636 -378432.2271150511 -0.032220909919158165 
507836.99059561087 -494111.0162223386 -0.02791246622577278 
510971.7868338554 -600075.633976109 -0.022954209754168006 
514106.5830720999 -694043.8448973309 -0.01763026034493284 
517241.3793103444 -762314.1076309371 -0.011694718705643557 
520376.1755485889 -790960.4454196502 -0.0048531595161036235 
523510.9717868334 -778453.57965806 0.00268518198721019 
526645.768025078 -736382.9312560514 0.010168120178952512 
529780.5642633225 -677273.5365456808 0.01681183484570673 
532915.360501567 -602100.4004728508 0.022325985080398805 
536050.1567398115 -500754.8064093608 0.026919311530761676 
539184.952978056 -365486.73049868434 0.030818386346242753 
542319.7492163006 -203757.66506124657 0.033847143882437244 
545454.5454545451 -37104.9415283545 0.03552966483674777 
548589.3416927896 113404.5516138006 0.03559422994867596 
551724.1379310341 241028.36246615485 0.03430783106572182 
554858.9341692786 353255.57949028094 0.03224244238043237 
557993.7304075231 458808.4142382893 0.029687207948358177 
561128.5266457676 555637.3137341619 0.026322883890000322 
564263.3228840121 631967.8104325735 0.02153215761631741 
567398.1191222566 678214.8890950688 0.015071427293162892 
570532.9153605012 696222.1994671974 0.0074438918693047204 
573667.7115987457 695729.0533023605 -0.00040337473595165884 
576802.5078369902 682170.1765872152 -0.007762926585211824 
579937.3040752347 649439.102540935 -0.014557531430012037 
583072.1003134792 585914.9685068002 -0.021070297637387117 
586206.8965517237 487701.4954377066 -0.02732478947494393 
589341.6927899682 365080.64298280864 -0.03277779876264931 
592476.4890282127 235152.38628582578 -0.03665121965212565 
595611.2852664572 108140.16524065184 -0.03855686158677009 
598746.0815047018 -18472.34599627933 -0.038761505768623306 
601880.8777429463 -152027.85401834495 -0.037818237791698406 
605015.6739811908 -291542.6566288647 -0.03595517609869619 
608150.4702194353 -423355.255900152 -0.032865449307571785 
611285.2664576798 -530353.0528222547 -0.02811777802364055 
614420.0626959243 -605267.4190105968 -0.02175223543362899 
617554.8589341688 -654240.0057198863 -0.014429285212577286 
620689.6551724133 -687075.3682377093 -0.006968330219497003 
623824.4514106578 -704562.5726441778 0.0002477435082040017 
626959.2476489024 -696287.1008856636 0.007386271590114752 
630094.0438871469 -651278.7338871175 0.014688725873304448 
633228.8401253914 -570305.263796201 0.02191730609566067 
636363.6363636359 -466858.16586559586 0.02831759371241785 
639498.4326018804 -355732.25449415424 0.033147293614643095 
642633.2288401249 -241105.94607623082 0.03622508785777835 
645768.0250783694 -116512.12631162547 0.03793157617251365 
648902.8213166139 23446.41448738462 0.03866901250689404 
652037.6175548584 172150.3563112582 0.03835354826046158 
655172.413793103 312496.6580307888 0.03647700213402378 
658307.2100313475 429500.9941938724 0.03267386265046569 
661442.006269592 520922.53125407203 0.027195877689247784 
664576.8025078365 594941.7236485615 0.020791902879248442 
667711.598746081 657521.7543584332 0.01411412075389068 
670846.3949843255 702902.4652622842 0.007267654252104887 
673981.19122257 717342.7561296951 -3.216545323612292e-05 
677115.9874608145 692257.9905233118 -0.007870958701287302 
680250.783699059 632986.4933105186 -0.015745366734895464 
683385.5799373036 553982.5471765153 -0.022793396267270415 
686520.3761755481 465466.9561410617 -0.028414039710095537 
689655.1724137926 365502.56896396156 -0.03263563929000064 
692789.9686520371 245712.38816161556 -0.035856119623598956 
695924.7648902816 104477.84582918268 -0.038237469620117905 
699059.5611285261 -46431.7804117692 -0.03939847000211984 
702194.3573667706 -188953.93500690747 -0.03873377233508837 
705329.1536050151 -312288.3957453726 -0.03602664956860521 
708463.9498432596 -418869.87016839674 -0.03171200324068347 
711598.7460815042 -516692.23353347793 -0.02651202199183278 
714733.5423197487 -606260.1863876316 -0.02082431769170182 
717868.3385579932 -676068.089853911 -0.01450020449111804 
721003.1347962377 -711507.3034590249 -0.007238346367551865 
724137.9310344822 -707952.8312398393 0.0008296225674282912 
727272.7272727267 -674357.4229013488 0.00898764093719745 
730407.5235109712 -623630.2864659133 0.01638805897236396 
733542.3197492157 -559931.313674591 0.022643938790333072 
736677.1159874602 -476205.86960524996 0.027949643322276944 
739811.9122257048 -364470.9895712813 0.032614329072420616 
742946.7084639493 -227920.50792197557 0.03650926961502115 
746081.5047021938 -81979.24033825734 0.03901885091128895 
749216.3009404383 56965.20616273553 0.039553544139306215 
752351.0971786828 183490.83820859028 0.03809042597355046 
755485.8934169273 303395.0787693453 0.03517608804798835 
758620.6896551718 422225.5335418493 0.03139005286441505 
761755.4858934163 534359.9615163017 0.026831647724070547 
764890.2821316608 624311.1032594258 0.021166008437890887 
768025.0783699054 679054.6547057503 0.014174662962748077 
771159.8746081499 698566.5633713758 0.006223899263462747 
774294.6708463944 693615.8563383088 -0.0018506134141210297 
777429.4670846389 673227.9938131613 -0.009331702650096679 
780564.2633228834 635051.2932941815 -0.01607400908034698 
783699.0595611279 568757.0331618233 -0.022357922880820887 
786833.8557993724 468854.41895006667 -0.02830964027838683 
789968.6520376169 343367.1898794305 -0.033508300302161835 
793103.4482758614 209141.32568897988 -0.03720312108862719 
796238.244514106 78580.60767082704 -0.03892058408659829 
799373.0407523505 -48412.405305692744 -0.038830166099618986 
802507.836990595 -179014.30078119715 -0.037489422704079456 
805642.6332288395 -314492.0786438173 -0.03523977436576712 
808777.429467084 -443517.2497432137 -0.031889083013393334 
811912.2257053285 -549013.9057990221 -0.027012901726361487 
815047.021943573 -621528.6659643169 -0.020553468246307945 
818181.8181818175 -665240.629876601 -0.013080664695862082 
821316.614420062 -690450.3660172157 -0.005433100191816483 
824451.4106583066 -700573.146255064 0.0018922604966927444 
827586.2068965511 -687397.1729790934 0.008970612931603958 
830721.0031347956 -639630.4097896218 0.016069193677977486 
833855.7993730401 -555745.9222840683 0.02306816068344155 
836990.5956112846 -447581.96590941685 0.029302914282812113 
840125.3918495291 -330841.35027299717 0.034004300964647904 
843260.1880877736 -212372.11485347673 0.036883547508880614 
846394.9843260181 -87455.86952863557 0.03825558569571172 
849529.7805642626 50225.86700696089 0.038578403160423366 
852664.5768025072 196626.1074317525 0.03789805875026785 
855799.3730407517 336153.1477654354 0.03578567391970229 
858934.1692789962 452720.20588338765 0.0318328707840067 
862068.9655172407 541606.8148233872 0.02618274885939773 
865203.7617554852 609857.8425471967 0.019534274333530003 
868338.5579937297 664984.7600806666 0.01260983021748002 
871473.3542319742 704004.8307095489 0.005638177577011911 
874608.1504702187 714458.6157373091 -0.0016130375321109114 
877742.9467084632 686410.0877326787 -0.009300325933797177 
880877.7429467078 622849.7930797662 -0.01703905778534378 
884012.5391849523 537567.7880429632 -0.024010535103921548 
887147.3354231968 442701.34332714794 -0.02953999223102652 
890282.1316614413 338975.2206539665 -0.03354853869282912 
893416.9278996858 218776.263043619 -0.03641399299258584 
896551.7241379303 78673.3332749069 -0.038395881517948295 
899686.5203761748 -71959.476536096 -0.03923621618117755 
902821.3166144193 -215472.58303683627 -0.03836048772009391 
905956.1128526638 -339059.0318458715 -0.03546990210461072 
909090.9090909084 -442875.55010559957 -0.030902484593637508 
912225.7053291529 -534839.4770108317 -0.02538178923794151 
915360.5015673974 -617774.7922292895 -0.01941375606062798 
918495.2978056419 -682599.7860135883 -0.012959890283337728 
921630.0940438864 -714862.168672832 -0.00572220775167518 
924764.8902821309 -707859.3927306498 0.0022694536017623186 
927899.6865203754 -668627.6738475687 0.010395945044617315 
931034.4827586199 -610549.5691602598 0.017799129312156464 
934169.2789968645 -540359.8329356612 0.02398696561962123 
937304.075235109 -453171.3238200267 0.029068600323125242 
940438.8714733535 -340663.0006998476 0.033383489789867535 
943573.667711598 -203695.94010813243 0.036924733483281645 
946708.4639498425 -55942.695495114225 0.03917145293339505 
949843.260188087 85454.61116838444 0.03951291073713437 
952978.0564263315 212563.06392984858 0.03782290879696147 
956112.852664576 329550.8508290823 0.03458316498639129 
959247.6489028205 442969.4521442836 0.030426631031082133 
962382.445141065 549856.3351982182 0.025579283646339428 
965517.2413793096 636359.9316189049 0.019783106888931475 
968652.0376175541 688498.9193403961 0.01277469814234487 
971786.8338557986 703884.4425580341 0.004807991297016982 
974921.6300940431 692197.1218922115 -0.003337932156160673 
978056.4263322876 664003.5395189275 -0.010884437759010455 
981191.2225705321 619715.1209952573 -0.017570817883538464 
984326.0188087766 550293.2687098822 -0.02363132241621093 
987460.8150470211 448907.6136142566 -0.029267729345141 
990595.6112852657 321203.35913860414 -0.034183194745129035 
993730.4075235102 183191.43627614708 -0.03767376477609282 
996865.2037617547 51535.04659405601 -0.039313056132522894 
999999.9999999992 -156454.61855379475 -0.03526625088812383 
