#x u 
0.0 6.598429469892159e+24 3.0245700508485984e+17 
3134.796238244514 -1.6512683329842946e+23 -7569038615397418.0 
6269.592476489028 4.0636659295742596e+21 186269207291316.03 
9404.38871473354 -1.7035543705169897e+20 -7808705924021.453 
12539.184952978056 -6.615887475529002e+19 -3032572403714.4434 
15673.98119122257 -7.052696288482871e+19 -3232795632535.134 
18808.777429467085 -7.222334428881293e+19 -3310553899296.927 
21943.5736677116 -7.40317279522996e+19 -3393446095013.349 
25078.369905956115 -7.588360857518118e+19 -3478332092427.018 
28213.16614420063 -7.778185800985156e+19 -3565343530760.867 
31347.962382445145 -7.972759156312431e+19 -3654531533127.888 
34482.75862068966 -8.17219981788816e+19 -3745950598013.676 
37617.55485893417 -8.376629539831336e+19 -3839656534766.7397 
40752.35109717868 -8.586173124899013e+19 -3935706550103.3354 
43887.14733542319 -8.800958497719452e+19 -4034159281762.057 
47021.943573667704 -9.02111678297603e+19 -4135074834327.534 
50156.739811912215 -9.246782385476094e+19 -4238514815913.719 
53291.53605015673 -9.478093072218741e+19 -4344542375768.415 
56426.33228840124 -9.715190056476008e+19 -4453222242836.574 
59561.12852664575 -9.958218083975614e+19 -4564620765289.042 
62695.92476489026 -1.0207325521309791e+20 -4678805951008.004 
65830.72100313478 -1.0462664446534271e+20 -4795847509094.938 
68965.51724137929 -1.0724390741963497e+20 -4915816892449.073 
72100.3134796238 -1.0992664189318398e+20 -5038787341396.635 
75235.10971786831 -1.126764856731293e+20 -5164833928384.596 
78369.90595611282 -1.154951175164562e+20 -5294033603809.079 
81504.70219435733 -1.183842581746973e+20 -5426465243000.4795 
84639.49843260185 -1.2134567144444104e+20 -5562209694376.041 
87774.29467084636 -1.2438116524394059e+20 -5701349828805.169 
90909.09090909087 -1.2749259271686857e+20 -5843970590199.731 
94043.88714733538 -1.3068185336401081e+20 -5990159047354.926 
97178.68338557989 -1.339508942028387e+20 -6140004447106.682 
100313.4796238244 -1.3730171095581324e+20 -6293598268831.396 
103448.27586206891 -1.4073634926874522e+20 -6451034280293.897 
106583.07210031342 -1.4425690595988514e+20 -6612408594880.914 
109717.86833855794 -1.478655303000596e+20 -6777819730275.348 
112852.66457680245 -1.515644253246601e+20 -6947368668606.176 
115987.46081504696 -1.5535584917851806e+20 -7121158918099.943 
119122.25705329147 -1.5924211649454286e+20 -7299296576268.972 
122257.05329153598 -1.6322559980681e+20 -7481890394681.891 
125391.84952978049 -1.6730873099897392e+20 -7669051845355.621 
128526.645768025 -1.7149400278889903e+20 -7860895188808.654 
131661.44200626953 -1.7578397025043235e+20 -8057537543816.789 
134796.23824451404 -1.801812523732509e+20 -8259098958913.238 
137931.03448275855 -1.8468853366173218e+20 -8465702485677.371 
141065.83072100306 -1.893085657738394e+20 -8677474253855.876 
144200.62695924757 -1.940441692010137e+20 -8894543548362.69 
147335.42319749208 -1.9889823499005244e+20 -9117042888206.695 
150470.2194357366 -2.038737265080371e+20 -9345108107395.012 
153605.0156739811 -2.0897368125142847e+20 -9578878437859.246 
156739.81191222562 -2.1420121270042998e+20 -9818496594455.566 
159874.60815047013 -2.1955951221974637e+20 -10064108862090.73 
163009.40438871464 -2.25051851006928e+20 -10315865185025.9 
166144.20062695915 -2.3068158208943846e+20 -10573919258414.998 
169278.99686520366 -2.3645214237162524e+20 -10838428622135.541 
172413.79310344817 -2.4236705473288133e+20 -11109554756967.225 
175548.58934169268 -2.4842993017832387e+20 -11387463183175.105 
178683.3855799372 -2.546444700432902e+20 -11672323561557.951 
181818.1818181817 -2.6101446825299368e+20 -11964309797023.86 
184952.97805642622 -2.6754381363870355e+20 -12263600144756.836 
188087.77429467073 -2.7423649231183918e+20 -12570377319040.332 
191222.57053291524 -2.8109659009743887e+20 -12884828604803.719 
194357.36677115975 -2.8812829502851403e+20 -13207145971958.523 
197492.16300940426 -2.9533589990281806e+20 -13537526192594.03 
200626.95924764877 -3.0272380490356595e+20 -13876170961105.04 
203761.75548589329 -3.102965202856996e+20 -14223287017324.92 
206896.5517241378 -3.180586691293731e+20 -14579086272738.2 
210031.3479623823 -3.260149901623214e+20 -14943785939849.941 
213166.14420062682 -3.341703406528091e+20 -15317608664792.348 
216300.94043887133 -3.425296993749279e+20 -15700782663249.69 
219435.73667711584 -3.510981696480897e+20 -16093541859782.254 
222570.53291536035 -3.598809824525804e+20 -16496126030634.584 
225705.32915360486 -3.688834996230409e+20 -16908780950116.35 
228840.12539184937 -3.7811121712181766e+20 -17331758540645.748 
231974.9216300939 -3.8756976839419665e+20 -17765317026546.434 
235109.7178683384 -3.972649278075747e+20 -18209721091691.26 
238244.5141065829 -4.0720261417666236e+20 -18665242041089.617 
241379.31034482742 -4.173888943768671e+20 -19132157966517.074 
244514.10658307193 -4.278299870480753e+20 -19610753916288.055 
247648.90282131644 -4.3853226639108145e+20 -20101322069275.254 
250783.69905956095 -4.4950226605898754e+20 -20604161913282.348 
253918.49529780546 -4.607466831459396e+20 -21119580427879.074 
257053.29153604998 -4.722723822756491e+20 -21647892271809.734 
260188.0877742945 -4.840863997921954e+20 -22189419975089.414 
263322.884012539 -4.961959480556551e+20 -22744494135905.918 
266457.6802507835 -5.0860841984518416e+20 -23313453622447.336 
269592.476489028 -5.213313928722464e+20 -23896645779778.562 
272727.27272727253 -5.343726344067405e+20 -24494426641892.516 
275862.06896551704 -5.477401060188583e+20 -25107161149065.957 
278996.86520376155 -5.614419684395551e+20 -25735223370652.41 
282131.66144200607 -5.754865865426122e+20 -26378996733448.55 
285266.4576802506 -5.898825344513203e+20 -27038874255772.875 
288401.2539184951 -6.046386007729207e+20 -27715258787400.0 
291536.0501567396 -6.197637939639715e+20 -28408563255497.18 
294670.8463949841 -6.352673478299349e+20 -29119210916713.03 
297805.6426332286 -6.511587271623364e+20 -29847635615572.27 
300940.43887147313 -6.674476335169451e+20 -30594282049334.363 
304075.23510971764 -6.841440111364915e+20 -31359606039477.258 
307210.03134796215 -7.012580530215471e+20 -32144074809972.754 
310344.82758620667 -7.188002071532613e+20 -32948167272523.05 
313479.6238244512 -7.367811828717701e+20 -33772374318932.293 
316614.4200626957 -7.552119574141648e+20 -34617199120791.746 
319749.2163009402 -7.741037826160039e+20 -35483157436661.85 
322884.0125391847 -7.934681917804684e+20 -36370777926938.65 
326018.8087774292 -8.133170067193383e+20 -37280602476596.67 
329153.60501567373 -8.336623449701144e+20 -38213186526005.42 
332288.40125391824 -8.54516627193679e+20 -39169099410021.03 
335423.19749216276 -8.758925847570054e+20 -40148924705560.02 
338557.99373040727 -8.978032675055573e+20 -41153260587868.48 
341692.7899686518 -9.202620517301e+20 -42182720195703.266 
344827.5862068963 -9.432826483328158e+20 -43237932005648.28 
347962.3824451408 -9.668791111976974e+20 -44319540215794.125 
351097.1786833853 -9.910658457703362e+20 -45428205139015.734 
354231.9749216298 -1.015857617852325e+21 -46564603606087.48 
357366.77115987433 -1.0412695626156626e+21 -47729429378882.91 
360501.56739811884 -1.0673171938426457e+21 -48923393573910.83 
363636.36363636336 -1.094016413396896e+21 -50147225096446.125 
366771.15987460787 -1.1213835209313275e+21 -51401671085520.55 
369905.9561128524 -1.1494352238389437e+21 -52687497370044.64 
373040.7523510969 -1.1781886474525696e+21 -54005488936340.016 
376175.5485893414 -1.2076613454997225e+21 -55356450407366.94 
379310.3448275859 -1.237871310819017e+21 -56741206533939.94 
382445.1410658304 -1.2688369863446472e+21 -58160602698231.56 
385579.93730407493 -1.300577276365645e+21 -59615505429871.164 
388714.73354231945 -1.3331115580667863e+21 -61106802934954.1 
391849.52978056396 -1.3664596933582122e+21 -62635405638284.12 
394984.32601880847 -1.400642041000951e+21 -64202246739180.38 
398119.122257053 -1.43567946903578e+21 -65808282781187.65 
401253.9184952975 -1.4715933675229846e+21 -67454494236038.39 
404388.714733542 -1.5084056616008252e+21 -69141886102222.56 
407523.5109717865 -1.5461388248706434e+21 -70871488518531.1 
410658.307210031 -1.5848158931168167e+21 -72644357392946.98 
413793.10344827553 -1.6244604783699094e+21 -74461575047268.36 
416927.89968652005 -1.6650967833216242e+21 -76324250877856.92 
420062.69592476456 -1.706749616100341e+21 -78233522032915.19 
423197.49216300907 -1.7494444054162797e+21 -80190554106706.47 
426332.2884012536 -1.79320721608552e+21 -82196541851140.19 
429467.0846394981 -1.8380647649423485e+21 -84252709905158.33 
432601.8808777426 -1.8840444371496683e+21 -86360313542367.03 
435736.6771159871 -1.9311743029174217e+21 -88520639437371.1 
438871.4733542316 -1.9794831346392123e+21 -90735006451277.92 
442006.26959247614 -2.029000424457609e+21 -93004766436851.44 
445141.06583072065 -2.0797564022688695e+21 -95331305063807.12 
448275.86206896516 -2.1317820541780366e+21 -97716042664751.86 
451410.65830720967 -2.1851091414156994e+21 -100160435102285.38 
454545.4545454542 -2.2397702197279578e+21 -102665974657791.95 
457680.2507836987 -2.295798659251437e+21 -105234190942466.11 
460815.0470219432 -2.353228664885489e+21 -107866651831127.58 
463949.8432601877 -2.412095297173982e+21 -110564964419395.88 
467084.6394984322 -2.4724344937095024e+21 -113330776004809.17 
470219.43573667674 -2.5342830910729355e+21 -116165775092485.94 
473354.23197492125 -2.5976788473219e+21 -119071692425942.7 
476489.02821316576 -2.662660465041727e+21 -122050302043699.03 
479623.82445141027 -2.729267614973062e+21 -125103422362312.98 
482758.6206896548 -2.7975409602305427e+21 -128232917286510.39 
485893.4169278993 -2.8675221811272834e+21 -131440697347082.34 
489028.2131661438 -2.9392540006203696e+21 -134728720867249.06 
492163.0094043883 -3.0127802103928633e+21 -138098995158199.89 
495297.8056426328 -3.0881456975882585e+21 -141553577744539.56 
498432.60188087734 -3.1653964722137203e+21 -145094577620390.88 
501567.39811912185 -3.244579695228805e+21 -148724156536917.53 
504702.19435736636 -3.32574370733685e+21 -152444530322055.66 
507836.99059561087 -3.408938058496563e+21 -156257970233258.75 
510971.7868338554 -3.4942135381718713e+21 -160166804344080.75 
514106.5830720999 -3.581622206338452e+21 -164173418965446.5 
517241.3793103444 -3.671217425265935e+21 -168280260102474.12 
520376.1755485889 -3.7630538920951273e+21 -172489834947742.06 
523510.9717868334 -3.8571876722301463e+21 -176804713411907.94 
526645.768025078 -3.953676233565915e+21 -181227529692619.2 
529780.5642633225 -4.0525784815718147e+21 -185760983882668.06 
532915.360501567 -4.1539547952529943e+21 -190407843618376.6 
536050.1567398115 -4.2578670640112515e+21 -195170945769214.47 
539184.952978056 -4.3643787254279947e+21 -200053198169685.7 
542319.7492163006 -4.4735548039923835e+21 -205057581394537.28 
545454.5454545451 -4.585461950798222e+21 -210187150578374.97 
548589.3416927896 -4.7001684842339164e+21 -215445037280798.72 
551724.1379310341 -4.817744431690288e+21 -220834451398192.94 
554858.9341692786 -4.938261572311673e+21 -226358683123341.7 
557993.7304075231 -5.061793480816557e+21 -232021104954064.8 
561128.5266457676 -5.18841557241429e+21 -237825173752099.16 
564263.3228840121 -5.318205148845482e+21 -243774432853485.3 
567398.1191222566 -5.451241445574051e+21 -249872514231744.25 
570532.9153605012 -5.587605680159835e+21 -256123140715167.1 
573667.7115987457 -5.727381101841229e+21 -262530128259571.0 
576802.5078369902 -5.870653042358153e+21 -269097388277908.94 
579937.3040752347 -6.017508968046389e+21 -275828930028154.3 
583072.1003134792 -6.168038533235051e+21 -282728863060920.9 
586206.8965517237 -6.322333634979825e+21 -289801399728309.25 
589341.6927899682 -6.480488469165341e+21 -297050857755512.4 
592476.4890282127 -6.642599588010971e+21 -304481662876751.06 
595611.2852664572 -6.808765959015219e+21 -312098351537148.94 
598746.0815047018 -6.979089025374475e+21 -319905573662194.06 
601880.8777429463 -7.153672767913317e+21 -327908095496479.6 
605015.6739811908 -7.332623768563947e+21 -336110802513458.75 
608150.4702194353 -7.516051275433518e+21 -344518702397983.8 
611285.2664576798 -7.704067269499267e+21 -353136928103457.5 
614420.0626959243 -7.896786532971927e+21 -361970740985457.3 
617554.8589341688 -8.094326719369345e+21 -371025534013750.94 
620689.6551724133 -8.296808425342975e+21 -380306835064660.06 
623824.4514106578 -8.504355264301163e+21 -389820310295781.56 
626959.2476489024 -8.717093941874059e+21 -399571767605131.8 
630094.0438871469 -8.935154333266397e+21 -409567160176818.6 
633228.8401253914 -9.158669562545226e+21 -419812590115412.0 
636363.6363636359 -9.387776083911027e+21 -430314312171227.8 
639498.4326018804 -9.622613765001927e+21 -441078737558802.0 
642633.2288401249 -9.863325972281682e+21 -452112437870884.44 
645768.0250783694 -1.0110059658563786e+22 -463422149090340.94 
648902.8213166139 -1.0362965452724858e+22 -475014775702415.06 
652037.6175548584 -1.062219775166239e+22 -486897394909859.8 
655172.413793103 -1.0887914814552777e+22 -499077260953511.5 
658307.2100313475 -1.11602788594672e+22 -511561809540943.8 
661442.006269592 -1.1439456162404448e+22 -524358662385905.94 
664576.8025078365 -1.1725617158801039e+22 -537475631861314.5 
667711.598746081 -1.201893654758064e+22 -550920725768645.1 
670846.3949843255 -1.231959339780631e+22 -564702152226627.9 
673981.19122257 -1.262777125800071e+22 -578828324682234.9 
677115.9874608145 -1.2943658268200886e+22 -593307867047021.0 
680250.783699059 -1.3267447274816292e+22 -608149618961950.6 
683385.5799373036 -1.359933594835988e+22 -623362641193923.9 
686520.3761755481 -1.3939526904124356e+22 -638956221167305.6 
689655.1724137926 -1.4288227825877143e+22 -654939878633815.1 
692789.9686520371 -1.4645651592649567e+22 -671323371484259.5 
695924.7648902816 -1.5012016408697747e+22 -688116701705640.5 
699059.5611285261 -1.5387545936714434e+22 -705330121487290.2 
702194.3573667706 -1.577246943437338e+22 -722974139479743.1 
705329.1536050151 -1.6167021894289116e+22 -741059527210186.2 
708463.9498432596 -1.6571444187478152e+22 -759597325658383.8 
711598.7460815042 -1.6985983210408632e+22 -778598851997105.9 
714733.5423197487 -1.7410892035728603e+22 -798075706501168.4 
717868.3385579932 -1.7846430066764748e+22 -818039779629299.9 
721003.1347962377 -1.829286319588598e+22 -838503259283175.4 
724137.9310344822 -1.8750463966828638e+22 -859478638248028.2 
727272.7272727267 -1.9219511741082096e+22 -880978721819390.4 
730407.5235109712 -1.9700292868436675e+22 -903016635620621.6 
733542.3197492157 -2.0193100861797793e+22 -925605833615992.1 
736677.1159874602 -2.0698236576373133e+22 -948760106324215.5 
739811.9122257048 -2.121600839334231e+22 -972493589237446.0 
742946.7084639493 -2.174673240812108e+22 -996820771450886.0 
746081.5047021938 -2.2290732623334943e+22 -1021756504508254.5 
749216.3009404383 -2.2848341146620085e+22 -1047316011468533.4 
752351.0971786828 -2.341989839337227e+22 -1073514896199514.0 
755485.8934169273 -2.400575329456769e+22 -1100369152903836.5 
758620.6896551718 -2.4606263509782383e+22 -1127895175883313.0 
761755.4858934163 -2.5221795645540507e+22 -1156109769547512.8 
764890.2821316608 -2.585272547912463e+22 -1185030158672724.0 
768025.0783699054 -2.6499438187984628e+22 -1214673998917531.5 
771159.8746081499 -2.7162328584885283e+22 -1245059387601448.2 
774294.6708463944 -2.7841801358936226e+22 -1276204874753182.5 
777429.4670846389 -2.8538271322651272e+22 -1308129474435273.0 
780564.2633228834 -2.925216366518812e+22 -1340852676352022.0 
783699.0595611279 -2.9983914211922703e+22 -1374394457747794.5 
786833.8557993724 -3.07339696905172e+22 -1408775295602972.2 
789968.6520376169 -3.1502788003643416e+22 -1444016179134966.0 
793103.4482758614 -3.2290838508528506e+22 -1480138622611967.5 
796238.244514106 -3.3098602303493786e+22 -1517164678487225.8 
799373.0407523505 -3.3926572521661194e+22 -1555116950861892.8 
802507.836990595 -3.4775254632007186e+22 -1594018609284641.0 
805642.6332288395 -3.5645166747947176e+22 -1633893402896483.0 
808777.429467084 -3.6536839943639636e+22 -1674765674929421.8 
811912.2257053285 -3.7450818578202415e+22 -1716660377567794.2 
815047.021943573 -3.8387660628039374e+22 -1759603087181369.8 
818181.8181818175 -3.934793802748047e+22 -1803620019939519.5 
821316.614420062 -4.033223701794301e+22 -1848738047815964.0 
824451.4106583066 -4.134115850582709e+22 -1894984714993897.8 
827586.2068965511 -4.237531842936403e+22 -1942388254681487.2 
830721.0031347956 -4.343534813464165e+22 -1990977606347996.5 
833855.7993730401 -4.452189476103561e+22 -2040782433391111.8 
836990.5956112846 -4.5635621636282885e+22 -2091833141246190.2 
840125.3918495291 -4.677720868143764e+22 -2144160895948527.0 
843260.1880877736 -4.7947352825957724e+22 -2197797643159968.0 
846394.9843260181 -4.914676843317408e+22 -2252776127671470.0 
849529.7805642626 -5.037618773640377e+22 -2309129913393520.5 
852664.5768025072 -5.1636361285972315e+22 -2366893403846632.0 
855799.3730407517 -5.2928058407418484e+22 -2426101863164412.0 
858934.1692789962 -5.425206767116133e+22 -2486791437622017.0 
862068.9655172407 -5.560919737391568e+22 -2548999177703157.0 
865203.7617554852 -5.700027603215068e+22 -2612763060719110.0 
868338.5579937297 -5.84261528878922e+22 -2678122013993553.5 
871473.3542319742 -5.98876984271781e+22 -2745115938627376.0 
874608.1504702187 -6.13858049114829e+22 -2813785733857974.5 
877742.9467084632 -6.292138692243615e+22 -2884173322027904.5 
880877.7429467078 -6.449538192016652e+22 -2956321674178114.0 
884012.5391849523 -6.610875081561373e+22 -3030274836281397.5 
887147.3354231968 -6.776247855715636e+22 -3106077956132115.5 
890282.1316614413 -6.94575747319155e+22 -3183777310908553.5 
893416.9278996858 -7.119507418209896e+22 -3263420335424757.0 
896551.7241379303 -7.297603763676364e+22 -3345055651089090.5 
899686.5203761748 -7.480155235938185e+22 -3428733095587173.0 
902821.3166144193 -7.667273281160666e+22 -3514503753307407.5 
905956.1128526638 -7.859072133364188e+22 -3602419986527583.0 
909090.9090909084 -8.055668884163136e+22 -3692535467381603.0 
912225.7053291529 -8.257183554249393e+22 -3784905210625896.0 
915360.5015673974 -8.463739166663861e+22 -3879585607225436.5 
918495.2978056419 -8.675461821901073e+22 -3976634458779966.5 
921630.0940438864 -8.892480774892466e+22 -4076111012811396.0 
924764.8902821309 -9.11492851391554e+22 -4178075998933943.0 
927899.6865203754 -9.342940841476831e+22 -4282591665929086.5 
931034.4827586199 -9.57665695721824e+22 -4389721819747897.0 
934169.2789968645 -9.816219542897166e+22 -4499531862464040.0 
937304.075235109 -1.0061774849492548e+23 -4612088832201185.0 
940438.8714733535 -1.0313472786489918e+23 -4727461444059245.0 
943573.667711598 -1.0571467013399946e+23 -4845720132064383.0 
946708.4639498425 -1.0835915033566312e+23 -4966937092168446.0 
949843.260188087 -1.1106978290320143e+23 -5091186326323937.0 
952978.0564263315 -1.1384822265539827e+23 -5218543687661606.0 
956112.852664576 -1.1669616580676288e+23 -5349086926798141.0 
959247.6489028205 -1.1961535100305552e+23 -5482895739302301.0 
962382.445141065 -1.2260756038271594e+23 -5620051814348398.0 
965517.2413793096 -1.2567462066484485e+23 -5760638884586884.0 
968652.0376175541 -1.2881840426440126e+23 -5904742777262468.0 
971786.8338557986 -1.3204083043529524e+23 -6052451466610875.0 
974921.6300940431 -1.3534386644207543e+23 -6203855127566354.0 
978056.4263322876 -1.3872952876092925e+23 -6359046190812787.0 
981191.2225705321 -1.4219988431072548e+23 -6518119399211907.0 
984326.0188087766 -1.457570517148512e+23 -6681171865642970.0 
987460.8150470211 -1.4940320259461352e+23 -6848303132289432.0 
990595.6112852657 -1.5314056289499545e+23 -7019615231408527.0 
993730.4075235102 -1.569714142435757e+23 -7195212747621104.0 
996865.2037617547 -1.608980953434466e+23 -7375202881759752.0 
999999.9999999992 -1.6492300340097294e+23 -7559695516314078.0 
