#x u 
0.0 -189086.98482652742 -0.028608291013365005 
3134.796238244514 -269770.38391661755 -0.022971897336194647 
6269.592476489028 -445972.6023875198 -0.02130372630182551 
9404.38871473354 -601920.1045762671 -0.018673816504036902 
12539.184952978056 -734665.4679545978 -0.015325187091053216 
15673.98119122257 -838999.6321253161 -0.011383854937508278 
18808.777429467085 -910889.7440690317 -0.007002311298385265 
21943.5736677116 -947555.7730389992 -0.002349988420870109 
25078.369905956115 -947579.8457718994 0.0023932084444529536 
28213.16614420063 -910961.0313482262 0.007043860003608252 
31347.962382445145 -839115.3783376744 0.011422125685829915 
34482.75862068966 -734821.1562102545 0.015358698074916577 
37617.55485893417 -602111.4197312073 0.01870135002243495 
40752.35109717868 -446118.05084167013 0.021320821267456984 
43887.14733542319 -272873.308922007 0.0231158169273741 
47021.943573667704 -89076.56348377462 0.02401692456828397 
50156.739811912215 98164.77026914482 0.02398929838194301 
53291.53605015673 281610.0749953648 0.023034006672234184 
56426.33228840124 454165.52569388715 0.021187990543884542 
59561.12852664575 609158.4077261414 0.018522635390938763 
62695.92476489026 740595.1505116315 0.015141010425491054 
65830.72100313478 843393.0987411208 0.011173882994024824 
68965.51724137929 913577.0585207662 0.006774661807640539 
72100.3134796238 948433.0180131055 0.0021134646313225192 
75235.10971786831 946613.0982018313 -0.0026294601654585363 
78369.90595611282 908187.6753371084 -0.007270703808346421 
81504.70219435733 834642.659487874 -0.01163078953047161 
84639.49843260185 728822.034439424 -0.015541112934200388 
87774.29467084636 594817.8809169102 -0.018850461918657427 
90909.09090909087 437812.13593373494 -0.021430864047600723 
94043.88714733538 263876.2074265814 -0.023182535240089952 
97178.68338557989 79736.19307375888 -0.024037738418213266 
100313.4796238244 -107487.21772115419 -0.023963402898068656 
103448.27586206891 -290554.10069707525 -0.022962403232221273 
106583.07210031342 -462385.2644119149 -0.021073448050833013 
109717.86833855794 -616336.0023852851 -0.018369583199974917 
112852.66457680245 -746453.0437194247 -0.014955367060723972 
115987.46081504696 -847704.765924734 -0.010962827279378156 
119122.25705329147 -916175.7676261481 -0.006546355261924463 
122257.05329153598 -949218.2770290282 -0.001876735862520794 
125391.84952978049 -945554.5411832655 0.002865456862221923 
128526.645768025 -905326.236655499 0.007496842447153434 
131661.44200626953 -830088.990900095 0.011838325336240348 
134796.23824451404 -722752.2261873183 0.015722020502902306 
137931.03448275855 -587466.6523223727 0.018997745559475334 
141065.83072100306 -429463.758808845 0.021538828306104606 
144200.62695924757 -254853.51329027404 0.023247005141306603 
147335.42319749208 -70388.08926566917 0.024056220912796203 
150470.2194357366 116799.24027813421 0.023935183268449345 
153605.0156739811 299469.9463410637 0.022888572730718287 
156739.81191222562 470560.15763160127 0.02095686170095417 
159874.60815047013 623453.8202796832 0.018214749392735083 
163009.40438871464 752238.5404619533 0.014768273215285666 
166144.20062695915 851934.216511929 0.010750708309713648 
169278.99686520366 918685.6193175312 0.006317413802886885 
172413.79310344817 949911.4739271826 0.0016398250741750191 
175548.58934169268 944404.2773827793 -0.0031011756460610305 
178683.3855799372 902376.9928266064 -0.007722253987453147 
181818.1818181817 825454.8142223556 -0.012044712974798526 
184952.97805642622 716612.3201482493 -0.01590140323528557 
188087.77429467073 580058.446923405 -0.019143186660245986 
191222.57053291524 421073.7291535533 -0.021644703571806687 
194357.36677115975 245806.10159982415 -0.02330922037826235 
197492.16300940426 61033.158706849914 -0.02407237025946545 
200626.95924764877 -126099.93479216269 -0.02390464223003063 
203761.75548589329 -308356.74720353493 -0.02281252232834604 
206896.5517241378 -478689.41249212617 -0.020838242801643165 
210031.3479623823 -630511.1710713983 -0.018058148986132075 
213166.14420062682 -757951.0796195124 -0.014579747034903098 
216300.94043887133 -856081.0402997168 -0.010537546657877504 
219435.73667711584 -921106.3701711805 -0.006087859634941853 
222570.53291536035 -950512.5414762762 -0.0014027552436228822 
225705.32915360486 -943162.4183613551 0.0033365936552474805 
228840.12539184937 -899340.2298896296 0.00794691656718901 
231974.9216300939 -820740.5789109413 0.01224993242916645 
235109.7178683384 -710402.9118151262 0.016079243733503418 
238244.5141065829 -572593.983221848 0.019286771115029713 
241379.31034482742 -412642.86069418566 0.021748479576150746 
244514.10658307193 -236734.84983926764 0.023369174916869243 
247648.90282131644 -51672.30870676234 0.024086184891939415 
250783.69905956095 135388.39921398764 0.02387178274490538 
253918.49529780546 317213.6413776684 0.02273425940102778 
257053.29153604998 486772.24055901234 0.02071760285742682 
260188.0877742945 637507.3702870341 0.017899797168416526 
263322.884012539 763590.1071483538 0.014389806804221392 
266457.6802507835 860144.8350988541 0.010323362997842683 
269592.476489028 923437.7854050045 0.005857715021928195 
272727.27272727253 951021.4213803856 0.0011655493636271604 
275862.06896551704 941829.0845635425 -0.0035716880572242236 
278996.86520376155 896216.2423720036 -0.008170808396943905 
282131.66144200607 815946.7421868071 -0.01245396379566328 
285266.4576802506 704124.6034217011 -0.016255524749286036 
288401.2539184951 565073.9851758835 -0.01942848499795794 
291536.0501567396 404171.9711179094 -0.021850146254182336 
294670.8463949841 227640.63780481552 -0.023426862942298506 
297805.6426332286 42306.447148967694 -0.02409766347037419 
300940.43887147313 -144663.73268052845 -0.023836608000026266 
304075.23510971764 -326039.76985721383 -0.022653791539273417 
307210.03134796215 -494807.8579005887 -0.020594953568847513 
310344.82758620667 -644441.7393841174 -0.017739709297703667 
313479.6238244512 -769155.0761344215 -0.014198470945030722 
316614.4200626957 -864125.206772855 -0.010108178102704195 
319749.2163009402 -925679.6389013357 -0.0056270022849506055 
322884.0125391847 -951438.0642846267 -0.0009282304401456683 
326018.8087774292 -940404.4053057898 0.0038064360508200095 
329153.60501567373 -893005.3332608454 0.008393907762053884 
332288.40125391824 -811073.7689912305 0.012656787285837686 
335423.19749216276 -697778.0038841481 0.01643022918561369 
338557.99373040727 -557499.1821298139 0.01956831456458375 
341692.7899686518 -395661.8819934315 0.02194969374552489 
344827.5862068963 -218524.3475195405 0.02348227885954437 
347962.3824451408 -32936.48240309432 0.024106804881493568 
351097.1786833853 153925.03560223174 0.02379912140689698 
354231.9749216298 334834.2766197972 0.02257112654744374 
357366.77115987433 502795.48516402376 0.02047030683132869 
360501.56739811884 651313.6058169113 0.01757790090048386 
363636.36363636336 774645.4468464 0.014005758014479487 
366771.15987460787 868021.7692762194 0.00989201284266393 
369905.9561128524 927831.7132288576 0.005395743800214534 
373040.7523510969 951762.4297799286 0.0006908214901000542 
376175.5485893414 938888.5187638901 -0.004040814868460689 
379310.3448275859 889707.8139735583 -0.008616193024713847 
382445.1410658304 806122.1319407265 -0.012858383228386998 
385579.93730407493 691363.7287420228 -0.01660334009837481 
388714.73354231945 549870.308743337 -0.01970624625321512 
391849.52978056396 387113.41869132104 -0.02204711239533603 
394984.32601880847 209386.8631478235 -0.02353541729396659 
398119.122257053 23563.323236722394 -0.02411360823869666 
401253.9184952975 -163171.4097503353 -0.023759326601240832 
404388.714733542 -343596.3087099566 -0.02248627244299301 
407523.5109717865 -510734.34765091934 -0.020343674734020815 
410658.307210031 -658122.303101645 -0.01741438767011674 
413793.10344827553 -780060.6883090767 -0.013811686772994693 
416927.89968652005 -871834.1137536357 -0.009674886764867652 
420062.69592476456 -929892.7661346886 -0.005163914622233017 
423197.49216300907 -951982.3146566293 -0.000452787613781351 
426332.2884012536 -937194.029996554 0.004278814502910824 
429467.0846394981 -885875.6757131469 0.008858192990430584 
432601.8808777426 -799333.5532201757 0.013139349542034646 
435736.6771159871 -679371.7012845689 0.017027438603187575 
438871.4733542316 -528036.2601130926 0.020490955077623715 
442006.26959247614 -348263.3670493682 0.02352962768982015 
445141.06583072065 -145873.88961533314 0.026077791019055368 
448275.86206896516 67942.81886941349 0.027882757333057045 
451410.65830720967 276159.14401968365 0.02847322096300075 
454545.4545454542 459911.86114938994 0.027330773862015746 
457680.2507836987 606256.973829261 0.024231980668922546 
460815.0470219432 714453.7809299733 0.019522122621427915 
463949.8432601877 794509.7486983137 0.01403383326738935 
467084.6394984322 857134.90783302 0.00861217173160193 
470219.43573667674 902554.5857571887 0.003588127744997574 
473354.23197492125 918441.0454005155 -0.0013285905611483432 
476489.02821316576 889972.8047874409 -0.006599084862369931 
479623.82445141027 813424.4166576294 -0.01224076738302879 
482758.6206896548 700415.4260995404 -0.017638507232571335 
485893.4169278993 568460.3923944816 -0.02198101018583892 
489028.2131661438 427010.02012619545 -0.024901107137481157 
492163.0094043883 272893.13154763245 -0.02668224819662992 
495297.8056426328 99582.6621642485 -0.027828224637069618 
498432.60188087734 -89538.71666389774 -0.028446452291039842 
501567.39811912185 -277931.01788222406 -0.02808836502175333 
504702.19435736636 -446270.45223233703 -0.02621418957402236 
507836.99059561087 -585812.6058352035 -0.022795945739704757 
510971.7868338554 -700999.8170610538 -0.018425498884777243 
514106.5830720999 -798892.9224553338 -0.013809800324103977 
517241.3793103444 -876858.0607628196 -0.009175292982483844 
520376.1755485889 -921678.319167929 -0.004199575879420528 
523510.9717868334 -921032.9149484664 0.0014592036778693976 
526645.768025078 -875078.2283559694 0.007586367184145052 
529780.5642633225 -795782.0126883814 0.013391481076207783 
532915.360501567 -694865.1644175585 0.01808100302001443 
536050.1567398115 -573576.224610508 0.021456205181335206 
539184.952978056 -425659.2030281143 0.023948762402046908 
542319.7492163006 -250550.0916543338 0.026078775072748805 
545454.5454545451 -62337.736979209425 0.02789366213857957 
548589.3416927896 116118.8577678767 0.02893857462572725 
551724.1379310341 269064.2229844902 0.028742638223415815 
554858.9341692786 398018.7971860244 0.027277799869811804 
557993.7304075231 515876.33351434657 0.024906196212055004 
561128.5266457676 630674.077073428 0.021903959699257763 
564263.3228840121 735099.2320870892 0.018116795858538454 
567398.1191222566 811783.3572425891 0.013159734792942971 
570532.9153605012 848437.2320865254 0.006970525883990722 
573667.7115987457 847317.8369421519 0.00011578035275610905 
576802.5078369902 819933.4041204742 -0.006514130875544661 
579937.3040752347 773331.0376866346 -0.012341575718178928 
583072.1003134792 702748.2443627781 -0.017425513847011763 
586206.8965517237 598320.6498961344 -0.0221422422387332 
589341.6927899682 458561.8182749122 -0.026561786585175263 
592476.4890282127 296183.07629538595 -0.030178217221358068 
595611.2852664572 129904.09064970548 -0.032281437880369815 
598746.0815047018 -29353.144149722444 -0.03258421443911545 
601880.8777429463 -183603.25765301028 -0.031449474974624 
605015.6739811908 -339119.1853564884 -0.02948205199196481 
608150.4702194353 -493322.2862821132 -0.0269154854152433 
611285.2664576798 -631277.0668607153 -0.023437746963530515 
614420.0626959243 -735709.2683757778 -0.018636038813685148 
617554.8589341688 -800226.9066197635 -0.012588159502726511 
620689.6551724133 -832034.9500482031 -0.005972600064130143 
623824.4514106578 -841451.7650160308 0.00042546439666239273 
626959.2476489024 -829369.0341848336 0.00630105647749544 
630094.0438871469 -785904.2444937233 0.01190137628878911 
633228.8401253914 -701670.6429105788 0.017517170268778755 
636363.6363636359 -579775.0389376174 0.022938174466711495 
639498.4326018804 -435848.32883206685 0.027454339327836884 
642633.2288401249 -285957.1174416629 0.030409684616308785 
645768.0250783694 -134943.9772062531 0.03173364341331495 
648902.8213166139 22749.339876256905 0.03189747310199351 
652037.6175548584 190878.1197596222 0.03134649045077068 
655172.413793103 360892.6528239448 0.030008118294196813 
658307.2100313475 514430.1402097529 0.027393760677388232 
661442.006269592 636423.5547432429 0.02318602836720897 
664576.8025078365 725279.7298330455 0.01769084577674959 
667711.598746081 789648.1821019555 0.011674687094834948 
670846.3949843255 835375.9378436154 0.005752307299055065 
673981.19122257 856520.9598879918 -3.8590374486243144e-05 
677115.9874608145 839978.0614978889 -0.006037303558747887 
680250.783699059 778908.0626244667 -0.012354677649950236 
683385.5799373036 680860.8369162539 -0.018508600157453585 
686520.3761755481 562020.6049742821 -0.023693044173826422 
689655.1724137926 433547.72376685694 -0.027406611496927268 
692789.9686520371 294250.14106293686 -0.02978806333203699 
695924.7648902816 137113.8491535844 -0.031313726213071665 
699059.5611285261 -37385.873310253286 -0.032181348040987094 
702194.3573667706 -215419.51677594302 -0.032032773002020655 
705329.1536050151 -377791.1626343166 -0.030309421626768425 
708463.9498432596 -513626.2494792711 -0.02686728152523065 
711598.7460815042 -625617.7647424935 -0.02220367420439082 
714733.5423197487 -721560.8002174536 -0.017054760368457957 
717868.3385579932 -801301.4455109537 -0.011782656692760518 
721003.1347962377 -853010.3390929974 -0.0061903480211275355 
724137.9310344822 -862842.289653901 4.888704153508468e-05 
727272.7272727267 -827926.0533886696 0.006807961169719197 
730407.5235109712 -759087.5128466162 0.013391157858545878 
733542.3197492157 -670461.8338008084 0.01901800052483155 
736677.1159874602 -566884.7376122314 0.023406333725586086 
739811.9122257048 -442231.7557579829 0.026850787370867518 
742946.7084639493 -290311.5912676779 0.029722912359153534 
746081.5047021938 -116681.69226472182 0.031926188030301256 
749216.3009404383 61240.49505207749 0.03288480421376231 
752351.0971786828 226109.98394338388 0.03208201133318386 
755485.8934169273 372325.468691428 0.02958434061391431 
758620.6896551718 505424.3193047172 0.02600137069619831 
761755.4858934163 630096.5983863501 0.02192256025948879 
764890.2821316608 739663.8734176193 0.017420499687301583 
768025.0783699054 818298.0303933857 0.012137971558363842 
771159.8746081499 853824.824676174 0.005860593873450051 
774294.6708463944 847794.1630351376 -0.0010348703450483504 
777429.4670846389 812338.3807322568 -0.007736344627192516 
780564.2633228834 757188.3790297437 -0.013601487674216949 
783699.0595611279 680511.830589746 -0.018585240066785053 
786833.8557993724 573160.5820027073 -0.02305012331646334 
789968.6520376169 431763.614745099 -0.027168285106959036 
793103.4482758614 266761.7461609757 -0.030552525199542414 
796238.244514106 96767.57255916703 -0.0325112890368991 
799373.0407523505 -65017.693060329635 -0.03266503977659212 
802507.836990595 -218277.78808650223 -0.031280106567760334 
805642.6332288395 -369340.78065935307 -0.02897176920491407 
808777.429467084 -518047.7888475533 -0.02608977399346039 
811912.2257053285 -651789.9254863383 -0.022431194552952338 
815047.021943573 -753214.1704744486 -0.017579148838350243 
818181.8181818175 -813703.1243513923 -0.011506042229091528 
821316.614420062 -838638.8511507378 -0.004800642484457222 
824451.4106583066 -839069.589922252 0.0017271269441568485 
827586.2068965511 -818651.8720739774 0.007656466798738732 
830721.0031347956 -769653.5888154556 0.01314870325032954 
833855.7993730401 -682219.48815952 0.018530045603607395 
836990.5956112846 -557106.2590929456 0.023712693351553942 
840125.3918495291 -408405.7480628444 0.02807206410205595 
843260.1880877736 -253264.2002099995 0.030917214357397527 
846394.9843260181 -99238.12676319623 0.03206674410446127 
849529.7805642626 57628.04357766548 0.03193053339242197 
852664.5768025072 222221.72499651814 0.0310159295743583 
855799.3730407517 388658.09182031226 0.029380302810625612 
858934.1692789962 540010.2930656768 0.026606030104110237 
862068.9655172407 659999.6043573956 0.022322491173957716 
865203.7617554852 744584.7483256309 0.016722773680541106 
868338.5579937297 801481.1850181149 0.010527008555697614 
871473.3542319742 838306.5824027357 0.0044248138682934915 
874608.1504702187 851966.4097978789 -0.001424410303815164 
877742.9467084632 830537.584807831 -0.007316788968248754 
880877.7429467078 765714.6645264617 -0.013443150148183118 
884012.5391849523 662731.3206178684 -0.01944158946711063 
887147.3354231968 537283.1328943348 -0.024543240216100787 
890282.1316614413 402601.3627226679 -0.028166693147156 
893416.9278996858 260134.2583639372 -0.030344174341657593 
896551.7241379303 103451.88313523574 -0.031538743500268106 
899686.5203761748 -68949.02909824754 -0.03205083931682864 
902821.3166144193 -245640.52768191774 -0.03164241592596839 
905956.1128526638 -407718.9212693203 -0.029775958210008082 
909090.9090909084 -542230.0471086515 -0.02621714369722115 
912225.7053291529 -649695.5136667037 -0.021365927837237356 
915360.5015673974 -738067.7123895335 -0.01596491379098698 
918495.2978056419 -809689.7347729495 -0.010487004193096186 
921630.0940438864 -855153.7085772002 -0.004839747347093128 
924764.8902821309 -860651.3742010006 0.0013108298250377166 
927899.6865203754 -821179.066634465 0.007946496445151933 
931034.4827586199 -745762.6190115035 0.014466894181352875 
934169.2789968645 -649216.342085418 0.020074504049861473 
937304.075235109 -539059.843773798 0.024378930687111056 
940438.8714733535 -411252.7906053886 0.027594178932768745 
943573.667711598 -259084.64231570167 0.030130054713110137 
946708.4639498425 -85686.06068858037 0.032014718046332505 
949843.260188087 93203.60663069606 0.03276118969474622 
952978.0564263315 259349.78839425158 0.03182186207463607 
956112.852664576 404625.86710598454 0.02915505464938671 
959247.6489028205 533109.6885672082 0.025308320161544794 
962382.445141065 650725.7970529944 0.020929722551977385 
965517.2413793096 753564.6476970741 0.01621785711053579 
968652.0376175541 827369.5010693859 0.01088372137661429 
971786.8338557986 858901.693350054 0.004657578308932251 
974921.6300940431 847369.0927200546 -0.0022002246419558454 
978056.4263322876 804000.1635361223 -0.00893025118068511 
981191.2225705321 740267.9180018124 -0.014823227884754216 
984326.0188087766 657149.3359469943 -0.019719459254578593 
987460.8150470211 546659.0603395748 -0.023942965925235576 
990595.6112852657 403939.88140073966 -0.02774908579451006 
993730.4075235102 236973.12231739465 -0.03087119851964375 
996865.2037617547 66427.94038282087 -0.032783218708551165 
999999.9999999992 -189086.98482916813 -0.028608291013486047 
