#x u 
0.0 7808367453699.695 357917.84582513926 
3134.796238244514 -195406834404.31137 -8956.96455323717 
6269.592476489028 4807691674.12312 220.41862173008488 
9404.38871473354 -202717467.17003456 -9.244384913362028 
12539.184952978056 -79375631.22183262 -3.5897640522002825 
15673.98119122257 -84463020.2004502 -3.82392758705611 
18808.777429467085 -86348982.79317364 -3.913188240065233 
21943.5736677116 -88332077.56948557 -4.008635674710925 
25078.369905956115 -90337057.14418826 -4.106644891128534 
28213.16614420063 -92374319.79607919 -4.2074564212581045 
31347.962382445145 -94453087.08395478 -4.311205717505264 
34482.75862068966 -96583314.67429626 -4.418021847899841 
37617.55485893417 -98775425.39139786 -4.528027915258451 
40752.35109717868 -101040086.57437836 -4.64134456636985 
43887.14733542319 -103387904.03451264 -4.758090206422237 
47021.943573667704 -105829015.84112635 -4.878376599626138 
50156.739811912215 -108372637.92821725 -5.002301689064314 
53291.53605015673 -111026631.98571058 -5.129942338012691 
56426.33228840124 -113797121.43098971 -5.261347689872863 
59561.12852664575 -116688133.40539975 -5.396531711694957 
62695.92476489026 -119701260.84807722 -5.535464302613727 
65830.72100313478 -122835417.5574701 -5.678064053967273 
68965.51724137929 -126086824.7304407 -5.824198855040774 
72100.3134796238 -129449342.0782808 -5.973699481265006 
75235.10971786831 -132915140.2163821 -6.126386075021734 
78369.90595611282 -136475584.72585887 -6.282101746195741 
81504.70219435733 -140122151.2223412 -6.44074527887662 
84639.49843260185 -143847225.58409357 -6.602296616171383 
87774.29467084636 -147644701.3093033 -6.766831520953021 
90909.09090909087 -151510307.75472367 -6.934522867781085 
94043.88714733538 -155441602.26402718 -7.10562602713085 
97178.68338557989 -159437604.78735566 -7.280447912292519 
100313.4796238244 -163498181.5896657 -7.459305124448879 
103448.27586206891 -167623434.2899268 -7.642483467620587 
106583.07210031342 -171813400.46769673 -7.8302133532446305 
109717.86833855794 -176068250.87480742 -8.022669996511354 
112852.66457680245 -180388931.20866394 -8.219996360888256 
115987.46081504696 -184777989.38331702 -8.422337226244062 
119122.25705329147 -189240270.0511906 -8.629869941802232 
122257.05329153598 -193783247.67610976 -8.842821422719586 
125391.84952978049 -198416914.0008288 -9.061467465865016 
128526.645768025 -203153248.07530722 -9.286115502863408 
131661.44200626953 -208005367.72630617 -9.517075050405744 
134796.23824451404 -212986530.7663554 -9.75462321085642 
137931.03448275855 -218109227.39765707 -9.998975854624264 
141065.83072100306 -223384616.57105857 -10.250275575866223 
144200.62695924757 -228822437.81607586 -10.508601916588251 
147335.42319749208 -234431301.11986062 -10.773998841890373 
150470.2194357366 -240219059.9219606 -11.046505398650245 
153605.0156739811 -246192955.69429237 -11.326174753365754 
156739.81191222562 -252359409.65620986 -11.613075424721213 
159874.60815047013 -258723589.92422652 -11.90728017498749 
163009.40438871464 -265289014.46631646 -12.20885415735228 
166144.20062695915 -272057385.42123556 -12.517851037778378 
169278.99686520366 -279028678.07684 -12.834318015417466 
172413.79310344817 -286201386.0672832 -13.158305192894792 
175548.58934169268 -293572829.83341175 -13.48987510786708 
178683.3855799372 -301139508.32639766 -13.829111686354272 
181818.1818181817 -308897503.6430234 -14.17612933912216 
184952.97805642622 -316842900.3972744 -14.53108081580687 
188087.77429467073 -324972130.012493 -14.894160139468603 
191222.57053291524 -333282183.3204951 -15.265598523327428 
194357.36677115975 -341770744.19436914 -15.645656221294505 
197492.16300940426 -350436373.70601887 -16.03461679988722 
200626.95924764877 -359278824.8148865 -16.432788046773137 
203761.75548589329 -368299423.2643124 -16.840507090161378 
206896.5517241378 -377501348.61458 -17.258142593916862 
210031.3479623823 -386889696.49083865 -17.68608899055306 
213166.14420062682 -396471359.912736 -18.124754821176868 
216300.94043887133 -406254881.77019936 -18.57455239321738 
219435.73667711584 -416250389.7727049 -19.035893997374153 
222570.53291536035 -426469574.11117697 -19.509192892226032 
225705.32915360486 -436925564.9731221 -19.99486243048079 
228840.12539184937 -447632621.1412062 -20.4933090745355 
231974.9216300939 -458605697.55068105 -21.00492213071579 
235109.7178683384 -469860055.57035327 -21.530067339250436 
238244.5141065829 -481411013.4243653 -22.06908834245075 
241379.31034482742 -493273774.2817078 -22.622312668307604 
244514.10658307193 -505463185.321167 -23.190054969359377 
247648.90282131644 -517993364.54353416 -23.772614066279278 
250783.69905956095 -530877298.31455386 -24.370267969543413 
253918.49529780546 -544126585.6484054 -24.98327442620892 
257053.29153604998 -557751403.0403684 -25.61187990061069 
260188.0877742945 -571760587.9525635 -26.256331908671516 
263322.884012539 -586161672.2679267 -26.916886644709926 
266457.6802507835 -600960810.7273089 -27.59380914472285 
269592.476489028 -616162725.3675576 -28.28737140016525 
272727.27272727253 -631770837.7871274 -28.997856272818527 
275862.06896551704 -647787627.0363643 -29.72556902634357 
278996.86520376155 -664215066.9568509 -30.47084996260928 
282131.66144200607 -681054954.4203863 -31.23407980667784 
285266.4576802506 -698309085.8570691 -32.0156762608559 
288401.2539184951 -715979422.5102662 -32.81608861132019 
291536.0501567396 -734068411.1848019 -33.63579853299059 
294670.8463949841 -752579464.7018595 -34.47532782320298 
297805.6426332286 -771517422.401753 -35.335245381594675 
300940.43887147313 -790888800.5607721 -36.21616526725155 
304075.23510971764 -810701821.849356 -37.1187358537395 
307210.03134796215 -830966398.2862037 -38.04362855021366 
310344.82758620667 -851694239.4417443 -38.99153436733124 
313479.6238244512 -872899067.500005 -39.963167809559316 
316614.4200626957 -894596742.3441383 -40.9592693021128 
319749.2163009402 -916805124.6259558 -41.98059839448556 
322884.0125391847 -939543713.838408 -43.02791945754268 
326018.8087774292 -962833277.37553 -44.10198968597279 
329153.60501567373 -986695647.8566482 -45.20355733850448 
332288.40125391824 -1011153647.687994 -46.33336804410768 
335423.19749216276 -1036230930.3928283 -47.49216914918648 
338557.99373040727 -1061951589.1413969 -48.68070480051996 
341692.7899686518 -1088339615.7325788 -49.89970507627129 
344827.5862068963 -1115418456.1624706 -51.149879908669156 
347962.3824451408 -1143210828.1702445 -52.43192482671603 
351097.1786833853 -1171738721.2562425 -53.7465343291134 
354231.9749216298 -1201023344.7117958 -55.09441162317084 
357366.77115987433 -1231084888.1926422 -56.476268051422615 
360501.56739811884 -1261942211.1703968 -57.89281713623899 
363636.36363636336 -1293612717.3245785 -59.3447746595871 
366771.15987460787 -1326112545.4094925 -60.832870581447764 
369905.9561128524 -1359456942.9401166 -62.35786654784002 
373040.7523510969 -1393660557.7159138 -63.92056682766532 
376175.5485893414 -1428737523.4976463 -65.5218171027445 
379310.3448275859 -1464701484.0081568 -67.16249791817373 
382445.1410658304 -1501565811.65146 -68.84352484134926 
385579.93730407493 -1539344110.8647614 -70.56585983268296 
388714.73354231945 -1578050819.8611703 -72.33052574359635 
391849.52978056396 -1617701627.0470872 -74.13861144287209 
394984.32601880847 -1658313605.3496304 -75.99126367577713 
398119.122257053 -1699905247.2767942 -77.88967458903986 
401253.9184952975 -1742496663.276794 -79.83507750168755 
404388.714733542 -1786109999.3190396 -81.8287540002419 
407523.5109717865 -1830769850.8905232 -83.87204261115414 
410658.307210031 -1876503394.2262254 -85.96633665190002 
413793.10344827553 -1923340187.0217438 -88.11306938761427 
416927.89968652005 -1971311873.5275395 -90.31369748126188 
420062.69592476456 -2020452068.330552 -92.56969542814933 
423197.49216300907 -2070796446.2630715 -94.88256224177171 
426332.2884012536 -2122382790.59422 -97.25382893118626 
429467.0846394981 -2175250739.791423 -99.68505466154902 
432601.8808777426 -2229441243.426032 -102.17781178210461 
435736.6771159871 -2284996011.677974 -104.7336723749304 
438871.4733542316 -2341957233.2461715 -107.35420846533458 
442006.26959247614 -2400367549.927624 -110.04100484775256 
445141.06583072065 -2460270010.579727 -112.7956712759728 
448275.86206896516 -2521707762.3876147 -115.61984236837723 
451410.65830720967 -2584723540.010582 -118.51516746119422 
454545.4545454542 -2649359267.3905783 -121.48330432556726 
457680.2507836987 -2715656022.923176 -124.52592777712245 
460815.0470219432 -2783654297.397099 -127.6447495475037 
463949.8432601877 -2853394228.0308347 -130.84153459115367 
467084.6394984322 -2924915578.675911 -134.1181030721064 
470219.43573667674 -2998257566.4490395 -137.47632251466902 
473354.23197492125 -3073458861.8872886 -140.918105107469 
476489.02821316576 -3150557970.726506 -144.44541980424322 
479623.82445141027 -3229593859.140486 -148.06031309708746 
482758.6206896548 -3310606470.224839 -151.76492262235374 
485893.4169278993 -3393636922.8072753 -155.5614744122009 
489028.2131661438 -3478727536.5875897 -159.4522708512685 
492163.0094043883 -3565922020.57946 -163.43968529478298 
495297.8056426328 -3655265989.7294607 -167.52617144774965 
498432.60188087734 -3746807614.5239973 -171.71427911123683 
501567.39811912185 -3840598037.659323 -176.00666006513163 
504702.19435736636 -3936691393.1779666 -180.4060570537154 
507836.99059561087 -4035144630.631825 -184.91528561880534 
510971.7868338554 -4136017497.37925 -189.5372253569327 
514106.5830720999 -4239372807.818624 -194.27482681127984 
517241.3793103444 -4345276763.797722 -199.131123402352 
520376.1755485889 -4453798970.083422 -204.1092321804507 
523510.9717868334 -4565012043.942247 -209.2123387709691 
526645.768025078 -4678991086.14619 -214.44367865572852 
529780.5642633225 -4795813378.218697 -219.80653129882256 
532915.360501567 -4915558394.687633 -225.30423087635256 
536050.1567398115 -5038307858.239961 -230.9401807441605 
539184.952978056 -5164145499.812326 -236.71785569027867 
542319.7492163006 -5293156487.045576 -242.64078978336434 
545454.5454545451 -5425426839.429147 -248.71256386526875 
548589.3416927896 -5561043184.076601 -254.9368083585852 
551724.1379310341 -5700092882.0972395 -261.3172222212323 
554858.9341692786 -5842664208.867907 -267.8575930224794 
557993.7304075231 -5988846264.681603 -274.5618028540393 
561128.5266457676 -6138728632.506948 -281.43382045631665 
564263.3228840121 -6292401129.180332 -288.477695132259 
567398.1191222566 -6449953966.521395 -295.6975667503517 
570532.9153605012 -6611478276.610574 -303.0976896379299 
573667.7115987457 -6777066637.250573 -310.68245368800615 
576802.5078369902 -6946813291.51086 -318.4563887638414 
579937.3040752347 -7120814127.740086 -326.42415566302327 
583072.1003134792 -7299166781.479759 -334.59054052232494 
586206.8965517237 -7481971126.504676 -342.9604653093591 
589341.6927899682 -7669330035.26802 -351.53900937792326 
592476.4890282127 -7861350014.214092 -360.3314245167288 
595611.2852664572 -8058141445.429588 -369.34313172694124 
598746.0815047018 -8259818561.703405 -378.57970610607447 
601880.8777429463 -8466499532.966492 -388.0468677039307 
605015.6739811908 -8678306885.734127 -397.7504890160692 
608150.4702194353 -8895368078.939705 -407.696611473071 
611285.2664576798 -9117815839.487347 -417.89145312606905 
614420.0626959243 -9345788052.418373 -428.34139842459365 
617554.8589341688 -9579427405.023367 -439.05297942423863 
620689.6551724133 -9818881179.190529 -450.03286659342007 
623824.4514106578 -10064301369.651682 -461.2878773502451 
626959.2476489024 -10315844907.9879 -472.8249921183433 
630094.0438871469 -10573673613.644215 -484.65136031677264 
633228.8401253914 -10837953741.897142 -496.7742900040691 
636363.6363636359 -11108855394.140871 -509.2012329394111 
639498.4326018804 -11386552183.388655 -521.9397826027842 
642633.2288401249 -11671221275.093512 -534.9976901630886 
645768.0250783694 -11963043538.519938 -548.3828857126803 
648902.8213166139 -12262203451.50376 -562.1034878439841 
652037.6175548584 -12568888696.561174 -576.1677981853155 
655172.413793103 -12883289755.725716 -590.5842944808319 
658307.2100313475 -13205599864.94274 -605.361638303657 
661442.006269592 -13536015369.991062 -620.5086989468748 
664576.8025078365 -13874736169.958601 -636.0345788075939 
667711.598746081 -14221965913.274836 -651.9486247130515 
670846.3949843255 -14577911942.37344 -668.2604249182492 
673981.19122257 -14942785312.871542 -684.9798067310198 
677115.9874608145 -15316801192.434864 -702.1168488786155 
680250.783699059 -15700179595.857231 -719.6819068520026 
683385.5799373036 -16093146104.18343 -737.6856354080826 
686520.3761755481 -16495932269.822966 -756.1389949723394 
689655.1724137926 -16908775764.722305 -775.0532450282586 
692789.9686520371 -17331920607.01371 -794.4399403865319 
695924.7648902816 -17765617710.700596 -814.3109420899791 
699059.5611285261 -18210125643.24354 -834.6784382291703 
702194.3573667706 -18665711230.48241 -855.5549586791748 
705329.1536050151 -19132649775.61855 -876.9533735672085 
708463.9498432596 -19611225021.4199 -898.886881839526 
711598.7460815042 -20101729198.823135 -921.3690060333911 
714733.5423197487 -20604463349.31689 -944.4136021317569 
717868.3385579932 -21119737755.439102 -968.0348770966408 
721003.1347962377 -21647872141.957188 -992.2473986979955 
724137.9310344822 -22189195500.92021 -1017.066090883899 
727272.7272727267 -22744045741.53009 -1042.5062237715838 
730407.5235109712 -23312769502.211246 -1068.583413491791 
733542.3197492157 -23895722248.632336 -1095.313637235043 
736677.1159874602 -24493268452.130302 -1122.7132536734741 
739811.9122257048 -25105781550.542103 -1150.7990146271775 
742946.7084639493 -25733643632.046642 -1179.5880647294234 
746081.5047021938 -26377245092.390434 -1209.0979400123442 
749216.3009404383 -27036984565.653313 -1239.3465786085799 
752351.0971786828 -27713269170.104156 -1270.352344929641 
755485.8934169273 -28406514824.52255 -1302.1340556110742 
758620.6896551718 -29117146380.815666 -1334.7109951465454 
761755.4858934163 -29845597587.873386 -1368.10292155155 
764890.2821316608 -30592311152.89966 -1402.3300740011186 
768025.0783699054 -31357739128.550404 -1437.4131927273013 
771159.8746081499 -32142343571.817085 -1473.3735485912848 
774294.6708463944 -32946597200.552284 -1510.232969736472 
777429.4670846389 -33770983849.32467 -1548.0138563004339 
780564.2633228834 -34615998807.34693 -1586.7391871753423 
783699.0595611279 -35482149296.67015 -1626.4325310048077 
786833.8557993724 -36369955228.37519 -1667.1180682420797 
789968.6520376169 -37279950093.359634 -1708.820618327628 
793103.4482758614 -38212681711.306274 -1751.5656599845809 
796238.244514106 -39168712719.594765 -1795.3793398143803 
799373.0407523505 -40148620956.36118 -1840.2884767099658 
802507.836990595 -41152999979.321396 -1886.3205734308408 
805642.6332288395 -42182459772.60887 -1933.5038378813645 
808777.429467084 -43237627442.31114 -1981.8672051082244 
811912.2257053285 -44319147668.7845 -2031.4403496916568 
815047.021943573 -45427682905.74806 -2082.253688621306 
818181.8181818175 -46563913543.9231 -2134.338385397712 
821316.614420062 -47728538235.6858 -2187.7263651518983 
824451.4106583066 -48922274331.83458 -2242.450339068264 
827586.2068965511 -50145858191.64527 -2298.5438271396397 
830721.0031347956 -51400045215.03369 -2356.0411715866835 
833855.7993730401 -52685609723.193405 -2414.9775453458687 
836990.5956112846 -54003344975.66538 -2475.3889671019792 
840125.3918495291 -55354063472.963684 -2537.3123281288777 
843260.1880877736 -56738597402.49166 -2600.7854234928914 
846394.9843260181 -58157798963.36277 -2665.84697553643 
849529.7805642626 -59612540490.00346 -2732.5366469533787 
852664.5768025072 -61103714577.68062 -2800.8950543260776 
855799.3730407517 -62632234469.44215 -2870.9637955159674 
858934.1692789962 -64199034717.48499 -2942.7854922561087 
862068.9655172407 -65805071854.92686 -3016.403835357478 
865203.7617554852 -67451324831.362656 -3091.86361939833 
868338.5579937297 -69138795284.27309 -3169.210767387125 
871473.3542319742 -70868507998.56984 -3248.4923584716325 
874608.1504702187 -72641511826.4955 -3329.7566687131603 
877742.9467084632 -74458880961.4234 -3413.0532189655364 
880877.7429467078 -76321716180.25284 -3498.432812900572 
884012.5391849523 -78231145796.35579 -3585.9475557637343 
887147.3354231968 -80188326464.11157 -3675.6508639116705 
890282.1316614413 -82194444200.8865 -3767.597485831863 
893416.9278996858 -84250715772.48541 -3861.8435447214774 
896551.7241379303 -86358390146.09479 -3958.4465911891757 
899686.5203761748 -88518749545.55136 -4057.4656452859654 
902821.3166144193 -90733109972.50221 -4158.961220602896 
905956.1128526638 -93002821564.61963 -4262.995345327044 
909090.9090909084 -95329269304.24228 -4369.631601185404 
912225.7053291529 -97713874190.81926 -4478.935183052588 
915360.5015673974 -100158094460.00514 -4590.972958385897 
918495.2978056419 -102663426350.72636 -4705.813502904648 
921630.0940438864 -105231404402.94951 -4823.52711200207 
924764.8902821309 -107863601806.87367 -4944.185812831151 
927899.6865203754 -110561631317.60558 -5067.863402141961 
931034.4827586199 -113327146665.177 -5194.635508224768 
934169.2789968645 -116161843836.9068 -5324.579649695591 
937304.075235109 -119067461704.09444 -5457.775267720029 
940438.8714733535 -122045782149.32962 -5594.303739058765 
943573.667711598 -125098630411.9691 -5734.248402500553 
946708.4639498425 -128227876185.90897 -5877.694622416782 
949843.260188087 -131435435234.9384 -6024.7298776673715 
952978.0564263315 -134723270748.63388 -6175.443839131112 
956112.852664576 -138093393956.59702 -6329.928412689206 
959247.6489028205 -141547864376.95856 -6488.27776396443 
962382.445141065 -145088790586.4899 -6650.588364754088 
965517.2413793096 -148718331979.55188 -6816.959082050576 
968652.0376175541 -152438701032.45853 -6987.49128717234 
971786.8338557986 -156252165113.88873 -7162.288940894345 
974921.6300940431 -160161047425.26068 -7341.458635525174 
978056.4263322876 -164167727679.6935 -7525.109621976277 
981191.2225705321 -168274643540.67612 -7713.353868882543 
984326.0188087766 -172484293155.1813 -7906.306169457412 
987460.8150470211 -176799238015.69717 -8104.0842614034555 
990595.6112852657 -181222105045.3969 -8306.808909706802 
993730.4075235102 -185755587667.08755 -8514.60393872935 
996865.2037617547 -190402444908.31305 -8727.596339057114 
999999.9999999992 -195165588280.44522 -8945.91244044605 
