#x u 
0.0 198317.19153333004 0.018357523776779665 
3134.796238244514 297176.56957023486 0.013113814668248408 
6269.592476489028 489870.7837472675 0.012190928691402097 
9404.38871473354 661140.7005822684 0.010682896095595504 
12539.184952978056 806908.9885029297 0.008764720254913825 
15673.98119122257 921472.3103341314 0.006507529621269609 
18808.777429467085 1000402.3703393765 0.003998695175712298 
21943.5736677116 1040646.8965423448 0.0013352312474870013 
25078.369905956115 1040649.63525657 -0.001379866036349551 
28213.16614420063 1000410.4805577908 -0.004041603937675966 
31347.962382445145 921485.4794764512 -0.006547053123409303 
34482.75862068966 806926.659682103 -0.008799327940907826 
37617.55485893417 661164.0076557561 -0.010711332983541558 
40752.35109717868 489834.16123177536 -0.012209131067724829 
43887.14733542319 299562.4409643905 -0.013234802381817444 
47021.943573667704 97706.64916001757 -0.013748684243683295 
50156.739811912215 -107927.45614008444 -0.013730904855542089 
53291.53605015673 -309388.0096133717 -0.013182151745855158 
56426.33228840124 -498884.5370742196 -0.012123645182618378 
59561.12852664575 -669089.2129011964 -0.01059631758616931 
62695.92476489026 -813420.2268568038 -0.00865923067359346 
65830.72100313478 -926296.3025123759 -0.006387291543712711 
68965.51724137929 -1003352.5250575017 -0.0038683560215881227 
72100.3134796238 -1041609.1324383703 -0.0011998312761271393 
75235.10971786831 -1039586.742676266 0.0015150909125187433 
78369.90595611282 -997363.5615289087 0.004171424576317664 
81504.70219435733 -916572.3582759025 0.0066664493639181826 
84639.49843260185 -800337.3265746009 0.008903682733873923 
87774.29467084636 -653153.2719753842 0.010796610931926945 
90909.09090909087 -480711.7979118886 0.012272034475558555 
94043.88714733538 -289681.21154927264 0.013272898776009987 
97178.68338557989 -87448.66052544888 0.013760500437695635 
100313.4796238244 118165.52784943732 0.013715983917469506 
103448.27586206891 319210.2584398057 0.013141070667971684 
106583.07210031342 507911.1369197326 0.01205799256910112 
109717.86833855794 676971.1053924839 0.010508632221817618 
112852.66457680245 819852.6194231684 0.008552903349089015 
115987.46081504696 931030.4547062413 0.006266433933835006 
119122.25705329147 1006205.3673408297 0.0037376416868612904 
122257.05329153598 1042470.3454767762 0.001064314936360214 
125391.84952978049 1038423.023384712 -0.0016501688441109374 
128526.645768025 994219.9109011068 -0.004300840639752631 
131661.44200626953 911570.3411970993 -0.0067851990435028675 
134796.23824451404 793670.3709107318 -0.00900717398269191 
137931.03448275855 645079.1887226992 -0.010880841746169254 
141065.83072100306 471542.8116526603 -0.012333747651903358 
144200.62695924757 279771.8867355956 -0.013309707867587495 
147335.42319749208 77182.19048141051 -0.013770982037924305 
150470.2194357366 -128392.13900329484 -0.013699732703150346 
153605.0156739811 -329001.54792515206 -0.013098715073125473 
156739.81191222562 -516888.47583545296 -0.011991170483441609 
159874.60815047013 -684787.3402841047 -0.010419927653600442 
163009.40438871464 -826205.4966976056 -0.0084457465015819 
166144.20062695915 -935674.3087701187 -0.006144968559449653 
169278.99686520366 -1008960.6204823697 -0.003606564848359025 
172413.79310344817 -1043230.4521310803 -0.0009286953715612954 
175548.58934169268 -1037158.5902478975 0.0017850867302824718 
178683.3855799372 -990979.8335685751 0.004429839576266439 
181818.1818181817 -906479.9133721743 0.006903290644952606 
184952.97805642622 -786926.4393005248 0.009109791650024977 
188087.77429467073 -636942.540981236 0.010964017256949241 
191222.57053291524 -462328.09172931244 0.012394264611364983 
194357.36677115975 -269835.4276020188 0.013345226086535638 
197492.16300940426 -66908.23474511283 0.013780128027787298 
200626.95924764877 138606.29775025346 0.01368215278874612 
203761.75548589329 338760.92843868106 0.013055089069271308 
206896.5517241378 525815.6831335203 0.011923185406533482 
210031.3479623823 692537.159500542 0.010330212484734272 
213166.14420062682 832478.2425317018 0.00833777052392536 
216300.94043887133 940227.4143091403 0.00602290720115529 
219435.73667711584 1011618.0172575533 0.0034751382188699075 
222570.53291536035 1043889.3786805881 0.0007929857351057964 
225705.32915360486 1035793.5658997779 -0.0019198314857118272 
228840.12539184937 987643.6437776646 -0.004558408874600427 
231974.9216300939 901301.5685079789 -0.007020712714881832 
235109.7178683384 780106.1858196998 -0.0092115257832627 
238244.5141065829 628744.1179024901 -0.011046129397298734 
241379.31034482742 453068.53185264784 -0.012453579484566858 
244514.10658307193 259872.79785888063 -0.013379449988038168 
247648.90282131644 56627.789759778396 -0.013787937520239671 
250783.69905956095 -148807.0134466377 -0.01366324587928516 
253918.49529780546 -348487.45344442833 -0.013010196887577484 
257053.29153604998 -534691.8929881997 -0.011854043932065739 
260188.0877742945 -700219.8114077512 -0.010239495416451128 
263322.884012539 -838670.2485487732 -0.008228985888417969 
266457.6802507835 -944689.3297298946 -0.005900261697353561 
269592.476489028 -1014177.2999326484 -0.0033433745451079537 
272727.27272727253 -1044447.0612177959 -0.000657199189104942 
275862.06896551704 -1034328.082730381 0.0020543900418689637 
278996.86520376155 -984211.6650964158 0.0046865360651654735 
282131.66144200607 -896035.8088381989 0.007137453864840962 
285266.4576802506 -773210.2719462237 0.0093123665154861 
288401.2539184951 -620484.7146293778 0.011127170203382882 
291536.0501567396 -443765.03008238005 0.012511686518719643 
294670.8463949841 -249884.96375474645 0.013412376252811347 
297805.6426332286 -46341.85259801579 0.013794409757859852 
300940.43887147313 158993.29675256825 0.013643013808497615 
304075.23510971764 358180.17959299166 0.012964042882015534 
307210.03134796215 543516.2445198643 0.011783752765883398 
310344.82758620667 707834.5508860704 0.010147785247154567 
313479.6238244512 844780.9142028771 0.00811940314578782 
316614.4200626957 949059.6222832518 0.00577704394310068 
319749.2163009402 1016638.2202897359 0.003211286606476101 
322884.0125391847 1044903.4456545778 0.000521348903129171 
326018.8087774292 1032762.2828729592 -0.0021887493482829214 
329153.60501567373 980684.2303831741 -0.004814208721251408 
332288.40125391824 890683.1450746466 -0.007253502772421105 
335423.19749216276 766239.366496167 -0.009412304066424852 
338557.99373040727 612165.1322191257 -0.011207131815272735 
341692.7899686518 434418.4887400264 -0.012568580078178928 
344827.5862068963 239872.89398267557 -0.013444001687425645 
347962.3824451408 36051.42086509304 -0.013799544112922986 
351097.1786833853 -169164.1597279356 -0.013621458538637363 
354231.9749216298 -367838.16681303637 -0.012916631528937758 
357366.77115987433 -552287.8818784857 -0.011712318725336809 
360501.56739811884 -715380.6394024751 -0.010055090871566284 
363636.36363636336 -850809.6468370482 -0.008009032924169263 
366771.15987460787 -953337.8681063438 -0.005653265888953691 
369905.9561128524 -1019000.539650813 -0.0030788872138260244 
373040.7523510969 -1045258.4877274206 -0.00038544805293189524 
376175.5485893414 -1031096.3181900493 0.0023228963737996337 
379310.3448275859 -977061.6817541483 0.004941414460224655 
382445.1410658304 -885244.0963585528 0.007368848182389879 
385579.93730407493 -759194.145561361 0.009511328743521976 
388714.73354231945 -603786.1775648829 0.011286006477676185 
391849.52978056396 -425029.8143043473 0.01262425464421069 
394984.32601880847 -229837.55955940162 0.013474323223383428 
398119.122257053 -25757.49265417347 0.013803340089844216 
401253.9184952975 179318.615677745 0.013598582171772181 
404388.714733542 377460.47823474125 0.012867967434331086 
407523.5109717865 561005.9553892852 0.011639748689911418 
410658.307210031 722857.3479404734 0.009961421148847419 
413793.10344827553 856755.8615343443 0.007897885937534946 
416927.89968652005 957523.6374817861 0.00552894021737933 
420062.69592476456 1021264.0023195186 0.002946190426647719 
423197.49216300907 1045512.1734397692 0.0002495088823374155 
426332.2884012536 1029330.5111632991 -0.00245682548334545 
429467.0846394981 973344.5825920153 -0.005068150664242789 
432601.8808777426 879718.8948546412 -0.007483465369354912 
435736.6771159871 752073.8431924039 -0.009609364512483268 
438871.4733542316 595347.0994760102 -0.01136371485775289 
442006.26959247614 415602.6046339929 -0.01267882799573258 
445141.06583072065 219791.0064957255 -0.013503845467770063 
448275.86206896516 15472.589451080614 -0.01380632551342067 
451410.65830720967 -189472.33774229544 -0.013573623362066729 
454545.4545454542 -387117.53437876905 -0.01281478462373986 
457680.2507836987 -569754.4788269422 -0.01156215993981503 
460815.0470219432 -730206.935951935 -0.009869398620188603 
463949.8432601877 -862252.3068419588 -0.007802780502413781 
467084.6394984322 -961056.1391392517 -0.0054297657746573205 
470219.43573667674 -1023324.4924434775 -0.0028179720398878623 
473354.23197492125 -1046929.3107118952 -5.555521666024975e-05 
476489.02821316576 -1030258.5067056976 0.0027189237666041767 
479623.82445141027 -972114.762765225 0.005316479595598311 
482758.6206896548 -872811.9034148786 0.007562262716899558 
485893.4169278993 -735887.2910848719 0.009406675352463499 
489028.2131661438 -568637.5424735296 0.011002285214228604 
492163.0094043883 -380232.994207632 0.012658220132468735 
495297.8056426328 -178682.52775691063 0.014653485469306476 
498432.60188087734 30090.00082169377 0.016990691966748815 
501567.39811912185 239342.33005819132 0.019236382336806038 
504702.19435736636 437642.8255844414 0.02058863698672661 
507836.99059561087 609586.8514585358 0.020220373490972582 
510971.7868338554 743060.4338173863 0.017765855641688953 
514106.5830720999 837368.9583154507 0.013633386393175195 
517241.3793103444 903175.0017205339 0.00883566444428974 
520376.1755485889 951683.2650959721 0.00435431215545947 
523510.9717868334 981875.9998328337 0.0004971232516075258 
526645.768025078 978694.1391815845 -0.003183718139658046 
529780.5642633225 925663.9240658672 -0.007294531499673634 
532915.360501567 820798.8466729107 -0.011858841180289596 
536050.1567398115 680097.1704079394 -0.01615235781896326 
539184.952978056 524617.7811067671 -0.019293138062450522 
542319.7492163006 363770.9659098225 -0.021003975859505548 
545454.5454545451 191658.73502415416 -0.02177417160211736 
548589.3416927896 30.7230539000318 -0.022257196275674795 
551724.1379310341 -205838.7206508677 -0.022532276161982813 
554858.9341692786 -405181.0852343186 -0.022001705184781818 
557993.7304075231 -576010.1087931104 -0.020031543292985832 
561128.5266457676 -710961.4165450569 -0.016663212298046796 
564263.3228840121 -818354.2567577935 -0.012647507978934212 
567398.1191222566 -907629.130130873 -0.008762807099291631 
570532.9153605012 -974696.4224886697 -0.005130115931640686 
573667.7115987457 -1002775.8508011037 -0.0012396202255134483 
576802.5078369902 -977967.8658792035 0.003345586376006233 
579937.3040752347 -903259.68049225 0.008355240251276274 
583072.1003134792 -796267.6092968008 0.012920549926819756 
586206.8965517237 -673065.5526834088 0.016317832067394976 
589341.6927899682 -535017.5916678456 0.018571568514570043 
592476.4890282127 -372310.1131965538 0.020289137087863632 
595611.2852664572 -180267.29405145868 0.021906854670055757 
598746.0815047018 28941.590556475818 0.023144756536958487 
601880.8777429463 231769.490222294 0.023246461681176375 
605015.6739811908 410458.0693560364 0.02175355674391727 
608150.4702194353 564143.3393127094 0.019000902349976534 
611285.2664576798 702522.5250611771 0.01581185616554942 
614420.0626959243 829031.2526200059 0.012712502953407102 
617554.8589341688 931478.7015177651 0.009488137366514323 
620689.6551724133 990202.6506297113 0.005543766596920673 
623824.4514106578 995340.2543011671 0.000683919698093329 
626959.2476489024 955184.6244660453 -0.004514229158005895 
630094.0438871469 886926.3606857716 -0.00913286730122103 
633228.8401253914 799545.2340655596 -0.012702770579173643 
636363.6363636359 686804.4464163593 -0.015526658438532868 
639498.4326018804 537611.0993181801 -0.01820364242228809 
642633.2288401249 352693.122262167 -0.020861288718825727 
645768.0250783694 149863.4784280151 -0.022908095669620807 
648902.8213166139 -47887.731881229345 -0.02357062377313386 
652037.6175548584 -229207.76559239186 -0.022653391805915038 
655172.413793103 -398707.8246910905 -0.020724633793012433 
658307.2100313475 -564556.0812108851 -0.018533791443596716 
661442.006269592 -722682.9630603839 -0.016273017913966792 
664576.8025078365 -854483.2752261324 -0.013457204216263004 
667711.598746081 -940676.0010455425 -0.009545061629207206 
670846.3949843255 -976961.7715078398 -0.004643579669579084 
673981.19122257 -975195.7712882172 0.0004499686628047934 
677115.9874608145 -948982.1332826971 0.004918163781000146 
680250.783699059 -898918.6421726928 0.008607284426805206 
683385.5799373036 -813020.4545797595 0.012012770099693343 
686520.3761755481 -681826.5885372085 0.015588858950590555 
689655.1724137926 -512202.27546059794 0.019115123974214034 
692789.9686520371 -325179.6719486129 0.021791804854903542 
695924.7648902816 -139921.82036481838 0.02296850984921074 
699059.5611285261 39558.511229919975 0.02274417727028811 
702194.3573667706 221231.0565172859 0.021810933247347133 
705329.1536050151 409057.9255330224 0.020708502934112284 
708463.9498432596 591293.0375729334 0.019274034970778932 
711598.7460815042 745659.425948251 0.01686489438011852 
714733.5423197487 856228.0035346182 0.01311771058709445 
717868.3385579932 924499.6949678706 0.008442173691150058 
721003.1347962377 963264.0831535946 0.0037263465341424197 
724137.9310344822 979878.341786881 -0.00044146228913710596 
727272.7272727267 966677.5455580599 -0.004221976974586668 
730407.5235109712 908664.1291352384 -0.008179858405700456 
733542.3197492157 800395.9374465493 -0.012514342742349832 
736677.1159874602 654270.3880608168 -0.016681456252122806 
739811.9122257048 491402.90610529267 -0.019811187601245027 
742946.7084639493 324548.6500266409 -0.021486532419667144 
746081.5047021938 150827.74073379984 -0.02207046873032288 
749216.3009404383 -38342.42040995574 -0.022241750434935724 
752351.0971786828 -240827.2003198606 -0.02223121971498397 
755485.8934169273 -438418.39690786786 -0.02156357431729913 
758620.6896551718 -608458.702913667 -0.019576311639727107 
761755.4858934163 -740506.5461587927 -0.01616906501185222 
764890.2821316608 -840796.2670971383 -0.011993421127496257 
768025.0783699054 -920065.1297843611 -0.007880791704024509 
771159.8746081499 -977771.9034351404 -0.004105910741129632 
774294.6708463944 -999472.7911513583 -0.0002549697480988122 
777429.4670846389 -970227.8424351261 0.004169463083906261 
780564.2633228834 -890002.8862885502 0.009049699325224885 
783699.0595611279 -774886.650517133 0.013601751903998574 
786833.8557993724 -642807.3449798776 0.01703185324270699 
789968.6520376169 -498672.2101561108 0.019216541002331177 
793103.4482758614 -334397.7246495406 0.020697349426427356 
796238.244514106 -143588.1254265402 0.022001366625534903 
799373.0407523505 64816.785545002494 0.0230066044358187 
802507.836990595 268538.38357517053 0.023022395635289492 
805642.6332288395 447777.30391860555 0.021501677138333217 
808777.429467084 598509.4667890315 0.018636509229854777 
811912.2257053285 729575.4799191053 0.015210100572867705 
815047.021943573 846909.9837184452 0.0118593009509603 
818181.8181818175 941748.254428307 0.008519911214867797 
821316.614420062 995419.5546473912 0.004633346296622895 
824451.4106583066 995848.2659048252 -0.00010848461679244996 
827586.2068965511 948529.6688869674 -0.005269563969141161 
830721.0031347956 870512.5912030203 -0.009952707742937272 
833855.7993730401 773735.0128874885 -0.013567897706711522 
836990.5956112846 655188.8542576691 -0.01628476057729096 
840125.3918495291 504143.29648210166 -0.018700239919433474 
843260.1880877736 318664.96118476643 -0.021077285725290933 
846394.9843260181 113859.90323288349 -0.02296031893198037 
849529.7805642626 -87061.3007273077 -0.023575628537683205 
852664.5768025072 -269760.0237435312 -0.022598312080623517 
855799.3730407517 -436223.45400606724 -0.020481092011858895 
858934.1692789962 -595161.2376257407 -0.018000135246670095 
862068.9655172407 -745741.9921915039 -0.015494995795941172 
865203.7617554852 -872045.337682256 -0.012599704270621685 
868338.5579937297 -954302.7193963899 -0.008743954106248952 
871473.3542319742 -985311.827018491 -0.0038925143274893916 
874608.1504702187 -974934.9632744701 0.0012599794884888829 
877742.9467084632 -938079.3486567143 0.005849360893141728 
880877.7429467078 -878869.459585835 0.009574430194652556 
884012.5391849523 -787658.1897526437 0.0128382925962586 
887147.3354231968 -653958.0688653534 0.01615713237821931 
890282.1316614413 -481580.5663051068 0.01946489030473695 
893416.9278996858 -289908.2478294399 0.022050749365998046 
896551.7241379303 -99767.548982623 0.02319982555699324 
899686.5203761748 81478.51292124635 0.022867212847032393 
902821.3166144193 260216.61122285324 0.021679790502253618 
905956.1128526638 442245.4172754688 0.02026609510517649 
909090.9090909084 619190.4476812687 0.018619580943785675 
912225.7053291529 770241.4362441092 0.016163666176998527 
915360.5015673974 877648.9161340726 0.012447470228037341 
918495.2978056419 939927.3412407069 0.007736988684462178 
921630.0940438864 969097.9333648772 0.00287579244440908 
924764.8902821309 975047.2083140796 -0.0014432546092180087 
927899.6865203754 953568.4110037233 -0.005235417782300044 
931034.4827586199 890714.9003476703 -0.009031408651771825 
934169.2789968645 778880.9198464586 -0.013144477529865972 
937304.075235109 627642.7102157337 -0.017174849663196184 
940438.8714733535 457857.0636927454 -0.020278719060452317 
943573.667711598 285071.0307052721 -0.02192437020031173 
946708.4639498425 109483.48322470959 -0.0223453207439206 
949843.260188087 -77237.13711290834 -0.02221842883054468 
952978.0564263315 -275728.7469083222 -0.02190881246352385 
956112.852664576 -470655.1334507056 -0.021077302418751227 
959247.6489028205 -639362.5865622465 -0.0190631741255294 
962382.445141065 -768651.090641742 -0.01563829649108623 
965517.2413793096 -862296.9328489859 -0.01133737537616744 
968652.0376175541 -931670.6995086874 -0.007013920453150364 
971786.8338557986 -979533.6546554844 -0.003084657702683042 
974921.6300940431 -994214.8217754314 0.0007486002420657526 
978056.4263322876 -960395.8696778677 0.0050137558648247205 
981191.2225705321 -875212.891877016 0.009737096241467517 
984326.0188087766 -752745.1667093062 0.01424159844800936 
987460.8150470211 -612122.748946139 0.017693270902399638 
990595.6112852657 -461654.6279114115 0.019827192430598488 
993730.4075235102 -295424.03421125514 0.021092213390324625 
996865.2037617547 -108734.91143857726 0.0222061695929806 
999999.9999999992 198317.19153159938 0.018357523776700337 
