#x u 
0.0 8927600139126415.0 409220893.1401306 
3134.796238244514 -223414731391335.8 -10240823.295535473 
6269.592476489028 5498092697674.618 252020.11610039673 
9404.38871473354 -230490102755.55994 -10565.098498284973 
12539.184952978056 -89513266961.91435 -4103.045763424612 
15673.98119122257 -95423129300.57494 -4373.946821306467 
18808.777429467085 -97718166070.9347 -4479.153749475603 
21943.5736677116 -100164709643.04335 -4591.306364611261 
25078.369905956115 -102670080038.31673 -4706.1560938863995 
28213.16614420063 -105238170684.74777 -4823.881045693866 
31347.962382445145 -107870499058.82526 -4944.550409695933 
34482.75862068966 -110568682575.15755 -5068.237960360456 
37617.55485893417 -113334377300.91446 -5195.019261852231 
40752.35109717868 -116169280162.93289 -5324.971782568528 
43887.14733542319 -119075129616.18022 -5458.174937902788 
47021.943573667704 -122053706414.3828 -5594.710136123604 
50156.739811912215 -125106834446.49872 -5734.660825095544 
53291.53605015673 -128236381637.50317 -5878.112539575382 
56426.33228840124 -131444260922.00876 -6025.152949196524 
59561.12852664575 -134732431309.49667 -6175.871907862493 
62695.92476489026 -138102899057.6043 -6330.361505311986 
65830.72100313478 -141557718954.17575 -6488.7161209914975 
68965.51724137929 -145098995694.1129 -6651.032479667574 
72100.3134796238 -148728885332.81763 -6817.409708374312 
75235.10971786831 -152449596813.1922 -6987.949394909445 
78369.90595611282 -156263393576.16232 -7162.755648675991 
81504.70219435733 -160172595257.6143 -7341.935164603826 
84639.49843260185 -164179579456.36752 -7525.597289965519 
87774.29467084636 -168286783542.40823 -7713.854093207098 
90909.09090909087 -172496706479.29504 -7906.8204341398805 
94043.88714733538 -176811910655.25125 -8104.614035772929 
97178.68338557989 -181235023733.063 -8307.35555869315 
100313.4796238244 -185768740521.47952 -8515.168678555388 
103448.27586206891 -190415824849.67093 -8728.180166152313 
106583.07210031342 -195179111414.42685 -8946.51996886095 
109717.86833855794 -200061507582.1311 -9170.321292801547 
112852.66457680245 -205065995156.44748 -9399.720686218925 
115987.46081504696 -210195632139.23273 -9634.858125254665 
119122.25705329147 -215453554501.2194 -9875.877102684359 
122257.05329153598 -220842977954.13052 -10122.924718938733 
125391.84952978049 -226367199705.98367 -10376.151774180029 
128526.645768025 -232029600200.52216 -10635.712861034135 
131661.44200626953 -237833644873.07092 -10901.766458967591 
134796.23824451404 -243782885966.36462 -11174.475031760085 
137931.03448275855 -249880964427.08612 -11454.005128469415 
141065.83072100306 -256131611868.23645 -11740.52748667421 
144200.62695924757 -262538652569.23236 -12034.217136188956 
147335.42319749208 -269106005506.6749 -12335.253502451194 
150470.2194357366 -275837686439.825 -12643.820510290458 
153605.0156739811 -282737810081.4047 -12960.106689173888 
156739.81191222562 -289810592358.6982 -13284.305279932581 
159874.60815047013 -297060352742.36743 -13616.61434180744 
163009.40438871464 -304491516628.75586 -13957.236859148263 
166144.20062695915 -312108617809.7963 -14306.380849434394 
169278.99686520366 -319916301114.9069 -14664.259476692096 
172413.79310344817 -327919325316.3904 -15031.091174792226 
175548.58934169268 -336122566345.6153 -15407.099783170412 
178683.3855799372 -344531020807.423 -15792.514694851247 
181818.1818181817 -353149809746.15735 -16187.571015151603 
184952.97805642622 -361984182612.43835 -16592.509729268935 
188087.77429467073 -371039521371.35315 -17007.577876582076 
191222.57053291524 -380321344652.3024 -17433.028727631514 
194357.36677115975 -389835311787.79474 -17869.12195729418 
197492.16300940426 -399587226581.0878 -18316.123807278564 
200626.95924764877 -409583040721.8309 -18774.30723462666 
203761.75548589329 -419828856911.1143 -19243.95204934626 
206896.5517241378 -430330931885.0018 -19725.345050058073 
210031.3479623823 -441095679569.0279 -20218.7801684321 
213166.14420062682 -452129674547.6832 -20724.558630857115 
216300.94043887133 -463439655941.53644 -21242.989141484602 
219435.73667711584 -475032531700.68274 -21774.38808683482 
222570.53291536035 -486915383254.5077 -22319.079758912696 
225705.32915360486 -499095470383.0031 -22877.39659027512 
228840.12539184937 -511580236096.3249 -23449.679390818143 
231974.9216300939 -524377311279.03235 -24036.277574611297 
235109.7178683384 -537494518936.1818 -24637.549368773456 
238244.5141065829 -550939878070.3392 -25253.862005171042 
241379.31034482742 -564721607430.4692 -25885.591905443478 
244514.10658307193 -578848129479.1986 -26533.124874729336 
247648.90282131644 -593328074860.9136 -27196.856316582358 
250783.69905956095 -608170287470.3241 -27877.191473252296 
253918.49529780546 -623383830038.9418 -28574.54568723853 
257053.29153604998 -638977990066.1324 -29289.344675959404 
260188.0877742945 -654962285925.4634 -30022.02481167082 
263322.884012539 -671346473020.8167 -30773.033400878605 
266457.6802507835 -688140549910.9028 -31542.828959620594 
269592.476489028 -705354764376.9124 -32331.881483671954 
272727.27272727253 -722999619499.9541 -33140.67271703598 
275862.06896551704 -741085879916.8549 -33969.69642683933 
278996.86520376155 -759624578456.9684 -34819.45869437572 
282131.66144200607 -778627023270.8145 -35690.47822788823 
285266.4576802506 -798104805382.0778 -36583.28669449111 
288401.2539184951 -818069806451.962 -37498.42906211238 
291536.0501567396 -838534206548.3792 -38436.463942483766 
294670.8463949841 -859510491854.5519 -39397.963932687395 
297805.6426332286 -881011462410.427 -40383.51595999608 
300940.43887147313 -903050240029.0105 -41393.721636907634 
304075.23510971764 -925640276450.3477 -42429.19762955198 
307210.03134796215 -948795361687.0483 -43490.57603756433 
310344.82758620667 -972529632487.439 -44578.50478214004 
313479.6238244512 -996857580908.5852 -45693.64800191092 
316614.4200626957 -1021794063063.2953 -46836.68645946891 
319749.2163009402 -1047354308095.1693 -48008.31796079938 
322884.0125391847 -1073553927354.677 -49209.25778607473 
326018.8087774292 -1100408923694.3418 -50440.23912765955 
329153.60501567373 -1127935700847.7395 -51702.01353324775 
332288.40125391824 -1156151072969.8884 -52995.351357176936 
335423.19749216276 -1185072274480.8943 -54321.04222588126 
338557.99373040727 -1214716970296.8555 -55679.89552078186 
341692.7899686518 -1245103266403.7998 -57072.74087604943 
344827.5862068963 -1276249720661.7227 -58500.42868555636 
347962.3824451408 -1308175353790.2417 -59963.8306163421 
351097.1786833853 -1340899660621.7913 -61463.84013214901 
354231.9749216298 -1374442621773.1702 -63001.37303364182 
357366.77115987433 -1408824715810.6423 -64577.3680185569 
360501.56739811884 -1444066931842.3179 -66192.78725864505 
363636.36363636336 -1480190782409.9226 -67848.61698755501 
366771.15987460787 -1517218316634.9717 -69545.8680977152 
369905.9561128524 -1555172133714.5603 -71285.57675079691 
373040.7523510969 -1594075396909.0276 -73068.80500859654 
376175.5485893414 -1633951848062.1787 -74896.64148659809 
379310.3448275859 -1674825822546.4917 -76770.2020257506 
382445.1410658304 -1716722264485.98 -78690.6303762203 
385579.93730407493 -1759666742223.015 -80659.09889211497 
388714.73354231945 -1803685464145.315 -82676.80924305851 
391849.52978056396 -1848805295016.25 -84744.99314971393 
394984.32601880847 -1895053772823.0056 -86864.91314442549 
398119.122257053 -1942459126005.5828 -89037.8633511491 
401253.9184952975 -1991050290917.342 -91265.17027820746 
404388.714733542 -2040856929514.3586 -93548.1936240384 
407523.5109717865 -2091909447427.3433 -95888.32710318052 
410658.307210031 -2144239012572.531 -98286.99929975808 
413793.10344827553 -2197877574301.6306 -100745.67454845332 
416927.89968652005 -2252857882940.1904 -103265.85383593838 
420062.69592476456 -2309213509582.221 -105849.07571648303 
423197.49216300907 -2366978866185.512 -108496.9172434556 
426332.2884012536 -2426189226166.5093 -111210.99492543124 
429467.0846394981 -2486880745663.3867 -113992.96571417028 
432601.8808777426 -2549090485449.6157 -116844.5280231389 
435736.6771159871 -2612856433333.294 -119767.42276847952 
438871.4733542316 -2678217526928.904 -122763.43442668406 
442006.26959247614 -2745213676890.4707 -125834.39211251179 
445141.06583072065 -2813885790837.89 -128982.17068727635 
448275.86206896516 -2884275798137.758 -132208.69190444754 
451410.65830720967 -2956426675483.731 -135515.9255896739 
454545.4545454542 -3030382473083.996 -138905.89084611842 
457680.2507836987 -3106188341351.927 -142380.65728014862 
460815.0470219432 -3183890558221.2334 -145942.34625285713 
463949.8432601877 -3263536557331.4927 -149593.1321687029 
467084.6394984322 -3345174957216.0293 -153335.24380745235 
470219.43573667674 -3428855591383.2476 -157170.96569465843 
473354.23197492125 -3514629539064.9185 -161102.63950061818 
476489.02821316576 -3602549156537.054 -165132.66546389236 
479623.82445141027 -3692668109166.282 -169263.50384686093 
482758.6206896548 -3785041404435.9907 -173497.6764354927 
485893.4169278993 -3879725426049.1978 -177837.7680883121 
489028.2131661438 -3976777968947.795 -182286.42832776628 
492163.0094043883 -4076258275001.3945 -186846.37296321767 
495297.8056426328 -4178227069300.6055 -191520.38574306856 
498432.60188087734 -4282746597255.165 -196311.3200456539 
501567.39811912185 -4389880662769.1494 -201222.10062174776 
504702.19435736636 -4499694667563.433 -206255.72539218728 
507836.99059561087 -4612255651449.403 -211415.26729181458 
510971.7868338554 -4727632333310.916 -216703.87614868084 
514106.5830720999 -4845895152783.37 -222124.7805979758 
517241.3793103444 -4967116312894.134 -227681.2900426589 
520376.1755485889 -5091369823960.129 -233376.7966741211 
523510.9717868334 -5218731548789.021 -239214.7775546709 
526645.768025078 -5349279248960.136 -245198.79675117772 
529780.5642633225 -5483092631959.449 -251332.50750905758 
532915.360501567 -5620253399221.396 -257619.65446849586 
536050.1567398115 -5760845295403.407 -264064.0759373028 
539184.952978056 -5904954159198.927 -270669.7062338696 
542319.7492163006 -6052667975695.933 -277440.5781000058 
545454.5454545451 -6204076930020.488 -284380.82517123234 
548589.3416927896 -6359273462053.97 -291494.68449439004 
551724.1379310341 -6518352322333.508 -298786.49909722776 
554858.9341692786 -6681410629505.053 -306260.72062661685 
557993.7304075231 -6848547929618.264 -313921.91206846765 
561128.5266457676 -7019866257207.595 -321774.7505467238 
564263.3228840121 -7195470197850.916 -329824.0301873146 
567398.1191222566 -7375466952005.197 -338074.6650380222 
570532.9153605012 -7559966400280.398 -346531.6920518791 
573667.7115987457 -7749081170549.87 -355200.27415269683 
576802.5078369902 -7942926707152.186 -364085.7033948165 
579937.3040752347 -8141621342056.349 -373193.4042116921 
583072.1003134792 -8345286367639.36 -382528.9367377285 
586206.8965517237 -8554046110900.791 -392098.00019589695 
589341.6927899682 -8768028009338.783 -401906.4363619492 
592476.4890282127 -8987362688917.146 -411960.2331254725 
595611.2852664572 -9212184044344.184 -422265.52815838304 
598746.0815047018 -9442629321473.238 -432828.61268258706 
601880.8777429463 -9678839201455.018 -443655.9353202195 
605015.6739811908 -9920957886521.734 -454754.10602122627 
608150.4702194353 -10169133187711.432 -466129.90008260607 
611285.2664576798 -10423516615002.457 -477790.2622809308 
614420.0626959243 -10684263470049.367 -489742.31112686713 
617554.8589341688 -10951532941281.357 -501993.3432306204 
620689.6551724133 -11225488200998.492 -514550.83776133694 
623824.4514106578 -11506296504424.229 -527422.4609982163 
626959.2476489024 -11794129291116.799 -540616.0709913675 
630094.0438871469 -12089162289243.814 -554139.7223550413 
633228.8401253914 -12391575622872.656 -568001.6711996888 
636363.6363636359 -12701553921987.48 -582210.380189058 
639498.4326018804 -13019286434881.635 -596774.5237056834 
642633.2288401249 -13344967142966.078 -611702.9931261316 
645768.0250783694 -13678794878478.904 -627004.9022277658 
648902.8213166139 -14020973445609.143 -642689.5927501549 
652037.6175548584 -14371711745123.164 -658766.6401147705 
655172.413793103 -14731223902142.955 -675245.8592866128 
658307.2100313475 -15099729396737.354 -692137.3107619681 
661442.006269592 -15477453197446.365 -709451.306687692 
664576.8025078365 -15864625898288.305 -727198.4171372239 
667711.598746081 -16261483859744.01 -745389.4765662092 
670846.3949843255 -16668269353719.764 -764035.5904481541 
673981.19122257 -17085230712071.143 -783148.1420714684 
677115.9874608145 -17512622478368.373 -802738.7994838001 
680250.783699059 -17950705563107.355 -822819.5225935243 
683385.5799373036 -18399747402975.58 -843402.5704566959 
686520.3761755481 -18860022124640.27 -864500.5087711876 
689655.1724137926 -19331810712979.836 -886126.217574601 
692789.9686520371 -19815401183299.38 -908292.8991251795 
695924.7648902816 -20311088757264.285 -931014.085953994 
699059.5611285261 -20819176042861.746 -954303.6491032338 
702194.3573667706 -21339973219056.906 -978175.8065820881 
705329.1536050151 -21873798225574.016 -1002645.1320607956 
708463.9498432596 -22420976957641.035 -1027726.5637961737 
711598.7460815042 -22981843465219.293 -1053435.4137669303 
714733.5423197487 -23556740156542.145 -1079787.3770103026 
717868.3385579932 -24146018006412.082 -1106798.5411796712 
721003.1347962377 -24750036770008.746 -1134485.3963562623 
724137.9310344822 -25369165202622.0 -1162864.8451325623 
727272.7272727267 -26003781285097.27 -1191954.2129566623 
730407.5235109712 -26654272454519.37 -1221771.2587155218 
733542.3197492157 -27321035840052.1 -1252334.1855537787 
736677.1159874602 -28004478504486.406 -1283661.6519545128 
739811.9122257048 -28705017692266.31 -1315772.783118422 
742946.7084639493 -29423081084324.65 -1348687.1826575226 
746081.5047021938 -30159107059430.34 -1382424.9445897685 
749216.3009404383 -30913544961594.38 -1417006.6656128494 
752351.0971786828 -31686855373589.793 -1452453.4576577547 
755485.8934169273 -32479510397294.42 -1488786.960752034 
758620.6896551718 -33291993941687.145 -1526029.3562282736 
761755.4858934163 -34124802018780.68 -1564203.3802889215 
764890.2821316608 -34978443047126.805 -1603332.3379100151 
768025.0783699054 -35853438162450.51 -1643440.1170642367 
771159.8746081499 -36750321535547.1 -1684551.203271403 
774294.6708463944 -37669640698200.29 -1726690.6945140385 
777429.4670846389 -38611956877886.99 -1769884.3165562428 
780564.2633228834 -39577845341412.68 -1814158.4386752232 
783699.0595611279 -40567895747019.94 -1859540.0897863794 
786833.8557993724 -41582712504582.625 -1906056.9749448407 
789968.6520376169 -42622915144186.48 -1953737.4922367965 
793103.4482758614 -43689138694004.945 -2002610.750100929 
796238.244514106 -44782034068278.36 -2052706.5851150844 
799373.0407523505 -45902268465499.875 -2104055.580251219 
802507.836990595 -47050525776351.305 -2156689.0835761074 
805642.6332288395 -48227507001105.99 -2210639.2273841705 
808777.429467084 -49433930676958.27 -2265938.9477834036 
811912.2257053285 -50670533316271.87 -2322622.004780473 
815047.021943573 -51938069856502.04 -2380723.0029006205 
818181.8181818175 -53237314121781.7 -2440277.412343127 
821316.614420062 -54569059295679.49 -2501321.5906508383 
824451.4106583066 -55934118404953.45 -2563892.8048865343 
827586.2068965511 -57333324814932.91 -2628029.254345503 
830721.0031347956 -58767532737621.47 -2693770.0938544013 
833855.7993730401 -60237617753254.21 -2761155.457689597 
836990.5956112846 -61744477345244.49 -2830226.484111304 
840125.3918495291 -63289031448064.984 -2901025.3404917573 
843260.1880877736 -64872223008055.68 -2973595.2490361566 
846394.9843260181 -66495018557981.75 -3047980.513133135 
849529.7805642626 -68158408806513.13 -3124226.544387746 
852664.5768025072 -69863409243303.77 -3202379.8903673138 
855799.3730407517 -71611060759525.84 -3282488.263053057 
858934.1692789962 -73402430283436.81 -3364600.567977895 
862068.9655172407 -75238611431130.64 -3448766.934057079 
865203.7617554852 -77120725173451.19 -3535038.7441566596 
868338.5579937297 -79049920520278.27 -3623468.6664552814 
871473.3542319742 -81027375222773.9 -3714110.686626517 
874608.1504702187 -83054296493372.56 -3807020.1408321494 
877742.9467084632 -85131921743154.38 -3902253.7495103157 
880877.7429467078 -87261519336933.3 -3999869.6519741197 
884012.5391849523 -89444389367199.47 -4099927.4418735164 
887147.3354231968 -91681864448145.66 -4202488.20357735 
890282.1316614413 -93975310530283.61 -4307614.549499311 
893416.9278996858 -96326127735394.3 -4415370.6583566 
896551.7241379303 -98735751211565.94 -4525822.314350556 
899686.5203761748 -101205652008867.4 -4639036.947294813 
902821.3166144193 -103737337976964.66 -4755083.67375136 
905956.1128526638 -106332354685928.45 -4874033.339231957 
909090.9090909084 -108992286370671.89 -4995958.56148543 
912225.7053291529 -111718756898774.4 -5120933.774859589 
915360.5015673974 -114513430761611.84 -5249035.27573436 
918495.2978056419 -117378014089593.03 -5380341.269062543 
921630.0940438864 -120314255692976.34 -5514931.9160857005 
924764.8902821309 -123323948129528.33 -5652889.383282624 
927899.6865203754 -126408928799414.33 -5794297.892568037 
931034.4827586199 -129571081067128.34 -5939243.772732086 
934169.2789968645 -132812335410593.42 -6087815.512126298 
937304.075235109 -136134670598496.53 -6240103.812644123 
940438.8714733535 -139540114897478.94 -6396201.645069897 
943573.667711598 -143030747310435.72 -6556204.305853102 
946708.4639498425 -146608698846270.22 -6720209.475323243 
949843.260188087 -150276153820993.75 -6888317.277339921 
952978.0564263315 -154035351190542.78 -7060630.340394622 
956112.852664576 -157888585916628.44 -7237253.860224285 
959247.6489028205 -161838210367358.06 -7418295.664016117 
962382.445141065 -165886635753844.16 -7603866.27625916 
965517.2413793096 -170036333603117.7 -7794078.986257277 
968652.0376175541 -174289837267354.62 -7989049.917303803 
971786.8338557986 -178649743470051.84 -8188898.097547457 
974921.6300940431 -183118713890716.4 -8393745.532621324 
978056.4263322876 -187699476789899.5 -8603717.28011927 
981191.2225705321 -192394828675746.75 -8818941.525973935 
984326.0188087766 -197207636012389.3 -9039549.662751697 
987460.8150470211 -202140836970362.06 -9265676.369873617 
990595.6112852657 -207197443219992.66 -9497459.695806226 
993730.4075235102 -212380541769567.9 -9735041.14230666 
996865.2037617547 -217693296850141.94 -9978565.750812532 
999999.9999999992 -223138951872993.2 -10228182.189891465 
