#x u 
0.0 19967187136496.98 915250.4521501941 
3134.796238244514 -499682490462.1283 -22904.309849709425 
6269.592476489028 12296699946.165237 563.6614777901865 
9404.38871473354 -515628629.88902676 -23.61777571785992 
12539.184952978056 -200280129.0237943 -9.154945005787749 
15673.98119122257 -213451477.28404364 -9.751750067817897 
18808.777429467085 -218539225.8754711 -9.979246926857627 
21943.5736677116 -223969605.9225378 -10.223818704438738 
25078.369905956115 -229536875.10363662 -10.476135471474763 
28213.16614420063 -235250513.03585234 -10.736694902160536 
31347.962382445145 -241114348.80061567 -11.005701070638953 
34482.75862068966 -247132443.2463399 -11.283334285881024 
37617.55485893417 -253309028.53780556 -11.569745950372788 
40752.35109717868 -259648330.88448024 -11.86504654679816 
43887.14733542319 -266154296.28867885 -12.169289126901221 
47021.943573667704 -272830411.80880827 -12.48245863157609 
50156.739811912215 -279679710.763502 -12.804472329946801 
53291.53605015673 -286704924.82136405 -13.135190435004853 
56426.33228840124 -293908689.4216742 -13.474432806239259 
59561.12852664575 -301293734.1165744 -13.821998280087476 
62695.92476489026 -308863036.28069675 -14.177684907779607 
65830.72100313478 -316619929.00793755 -14.541309692604347 
68965.51724137929 -324568138.01402396 -14.912725587928444 
72100.3134796238 -332711727.53210044 -15.291833790323572 
75235.10971786831 -341054985.2272564 -15.67859178680244 
78369.90595611282 -349602330.8670768 -16.07302030939234 
81504.70219435733 -358358328.16776514 -16.475212311947477 
84639.49843260185 -367327800.256978 -16.88534366446421 
87774.29467084636 -376515960.83749104 -17.30368139058475 
90909.09090909087 -385928459.5493441 -17.730584805980413 
94043.88714733538 -395571318.4282309 -18.166498638674554 
97178.68338557989 -405450833.51174897 -18.611941772632864 
100313.4796238244 -415573537.5206275 -19.067496347057805 
103448.27586206891 -425946246.1793921 -19.533798654089544 
106583.07210031342 -436576118.0637062 -20.011529088132587 
109717.86833855794 -447470641.0213813 -20.501397672469057 
112852.66457680245 -458637533.6678562 -21.004125176801512 
115987.46081504696 -470084638.4851053 -21.520423887096605 
119122.25705329147 -481819890.5269912 -22.050982426337775 
122257.05329153598 -493851364.0329249 -22.596455255745404 
125391.84952978049 -506187314.4925224 -23.157453558164985 
128526.645768025 -518836136.8741475 -23.73453429007936 
131661.44200626953 -531806250.89465785 -24.3281882450957 
134796.23824451404 -545106007.32798 -24.93883169196145 
137931.03448275855 -558743696.1518803 -25.56680544530569 
141065.83072100306 -572727638.5975544 -26.212380595486767 
144200.62695924757 -587066263.0737599 -26.87576625286974 
147335.42319749208 -601768086.9427915 -27.55711556447131 
150470.2194357366 -616841631.5931336 -28.256530995485928 
153605.0156739811 -632295377.3724201 -28.97407340527923 
156739.81191222562 -648137832.8429627 -29.70977790004381 
159874.60815047013 -664377680.2726591 -30.463674225914033 
163009.40438871464 -681023883.1415219 -31.235805936176924 
166144.20062695915 -698085683.0816275 -32.0262444549257 
169278.99686520366 -715572531.8112029 -32.8350995762911 
172413.79310344817 -733494074.9920479 -33.66253123234963 
175548.58934169268 -751860252.7569185 -34.50876501385379 
178683.3855799372 -770681458.1164113 -35.37410832696821 
181818.1818181817 -789968628.6492916 -36.25896113082102 
184952.97805642622 -809733209.9941527 -37.16381818497439 
188087.77429467073 -829987058.2094913 -38.089265729388856 
191222.57053291524 -850742407.8315618 -39.035978365766354 
194357.36677115975 -872011958.8196695 -40.00471864234408 
197492.16300940426 -893809003.5502466 -40.99633589852511 
200626.95924764877 -916147463.1700263 -42.01175864860782 
203761.75548589329 -939041787.9573829 -43.05197878479478 
206896.5517241378 -962506812.1153318 -44.118032178541505 
210031.3479623823 -986557697.526102 -45.21098233954547 
213166.14420062682 -1011210004.9673666 -46.331909429341174 
216300.94043887133 -1036479793.6527357 -47.4819006363484 
219435.73667711584 -1062383615.3850874 -48.66203633198565 
222570.53291536035 -1088938377.0248487 -49.87337132739019 
225705.32915360486 -1116161184.0718226 -51.11691688219418 
228840.12539184937 -1144069302.6883276 -52.39363017861219 
231974.9216300939 -1172680258.9970727 -53.70441246384465 
235109.7178683384 -1202011954.9103212 -55.05011057403583 
238244.5141065829 -1232082665.837041 -56.43151581396648 
241379.31034482742 -1262910914.4723537 -57.849359966075156 
244514.10658307193 -1294515353.1835036 -59.30431443357684 
247648.90282131644 -1326914789.1931462 -60.79699849379804 
250783.69905956095 -1360128346.958024 -62.327996130431515 
253918.49529780546 -1394175625.2150686 -63.89787454847353 
257053.29153604998 -1429076716.353663 -65.50719786801896 
260188.0877742945 -1464852104.960747 -67.15653627392797 
263322.884012539 -1501522595.6781085 -68.84647696975807 
266457.6802507835 -1539109396.8080928 -70.57764218005084 
269592.476489028 -1577634327.242766 -72.35071216672972 
272727.27272727253 -1617119985.1341484 -74.16644532978792 
275862.06896551704 -1657589753.9678984 -76.02568921459435 
278996.86520376155 -1699067689.1823988 -77.92938398846442 
282131.66144200607 -1741578452.096677 -79.87856569513751 
285266.4576802506 -1785147406.7063637 -81.87437434116447 
288401.2539184951 -1829800819.9003844 -83.91806394815094 
291536.0501567396 -1875565989.313223 -86.01100647943878 
294670.8463949841 -1922471189.2363858 -88.15468469327267 
297805.6426332286 -1970545507.4422383 -90.35067744237179 
300940.43887147313 -2019818754.5048573 -92.600646022558 
304075.23510971764 -2070321546.7554717 -94.90632657352411 
307210.03134796215 -2122085476.2756588 -97.2695250032439 
310344.82758620667 -2175143182.5561447 -99.69210643657915 
313479.6238244512 -2229528236.338161 -102.17597562142505 
316614.4200626957 -2285274939.035537 -104.72305358372854 
319749.2163009402 -2342418229.58791 -107.33525987258297 
322884.0125391847 -2400993779.966401 -110.01450463987433 
326018.8087774292 -2461038164.306957 -112.76268575757419 
329153.60501567373 -2522588910.061638 -115.58168260099309 
332288.40125391824 -2585684364.94643 -118.47334379362474 
335423.19749216276 -2650363511.6707697 -121.43947520154812 
338557.99373040727 -2716665925.7221284 -124.48183726412853 
341692.7899686518 -2784631931.1066065 -127.60215420594972 
344827.5862068963 -2854302809.5208282 -130.8021284251208 
347962.3824451408 -2925720868.6880183 -134.08345096756668 
351097.1786833853 -2998929329.585971 -137.4478059574005 
354231.9749216298 -3073972190.4201 -140.8968758477916 
357366.77115987433 -3150894259.3167973 -144.43235584787638 
360501.56739811884 -3229741379.5712786 -148.05597811827556 
363636.36363636336 -3310560674.9512377 -151.76953729189427 
366771.15987460787 -3393400623.976012 -155.57490800923824 
369905.9561128524 -3478310952.801621 -159.47405344650087 
373040.7523510969 -3565342528.58326 -163.46903265335393 
376175.5485893414 -3654547436.9159803 -167.56201464350912 
379310.3448275859 -3745979234.2125125 -171.75529841143413 
382445.1410658304 -3839693179.2246113 -176.05132957378936 
385579.93730407493 -3935746263.779487 -180.45270515493388 
388714.73354231945 -4034197066.847787 -184.9621674913737 
391849.52978056396 -4135105635.9863434 -189.58259658507012 
394984.32601880847 -4238533566.9102645 -194.31700881815988 
398119.122257053 -4344544238.616338 -199.168560268156 
401253.9184952975 -4453202990.874719 -204.14054514036957 
404388.714733542 -4564577083.016066 -209.23638230956738 
407523.5109717865 -4678735495.324015 -214.4595932285605 
410658.307210031 -4795748795.099187 -219.81378188496043 
413793.10344827553 -4915689219.393354 -225.30262431104086 
416927.89968652005 -5038630897.41661 -230.92986466963694 
420062.69592476456 -5164649987.147275 -236.69930812661573 
423197.49216300907 -5293824589.412812 -242.61480476022015 
426332.2884012536 -5426234537.250226 -248.68022946053182 
429467.0846394981 -5561961293.353834 -254.89946889435814 
432601.8808777426 -5701088081.307525 -261.27642161950007 
435736.6771159871 -5843700137.832744 -267.8150064075379 
438871.4733542316 -5989884852.892659 -274.51916821290416 
442006.26959247614 -6139731689.093636 -281.3928768296727 
445141.06583072065 -6293332011.711149 -288.44012416487897 
448275.86206896516 -6450779064.271683 -295.6649307012496 
451410.65830720967 -6612168182.152994 -303.0713650944138 
454545.4545454542 -6777597096.228294 -310.66356974258025 
457680.2507836987 -6947166091.89726 -318.44578112196444 
460815.0470219432 -7120977947.311324 -326.4223408910073 
463949.8432601877 -7299137812.562706 -334.59770463961644 
467084.6394984322 -7481753259.330956 -342.9764582504385 
470219.43573667674 -7668934556.175931 -351.5633438572011 
473354.23197492125 -7860794990.525226 -360.3632866815376 
476489.02821316576 -8057451010.03763 -369.3814118614889 
479623.82445141027 -8259022144.649194 -378.62304909787935 
482758.6206896548 -8465630898.759233 -388.0937334850097 
485893.4169278993 -8677402831.40827 -397.7992122882806 
489028.2131661438 -8894466841.093338 -407.7454583117577 
492163.0094043883 -9116955452.302242 -417.9386805422917 
495297.8056426328 -9345004893.648724 -428.38532253514165 
498432.60188087734 -9578754970.515732 -439.0920488752868 
501567.39811912185 -9818348945.003614 -450.06572976634686 
504702.19435736636 -10063933622.737047 -461.3134332773502 
507836.99059561087 -10315659624.141933 -472.8424246747917 
510971.7868338554 -10573681620.692568 -484.66016328528065 
514106.5830720999 -10838158351.424788 -496.7742889624503 
517241.3793103444 -11109252464.84564 -509.19260077938895 
520376.1755485889 -11387130414.60638 -521.9230389581606 
523510.9717868334 -11671962581.841246 -534.9736784757237 
526645.768025078 -11963923562.015764 -548.3527319612617 
529780.5642633225 -12263192386.917267 -562.0685517676582 
532915.360501567 -12569952528.194765 -576.1296244901527 
536050.1567398115 -12884391766.718729 -590.5445620131846 
539184.952978056 -13206702161.18624 -605.3220998997778 
542319.7492163006 -13537080253.528772 -620.4711094354008 
545454.5454545451 -13875727409.74702 -636.0006185778419 
548589.3416927896 -14222850064.395966 -651.9198309829917 
551724.1379310341 -14578659750.91887 -668.2381374044174 
554858.9341692786 -14943373036.449522 -684.9651245169173 
557993.7304075231 -15317211588.91598 -702.110591150648 
561128.5266457676 -15700402472.429258 -719.6845758266483 
564263.3228840121 -16093178534.613743 -737.6973888028942 
567398.1191222566 -16495778661.692245 -756.159637801996 
570532.9153605012 -16908447824.436914 -775.0822433533955 
573667.7115987457 -17331437062.999447 -794.4764500228209 
576802.5078369902 -17765003623.74412 -814.3538428369773 
579937.3040752347 -18209411300.061237 -834.7263708933956 
583072.1003134792 -18664930814.261425 -855.6063703796183 
586206.8965517237 -19131840036.00824 -877.0065774127255 
589341.6927899682 -19610424005.919495 -898.9401291519706 
592476.4890282127 -20100974935.713306 -921.4205610388135 
595611.2852664572 -20603792374.885567 -944.4618089799055 
598746.0815047018 -21119183552.01797 -968.0782170552983 
601880.8777429463 -21647463711.781338 -992.2845428567838 
605015.6739811908 -22188956274.13588 -1017.0959528945436 
608150.4702194353 -22743992831.239002 -1042.5280092428568 
611285.2664576798 -23312913167.494705 -1068.5966564357032 
614420.0626959243 -23896065460.146526 -1095.3182163694746 
617554.8589341688 -24493806625.577484 -1122.7093901686417 
620689.6551724133 -25106502626.85481 -1150.787259100738 
623824.4514106578 -25734528608.5868 -1179.5692789112543 
626959.2476489024 -26378268917.983665 -1209.0732707359941 
630094.0438871469 -27038117198.47323 -1239.3174175215754 
633228.8401253914 -27714476670.455387 -1270.320271510673 
636363.6363636359 -28407760523.564922 -1302.100769533497 
639498.4326018804 -29118392241.11934 -1334.6782479896801 
642633.2288401249 -29846805768.323734 -1368.0724534630283 
645768.0250783694 -30593445619.22987 -1402.3035532112274 
648902.8213166139 -31358767094.858055 -1437.3921532173026 
652037.6175548584 -32143236675.889404 -1473.3593263978642 
655172.413793103 -32947332479.24418 -1510.226645499873 
658307.2100313475 -33771544616.999783 -1548.016212818178 
661442.006269592 -34616375419.73564 -1586.750684483061 
664576.8025078365 -35482339646.48583 -1626.4532943748957 
667711.598746081 -36369964825.88216 -1667.147883740721 
670846.3949843255 -37279791736.82554 -1708.8589363542499 
673981.19122257 -38212374893.95748 -1751.6116125361195 
677115.9874608145 -39168282909.3762 -1795.4317756866262 
680250.783699059 -40148098747.419365 -1840.3460117171464 
683385.5799373036 -41152420011.6866 -1886.3816474598657 
686520.3761755481 -42181859368.77221 -1933.5667726413055 
689655.1724137926 -43237045062.66575 -1981.930263210604 
692789.9686520371 -44318621376.272224 -2031.5017994522566 
695924.7648902816 -45427248960.13503 -2082.3118753378126 
699059.5611285261 -46563605100.994736 -2134.391802666843 
702194.3573667706 -47728384073.0756 -2187.773716863002 
705329.1536050151 -48922297624.38974 -2242.490587220485 
708463.9498432596 -50146075501.20878 -2298.576227627329 
711598.7460815042 -51400465875.15359 -2356.0653020672016 
714733.5423197487 -52686235654.55776 -2414.9933246031446 
717868.3385579932 -54004170803.80387 -2475.396660065848 
721003.1347962377 -55355076799.37219 -2537.31253188704 
724137.9310344822 -56739779210.210686 -2600.7790370154457 
727272.7272727267 -58159124260.501045 -2665.8351618617057 
730407.5235109712 -59613979264.41154 -2732.5207945923235 
733542.3197492157 -61105232984.96777 -2800.8767364573687 
736677.1159874602 -62633796080.92053 -2870.944719861895 
739811.9122257048 -64200601734.873276 -2942.7674375492866 
742946.7084639493 -65806606374.65503 -3016.3885788470134 
746081.5047021938 -67452790310.57045 -3091.85286472167 
749216.3009404383 -69140158221.76495 -3169.2060783570864 
752351.0971786828 -70869739620.17372 -3248.495096823844 
755485.8934169273 -72642589481.03427 -3329.7679321003175 
758620.6896551718 -74459789076.08182 -3413.0737826322124 
761755.4858934163 -76322446839.76619 -3498.4630871367526 
764890.2821316608 -78231699071.63199 -3585.987571082777 
768025.0783699054 -80188710472.83095 -3675.700285201332 
771159.8746081499 -82194674725.25075 -3767.6556450448743 
774294.6708463944 -84250815309.58636 -3861.9094800911007 
777429.4670846389 -86358386521.524 -3958.51909007106 
780564.2633228834 -88518674435.39539 -4057.543296655667 
783699.0595611279 -90732997621.48775 -4159.042481326036 
786833.8557993724 -93002707702.13098 -4263.078613136399 
789968.6520376169 -95329190035.00174 -4369.715279503138 
793103.4482758614 -97713864706.08441 -4479.017728403052 
796238.244514106 -100158187696.34344 -4591.052915877849 
799373.0407523505 -102663651897.02687 -4705.889544174755 
802507.836990595 -105231787809.56665 -4823.598083329249 
805642.6332288395 -107864164122.62642 -4944.250785421949 
808777.429467084 -110562388527.71368 -5067.921708547718 
811912.2257053285 -113328108915.34814 -5194.686757524251 
815047.021943573 -116163014703.30853 -5324.623730496429 
818181.8181818175 -119068837908.52939 -5457.8123541838295 
821316.614420062 -122047353856.84622 -5594.334303458823 
824451.4106583066 -125100381845.7206 -5734.27322020134 
827586.2068965511 -128229786178.57045 -5877.714751065313 
830721.0031347956 -131437477640.40924 -6024.746607725055 
833855.7993730401 -134725415038.2535 -6175.458632627499 
836990.5956112846 -138095606370.92447 -6329.94285048062 
840125.3918495291 -141550109610.48712 -6488.293504745405 
843260.1880877736 -145091033542.6275 -6650.607099607355 
846394.9843260181 -148720539118.22226 -6816.982468024898 
849529.7805642626 -152440841279.25122 -6987.520863932046 
852664.5768025072 -156254210744.32953 -7162.326054676216 
855799.3730407517 -160162975295.67 -7341.50439228244 
858934.1692789962 -164169520669.89413 -7525.1648677644425 
862068.9655172407 -168276291636.90628 -7713.419174735803 
865203.7617554852 -172485793723.44995 -7906.381802694907 
868338.5579937297 -176800595404.87997 -8104.170151332791 
871473.3542319742 -181223330111.03815 -8306.904635341252 
874608.1504702187 -185756697598.6588 -8514.708758715202 
877742.9467084632 -190403464946.8229 -8727.709169886895 
880877.7429467078 -195166467895.5073 -8946.035730356438 
884012.5391849523 -200048612953.62857 -9169.821616101677 
887147.3354231968 -205052879930.65384 -9399.203435722306 
890282.1316614413 -210182324108.3718 -9634.321329292115 
893416.9278996858 -215440077660.2321 -9875.319029889708 
896551.7241379303 -220829350765.64337 -10122.343908390549 
899686.5203761748 -226353433269.73093 -10375.547040721895 
902821.3166144193 -232015697246.46057 -10635.083314367692 
905956.1128526638 -237819599921.89407 -10901.111549757823 
909090.9090909084 -243768686057.88007 -11173.794595939164 
912225.7053291529 -249866589495.55362 -11453.299387396377 
915360.5015673974 -256117034509.5429 -11739.796992415608 
918495.2978056419 -262523837913.2075 -12033.462696489829 
921630.0940438864 -269090912133.57272 -12334.476131022418 
924764.8902821309 -275822268468.6673 -12643.021411391244 
927899.6865203754 -282722019520.31586 -12959.287238420846 
931034.4827586199 -289794380638.68304 -13283.466956150995 
934169.2789968645 -297043671269.3452 -13615.758607369937 
937304.075235109 -304474317246.2853 -13956.36503554621 
940438.8714733535 -312090854138.10004 -14305.494038838384 
943573.667711598 -319897930710.0231 -14663.358533638562 
946708.4639498425 -327900311549.3472 -15030.176683816238 
949843.260188087 -336102878985.707 -15406.172000804285 
952978.0564263315 -344510635490.7033 -15791.573467354568 
956112.852664576 -353128707593.8747 -16186.615730806869 
959247.6489028205 -361962351055.02576 -16591.539352528478 
962382.445141065 -371016955868.20166 -17006.591047511785 
965517.2413793096 -380298049845.737 -17432.02385700898 
968652.0376175541 -389811300891.52625 -17868.097260316743 
971786.8338557986 -399562519233.20703 -18315.077285453037 
974921.6300940431 -409557660660.11755 -18773.236668046487 
978056.4263322876 -419802830495.8124 -19242.85504649647 
981191.2225705321 -430304287103.35474 -19724.219137555716 
984326.0188087766 -441068444275.6569 -20217.622860625615 
987460.8150470211 -452101873386.0096 -20723.36744801515 
990595.6112852657 -463411307006.65564 -21241.7616166588 
993730.4075235102 -475003644872.3227 -21773.121832446566 
996865.2037617547 -486885958115.38257 -22317.772752035566 
999999.9999999992 -499065603351.5649 -22876.04253302731 
