#x u 
0.0 3.65064511418778e+16 1673372721.36121 
3134.796238244514 -913580223935261.9 -41876440.395500086 
6269.592476489028 22482625810356.062 1030552.4483621181 
9404.38871473354 -942508169952.8446 -43202.44426930432 
12539.184952978056 -366030602907.5303 -16778.031890149323 
15673.98119122257 -390197481012.5155 -17885.7945701393 
18808.777429467085 -399582868528.833 -18316.006301615147 
21943.5736677116 -409587907998.42175 -18774.62016766759 
25078.369905956115 -419833590689.11566 -19244.263040519247 
28213.16614420063 -430335809041.4484 -19725.663224026513 
31347.962382445145 -441100736645.87305 -20219.10359748562 
34482.75862068966 -452134953371.8611 -20724.885733343865 
37617.55485893417 -463445195983.63477 -21243.318468836973 
40752.35109717868 -475038368795.2201 -21774.718392194016 
43887.14733542319 -486921548240.00134 -22319.410048375383 
47021.943573667704 -499101987888.79504 -22877.72616193398 
50156.739811912215 -511587123545.24805 -23450.007860862752 
53291.53605015673 -524384578202.25726 -24036.6048928249 
56426.33228840124 -537502166716.5471 -24637.87582653921 
59561.12852664575 -550947900172.0004 -25254.18823770868 
62695.92476489026 -564729990060.8527 -25885.918886525455 
65830.72100313478 -578856852545.3892 -26533.4538987506 
68965.51724137929 -593337113066.0768 -27197.18896338075 
72100.3134796238 -608179611461.5793 -27877.52955497098 
75235.10971786831 -623393407604.0607 -28574.891181166364 
78369.90595611282 -638987787413.4834 -29289.699649755967 
81504.70219435733 -654972269061.107 -30022.391346658733 
84639.49843260185 -671356609190.9291 -30773.413517360957 
87774.29467084636 -688150809055.355 -31543.224547409907 
90909.09090909087 -705365120550.9985 -32332.29424097235 
94043.88714733538 -723010052218.7029 -33141.104100351506 
97178.68338557989 -741096375337.9816 -33970.147612534594 
100313.4796238244 -759635130278.2334 -34819.93054982479 
103448.27586206891 -778637633228.1155 -35690.97128960214 
106583.07210031342 -798115483315.3513 -36583.80115344502 
109717.86833855794 -818080570013.296 -37498.964760409246 
112852.66457680245 -838545080677.9994 -38437.02038675832 
115987.46081504696 -859521508106.6356 -39398.54032649819 
119122.25705329147 -881022658115.7107 -40384.11125215789 
122257.05329153598 -903061657228.5227 -41394.334579435184 
125391.84952978049 -925651960575.1406 -42429.82683993142 
128526.645768025 -948807360052.6013 -43491.22006371699 
131661.44200626953 -972541992729.7742 -44579.16217073322 
134796.23824451404 -996870349464.8075 -45694.31736935806 
137931.03448275855 -1021807283730.4052 -46837.36656172233 
141065.83072100306 -1047368020666.6232 -48009.00775659198 
144200.62695924757 -1073568166369.1846 -49209.95649033667 
147335.42319749208 -1100423717391.7473 -50440.94625522962 
150470.2194357366 -1127951070435.5044 -51702.72893408757 
153605.0156739811 -1156167032235.8738 -52996.075242030965 
156739.81191222562 -1185088829703.0864 -54321.775178420605 
159874.60815047013 -1214734120380.458 -55680.63849243033 
163009.40438871464 -1245121003236.7961 -57073.49516354892 
166144.20062695915 -1276268029750.2373 -58501.19589557211 
169278.99686520366 -1308194215228.63 -59964.61262210699 
172413.79310344817 -1340919050361.1655 -61464.639023886986 
175548.58934169268 -1374462513058.834 -63002.19106100941 
178683.3855799372 -1408845080653.1047 -64578.207523659905 
181818.1818181817 -1444087742469.8145 -66193.65060242885 
184952.97805642622 -1480212012732.6213 -67849.50647638753 
188087.77429467073 -1517239943743.0132 -69546.78591662359 
191222.57053291524 -1555194139339.8083 -71286.52490537197 
194357.36677115975 -1594097768701.564 -73069.7852735641 
197492.16300940426 -1633974580556.098 -74897.65535956851 
200626.95924764877 -1674848917800.1274 -76771.25068897041 
203761.75548589329 -1716745732472.376 -78691.71467240417 
206896.5517241378 -1759690601029.4773 -80660.21931867488 
210031.3479623823 -1803709739942.0212 -82677.96596348385 
213166.14420062682 -1848830021687.9783 -84746.18601675956 
216300.94043887133 -1895078991208.4812 -86866.14173100879 
219435.73667711584 -1942484882817.529 -89039.12698975406 
222570.53291536035 -1991076637499.7097 -91266.46811252987 
225705.32915360486 -2040883920550.9294 -93549.52467391138 
228840.12539184937 -2091937139597.642 -95889.69033779533 
231974.9216300939 -2144267463086.7913 -98288.39371083671 
235109.7178683384 -2197906839311.4138 -100747.09921779341 
238244.5141065829 -2252888015952.631 -103267.30799776483 
241379.31034482742 -2309244560065.9346 -105850.55881800456 
244514.10658307193 -2367010878476.48 -108498.42900377452 
247648.90282131644 -2426222238638.4556 -111212.53538696481 
250783.69905956095 -2486914790063.9585 -113994.53527860068 
253918.49529780546 -2549125586382.2915 -116846.1274684067 
257053.29153604998 -2612892607996.3086 -119769.05325034224 
260188.0877742945 -2678254785257.1113 -122765.09747101026 
263322.884012539 -2745252022132.4688 -125836.08960034183 
266457.6802507835 -2813925220443.1406 -128983.90482850543 
269592.476489028 -2884316304781.3364 -132210.46519482086 
272727.27272727253 -2956468248162.424 -135517.74075153307 
275862.06896551704 -3030425098358.408 -138907.75076055853 
278996.86520376155 -3106232004827.884 -142382.56491968938 
282131.66144200607 -3183935246229.734 -145944.30461798928 
285266.4576802506 -3263582258613.3535 -149595.14422485174 
288401.2539184951 -3345221664404.9185 -153337.312418325 
291536.0501567396 -3428903302226.861 -157173.09355441938 
294670.8463949841 -3514678257480.2646 -161104.82907408554 
297805.6426332286 -3602598893601.284 -165134.91894358417 
300940.43887147313 -3692718883995.353 -169265.8231281248 
304075.23510971764 -3785093244762.554 -173500.0631035863 
307210.03134796215 -3879778368338.115 -177840.22341155392 
310344.82758620667 -3976832058070.2476 -182288.95325818597 
313479.6238244512 -4076313563648.927 -186848.96815241614 
316614.4200626957 -4178283617299.398 -191523.05157898675 
319749.2163009402 -4282804470767.476 -196314.05670701095 
322884.0125391847 -4389939933233.539 -201224.9081398299 
326018.8087774292 -4499755410283.342 -206258.6037115689 
329153.60501567373 -4612317943942.609 -211418.2163303235 
332288.40125391824 -4727696253676.03 -216706.8958631039 
335423.19749216276 -4845960778273.636 -222127.8710587892 
338557.99373040727 -4967183718679.843 -227684.45151150977 
341692.7899686518 -5091439081926.463 -233380.0296718451 
344827.5862068963 -5218802726298.226 -239218.08291183182 
347962.3824451408 -5349352407720.175 -245202.17564349528 
351097.1786833853 -5483167827255.678 -251335.96148610557 
354231.9749216298 -5620330679650.922 -257623.18547959987 
357366.77115987433 -5760924703011.163 -264067.6863485384 
360501.56739811884 -5905035729790.933 -270673.3988254496 
363636.36363636336 -6052751739221.063 -277444.356039737 
366771.15987460787 -6204162911139.218 -284384.6919711716 
369905.9561128524 -6359361681100.961 -291498.6439628671 
373040.7523510969 -6518442796722.634 -298790.55529202585 
376175.5485893414 -6681503375371.704 -306264.8778042057 
379310.3448275859 -6848642963403.04 -313926.1746205996 
382445.1410658304 -7019963597051.68 -321779.1229237056 
385579.93730407493 -7195569864922.972 -329828.5168188938 
388714.73354231945 -7375568971947.879 -338079.2702659119 
391849.52978056396 -7560070804774.986 -346536.4200790383 
394984.32601880847 -7749187998747.296 -355205.1290025555 
398119.122257053 -7943036006675.829 -364090.6888710508 
401253.9184952975 -8141733169504.572 -373198.5238585866 
404388.714733542 -8345400788783.084 -382534.1938124976 
407523.5109717865 -8554163200811.451 -392103.3976651755 
410658.307210031 -8768147852458.11 -401911.97692334116 
413793.10344827553 -8987485378834.627 -411965.9192427118 
416927.89968652005 -9212309683052.324 -422271.36209781194 
420062.69592476456 -9442758018138.121 -432834.59654994874 
423197.49216300907 -9678971071004.217 -443662.07110799605 
426332.2884012536 -9921093048342.709 -454760.39567563875 
429467.0846394981 -10169271764482.545 -466136.34558639425 
432601.8808777426 -10423658731432.303 -477796.865736353 
435736.6771159871 -10684409251343.986 -489749.07482521154 
438871.4733542316 -10951682511455.377 -502000.2697081347 
442006.26959247614 -11225641681387.184 -514557.9298527676 
445141.06583072065 -11506454012679.3 -527429.7218962132 
448275.86206896516 -11794290940646.256 -540623.5043058615 
451410.65830720967 -12089328188813.88 -554147.3321563809 
454545.4545454542 -12391745876176.19 -568009.4620342316 
457680.2507836987 -12701728627305.63 -582218.3570716719 
460815.0470219432 -13019465685175.26 -596782.6921042847 
463949.8432601877 -13345151026596.008 -611711.3589481312 
467084.6394984322 -13678983480394.451 -627013.4718028286 
470219.43573667674 -14021166848627.354 -642698.3727946674 
473354.23197492125 -14371910031067.857 -658775.6376710449 
476489.02821316576 -14731427152966.902 -675255.0816468318 
479623.82445141027 -15099937695933.107 -692146.765395866 
482758.6206896548 -15477666631859.33 -709461.0011845847 
485893.4169278993 -15864844560069.652 -727208.3591559669 
489028.2131661438 -16261707848013.443 -745399.67377885 
492163.0094043883 -16668498775731.13 -764046.0504729188 
495297.8056426328 -17085465684063.977 -783158.8724079635 
498432.60188087734 -17512863126442.486 -802749.807469638 
501567.39811912185 -17950952024216.61 -822830.815389675 
504702.19435736636 -18399999825754.848 -843414.1550506083 
507836.99059561087 -18860280669668.05 -864512.3919808335 
510971.7868338554 -19332075552368.61 -886138.4060491434 
514106.5830720999 -19815672499909.094 -908305.3993556487 
517241.3793103444 -20311366743937.363 -931026.9043110565 
520376.1755485889 -20819460901777.633 -954316.7919041994 
523510.9717868334 -21340265160924.598 -978189.2801704789 
526645.768025078 -21874097468333.22 -1002658.9428783037 
529780.5642633225 -22421283724698.79 -1027740.718442073 
532915.360501567 -22982157983647.566 -1053449.919057743 
536050.1567398115 -23557062655688.24 -1079802.2400539292 
539184.952978056 -24146348716990.92 -1106813.7694614995 
542319.7492163006 -24750375923343.617 -1134500.997817708 
545454.5454545451 -25369513029690.395 -1162880.8282235335 
548589.3416927896 -26004138015425.484 -1191970.5866624236 
551724.1379310341 -26654638315343.055 -1221788.0325761663 
554858.9341692786 -27321411056115.434 -1252351.3696924637 
557993.7304075231 -28004863298431.98 -1283679.2571107256 
561128.5266457676 -28705412285208.062 -1315790.820665372 
564263.3228840121 -29423485696283.07 -1348705.664586393 
567398.1191222566 -30159521909755.426 -1382443.8834644794 
570532.9153605012 -30913970269836.316 -1417026.0745158717 
573667.7115987457 -31687291361128.03 -1452473.3501430787 
576802.5078369902 -32479957289528.895 -1488807.3508011948 
579937.3040752347 -33292451970231.984 -1526050.2581916102 
583072.1003134792 -34125271423242.45 -1564224.8088028433 
586206.8965517237 -34978924076531.047 -1603354.30780414 
589341.6927899682 -35853931076696.61 -1643462.643286022 
592476.4890282127 -36750826607086.93 -1684574.3008455078 
595611.2852664572 -37670158213658.88 -1726714.3785287186 
598746.0815047018 -38612487139099.984 -1769908.6021545972 
601880.8777429463 -39578388665636.76 -1814183.3410388962 
605015.6739811908 -40568452466621.125 -1859565.624122219 
608150.4702194353 -41583282966768.26 -1906083.1564958582 
611285.2664576798 -42623499711057.8 -1953764.3363254487 
614420.0626959243 -43689737742665.61 -2002638.2721887098 
617554.8589341688 -44782647990503.81 -2052734.8008532324 
620689.6551724133 -45902897666792.414 -2104084.505513165 
623824.4514106578 -47051170674731.72 -2156718.7344874917 
626959.2476489024 -48228168026168.89 -2210669.6203745194 
630094.0438871469 -49434608269346.52 -2265970.099666299 
633228.8401253914 -50671227927196.34 -2322653.9328438747 
636363.6363636359 -51938781946808.11 -2380755.7249820624 
639498.4326018804 -53238044160492.82 -2440310.946882895 
642633.2288401249 -54569807758493.99 -2501355.956740227 
645768.0250783694 -55934885773274.234 -2563928.022332277 
648902.8213166139 -57334111575558.44 -2628065.3437506654 
652037.6175548584 -58768339382693.21 -2693807.0766919265 
655172.413793103 -60238444780000.1 -2761193.356342954 
658307.2100313475 -61745325255532.445 -2830265.321879642 
661442.006269592 -63289900748281.19 -2901065.1415813337 
664576.8025078365 -64873114209807.17 -2973636.0385605227 
667711.598746081 -66495932179583.195 -3048022.317121461 
670846.3949843255 -68159345374705.78 -3124269.38977834 
673981.19122257 -69864369294690.53 -3202423.80496633 
677115.9874608145 -71612044841750.5 -3282533.275464218 
680250.783699059 -73403438956604.33 -3364646.707531138 
683385.5799373036 -75239645269858.69 -3448814.2307597254 
686520.3761755481 -77121784769363.36 -3535087.228664161 
689655.1724137926 -79051006484297.62 -3623518.3700378966 
692789.9686520371 -81028488186734.72 -3714161.6411153385 
695924.7648902816 -83055437111074.75 -3807072.37855519 
699059.5611285261 -85133090691411.11 -3902307.3032482117 
702194.3573667706 -87262717316963.05 -3999924.5549551584 
705329.1536050151 -89445617106104.48 -4099983.727798776 
708463.9498432596 -91683122699845.75 -4202545.906648639 
711598.7460815042 -93976600075548.86 -4307673.704434096 
714733.5423197487 -96327449381263.66 -4415431.300402571 
717868.3385579932 -98737105790795.03 -4525884.479327636 
721003.1347962377 -101207040379743.16 -4639100.6716775065 
724137.9310344822 -103738761023195.28 -4755148.994774505 
727272.7272727267 -106333813316026.0 -4874100.294988962 
730407.5235109712 -108993781516619.7 -4996027.191004437 
733542.3197492157 -111720289514415.2 -5121004.118172358 
736677.1159874602 -114515001821447.02 -5249107.37396391 
739811.9122257048 -117379624588268.42 -5380415.164536714 
742946.7084639493 -120315906645085.78 -5515007.652454353 
746081.5047021938 -123325640569165.5 -5652967.0056076 
749216.3009404383 -126410663779358.56 -5794377.447376262 
752351.0971786828 -129572859658171.78 -5939325.308051626 
755485.8934169273 -132814158701649.98 -6087899.077532129 
758620.6896551718 -136136539697616.14 -6240189.459317729 
761755.4858934163 -139542030933261.42 -6396289.425848945 
764890.2821316608 -143032711433245.7 -6556294.275244377 
768025.0783699054 -146610712229186.4 -6720301.689477475 
771159.8746081499 -150278217661010.4 -6888411.794014833 
774294.6708463944 -154037466710554.2 -7060727.2189341355 
777429.4670846389 -157890754368139.38 -7237353.161555586 
780564.2633228834 -161840433033286.9 -7418397.450640419 
783699.0595611279 -165888913950822.72 -7603970.612214246 
786833.8557993724 -170038668683298.78 -7794185.937057771 
789968.6520376169 -174292230620273.2 -7989159.549889821 
793103.4482758614 -178652196524986.62 -8189010.480267239 
796238.244514106 -183121228119367.22 -8393860.735244397 
799373.0407523505 -187702053708706.6 -8603835.373853426 
802507.836990595 -192397469847355.56 -8819062.583466792 
805642.6332288395 -197210343046426.72 -9039673.758086832 
808777.429467084 -202143611524147.66 -9265803.578591585 
811912.2257053285 -207200286999596.88 -9497590.094969608 
815047.021943573 -212383456530985.62 -9735174.81059681 
818181.8181818175 -217696284400013.75 -9978702.76862463 
821316.614420062 -223142014043754.44 -10228322.640545974 
824451.4106583066 -228723970035143.03 -10484186.816987384 
827586.2068965511 -234445560112853.97 -10746451.500763427 
830721.0031347956 -240310277261535.38 -11015276.802236853 
833855.7993730401 -246321701843817.44 -11290826.837049477 
836990.5956112846 -252483503785821.22 -11573269.826302567 
840125.3918495291 -258799444817748.06 -11862778.199258953 
843260.1880877736 -265273380770729.03 -12159528.698621236 
846394.9843260181 -271909263930918.66 -12463702.4884312 
849529.7805642626 -278711145452066.34 -12775485.264647434 
852664.5768025072 -285683177828260.8 -13095067.3684795 
855799.3730407517 -292829617428776.75 -13422643.902567348 
858934.1692789962 -300154827096733.44 -13758414.850085001 
862068.9655172407 -307663278812904.25 -14102585.196830077 
865203.7617554852 -315359556425899.25 -14455365.05635558 
868338.5579937297 -323248358450275.56 -14816969.798215205 
871473.3542319742 -331334500934567.25 -15187620.179414129 
874608.1504702187 -339622920401383.0 -15567542.479163961 
877742.9467084632 -348118676861428.4 -15956968.63702803 
880877.7429467078 -356826956902980.75 -16356136.394527903 
884012.5391849523 -365753076858329.3 -16765289.440281034 
887147.3354231968 -374902486049068.9 -17184677.558757298 
890282.1316614413 -384280770112572.2 -17614556.78276039 
893416.9278996858 -393893654412009.7 -18055189.54974254 
896551.7241379303 -403747007531986.75 -18506844.862046238 
899686.5203761748 -413846844861597.7 -18969798.451153964 
902821.3166144193 -424199332266776.4 -19444332.946031183 
905956.1128526638 -434810789854259.0 -19930738.045667488 
909090.9090909084 -445687695829805.4 -20429310.695937548 
912225.7053291529 -456836690453290.1 -20940355.270902015 
915360.5015673974 -468264580092957.6 -21464183.758654434 
918495.2978056419 -479978341380915.44 -22001115.951810885 
921630.0940438864 -491985125472173.75 -22551479.642748047 
924764.8902821309 -504292262409970.25 -23115610.823715843 
927899.6865203754 -516907265600426.06 -23693853.89196226 
931034.4827586199 -529837836399473.9 -24286561.860003494 
934169.2789968645 -543091868814675.75 -24894096.57115695 
937304.075235109 -556677454324483.1 -25516828.920451142 
940438.8714733535 -570602886817753.2 -26155139.08104074 
943573.667711598 -584876667656798.0 -26809416.736275777 
946708.4639498425 -599507510867382.8 -27480061.317583002 
949843.260188087 -614504348458913.8 -28167482.24831004 
952978.0564263315 -629876335877767.2 -28872099.193670247 
956112.852664576 -645632857596741.8 -29594342.31692819 
959247.6489028205 -661783532843987.5 -30334652.541982025 
962382.445141065 -678338221475205.6 -31093481.822517835 
965517.2413793096 -695307029992973.4 -31871293.41791362 
968652.0376175541 -712700317716840.8 -32668562.17605927 
971786.8338557986 -730528703107639.0 -33485774.82324886 
974921.6300940431 -748803070249613.9 -34323430.26130901 
978056.4263322876 -767534575494455.9 -35182039.87214841 
981191.2225705321 -786734654271660.6 -36062127.829930626 
984326.0188087766 -806415028069631.4 -36964231.421071306 
987460.8150470211 -826587711591653.8 -37888901.3722498 
990595.6112852657 -847265020090849.2 -38836702.18662292 
993730.4075235102 -868459576888367.0 -39808212.48844529 
996865.2037617547 -890184321082488.1 -40804025.37619047 
999999.9999999992 -912452515351082.2 -41824748.789110936 
