#x u 
0.0 -23834.425642261667 -0.04935426587287834 
3134.796238244514 -51881.01994669918 -0.047173293198926144 
6269.592476489028 -85171.09059594787 -0.04350044095225406 
9404.38871473354 -115119.82078830762 -0.03814323784956364 
12539.184952978056 -140640.6420049322 -0.03131212639175343 
15673.98119122257 -160721.31377652663 -0.023270103443049632 
18808.777429467085 -174586.95339025313 -0.014328228820031968 
21943.5736677116 -181701.31884255612 -0.004832281911099655 
25078.369905956115 -181789.29920642875 0.004850529208235329 
28213.16614420063 -174847.49225770697 0.014345770493540232 
31347.962382445145 -161144.33748496976 0.023286261219610714 
34482.75862068966 -141209.73551479023 0.03132627285047638 
37617.55485893417 -115814.55686932166 0.038154898352564054 
40752.35109717868 -85940.83242392 0.04350807496132682 
43887.14733542319 -52743.77829959717 0.04717879548124836 
47021.943573667704 -17507.123686687217 0.04902511324852742 
50156.739811912215 18406.53092842904 0.04897563120475001 
53291.53605015673 53608.405487485994 0.04703226281921847 
56426.33228840124 86737.24444784931 0.04327015809514495 
59561.12852664575 116511.9564977412 0.037834797521048034 
62695.92476489026 141781.15432282133 0.030936366344173502 
65830.72100313478 161567.67872267147 0.022841626712635302 
68965.51724137929 175106.38533080072 0.01386360199032097 
72100.3134796238 181873.73272672354 0.0043494721518271915 
75235.10971786831 181608.02776861034 -0.0053328516578223266 
78369.90595611282 174319.54526004614 -0.01480895423726195 
81504.70219435733 160290.13062365254 -0.02371239495455303 
84639.49843260185 140062.30094617454 -0.03169887799656759 
87774.29467084636 114418.26585732287 -0.038459566278824006 
90909.09090909087 84349.67950442628 -0.043733024167239364 
94043.88714733538 51019.29331321995 -0.0473153271870697 
97178.68338557989 15715.992421478426 -0.04906794777686471 
100313.4796238244 -20195.045474606748 -0.048923112145544255 
103448.27586206891 -55325.14150522372 -0.04688642108307695 
106583.07210031342 -88315.81580150325 -0.043036633378082646 
109717.86833855794 -117891.31987551221 -0.037522620217594366 
112852.66457680245 -142907.96977998182 -0.03055760834225871 
115987.46081504696 -162398.3723357933 -0.02241093457400877 
119122.25705329147 -175608.83420020173 -0.01339763056840224 
122257.05329153598 -182028.50716813374 -0.003866240548972085 
125391.84952978049 -181409.14265854197 0.00581465688852527 
128526.645768025 -173774.6914803576 0.015270701700496972 
131661.44200626953 -159420.37765535415 0.024136228888332983 
134796.23824451404 -138901.28211316373 0.03206840875406991 
137931.03448275855 -113010.87772665203 0.03876050411559261 
141065.83072100306 -82750.34573726467 0.04395373182521854 
144200.62695924757 -49289.860103337414 0.047447269907060115 
147335.42319749208 -13923.336904597554 0.04910602333743227 
150470.2194357366 21981.601357850097 0.048865848165785604 
153605.0156739811 57036.51168686514 0.046736031959549534 
156739.81191222562 89885.8216426377 0.042798934654149315 
159874.60815047013 119259.24929247983 0.03720680369651805 
163009.40438871464 144020.92497899884 0.030175886640417832 
166144.20062695915 163213.3153692272 0.02197806885934975 
169278.99686520366 176094.25124298153 0.012930359746466006 
172413.79310344817 182165.62715660722 0.0033826339698626367 
175548.58934169268 181192.66316583467 -0.0062958981713699185 
178683.3855799372 173212.9837582188 -0.015730968099407258 
181818.1818181817 158535.1629242796 -0.024557721913947096 
184952.97805642622 137726.79163972 -0.03243482928410431 
188087.77429467073 111592.52910819437 -0.03905768268177744 
191222.57053291524 81142.98631195372 -0.04417017653283753 
194357.36677115975 47555.64545936247 -0.04757461080119701 
197492.16300940426 12129.328669181876 -0.04913933613050516 
200626.95924764877 -23766.02250471679 -0.048803844947708126 
203761.75548589329 -58742.32796052483 -0.04658111104705932 
206896.5517241378 -91447.08797506172 -0.04255708597295294 
210031.3479623823 -120615.71830836895 -0.03688737371860008 
213166.14420062682 -145120.2492509734 -0.029791222800952102 
216300.94043887133 -164012.4180123756 -0.021543072044875166 
219435.73667711584 -176560.61445335665 -0.012461925369988235 
222570.53291536035 -182281.39474166944 -0.002898868214246319 
225705.32915360486 -180961.96775760836 0.006776682730917324 
228840.12539184937 -172659.2776217227 0.016190845617724124 
231974.9216300939 -157666.37357056857 0.02497829085055325 
235109.7178683384 -136489.4838668697 0.0327958369343094 
238244.5141065829 -109933.01681361401 0.039340514858535076 
241379.31034482742 -79273.96601177988 0.044370704090223534 
244514.10658307193 -46176.84172741557 0.04771384020750526 
247648.90282131644 -11934.047153323654 0.04924121895317624 
250783.69905956095 23527.282145847425 0.04882973984409154 
253918.49529780546 61224.45926549056 0.04638582669289454 
257053.29153604998 100267.42947650382 0.04197796374872192 
260188.0877742945 134857.36279158297 0.03597320276692026 
263322.884012539 155654.5732251287 0.02897054549795483 
266457.6802507835 156441.42644799437 0.021488922768423617 
269592.476489028 140101.51316910898 0.013684076754287712 
272727.27272727253 117029.42438291732 0.005410319431928231 
275862.06896551704 97138.95946855293 -0.003425932965105238 
278996.86520376155 83724.11420561731 -0.01259871535444732 
282131.66144200607 74270.54819705698 -0.0216142864416349 
285266.4576802506 65071.65551032475 -0.029937355087938454 
288401.2539184951 54154.537581811834 -0.03713932982910905 
291536.0501567396 41236.010187699445 -0.04290937890652 
294670.8463949841 26722.887388446878 -0.04702012345543048 
297805.6426332286 11176.391252449448 -0.04931260109467024 
300940.43887147313 -4802.295632751971 -0.04969816177557361 
304075.23510971764 -20595.27787496728 -0.04816189587697764 
307210.03134796215 -35591.84127555482 -0.04476321075987149 
310344.82758620667 -49212.069131065524 -0.039633533486344505 
313479.6238244512 -60929.267596569785 -0.032971228538629105 
316614.4200626957 -70290.33292247617 -0.025033927069907015 
319749.2163009402 -76933.27296434712 -0.016128564314543084 
322884.0125391847 -80601.20540938896 -0.006599510410825883 
326018.8087774292 -81152.29140858146 0.0031847463830199573 
329153.60501567373 -78565.22048115375 0.01284584911987088 
332288.40125391824 -72940.03459030535 0.022010203216675725 
335423.19749216276 -64494.25952317566 0.030323423346936534 
338557.99373040727 -53554.4931745074 0.03746403751175506 
341692.7899686518 -40543.77601483822 0.04315591835338578 
344827.5862068963 -25965.232126879433 0.047178960992735046 
347962.3824451408 -10382.613410767688 0.04937759447911713 
351097.1786833853 5601.500686753079 0.0496667977147339 
354231.9749216298 21369.004903340778 0.048035387218240626 
357366.77115987433 36310.17027491814 0.04454644958966876 
360501.56739811884 49847.222338329826 0.03933490195329914 
363636.36363636336 61456.68365428844 0.03260227471609397 
366771.15987460787 70689.6166658793 0.024608918392278488 
369905.9561128524 77188.9841018136 0.0156639358559568 
373040.7523510969 80703.45559810926 0.006113229341281696 
376175.5485893414 81097.12663650763 -0.003673875587638682 
379310.3448275859 78354.77396853885 -0.013318911846373961 
382445.1410658304 72582.4442981323 -0.022448906142149738 
385579.93730407493 64003.35345842823 -0.03071080184104998 
388714.73354231945 52949.25466150821 -0.037785111658557004 
391849.52978056396 39847.60961060967 -0.043398272224252965 
394984.32601880847 25205.05856755474 -0.04733322276999782 
398119.122257053 9587.828587445121 -0.0494377988639967 
401253.9184952975 -6400.162466327687 -0.04963061660528589 
404388.714733542 -22140.659409625194 -0.04790421973699448 
407523.5109717865 -37024.97764890596 -0.044325367979597206 
410658.307210031 -50477.54099808865 -0.039032455434318915 
413793.10344827553 -61978.13919419455 -0.03223015888696134 
416927.89968652005 -71082.0444142266 -0.024181522962100025 
420062.69592476456 -77437.20888812593 -0.015197788194524975 
423197.49216300907 -80797.87857657453 -0.0056263553661296106 
426332.2884012536 -81034.09647308706 0.004162648472983703 
429467.0846394981 -78136.72803795696 0.013790682807578555 
432601.8808777426 -72217.81443066138 0.0228854318088299 
435736.6771159871 -63506.23988123846 0.031095201777413123 
438871.4733542316 -52338.880743262955 0.038102521129400324 
442006.26959247614 -39147.57849431598 0.04363641701387393 
445141.06583072065 -24442.440437655343 0.04748289382578538 
448275.86206896516 -8792.113866517255 0.0494932084102482 
451410.65830720967 7198.203511423839 0.049589621956337655 
454545.4545454542 22910.166553134208 0.047768406154819025 
457680.2507836987 37736.194070278856 0.04409998737176536 
460815.0470219432 51102.9639774371 0.0387262232628751 
463949.8432601877 62493.583641723526 0.031854917141740845 
467084.6394984322 71467.57810700979 0.023751782231300415 
470219.43573667674 77677.92324863031 0.014730166540650737 
473354.23197492125 80884.46518695177 0.005138935705961915 
476489.02821316576 80963.20703144232 -0.004651017634292696 
479623.82445141027 77911.10383709255 -0.014261116247693058 
482758.6206896548 71846.18035235855 -0.023319737879270365 
485893.4169278993 63002.9670053123 -0.03147658587411396 
489028.2131661438 51723.430618292536 -0.038416235139597375 
492163.0094043883 38443.750560084096 -0.043870329625228466 
495297.8056426328 23677.451701452155 -0.047627959643906176 
498432.60188087734 7995.54642220178 -0.04954381774384928 
501567.39811912185 -7995.546422197185 -0.04954381774384955 
504702.19435736636 -23677.451701448117 -0.047627959643907015 
507836.99059561087 -38443.75056007983 -0.04387032962522981 
510971.7868338554 -51723.430618288505 -0.03841623513959916 
514106.5830720999 -63002.96700530933 -0.03147658587411613 
517241.3793103444 -71846.18035235652 -0.02331973787927278 
520376.1755485889 -77911.10383709168 -0.014261116247695667 
523510.9717868334 -80963.207031442 -0.004651017634295436 
526645.768025078 -80884.46518695247 0.005138935705959167 
529780.5642633225 -77677.92324863203 0.014730166540648085 
532915.360501567 -71467.57810701214 0.023751782231297962 
536050.1567398115 -62493.583641726 0.03185491714173871 
539184.952978056 -51102.96397744003 0.03872622326287335 
542319.7492163006 -37736.19407028348 0.04409998737176407 
545454.5454545451 -22910.166553138806 0.047768406154818276 
548589.3416927896 -7198.203511428801 0.049589621956337405 
551724.1379310341 8792.113866511216 0.04949320841024848 
554858.9341692786 24442.44043765035 0.0474828938257862 
557993.7304075231 39147.578494311936 0.043636417013875245 
561128.5266457676 52338.88074326019 0.038102521129402114 
564263.3228840121 63506.23988123628 0.031095201777415298 
567398.1191222566 72217.81443066016 0.02288543180883238 
570532.9153605012 78136.72803795544 0.013790682807581296 
573667.7115987457 81034.0964730861 0.004162648472986534 
576802.5078369902 80797.8785765749 -0.0056263553661268255 
579937.3040752347 77437.20888812744 -0.01519778819452232 
583072.1003134792 71082.04441422914 -0.0241815229620976 
586206.8965517237 61978.13919419772 -0.03223015888695926 
589341.6927899682 50477.54099809176 -0.03903245543431722 
592476.4890282127 37024.97764890951 -0.04432536797959595 
595611.2852664572 22140.659409629778 -0.04790421973699367 
598746.0815047018 6400.162466332373 -0.04963061660528563 
601880.8777429463 -9587.828587441214 -0.04943779886399701 
605015.6739811908 -25205.058567550994 -0.04733322276999864 
608150.4702194353 -39847.60961060635 -0.04339827222425432 
611285.2664576798 -52949.25466150424 -0.03778511165855885 
614420.0626959243 -64003.353458424244 -0.030710801841052248 
617554.8589341688 -72582.44429813023 -0.022448906142152315 
620689.6551724133 -78354.77396853801 -0.013318911846376716 
623824.4514106578 -81097.12663650812 -0.003673875587641481 
626959.2476489024 -80703.455598111 0.006113229341278931 
630094.0438871469 -77188.98410181559 0.01566393585595416 
633228.8401253914 -70689.61666588191 0.024608918392276073 
636363.6363636359 -61456.68365429147 0.03260227471609183 
639498.4326018804 -49847.222338333784 0.039334901953297405 
642633.2288401249 -36310.17027492242 0.04454644958966747 
645768.0250783694 -21369.004903345252 0.04803538721823986 
648902.8213166139 -5601.500686758098 0.0496667977147337 
652037.6175548584 10382.613410763734 0.04937759447911752 
655172.413793103 25965.232126875177 0.04717896099273601 
658307.2100313475 40543.77601483434 0.04315591835338723 
661442.006269592 53554.493174504605 0.037464037511756955 
664576.8025078365 64494.25952317403 0.03032342334693879 
667711.598746081 72940.03459030477 0.02201020321667823 
670846.3949843255 78565.22048115404 0.012845849119873584 
673981.19122257 81152.29140858192 0.003184746383022761 
677115.9874608145 80601.20540939012 -0.006599510410823107 
680250.783699059 76933.27296434884 -0.016128564314540413 
683385.5799373036 70290.33292247885 -0.025033927069904562 
686520.3761755481 60929.267596572696 -0.03297122853862699 
689655.1724137926 49212.06913106897 -0.03963353348634276 
692789.9686520371 35591.84127555818 -0.044763210759870276 
695924.7648902816 20595.277874971427 -0.04816189587697695 
699059.5611285261 4802.2956327570755 -0.04969816177557345 
702194.3573667706 -11176.391252443766 -0.049312601094670616 
705329.1536050151 -26722.887388441464 -0.04702012345543136 
708463.9498432596 -41236.010187695865 -0.04290937890652139 
711598.7460815042 -54154.53758181 -0.03713932982911087 
714733.5423197487 -64981.28854194266 -0.029933212871563315 
717868.3385579932 -73218.14836754813 -0.021566046826129344 
721003.1347962377 -77769.49300991237 -0.012325769056927987 
724137.9310344822 -75402.25072785586 -0.0024295716557826666 
727272.7272727267 -59796.46732646524 0.008033748061788167 
730407.5235109712 -25244.913563881913 0.0189488421487383 
733542.3197492157 23960.750824038172 0.02975814842241306 
736677.1159874602 67379.65369929373 0.03919392738220008 
739811.9122257048 78428.08615382931 0.04574972283287676 
742946.7084639493 48486.64262343286 0.048796512214960605 
746081.5047021938 1463.293361300006 0.04925929074998724 
749216.3009404383 -22757.607378944187 0.048865019985517566 
752351.0971786828 -5471.8017498625995 0.04844337441240568 
755485.8934169273 30852.849468718494 0.04701142324212745 
758620.6896551718 43962.54190384534 0.04275210869116857 
761755.4858934163 15030.092039104551 0.03499038055278082 
764890.2821316608 -31331.68311943207 0.02510329618834674 
768025.0783699054 -52269.67182706995 0.015355299828214075 
771159.8746081499 -31290.243776783085 0.006842263244883913 
774294.6708463944 4609.465202570573 -0.0013069150411550976 
777429.4670846389 13470.015572782111 -0.01063679803536812 
780564.2633228834 -17372.470855004183 -0.021351377085257448 
783699.0595611279 -57856.63105465495 -0.0317130448252194 
786833.8557993724 -66726.1930697115 -0.039501782074874495 
789968.6520376169 -34855.07132261769 -0.044013801245713614 
793103.4482758614 5187.073529745998 -0.046511048919248815 
796238.244514106 13363.51606274912 -0.04866117261375993 
799373.0407523505 -15816.992010238573 -0.050618240339376966 
802507.836990595 -47670.708511461635 -0.05076847217761048 
805642.6332288395 -43980.6199192037 -0.04741073975841251 
808777.429467084 -3355.975316004973 -0.040604596800921156 
811912.2257053285 37126.451462645346 -0.03224074273145152 
815047.021943573 40705.845303596696 -0.024255882880948213 
818181.8181818175 9356.445652674855 -0.016861952285621054 
821316.614420062 -18535.426892662654 -0.008640900558813289 
824451.4106583066 -8757.77948848097 0.0016081248582257937 
827586.2068965511 32576.639913379506 0.013225931266509403 
830721.0031347956 65321.91014778058 0.02399632771452402 
833855.7993730401 57395.65364967377 0.03209028243513438 
836990.5956112846 18408.578305438496 0.03762128578046843 
840125.3918495291 -10515.577094684646 0.04219136639661805 
843260.1880877736 3.843044292225386 0.04691927251535389 
846394.9843260181 36766.60006805093 0.05103575333695987 
849529.7805642626 57979.01232455088 0.05253106090307085 
852664.5768025072 37328.75793818351 0.05017887462437471 
855799.3730407517 -8210.386341714635 0.044811589339319176 
858934.1692789962 -36067.30688338645 0.0385074007661656 
862068.9655172407 -22636.867368966632 0.03254271988143123 
865203.7617554852 12138.316478479886 0.026257882610467423 
868338.5579937297 25986.005396414403 0.018019900632806493 
871473.3542319742 -1022.6919554910564 0.007258387053217272 
874608.1504702187 -45330.98329069989 -0.004578594981495002 
877742.9467084632 -64501.553534769744 -0.01516661803482706 
880877.7429467078 -41679.6499620555 -0.023357640667624028 
884012.5391849523 -3166.4681183992216 -0.030000050441595833 
887147.3354231968 9347.019717929768 -0.03667973863650043 
890282.1316614413 -17337.071895365894 -0.043721182248768184 
893416.9278996858 -54067.08357304869 -0.04956314177172671 
896551.7241379303 -60057.16873661348 -0.05217528385788598 
899686.5203761748 -25853.719290967078 -0.05103388282853849 
902821.3166144193 16625.65208585326 -0.047585480322777964 
905956.1128526638 27515.663938399928 -0.04371546329928114 
909090.9090909084 730.2710760209447 -0.03983315266558345 
912225.7053291529 -29869.449717735624 -0.034584040772380344 
915360.5015673974 -26317.62682822242 -0.026485080738442777 
918495.2978056419 13319.257728778204 -0.015754535300938878 
921630.0940438864 52714.66867070799 -0.004402222042790945 
924764.8902821309 55287.861582162936 0.005525917316956387 
927899.6865203754 22471.30650327055 0.013716184162836119 
931034.4827586199 -7980.42203912203 0.021524276179497818 
934169.2789968645 -1828.810652127111 0.03016369325175636 
937304.075235109 35572.90890766654 0.03906587338051809 
940438.8714733535 64890.46610801773 0.04614987214703526 
943573.667711598 54180.50310229956 0.04972950726024457 
946708.4639498425 12508.390545871564 0.05006290642998982 
949843.260188087 -19523.85967277195 0.048924415395404784 
952978.0564263315 -12355.959342962582 0.047656257417460816 
956112.852664576 21622.938410169445 0.045752286935294637 
959247.6489028205 41313.513722211355 0.04146246013418281 
962382.445141065 20337.540950330498 0.033778449013967794 
965517.2413793096 -25023.190337540436 0.02370653346715992 
968652.0376175541 -52747.81179135715 0.013481931389845768 
971786.8338557986 -39047.352280318504 0.00454131711910685 
974921.6300940431 -3152.754864606366 -0.003626794076610226 
978056.4263322876 13116.267957922479 -0.012559837358351204 
981191.2225705321 -10514.343010423676 -0.022812851406404946 
984326.0188087766 -51352.376269229135 -0.03299107945151636 
987460.8150470211 -67539.2468441976 -0.040854610941001616 
990595.6112852657 -42022.276877822456 -0.04534651719896184 
993730.4075235102 -505.9223380796866 -0.0474225198046828 
996865.2037617547 16623.431948757025 -0.048874480224370735 
999999.9999999992 -23834.425642538994 -0.04935426587289105 
