#x u 
0.0 66219.81763579765 0.04945633981836236 
3134.796238244514 84471.30398251771 0.045828108752256444 
6269.592476489028 140699.233379467 0.042318188834775526 
9404.38871473354 190033.47051794146 0.03710523004557071 
12539.184952978056 232062.14417649616 0.030459385209206172 
15673.98119122257 265115.6885234851 0.02263561752349922 
18808.777429467085 287917.2569968556 0.013936532981166396 
21943.5736677116 299585.07164715504 0.004698523026499192 
25078.369905956115 299667.9396664355 -0.004721178685709255 
28213.16614420063 288162.6565159327 -0.013958312545129527 
31347.962382445145 265514.13118654664 -0.02265567883376178 
34482.75862068966 232598.18154373675 -0.03047695063109391 
37617.55485893417 190687.666475095 -0.037119679567033624 
40752.35109717868 141403.2644713698 -0.042326991492248306 
43887.14733542319 86650.80203280927 -0.045897519794612235 
47021.943573667704 28547.555409642766 -0.04769319224068299 
50156.739811912215 -30659.624413583457 -0.04764457022525581 
53291.53605015673 -88681.19738516072 -0.04575353396035988 
56426.33228840124 -143273.4708384521 -0.04209320976750957 
59561.12852664575 -192325.3630269817 -0.036805142284817856 
62695.92476489026 -233940.03859880383 -0.030093820939646583 
65830.72100313478 -266508.25916855736 -0.02221877234794902 
68965.51724137929 -288770.6125225546 -0.01348452442700946 
72100.3134796238 -299866.2140552216 -0.004228830309070457 
75235.10971786831 -299365.99715364573 0.005190392563208866 
78369.90595611282 -287289.3051919609 0.014408903094636319 
81504.70219435733 -264103.1435235881 0.023070221730843353 
84639.49843260185 -230704.12039677694 0.030839415513066938 
87774.29467084636 -188383.77513775678 0.03741604992665882 
90909.09090909087 -138778.63435971743 0.04254580669568819 
94043.88714733538 -83806.9275226849 0.046030318263833636 
97178.68338557989 -25594.40905188294 0.04773483866245198 
100313.4796238244 33607.84452873244 0.04759345413356246 
103448.27586206891 91510.48366512245 0.045611632013095475 
106583.07210031342 145874.4148588591 0.041866009309159145 
109717.86833855794 194597.38635250478 0.036501429150996516 
112852.66457680245 235795.2821485377 0.02972533970907247 
115987.46081504696 267874.9807243203 0.021799772179900135 
119122.25705329147 289595.9609985356 0.01303120804671751 
122257.05329153598 300118.27324804803 0.00375872744877186 
125391.84952978049 299035.01994110877 -0.005659103038547238 
128526.645768025 286388.090453969 -0.014858096163536567 
131661.44200626953 262666.54120982595 -0.023482527109409713 
134796.23824451404 228787.6838800884 -0.03119888936339695 
137931.03448275855 186061.61296670983 -0.03770879140462625 
141065.83072100306 136140.54448302498 -0.04276049549621177 
144200.62695924757 80954.92480494207 -0.04615865237676999 
147335.42319749208 22638.78036149519 -0.04777185541110474 
150470.2194357366 -36552.80510978408 -0.04753772208125658 
153605.0156739811 -94330.89459035796 -0.04546530631679504 
156739.81191222562 -148461.21091363957 -0.041634748379605444 
159874.60815047013 -196850.53620294778 -0.03619417584211686 
163009.40438871464 -237627.6565505142 -0.029353975498059362 
166144.20062695915 -269215.7218089771 -0.021378657710807592 
169278.99686520366 -290393.2223441802 -0.01257662780474173 
172413.79310344817 -300341.22477988264 -0.0032882600396466214 
175548.58934169268 -298675.0401293925 0.0061272646527617165 
178683.3855799372 -285459.0997083421 0.015305848185807257 
181818.1818181817 -261204.46357744175 0.023892554981075263 
184952.97805642622 -226849.05786367657 0.031555337317685575 
188087.77429467073 -183721.40518219577 0.03799787560873037 
191222.57053291524 -133489.25070250907 0.042971037071732 
194357.36677115975 -78095.07048762447 0.04628250968664233 
197492.16300940426 -19680.95599692613 0.047804238896486884 
200626.95924764877 39494.22053296144 0.047477379473639586 
203761.75548589329 97142.15661682203 0.045314571063192845 
206896.5517241378 151033.60811641993 0.04139944940822166 
210031.3479623823 199084.59405138507 0.03588341215784784 
213166.14420062682 239436.98408768122 0.028979764324219465 
216300.94043887133 270530.35238766426 0.02095546978342686 
219435.73667711584 291162.3192352601 0.012120827789592638 
222570.53291536035 300535.0470272567 0.0028174737110587093 
225705.32915360486 298286.09263196704 -0.006594832000121227 
228840.12539184937 284502.42305538326 -0.015752115735188657 
231974.9216300939 259717.05242939503 -0.024300265578343923 
235109.7178683384 224888.43036964093 -0.03190872480500823 
238244.5141065829 181363.37875464617 -0.03828327450147471 
241379.31034482742 130825.01015999116 -0.04317741100238984 
244514.10658307193 75227.64194027815 -0.04640187818086447 
247648.90282131644 16721.222829572784 -0.047831985977811485 
250783.69905956095 -42431.80551832545 -0.047412432163177955 
253918.49529780546 -99943.99708780291 -0.04515944087169411 
257053.29153604998 -153591.3569773461 -0.04116013521601971 
260188.0877742945 -201299.34322258108 -0.03556916823832004 
263322.884012539 -241223.08927825035 -0.028602742481284124 
266457.6802507835 -271818.7449579142 -0.020530249441612296 
269592.476489028 -291903.1770791442 -0.011663852208082866 
272727.27272727253 -300699.72119187366 -0.002346414123302781 
275862.06896551704 -297868.21517179837 0.007061759732531347 
278996.86520376155 -283518.15328057774 0.01619685552939616 
282131.66144200607 -258204.45202567748 0.024705619358465675 
285266.4576802506 -222905.99155395103 0.032259017551266755 
288401.2539184951 -178987.76238267863 0.03856496040279134 
291536.0501567396 -128148.08125297117 0.04337959727253509 
294670.8463949841 -72352.91726705786 0.0465167462822085 
297805.6426332286 -13759.86791596564 0.0478550939639641 
300940.43887147313 45365.27515743955 0.047342886448936014 
304075.23510971764 102736.14426035917 0.04499993078795731 
307210.03134796215 156134.20942726108 0.04091682901343697 
310344.82758620667 203494.56891399226 0.03525147456120287 
313479.6238244512 242985.79889270035 0.02822294653558395 
316614.4200626957 273080.7745620108 0.0201030379263368 
319749.2163009402 292615.724022032 0.011205745381040211 
322884.0125391847 300835.2313024319 0.0018751269631764158 
326018.8087774292 297421.4482776957 -0.007528002563932035 
329153.60501567373 282506.3858455949 -0.016640024434317956 
332288.40125391824 256666.80906931966 -0.025108577007271867 
335423.19749216276 220901.93368799295 -0.032606181582513334 
338557.99373040727 176594.78647090943 -0.038842905992725156 
341692.7899686518 125458.7236095534 -0.043577576272667236 
344827.5862068963 69471.17527974723 -0.046627102849927465 
347962.3824451408 10797.178165533984 -0.04787356062771605 
351097.1786833853 -48294.33942246977 -0.04726874882300777 
354231.9749216298 -105518.1073589571 -0.04483604619938544 
357366.77115987433 -158659.0148684027 -0.04066942128654807 
360501.56739811884 -205646.78221904795 -0.034929295019938925 
363636.36363636336 -244592.05476281818 -0.027834322075022806 
366771.15987460787 -273733.73267057526 -0.019647172248094334 
369905.9561128524 -291251.9570017618 -0.010652679102616757 
373040.7523510969 -295009.7732095163 -0.0011317581259873458 
376175.5485893414 -282536.2156185844 0.008654019479092225 
379310.3448275859 -251783.83065808774 0.01844219849777837 
382445.1410658304 -202958.74149153568 0.027899332038102524 
385579.93730407493 -140730.95595021886 0.03653219506057681 
388714.73354231945 -74897.32073630574 0.043668191271068926 
391849.52978056396 -17529.224659694766 0.04859473986180575 
394984.32601880847 23099.0595682534 0.05084374493647052 
398119.122257053 48028.58076635926 0.05044797224748519 
401253.9184952975 67494.43201036035 0.04793606837524087 
404388.714733542 93556.06714087416 0.04399245059230195 
407523.5109717865 130310.93536137026 0.03900363163389828 
410658.307210031 169957.2039584877 0.032870060329481365 
413793.10344827553 198885.221876158 0.02527536099581366 
416927.89968652005 208979.05489029284 0.01619248065345878 
420062.69592476456 203904.08240475648 0.006158558459103782 
423197.49216300907 194423.92867755576 -0.003954009631632753 
426332.2884012536 187317.4742805387 -0.013460246395555178 
429467.0846394981 178879.90287592012 -0.02217496277109707 
432601.8808777426 159456.95347827472 -0.030218646248153496 
435736.6771159871 124253.67646875192 -0.037534465417570335 
438871.4733542316 79221.75716986717 -0.043629105370121136 
442006.26959247614 35933.314649006075 -0.047816267956966814 
445141.06583072065 799.6706572069743 -0.04971688595470313 
448275.86206896516 -30127.753546925724 -0.04950073230624761 
451410.65830720967 -65404.67589386385 -0.04762316053488075 
454545.4545454542 -107608.92365822331 -0.044337467916661544 
457680.2507836987 -149105.3850459695 -0.039495544802261924 
460815.0470219432 -178661.10394040876 -0.032843289347651766 
463949.8432601877 -192003.5127359747 -0.024494488109046305 
467084.6394984322 -195270.36540944167 -0.01507697969567284 
470219.43573667674 -197770.8280689853 -0.005387440553210968 
473354.23197492125 -201704.89542210018 0.004094160165432017 
476489.02821316576 -199669.04949559623 0.013333556340993591 
479623.82445141027 -182571.93444286406 0.02239379647999421 
482758.6206896548 -149626.93303206444 0.030990883468081792 
485893.4169278993 -109899.13975244548 0.03843524131410616 
489028.2131661438 -73758.31846226624 0.04403408974890744 
492163.0094043883 -43191.31712661008 0.047543910044001665 
495297.8056426328 -11111.47375430683 0.04920799536104725 
498432.60188087734 29669.08138790891 0.04934833409399617 
501567.39811912185 77301.33321164594 0.04794703001171293 
504702.19435736636 121262.85928165315 0.04466037783008976 
507836.99059561087 151895.5680758713 0.03925069107977598 
510971.7868338554 169144.32497403643 0.03197893278955531 
514106.5830720999 181365.53308163513 0.02353991432523532 
517241.3793103444 195513.02196367813 0.014600382526680207 
520376.1755485889 209063.50508616315 0.0054154440442073844 
523510.9717868334 212198.05704566726 -0.004085777792713174 
526645.768025078 197957.7970191147 -0.01384929286942849 
529780.5642633225 169699.12837770884 -0.023368937345421056 
532915.360501567 138007.90170993813 -0.03184144947112799 
536050.1567398115 110306.25144851724 -0.038655167568573255 
539184.952978056 84053.84070735938 -0.043712151970294835 
542319.7492163006 50649.096669705614 -0.0472576238214088 
545454.5454545451 5874.869835622529 -0.04940692855297905 
548589.3416927896 -44149.92498508432 -0.049875845693994524 
551724.1379310341 -87824.10257775981 -0.048203383861904925 
554858.9341692786 -118676.15693567549 -0.044235408093412754 
557993.7304075231 -140640.72365538773 -0.038360366815964206 
561128.5266457676 -162519.2006986997 -0.031246461057796576 
564263.3228840121 -187503.10831221179 -0.023351522024139537 
567398.1191222566 -208803.9565754797 -0.014713677575330111 
570532.9153605012 -216000.43887301063 -0.005232995847503562 
573667.7115987457 -205472.57152456764 0.004865577917676747 
576802.5078369902 -184045.16356547803 0.01489196411278378 
579937.3040752347 -162102.2738536594 0.024038874891601017 
583072.1003134792 -143386.57820895937 0.031865532480005954 
586206.8965517237 -121988.35992963196 0.03841387008122115 
589341.6927899682 -89370.52598341009 0.043835975042796634 
592476.4890282127 -43888.89625931885 0.047932034414167636 
595611.2852664572 6962.723998236492 0.05010816713645722 
598746.0815047018 53361.98309057072 0.04983525664224554 
601880.8777429463 91307.77560159973 0.047159619753356585 
605015.6739811908 123452.27259531825 0.0427384005846871 
608150.4702194353 152306.1010775299 0.03733982617856028 
611285.2664576798 173997.98137395992 0.0312863589734629 
614420.0626959243 180224.70319503255 0.024373498970534577 
617554.8589341688 166989.8642879138 0.01631309716730878 
620689.6551724133 140863.0050102842 0.007229521278190519 
623824.4514106578 115366.31758796808 -0.002286711005350779 
626959.2476489024 100093.24252198552 -0.011581851351909082 
630094.0438871469 92981.88321159 -0.02034208814882804 
633228.8401253914 83473.48093836475 -0.02857043894033088 
636363.6363636359 63522.00535037581 -0.03619080404910158 
639498.4326018804 35522.346441828005 -0.04274029866048511 
642633.2288401249 9397.453077292812 -0.04751352190791851 
645768.0250783694 -7820.466574986989 -0.05003152726094359 
648902.8213166139 -18972.743939381042 -0.050352144398310886 
652037.6175548584 -33127.26511113832 -0.048897122105271834 
655172.413793103 -55287.76913287323 -0.0459769677587439 
658307.2100313475 -80379.66197327897 -0.04151125457646003 
661442.006269592 -97888.69523842877 -0.03523519771233551 
664576.8025078365 -102304.16371533187 -0.027169929444132348 
667711.598746081 -98409.9299888165 -0.017854441474088684 
670846.3949843255 -95884.32628255244 -0.00808569351728082 
673981.19122257 -98907.06039308553 0.0015714456456425935 
677115.9874608145 -101710.25940088785 0.011002562955898213 
680250.783699059 -94748.61902505177 0.02027552361467186 
683385.5799373036 -74991.31987622363 0.029183008164182036 
686520.3761755481 -49504.01336335941 0.03709171169503332 
689655.1724137926 -28544.60378575731 0.04327078320636181 
692789.9686520371 -15417.362173009285 0.047366969365728255 
695924.7648902816 -3728.3536138808377 0.04953822281269431 
699059.5611285261 15105.811638191164 0.050114743584014874 
702194.3573667706 42026.46360700801 0.049150770445113616 
705329.1536050151 68546.40983897954 0.04634226463596619 
708463.9498432596 84911.93627553027 0.041397750686018045 
711598.7460815042 89656.04164504044 0.03447019742371385 
714733.5423197487 90526.57569083295 0.02619104609843563 
717868.3385579932 95843.09379450121 0.017263343832726652 
721003.1347962377 105393.84817703965 0.008032042356770139 
724137.9310344822 110456.22673190839 -0.0015287797282830108 
727272.7272727267 102920.89413912961 -0.011412145896674194 
730407.5235109712 83923.91543683488 -0.021197148711910634 
733542.3197492157 62908.84075415836 -0.030106204484600985 
736677.1159874602 48101.15292704021 -0.03745501297254076 
739811.9122257048 38398.63097748575 -0.043036166525813914 
742946.7084639493 25180.858006012735 -0.0470461805420376 
746081.5047021938 2103.9242403553726 -0.049644207367380615 
749216.3009404383 -27449.635465111416 -0.0506156385393784 
752351.0971786828 -53125.77737803314 -0.04950068799098343 
755485.8934169273 -67686.91295990738 -0.0460562283085794 
758620.6896551718 -73854.229364607 -0.04056599993626724 
761755.4858934163 -80743.41767408227 -0.033671084249380485 
764890.2821316608 -93674.75136243523 -0.025894188079298896 
768025.0783699054 -108097.17443956458 -0.017350355085647928 
771159.8746081499 -114029.41085014181 -0.007938020433474961 
774294.6708463944 -106355.80960164565 0.0022028158121801854 
777429.4670846389 -90157.51530748728 0.0124607014626662 
780564.2633228834 -75479.87367892655 0.022007220730517252 
783699.0595611279 -67039.45782461463 0.03028302974483856 
786833.8557993724 -59683.85519204385 0.037219239076275126 
789968.6520376169 -44356.946055083055 0.04297577576199241 
793103.4482758614 -18270.677529780995 0.04748500030404356 
796238.244514106 11437.364010783524 0.05029160942852244 
799373.0407523505 34429.23314615495 0.05086586252211919 
802507.836990595 47228.23461040078 0.049066943518199305 
805642.6332288395 56068.920140854185 0.045272881032154016 
808777.429467084 69575.44329282314 0.040041373450881365 
811912.2257053285 89001.33143822956 0.03365612277849655 
815047.021943573 106319.21393280377 0.026030523301713876 
818181.8181818175 112186.29215309702 0.01706190080224863 
821316.614420062 105423.87102967937 0.00705344262106493 
824451.4106583066 94058.16235512111 -0.0032519078190802074 
827586.2068965511 86841.53557747684 -0.013074600391898143 
830721.0031347956 84175.11292083841 -0.022029197094907957 
833855.7993730401 77970.61240610635 -0.03014489872179929 
836990.5956112846 60579.753189291805 -0.03746944886206471 
840125.3918495291 33381.98099653602 -0.04368720275994197 
843260.1880877736 5982.03979044166 -0.04816566965132976 
846394.9843260181 -13157.885318442644 -0.05039234760742083 
849529.7805642626 -24826.335857001723 -0.05035120235504088 
852664.5768025072 -37418.946745943445 -0.04844934463482089 
855799.3730407517 -57308.81514838882 -0.04507476847056887 
858934.1692789962 -81390.05894355797 -0.04025085771668312 
862068.9655172407 -99660.6864522153 -0.033748369369450165 
865203.7617554852 -105149.32585002706 -0.025531588128459803 
868338.5579937297 -100768.54851843938 -0.016061491206532955 
871473.3542319742 -95910.90730633363 -0.006127055146171934 
874608.1504702187 -96386.03224334988 0.0036298658262705853 
877742.9467084632 -98288.7756059907 0.013010132752582572 
880877.7429467078 -92242.61749912382 0.022077436621359803 
884012.5391849523 -73545.3575705254 0.030707400288458753 
887147.3354231968 -47536.716681747756 0.038354684336071636 
890282.1316614413 -24532.121721190575 0.04429683423095482 
893416.9278996858 -9634.128795566721 0.04811095427411268 
896551.7241379303 1890.0919695253542 0.049892902049936336 
899686.5203761748 18838.343939071496 0.049997468174247606 
902821.3166144193 44013.658233673625 0.04857913516798602 
905956.1128526638 70484.36790682338 0.045419642420459955 
909090.9090909084 88121.92667599053 0.04022381838568554 
912225.7053291529 93565.95622241049 0.03306981667999692 
915360.5015673974 93165.2466930298 0.024534946243072158 
918495.2978056419 95830.64206604421 0.015356992838847637 
921630.0940438864 103337.95047798188 0.0059769912159171705 
924764.8902821309 108289.02351345419 -0.0035681414866848634 
927899.6865203754 101875.89755717193 -0.013304256277784381 
931034.4827586199 83280.21053265233 -0.022903737262901198 
934169.2789968645 60820.597478919284 -0.03164702711999851 
937304.075235109 43636.295712320774 -0.038816911849765115 
940438.8714733535 32638.985567344906 -0.044124802773675656 
943573.667711598 20223.25918977792 -0.04773355170950199 
946708.4639498425 -991.6210602438841 -0.04986393208286304 
949843.260188087 -29613.007069265197 -0.05040733061999357 
952978.0564263315 -56136.12267933947 -0.04895778944052508 
956112.852664576 -72145.08329091617 -0.04523261062686481 
959247.6489028205 -78406.3433855985 -0.03943935585590529 
962382.445141065 -83376.51776323759 -0.03220078048662576 
965517.2413793096 -93726.0970064422 -0.024111370007601884 
968652.0376175541 -106868.6326820474 -0.015383729869725743 
971786.8338557986 -113365.1995219407 -0.005945994526111808 
974921.6300940431 -106682.11838707153 0.004124852600113175 
978056.4263322876 -90045.97477815705 0.014303318830905382 
981191.2225705321 -73192.29934240159 0.02377903684796483 
984326.0188087766 -62427.02642235186 0.031926405178715894 
987460.8150470211 -54441.21315355507 0.03860111781978425 
990595.6112852657 -40362.95380505099 0.04396601756377205 
993730.4075235102 -15708.203771438712 0.048039964806896096 
996865.2037617547 12803.43823091446 0.050521638251979285 
999999.9999999992 66219.81763147429 0.0494563398181642 
