#x u 
0.0 1.7847213128556924e+21 81807567340152.81 
3134.796238244514 -4.46629580655175e+19 -2047248454555.082 
6269.592476489028 1.0991268795000074e+18 50381477243.71982 
9404.38871473354 -4.607717346204726e+16 -2112072873.0779328 
12539.184952978056 -1.789443296213736e+16 -820240123.2408503 
15673.98119122257 -1.907589894860964e+16 -874395837.9311545 
18808.777429467085 -1.953473056328031e+16 -895427635.9612361 
21943.5736677116 -2.0023856177587116e+16 -917848042.0625464 
25078.369905956115 -2.052474670510687e+16 -940807725.036698 
28213.16614420063 -2.1038178915002296e+16 -964342290.2210575 
31347.962382445145 -2.156445447174379e+16 -988465565.225909 
34482.75862068966 -2.210389495687072e+16 -1013192290.6229913 
37617.55485893417 -2.2656829687085316e+16 -1038537561.5300832 
40752.35109717868 -2.322359622460812e+16 -1064516851.0358126 
43887.14733542319 -2.380454057565334e+16 -1091146019.2842786 
47021.943573667704 -2.440001740195643e+16 -1118441323.1618586 
50156.739811912215 -2.501039023721277e+16 -1146419426.2251117 
53291.53605015673 -2.5636031709015028e+16 -1175097408.8736265 
56426.33228840124 -2.6277323766309084e+16 -1204492778.7788558 
59561.12852664575 -2.693465791256796e+16 -1234623481.5725262 
62695.92476489026 -2.760843544487299e+16 -1265507911.7990274 
65830.72100313478 -2.829906769881966e+16 -1297164924.148914 
68965.51724137929 -2.900697629972298e+16 -1329613844.965482 
72100.3134796238 -2.9732593419967264e+16 -1362874484.045575 
75235.10971786831 -3.047636204282752e+16 -1396967146.7340372 
78369.90595611282 -3.123873623287369e+16 -1431912646.3214743 
81504.70219435733 -3.2020181413240044e+16 -1467732316.747512 
84639.49843260185 -3.282117464977505e+16 -1504448025.6243837 
87774.29467084636 -3.364220494225705e+16 -1542082187.5882475 
90909.09090909087 -3.448377352289761e+16 -1580657777.9843495 
94043.88714733538 -3.534639416236311e+16 -1620198346.8921874 
97178.68338557989 -3.6230593483431144e+16 -1660728033.5024586 
100313.4796238244 -3.7136911282470824e+16 -1702271580.8546672 
103448.27586206891 -3.8065900858995096e+16 -1744854350.9420323 
106583.07210031342 -3.901812935348213e+16 -1788502340.1930828 
109717.86833855794 -3.999417809357938e+16 -1833242195.3436677 
112852.66457680245 -4.0994642948969096e+16 -1879101229.7059467 
115987.46081504696 -4.2020134695160776e+16 -1926107439.8420746 
119122.25705329147 -4.3071279386378296e+16 -1974289522.6552494 
122257.05329153598 -4.41487187377666e+16 -2023676892.9086792 
125391.84952978049 -4.525311051714687e+16 -2074299701.1833801 
128526.645768025 -4.6385128946567624e+16 -2126188852.2853553 
131661.44200626953 -4.75454651139079e+16 -2179376024.1129146 
134796.23824451404 -4.8734827394788296e+16 -2233893686.9954433 
137931.03448275855 -4.995394188504562e+16 -2289775123.5154924 
141065.83072100306 -5.120355284400596e+16 -2347054448.827661 
144200.62695924757 -5.24844231488323e+16 -2405766631.4863873 
147335.42319749208 -5.37973347602558e+16 -2465947514.7939487 
150470.2194357366 -5.514308919996359e+16 -2527633838.6821423 
153605.0156739811 -5.6522508039919496e+16 -2590863262.1418405 
156739.81191222562 -5.793643340392403e+16 -2655674386.2136 
159874.60815047013 -5.938572848173005e+16 -2722106777.5530267 
163009.40438871464 -6.087127805601582e+16 -2790200992.585745 
166144.20062695915 -6.239398904253006e+16 -2859998602.267118 
169278.99686520366 -6.395479104375142e+16 -2931542217.4611864 
172413.79310344817 -6.5554636916407e+16 -3004875514.954063 
175548.58934169268 -6.719450335318836e+16 -3080043264.1180024 
178683.3855799372 -6.887539147901682e+16 -3157091354.2426233 
181818.1818181817 -7.059832746221851e+16 -3236066822.550064 
184952.97805642622 -7.236436314098384e+16 -3317017882.9111805 
188087.77429467073 -7.417457666550298e+16 -3399993955.279815 
191222.57053291524 -7.603007315617416e+16 -3485045695.86295 
194357.36677115975 -7.793198537827683e+16 -3572225028.0455995 
197492.16300940426 -7.988147443351546e+16 -3661585174.089617 
200626.95924764877 -8.187973046885666e+16 -3753180687.6256714 
203761.75548589329 -8.39279734031007e+16 -3847067486.957951 
206896.5517241378 -8.602745367163133e+16 -3943302889.2018504 
210031.3479623823 -8.817945298979822e+16 -4041945645.275459 
213166.14420062682 -9.03852851353966e+16 -4143055975.766411 
216300.94043887133 -9.264629675071824e+16 -4246695607.696035 
219435.73667711584 -9.496386816466562e+16 -4352927812.20318 
222570.53291536035 -9.733941423543035e+16 -4461817443.170783 
225705.32915360486 -9.977438521425024e+16 -4573430976.818753 
228840.12539184937 -1.022702676307757e+17 -4687836552.287131 
231974.9216300939 -1.0482858520058714e+17 -4805104013.234374 
235109.7178683384 -1.074508997554125e+17 -4925304950.476249 
238244.5141065829 -1.1013881219661216e+17 -5048512745.691498 
241379.31034482742 -1.1289396347251494e+17 -5174802616.2207985 
244514.10658307193 -1.1571803558020326e+17 -5304251660.986348 
247648.90282131644 -1.1861275259235877e+17 -5436938907.560131 
250783.69905956095 -1.215798817097937e+17 -5572945360.409632 
253918.49529780546 -1.2462123434031363e+17 -5712354050.350378 
257053.29153604998 -1.277386672045679e+17 -5855250085.235505 
260188.0877742945 -1.309340834695636e+17 -6001720701.913358 
263322.884012539 -1.3420943391053195e+17 -6151855319.484915 
266457.6802507835 -1.3756671810185792e+17 -6305745593.8934965 
269592.476489028 -1.4100798563780395e+17 -6463485473.879994 
272727.27272727253 -1.4453533738377072e+17 -6625171258.33775 
275862.06896551704 -1.4815092675886022e+17 -6790901655.1021385 
278996.86520376155 -1.5185696105051917e+17 -6960777841.210911 
282131.66144200607 -1.5565570276206848e+17 -7134903524.671965 
285266.4576802506 -1.5954947099394198e+17 -7313385007.776282 
288401.2539184951 -1.6354064285947763e+17 -7496331251.994554 
291536.0501567396 -1.6763165493612605e+17 -7683853944.497284 
294670.8463949841 -1.7182500475296016e+17 -7876067566.3388405 
297805.6426332286 -1.7612325231539542e+17 -8073089462.347226 
300940.43887147313 -1.805290216680527e+17 -8275039912.762102 
304075.23510971764 -1.8504500249671456e+17 -8482042206.664879 
307210.03134796215 -1.8967395177035763e+17 -8694222717.245632 
310344.82758620667 -1.9441869542425997e+17 -8911710978.9529 
313479.6238244512 -1.992821300852111e+17 -9134639766.573366 
316614.4200626957 -2.0426722483987862e+17 -9363145176.289762 
319749.2163009402 -2.093770230474102e+17 -9597366708.766523 
322884.0125391847 -2.146146441973798e+17 -9837447354.313791 
326018.8087774292 -2.199832858142098e+17 -10083533680.181808 
329153.60501567373 -2.2548622540923613e+17 -10335775920.038954 
332288.40125391824 -2.3112682248160154e+17 -10594328065.688168 
335423.19749216276 -2.369085205692025e+17 -10859347961.077684 
338557.99373040727 -2.4283484935093856e+17 -11130997398.663519 
341692.7899686518 -2.4890942680155373e+17 -11409442218.182459 
344827.5862068963 -2.5513596140037952e+17 -11694852407.895773 
347962.3824451408 -2.615182543953327e+17 -11987402208.365677 
351097.1786833853 -2.6806020212354518e+17 -12287270218.827826 
354231.9749216298 -2.7476579839004525e+17 -12594639506.224577 
357366.77115987433 -2.816391369059434e+17 -12909697716.965927 
360501.56739811884 -2.886844137876082e+17 -13232637191.486015 
363636.36363636336 -2.959059301183633e+17 -13563655081.665436 
366771.15987460787 -3.0330809457425984e+17 -13902953471.1908 
369905.9561128524 -3.1089542611553805e+17 -14250739498.925198 
373040.7523510969 -3.186725567454157e+17 -14607225485.364708 
376175.5485893414 -3.2664423433788454e+17 -14972629062.258345 
379310.3448275859 -3.348153255362512e+17 -15347173305.470428 
382445.1410658304 -3.4319081872418074e+17 -15731086871.166498 
385579.93730407493 -3.51775827071064e+17 -16124604135.406147 
388714.73354231945 -3.605755916535641e+17 -16527965337.227543 
391849.52978056396 -3.695954846552513e+17 -16941416725.311432 
394984.32601880847 -3.788410126462751e+17 -17365210708.313877 
398119.122257053 -3.883178199450794e+17 -17799606008.959644 
401253.9184952975 -3.980316920642131e+17 -18244867821.99034 
404388.714733542 -4.079885592423379e+17 -18701267976.063633 
407523.5109717865 -4.1819450006458886e+17 -19169085099.702297 
410658.307210031 -4.286557451735003e+17 -19648604791.394722 
413793.10344827553 -4.393786810727632e+17 -20140119793.950348 
416927.89968652005 -4.503698540261308e+17 -20643930173.216682 
420062.69592476456 -4.6163597405386106e+17 -21160343501.267147 
423197.49216300907 -4.731839190291266e+17 -21689675044.1712 
426332.2884012536 -4.850207388769032e+17 -22232247954.46178 
429467.0846394981 -4.971536598778875e+17 -22788393468.41709 
432601.8808777426 -5.0959008908008416e+17 -23358451108.27775 
435736.6771159871 -5.22337618820746e+17 -23942768889.522236 
438871.4733542316 -5.3540403136143475e+17 -24541703533.32743 
442006.26959247614 -5.4879730363902675e+17 -25155620684.34412 
445141.06583072065 -5.6252561213556826e+17 -25784895133.919884 
448275.86206896516 -5.765973378699507e+17 -26429911048.906216 
451410.65830720967 -5.910210715144525e+17 -27091062206.189114 
454545.4545454542 -6.058056186392753e+17 -27768752233.086674 
457680.2507836987 -6.209600050882703e+17 -28463394853.76027 
460815.0470219432 -6.364934824891415e+17 -29175414141.789623 
463949.8432601877 -6.524155339014886e+17 -29905244779.066387 
467084.6394984322 -6.68735879606136e+17 -30653332321.163742 
470219.43573667674 -6.854644830392826e+17 -31420133469.344482 
473354.23197492125 -7.026115568750995e+17 -32206116349.37322 
476489.02821316576 -7.201875692604799e+17 -33011760797.303455 
479623.82445141027 -7.382032502057581e+17 -33837558652.41336 
482758.6206896548 -7.566695981352911e+17 -34684014057.46976 
485893.4169278993 -7.755978866019045e+17 -35551643766.50297 
489028.2131661438 -7.949996711693038e+17 -36440977460.28094 
492163.0094043883 -8.148867964666529e+17 -37352558069.67504 
495297.8056426328 -8.352714034196202e+17 -38286942107.11483 
498432.60188087734 -8.561659366623104e+17 -39244700006.33415 
501567.39811912185 -8.775831521346115e+17 -40226416470.61632 
504702.19435736636 -8.995361248695935e+17 -41232690829.75063 
507836.99059561087 -9.220382569757034e+17 -42264137405.91823 
510971.7868338554 -9.451032858186504e+17 -43321385888.73085 
514106.5830720999 -9.68745292407944e+17 -44405081719.65101 
517241.3793103444 -9.9297870999324e+17 -45515886486.028564 
520376.1755485889 -1.0178183328757216e+18 -46654478324.99446 
523510.9717868334 -1.0432793254398894e+18 -47821552337.4579 
526645.768025078 -1.0693772314113057e+18 -49017821012.459496 
529780.5642633225 -1.0961279833458998e+18 -50244014662.14017 
532915.360501567 -1.1235479123566685e+18 -51500881867.59053 
536050.1567398115 -1.1516537580836876e+18 -52789189935.853615 
539184.952978056 -1.1804626789135155e+18 -54109725368.359245 
542319.7492163006 -1.2099922624542538e+18 -55463294341.07675 
545454.5454545451 -1.2402605362726372e+18 -56850723196.678955 
548589.3416927896 -1.271285978899711e+18 -58272858949.017365 
551724.1379310341 -1.303087531111825e+18 -59730569800.21713 
554858.9341692786 -1.3356846074938168e+18 -61224745670.707214 
557993.7304075231 -1.3690971082914588e+18 -62756298742.50961 
561128.5266457676 -1.4033454315603894e+18 -64326164016.11884 
564263.3228840121 -1.4384504856189668e+18 -65935299881.31207 
567398.1191222566 -1.4744337018126154e+18 -67584688702.23817 
570532.9153605012 -1.5113170475974886e+18 -69275337417.14304 
573667.7115987457 -1.5491230399514163e+18 -71008278153.0966 
576802.5078369902 -1.5878747591203366e+18 -72784568856.09834 
579937.3040752347 -1.6275958627085914e+18 -74605293936.94441 
583072.1003134792 -1.6683106001217044e+18 -76471564933.25159 
586206.8965517237 -1.710043827370436e+18 -78384521188.04153 
589341.6927899682 -1.7528210222451784e+18 -80345330545.3009 
592476.4890282127 -1.7966682998699287e+18 -82355190062.93947 
595611.2852664572 -1.8416124286453568e+18 -84415326743.58482 
598746.0815047018 -1.8876808465906972e+18 -86526998283.657 
601880.8777429463 -1.9349016780944323e+18 -88691493841.18193 
605015.6739811908 -1.9833037510839951e+18 -90910134822.81181 
608150.4702194353 -2.032916614624988e+18 -93184275690.53299 
611285.2664576798 -2.0837705569606374e+18 -95515304788.55338 
614420.0626959243 -2.1358966240025075e+18 -97904645190.87521 
617554.8589341688 -2.1893266382837832e+18 -100353755570.07008 
620689.6551724133 -2.2440932183866685e+18 -102864131087.78677 
623824.4514106578 -2.3002297988557517e+18 -105437304307.5347 
626959.2476489024 -2.3577706506095293e+18 -108074846130.30159 
630094.0438871469 -2.4167509018625034e+18 -110778366753.57526 
633228.8401253914 -2.4772065595706824e+18 -113549516654.35597 
636363.6363636359 -2.5391745314135137e+18 -116389987596.75867 
639498.4326018804 -2.602692648325735e+18 -119301513664.82175 
642633.2288401249 -2.66779968759285e+18 -122285872321.15106 
645768.0250783694 -2.7345353965243284e+18 -125344885492.04562 
648902.8213166139 -2.8029405167190154e+18 -128480420679.76866 
652037.6175548584 -2.8730568089375355e+18 -131694392102.64252 
655172.413793103 -2.944927078596896e+18 -134988761863.66267 
658307.2100313475 -3.0185952019028454e+18 -138365541148.34592 
661442.006269592 -3.094106152635924e+18 -141826791452.5422 
664576.8025078365 -3.1715060296075935e+18 -145374625840.96115 
667711.598746081 -3.2508420848031703e+18 -149011210237.17993 
670846.3949843255 -3.3321627522287764e+18 -152738764745.92197 
673981.19122257 -3.4155176774799027e+18 -156559565008.4126 
677115.9874608145 -3.500957748049629e+18 -160475943591.63943 
680250.783699059 -3.58853512439503e+18 -164490291412.36557 
683385.5799373036 -3.678303271780695e+18 -168605059196.7637 
686520.3761755481 -3.7703169929188337e+18 -172822758976.56494 
689655.1724137926 -3.864632461425876e+18 -177145965622.6329 
692789.9686520371 -3.9613072561159885e+18 -181577318416.901 
695924.7648902816 -4.060400396152484e+18 -186119522663.63257 
699059.5611285261 -4.161972377078521e+18 -190775351340.98697 
702194.3573667706 -4.2660852077491354e+18 -195547646793.89893 
705329.1536050151 -4.3728024481871334e+18 -200439322469.30786 
708463.9498432596 -4.4821892483859697e+18 -205453364694.79214 
711598.7460815042 -4.594312388083252e+18 -210592834501.69766 
714733.5423197487 -4.709240317529251e+18 -215860869493.8722 
717868.3385579932 -4.8270431992752e+18 -221260685763.1472 
721003.1347962377 -4.947792951006964e+18 -226795579852.7349 
724137.9310344822 -5.07156328945017e+18 -232468930769.74048 
727272.7272727267 -5.198429775373679e+18 -238284202048.01822 
730407.5235109712 -5.328469859718799e+18 -244244943862.62976 
733542.3197492157 -5.461762930882439e+18 -250354795197.19687 
736677.1159874602 -5.598390363183103e+18 -256617486065.47177 
739811.9122257048 -5.738435566539203e+18 -263036839788.47897 
742946.7084639493 -5.881984037390149e+18 -269616775328.62164 
746081.5047021938 -6.029123410891225e+18 -276361309682.1752 
749216.3009404383 -6.179943514414071e+18 -283274560331.62964 
752351.0971786828 -6.334536422385613e+18 -290360747759.37964 
755485.8934169273 -6.492996512498694e+18 -297624198024.29407 
758620.6896551718 -6.655420523328949e+18 -305069345402.7399 
761755.4858934163 -6.821907613392839e+18 -312700735095.6703 
764890.2821316608 -6.992559421683123e+18 -320523026003.43256 
768025.0783699054 -7.167480129718618e+18 -328540993569.9879 
771159.8746081499 -7.346776525146144e+18 -336759532698.2794 
774294.6708463944 -7.530558066933538e+18 -345183660738.533 
777429.4670846389 -7.718936952193435e+18 -353818520551.3069 
780564.2633228834 -7.912028184678679e+18 -362669383647.1644 
783699.0595611279 -8.109949644991132e+18 -371741653404.88824 
786833.8557993724 -8.312822162546835e+18 -381040868370.19867 
789968.6520376169 -8.520769589341339e+18 -390572705636.9884 
793103.4482758614 -8.733918875560362e+18 -400342984313.14374 
796238.244514106 -8.952400147081852e+18 -410357669073.06287 
799373.0407523505 -9.176346784916711e+18 -420622873799.0382 
802507.836990595 -9.40589550663681e+18 -431144865313.73114 
805642.6332288395 -9.641186449839913e+18 -441930067206.01385 
808777.429467084 -9.88236325770255e+18 -452985063752.52 
811912.2257053285 -1.0129573166672978e+19 -464316603937.2896 
815047.021943573 -1.038296709635786e+19 -475931605571.9696 
818181.8181818175 -1.0642699741657393e+19 -487837159519.08026 
821316.614420062 -1.0908929667205267e+19 -500040534020.9267 
824451.4106583066 -1.1181819404171092e+19 -512549179136.8025 
827586.2068965511 -1.1461535549484302e+19 -525370731291.18787 
830721.0031347956 -1.1748248867540238e+19 -538513017935.72473 
833855.7993730401 -1.204213439445032e+19 -551984062327.8098 
836990.5956112846 -1.2343371544900243e+19 -565792088428.728 
840125.3918495291 -1.265214422168113e+19 -579945525924.3142 
843260.1880877736 -1.2968640927960689e+19 -594453015371.2053 
846394.9843260181 -1.3293054882362829e+19 -609323413471.8313 
849529.7805642626 -1.362558413692597e+19 -624565798481.3538 
852664.5768025072 -1.3966431698012197e+19 -640189475749.866 
855799.3730407517 -1.4315805650240977e+19 -656203983403.2345 
858934.1692789962 -1.4673919283523138e+19 -672619098166.0493 
862068.9655172407 -1.5040991223272688e+19 -689444841330.2333 
865203.7617554852 -1.5417245563875658e+19 -706691484872.9526 
868338.5579937297 -1.580291200549786e+19 -724369557727.5754 
871473.3542319742 -1.619822599431496e+19 -742489852211.4971 
874608.1504702187 -1.6603428866250512e+19 -761063430614.7654 
877742.9467084632 -1.701876799430957e+19 -780101631953.5166 
880877.7429467078 -1.7444496939597801e+19 -799616078892.3542 
884012.5391849523 -1.7880875606118414e+19 -819618684839.8804 
887147.3354231968 -1.8328170399441297e+19 -840121661221.735 
890282.1316614413 -1.8786654389341606e+19 -861137524935.5743 
893416.9278996858 -1.9256607476506595e+19 -882679105992.5353 
896551.7241379303 -1.973831656341267e+19 -904759555349.853 
899686.5203761748 -2.0232075729476985e+19 -927392352939.4052 
902821.3166144193 -2.0738186410590302e+19 -950591315897.0983 
905956.1128526638 -2.1256957583141143e+19 -974370606998.11 
909090.9090909084 -2.1788705952643535e+19 -998744743303.16 
912225.7053291529 -2.2333756147083096e+19 -1023728605021.0535 
915360.5015673974 -2.289244091509975e+19 -1049337444592.9285 
918495.2978056419 -2.3465101329127838e+19 -1075586896003.7292 
921630.0940438864 -2.4052086993617965e+19 -1102492984326.632 
924764.8902821309 -2.465375625846768e+19 -1130072135506.219 
927899.6865203754 -2.5270476437791404e+19 -1158341186386.3877 
931034.4827586199 -2.5902624034162463e+19 -1187317394989.1084 
934169.2789968645 -2.6550584968465002e+19 -1217018451050.2996 
937304.075235109 -2.721475481549511e+19 -1247462486819.2593 
940438.8714733535 -2.7895539045456003e+19 -1278668088128.2488 
943573.667711598 -2.8593353271494443e+19 -1310654305739.0012 
946708.4639498425 -2.930862350342907e+19 -1343440666973.053 
949843.260188087 -3.0041786407826235e+19 -1377047187633.0237 
952978.0564263315 -3.079328957458081e+19 -1411494384222.0793 
956112.852664576 -3.15635917901662e+19 -1446803286469.0903 
959247.6489028205 -3.235316331771955e+19 -1482995450167.0986 
962382.445141065 -3.316248618413381e+19 -1520092970332.9692 
965517.2413793096 -3.3992054474331283e+19 -1558118494696.2166 
968652.0376175541 -3.484237463289843e+19 -1597095237525.2593 
971786.8338557986 -3.571396577326578e+19 -1637046993799.525 
974921.6300940431 -3.660735999462222e+19 -1677998153736.0828 
978056.4263322876 -3.7523102706757165e+19 -1719973717679.6672 
981191.2225705321 -3.846175296302915e+19 -1762999311365.1963 
984326.0188087766 -3.942388380166336e+19 -1807101201562.093 
987460.8150470211 -4.041008259558692e+19 -1852306312109.911 
990595.6112852657 -4.1420951411014255e+19 -1898642240355.0994 
993730.4075235102 -4.245710737500387e+19 -1946137273998.9548 
996865.2037617547 -4.351918305220942e+19 -1994820408367.036 
999999.9999999992 -4.4607826831055495e+19 -2044721364110.5867 
