#x u 
0.0 -460912.09161344595 0.02809526187825444 
3134.796238244514 -460139.79082523735 0.02681333444619274 
6269.592476489028 -545193.8280581532 0.0197448340229808 
9404.38871473354 -606957.7440482387 0.012013987748018415 
12539.184952978056 -645452.1662890229 0.003809322484415355 
15673.98119122257 -658988.2100722177 -0.00454270599111431 
18808.777429467085 -646885.3953449045 -0.012711926531926973 
21943.5736677116 -609611.908999281 -0.02038244345468514 
25078.369905956115 -548773.8966455477 -0.02726519125785494 
28213.16614420063 -466885.765094567 -0.03310143092811185 
31347.962382445145 -367101.6216761264 -0.037664902055786834 
34482.75862068966 -253099.50800799235 -0.04077085665091476 
37617.55485893417 -129123.59521702568 -0.04229165696535373 
40752.35109717868 5.414528303848783 -0.04216971100225382 
43887.14733542319 129097.33962546889 -0.040418753727091666 
47021.943573667704 252994.9014977424 -0.03711407146323886 
50156.739811912215 366949.34568041493 -0.03238151445665252 
53291.53605015673 466767.13388174336 -0.026394323594257314 
56426.33228840124 548752.9608904636 -0.019376476388579714 
59561.12852664575 609676.5246946663 -0.011602099045339159 
62695.92476489026 646952.5659552338 -0.0033823392616119923 
65830.72100313478 658977.4670356993 0.004957512296484397 
68965.51724137929 645365.4069636913 0.013098583299340359 
72100.3134796238 606888.1260303067 0.020737305599869544 
75235.10971786831 545191.1876334248 0.027585516236886373 
78369.90595611282 462560.2943256458 0.033373805981018155 
81504.70219435733 361929.884299712 0.03786638293350747 
84639.49843260185 247040.36662931833 0.04088259931863739 
87774.29467084636 122457.15159596445 0.04231143947356461 
90909.09090909087 -6726.4263382015415 0.04211028787366666 
94043.88714733538 -135372.88309739644 0.04029343010368868 
97178.68338557989 -258654.0973492447 0.03692440264594735 
100313.4796238244 -372092.32253696054 0.03212021408588857 
103448.27586206891 -471431.3992845275 0.026060660730557354 
106583.07210031342 -552657.9140552983 0.018987948259188106 
109717.86833855794 -612328.7198857751 0.011189426778456456 
112852.66457680245 -648019.8914582182 0.0029720030328215853 
115987.46081504696 -658549.7472674289 -0.005355654013304918 
119122.25705329147 -643824.2879850861 -0.013485870071394125 
122257.05329153598 -604512.7043526763 -0.021108822648943447 
125391.84952978049 -541909.1698417871 -0.027919372840383067 
128526.645768025 -458112.0938418895 -0.03363937548043246 
131661.44200626953 -356281.5802828725 -0.03804395587521242 
134796.23824451404 -240609.69895558734 -0.040974444683106716 
137931.03448275855 -115899.1575741482 -0.042332631992176184 
141065.83072100306 12969.366051104771 -0.04206866208478853 
144200.62695924757 141295.63085134584 -0.04017976739585218 
147335.42319749208 264451.8219112324 -0.03672365659668979 
150470.2194357366 377708.63590542023 -0.031832456256825424 
153605.0156739811 476374.24288607354 -0.02570961430709024 
156739.81191222562 556296.3747742297 -0.018607337017263186 
159874.60815047013 614378.9997276736 -0.010800518442123663 
163009.40438871464 648717.3177457678 -0.0025754155260262713 
166144.20062695915 658319.8863477239 0.005765308450052416 
169278.99686520366 642790.5927370143 0.013897963834279747 
172413.79310344817 602360.1302679575 0.02149111212084636 
175548.58934169268 538259.0151840046 0.028235906113032845 
178683.3855799372 453023.2572855716 0.03387421922196583 
181818.1818181817 350345.986684232 0.03820627978282566 
184952.97805642622 234523.3299264917 0.0410794762786427 
188087.77429467073 109942.19635581298 0.04237834561539149 
191222.57053291524 -19001.83058724564 0.04203307559289999 
194357.36677115975 -147635.02199954807 0.04004248188031616 
197492.16300940426 -270852.15746509074 0.036489573715951615 
200626.95924764877 -383442.9924576433 0.03153258430592244 
203761.75548589329 -480761.4435398106 0.0253773542787646 
206896.5517241378 -559223.3263397849 0.018254421768424744 
210031.3479623823 -616269.3252638372 0.010417566266094205 
213166.14420062682 -649964.5845862561 0.002156387789541444 
216300.94043887133 -658770.0230383005 -0.006200952954415357 
219435.73667711584 -641824.0393190286 -0.014309769584600335 
222570.53291536035 -599509.6579553306 -0.02184513332184519 
225705.32915360486 -533737.4550708389 -0.028526574868855625 
228840.12539184937 -447618.3770344208 -0.03411683137622928 
231974.9216300939 -344790.5544254051 -0.038407044606033745 
235109.7178683384 -228988.83793849713 -0.041214798858853215 
238244.5141065829 -104162.50606081668 -0.042407177430759196 
241379.31034482742 25151.06530077305 -0.04193270747581935 
244514.10658307193 153770.85079228255 -0.03983321784668869 
247648.90282131644 276371.11253391765 -0.036223486375951554 
250783.69905956095 388167.06570034876 -0.03125656369495573 
253918.49529780546 485197.3283714842 -0.02510513176498329 
257053.29153604998 564029.8914429526 -0.01797121009717564 
260188.0877742945 621350.566714019 -0.010106559591371397 
263322.884012539 654065.5711744644 -0.0018152955887736134 
266457.6802507835 660047.722450692 0.0065705144896956065 
269592.476489028 638970.0942498338 0.014722958913928535 
272727.27272727253 592507.0434255437 0.022331787876759986 
275862.06896551704 523726.17837006575 0.02909549795021804 
278996.86520376155 436206.7347022346 0.034714136215618696 
282131.66144200607 333584.8216103803 0.038910378881382476 
285266.4576802506 219694.92716345302 0.04147752223625699 
288401.2539184951 98823.68681641787 0.04232254023097651 
291536.0501567396 -24488.9184440495 0.04147141427730538 
294670.8463949841 -146094.00061459857 0.03903515880613031 
297805.6426332286 -262719.4476504219 0.035167763432631005 
300940.43887147313 -371742.1616563567 0.030048924144740113 
304075.23510971764 -470382.2128402154 0.02389406433717484 
307210.03134796215 -555080.6040689764 0.016963899716542205 
310344.82758620667 -621711.5934459385 0.009547395830885654 
313479.6238244512 -666508.7675338112 0.0019232955621700232 
316614.4200626957 -686922.0783162224 -0.0056675375604392465 
319749.2163009402 -681745.391769261 -0.01301398132491588 
322884.0125391847 -650630.3338500365 -0.019901200532884977 
326018.8087774292 -593721.0909527607 -0.02608923108816559 
329153.60501567373 -511957.36060553516 -0.03133023057878204 
332288.40125391824 -407798.0036601566 -0.03541255064614919 
335423.19749216276 -285564.24086530245 -0.038192948524134976 
338557.99373040727 -150895.8407710226 -0.03959108767451507 
341692.7899686518 -9672.246491235677 -0.039559866044933216 
344827.5862068963 132720.82362937345 -0.03806984674253616 
347962.3824451408 271267.88524067745 -0.03512984796250634 
351097.1786833853 400730.4067273763 -0.030825237391678032 
354231.9749216298 515463.30961093964 -0.025333422286413044 
357366.77115987433 610082.366964536 -0.018896454153086134 
360501.56739811884 680503.2663095515 -0.011773021494375098 
363636.36363636336 724437.7207607208 -0.004212122573952932 
366771.15987460787 740953.1169550377 0.0035331648663100303 
369905.9561128524 729647.3806423319 0.011176724093524005 
373040.7523510969 690368.1271659492 0.018397443438307657 
376175.5485893414 623804.8861613469 0.024878914130335994 
379310.3448275859 532322.8106040295 0.030361372850781426 
382445.1410658304 420096.7833769871 0.034662255296826254 
385579.93730407493 292287.7185425263 0.03765299998322027 
388714.73354231945 153975.62558305424 0.03922431834953362 
391849.52978056396 9803.886647208454 0.03928315036965349 
394984.32601880847 -135470.2530657861 0.03778974259515125 
398119.122257053 -276296.60463736835 0.0347987529966642 
401253.9184952975 -406461.5647399683 0.030461041544205324 
404388.714733542 -520125.61873998167 0.024981295161603384 
407523.5109717865 -612901.2475582846 0.018571055173176216 
410658.307210031 -682028.9440320319 0.01144024616941612 
413793.10344827553 -725622.5352074559 0.0038285423977427358 
416927.89968652005 -741908.8145366396 -0.003965703536741441 
420062.69592476456 -729373.0861530106 -0.011600526275903956 
423197.49216300907 -687739.767069931 -0.01874583520531704 
426332.2884012536 -618789.5760347284 -0.025133148643979836 
429467.0846394981 -526126.3491749328 -0.03055844378423746 
432601.8808777426 -414059.2992776062 -0.034845199511538576 
435736.6771159871 -286664.81035377353 -0.037815855534784844 
438871.4733542316 -147883.93294393213 -0.03931037316973658 
442006.26959247614 -2399.685861368198 -0.03923962323206357 
445141.06583072065 143815.74563340878 -0.0376222158360012 
448275.86206896516 284080.7087417297 -0.034567794620769365 
451410.65830720967 412337.7251997056 -0.030223509234698145 
454545.4545454542 524064.3805349377 -0.024737309114331155 
457680.2507836987 616003.6977246408 -0.01827259751925061 
460815.0470219432 685175.734218942 -0.011052992011636524 
463949.8432601877 728376.1532886002 -0.00338194359879379 
467084.6394984322 742841.7769204533 0.004393825313984362 
470219.43573667674 727503.7163883537 0.011950271472191085 
473354.23197492125 683577.1511942544 0.019023700989892207 
476489.02821316576 613874.9807690377 0.025391659698322525 
479623.82445141027 521528.6533049284 0.030827887131561937 
482758.6206896548 409394.89069621335 0.035089422261394686 
485893.4169278993 280682.0341715284 0.03795977271774969 
489028.2131661438 140012.0725777608 0.0393116544296667 
492163.0094043883 -6369.942031938492 0.03912970550831582 
495297.8056426328 -151670.5258309006 0.037472891256527106 
498432.60188087734 -290003.2817901044 0.034417548066613075 
501567.39811912185 -416913.22845932486 0.030040831350559218 
504702.19435736636 -528621.6648421753 0.024460242268691434 
507836.99059561087 -620982.2372878197 0.017883633395676977 
510971.7868338554 -689442.9884453439 0.010610260249532037 
514106.5830720999 -730241.0847139356 0.002972514041830375 
517241.3793103444 -741725.7058496012 -0.004730900346632034 
520376.1755485889 -724515.3266364232 -0.01225079855882921 
523510.9717868334 -680367.7302212457 -0.019346452967777327 
526645.768025078 -610957.6068351998 -0.025741985259328325 
529780.5642633225 -517829.0141069015 -0.031137823989534227 
532915.360501567 -403524.2236520549 -0.03527676967505936 
536050.1567398115 -272606.3228951887 -0.03800532072027161 
539184.952978056 -131349.75287549655 -0.039273512548049776 
542319.7492163006 13767.530265042355 -0.03907885556000755 
545454.5454545451 157391.18927884102 -0.03741708106408305 
548589.3416927896 295244.4160709675 -0.0342939097902063 
551724.1379310341 422958.233931471 -0.029786027785167007 
554858.9341692786 535218.9669279848 -0.024084943231947313 
557993.7304075231 626350.4929731309 -0.01747231039913275 
561128.5266457676 691931.001962675 -0.01024499073479606 
564263.3228840121 729919.4253703754 -0.002659778122060935 
567398.1191222566 740231.3804648479 0.005053475697409179 
570532.9153605012 723291.5742073097 0.012634245397850859 
573667.7115987457 679138.7854037277 0.019761133805085904 
576802.5078369902 608055.1566678403 0.02609321436659325 
579937.3040752347 512050.30619507865 0.03135174319174985 
583072.1003134792 395574.74958685413 0.03536720184098635 
586206.8965517237 264588.64034819376 0.03805105451412343 
589341.6927899682 124802.33888682429 0.039329088042690294 
592476.4890282127 -19237.752828456883 0.03911250031336508 
595611.2852664572 -163438.00020268845 0.03734199232074752 
598746.0815047018 -302763.9187371269 0.034061197651864945 
601880.8777429463 -430849.2056117686 0.029441840123435377 
605015.6739811908 -541255.0561377025 0.023730653573062088 
608150.4702194353 -629282.2638537441 0.0171681911821879 
611285.2664576798 -692621.1862698845 0.009958059887653626 
614420.0626959243 -730304.0068583845 0.00231116677730388 
617554.8589341688 -741178.8698452808 -0.00549077899235156 
620689.6551724133 -723610.0297832917 -0.01309037370515262 
623824.4514106578 -676793.7222519586 -0.020125756968383052 
626959.2476489024 -602332.3383979499 -0.026315336718880998 
630094.0438871469 -504372.2508779203 -0.03147783631666792 
633228.8401253914 -388060.7544180506 -0.035475923797725024 
636363.6363636359 -257808.5267898614 -0.038151001463429736 
639498.4326018804 -117032.49747253272 -0.03932537065225071 
642633.2288401249 30516.735939662653 -0.03887600574903829 
645768.0250783694 179428.35738651396 -0.03680676573231499 
648902.8213166139 322911.53159729147 -0.03324499215850288 
652037.6175548584 454593.39412381034 -0.028366206143987344 
655172.413793103 570104.9594388666 -0.022325922727071738 
658307.2100313475 666878.6802995623 -0.015270660741706273 
661442.006269592 742402.571990157 -0.007416855003063182 
664576.8025078365 792779.1714968248 0.0008870065832302708 
667711.598746081 813145.4640817851 0.009186199095154106 
670846.3949843255 799621.1097662499 0.017018027161513058 
673981.19122257 750942.4250573784 0.023997737314946917 
677115.9874608145 668385.9695863831 0.029827653849237003 
680250.783699059 554492.5749028997 0.03425246506943869 
683385.5799373036 412407.4267606527 0.037043350795413814 
686520.3761755481 246906.20244835067 0.03805944161335874 
689655.1724137926 66116.3698733364 0.03734063182524495 
692789.9686520371 -118236.92112357024 0.035131714127688396 
695924.7648902816 -293165.5964209603 0.03178667684220793 
699059.5611285261 -448071.9080675823 0.027610580429815026 
702194.3573667706 -577124.3956748834 0.02275763711363663 
705329.1536050151 -678807.1857446996 0.01725624310860404 
708463.9498432596 -753494.0340900128 0.01112176787244042 
711598.7460815042 -801315.1232275836 0.004453078428244655 
714733.5423197487 -821761.9216245138 -0.0025534022210589344 
717868.3385579932 -814474.9501225704 -0.009646498792492639 
721003.1347962377 -779658.0912477259 -0.01654835046876421 
724137.9310344822 -717514.61378679 -0.022939665808092 
727272.7272727267 -627752.5895496487 -0.028449759467307652 
730407.5235109712 -510523.9764405624 -0.03271341457159181 
733542.3197492157 -368612.256415385 -0.0354855513434902 
736677.1159874602 -208916.6797431241 -0.03672367255703842 
739811.9122257048 -41389.99305499022 -0.036553043995488074 
742946.7084639493 124222.50652348029 -0.03513001775999094 
746081.5047021938 281304.80777094007 -0.032519329764998134 
749216.3009404383 426530.4217538241 -0.0286959786993449 
752351.0971786828 557339.2001490578 -0.02366774608463985 
755485.8934169273 669320.7667995973 -0.01759937088729787 
758620.6896551718 756121.9262557643 -0.010818240833342378 
761755.4858934163 811975.6331307931 -0.0036970714445547824 
764890.2821316608 834377.731968374 0.0034729801908978753 
768025.0783699054 824371.5861441381 0.010502182472110027 
771159.8746081499 784364.3209376388 0.017211317155753636 
774294.6708463944 715859.9828248109 0.023338969631083423 
777429.4670846389 619457.2111422243 0.02855419707831744 
780564.2633228834 497010.47551527806 0.03256945334297518 
783699.0595611279 353555.3185669903 0.03524324421494526 
786833.8557993724 196825.3173401042 0.03657238333468264 
789968.6520376169 34681.77246018862 0.03658800630747128 
793103.4482758614 -127070.79560936653 0.0352681685037984 
796238.244514106 -284435.68420599925 0.03256039429209159 
799373.0407523505 -433042.3893290432 0.02849079106122707 
802507.836990595 -566544.78725166 0.02324421027072121 
805642.6332288395 -677496.0524746538 0.017128243781233593 
808777.429467084 -760004.6017055339 0.010452786675237394 
811912.2257053285 -811607.8975682389 0.0034426058091839703 
815047.021943573 -832594.3729571115 -0.003735905513825095 
818181.8181818175 -823619.7010191173 -0.010872408463988159 
821316.614420062 -784177.5806427548 -0.017651818974515895 
824451.4106583066 -713529.1716592737 -0.023708197789714294 
827586.2068965511 -613086.4670333788 -0.028746840062235338 
830721.0031347956 -487705.52508739673 -0.032617453225698465 
833855.7993730401 -344460.69811492006 -0.03527238980602605 
836990.5956112846 -190054.97105009356 -0.036662325358524504 
840125.3918495291 -29379.54555852837 -0.03668402178578727 
843260.1880877736 133520.46710325044 -0.03523725458572949 
846394.9843260181 293346.14327215345 -0.03233211343750695 
849529.7805642626 442743.0314098308 -0.0281347534217334 
852664.5768025072 573843.0540215047 -0.02290332861597226 
855799.3730407517 680743.8731923914 -0.016878307315051754 
858934.1692789962 760563.6194292193 -0.010235288908034356 
862068.9655172407 812209.0153497027 -0.003139788103383378 
865203.7617554852 834345.3700621935 0.004164176796150697 
868338.5579937297 824804.8725690807 0.011334031791754216 
871473.3542319742 782080.1695726924 0.01800651418716448 
874608.1504702187 707330.6948209907 0.02390101367358082 
877742.9467084632 604797.7101682575 0.028851503208295527 
880877.7429467078 480185.9071339979 0.0327462933926957 
884012.5391849523 338639.8811901554 0.03544970949492904 
887147.3354231968 184266.03727288923 0.03679454224379787 
890282.1316614413 21448.751366287477 0.03665612244341918 
893416.9278996858 -143681.31753991343 0.035032217507355905 
896551.7241379303 -303379.92532663303 0.03204790208437867 
899686.5203761748 -450058.04021450994 0.027883370781350558 
902821.3166144193 -578029.4481597703 0.022700315674621326 
905956.1128526638 -683669.6127362583 0.016638470968558552 
909090.9090909084 -764120.2517486264 0.00987601338949688 
912225.7053291529 -816146.3800543621 0.0026801290849515864 
915360.5015673974 -836474.8416924702 -0.004613101848262273 
918495.2978056419 -823292.940249542 -0.01167459356930339 
921630.0940438864 -777356.5810019481 -0.018242561866793756 
924764.8902821309 -701611.9468267778 -0.0241166457062241 
927899.6865203754 -599804.1893597458 -0.02910710298939931 
931034.4827586199 -475522.2108797607 -0.03300500129434018 
934169.2789968645 -332524.01347624895 -0.035611572038501293 
937304.075235109 -175741.91336221498 -0.036798634815964154 
940438.8714733535 -11665.367626188512 -0.036539844784004294 
943573.667711598 152464.59272293284 -0.034886288905668875 
946708.4639498425 309926.28510793165 -0.03191908927069968 
949843.260188087 455108.3223438132 -0.027731092917142236 
952978.0564263315 583109.989787577 -0.022451545670496027 
956112.852664576 689132.4083228956 -0.016277688646301157 
959247.6489028205 768577.4113885169 -0.009471104866025983 
962382.445141065 817871.576152206 -0.0023179825840553697 
965517.2413793096 835177.5921720464 0.004908225078569034 
968652.0376175541 820310.2479684548 0.011950266861499921 
971786.8338557986 774103.9454183759 0.018547721266785902 
974921.6300940431 698064.1189327952 0.024432567912551523 
978056.4263322876 594698.5107202712 0.02935740522714807 
981191.2225705321 468013.4815609519 0.03313221229860258 
984326.0188087766 323388.3038342419 0.03563303639957257 
987460.8150470211 166755.7324391758 0.03677875738920536 
990595.6112852657 3867.8062256004996 0.03651117923136627 
993730.4075235102 -159614.42471902922 0.034809189615199465 
996865.2037617547 -317991.2277358955 0.03174835413966404 
999999.9999999992 -469475.30459858174 0.027702743663851167 
