#x u 
0.0 36637.25363511369 0.04930651555075349 
3134.796238244514 62148.58604949928 0.04667842718552549 
6269.592476489028 103640.0846875153 0.043087940865816625 
9404.38871473354 140016.84559491198 0.03778050365639773 
12539.184952978056 171023.83709827487 0.031014143335895347 
15673.98119122257 195415.89431062262 0.023048400594355978 
18808.777429467085 212251.2650751493 0.01419137869775649 
21943.5736677116 220878.88403232105 0.004785576518357081 
25078.369905956115 220965.12251273566 -0.004805283774975863 
28213.16614420063 212506.6456464379 -0.014210323873979235 
31347.962382445145 195830.54250722536 -0.02306585113088433 
34482.75862068966 171581.6775550558 -0.031029422544788892 
37617.55485893417 140697.75374558975 -0.0377930870232542 
40752.35109717868 104373.05158208378 -0.043095293842770034 
43887.14733542319 64012.24632044469 -0.04673100680819975 
47021.943573667704 21176.089214855856 -0.04855963299693298 
50156.739811912215 -22478.946691255656 -0.048510459483422336 
53291.53605015673 -65264.72233326593 -0.046585387806113036 
56426.33228840124 -105526.71291758888 -0.042858860435002276 
59561.12852664575 -141707.98835095615 -0.03747498208332618 
62695.92476489026 -172409.41968525792 -0.03064194718217393 
65830.72100313478 -196443.78339634655 -0.02262398900743568 
68965.51724137929 -212881.67128578617 -0.013731161786129167 
72100.3134796238 -221087.4306709006 -0.0043073509077780365 
75235.10971786831 -220743.74505691638 0.005283025114354036 
78369.90595611282 -211863.90475728567 0.014669106697372267 
81504.70219435733 -194791.29295761927 0.023487934318849053 
84639.49843260185 -170186.10709713498 0.03139848415179637 
87774.29467084636 -138999.82905143575 0.03809485544688538 
90909.09090909087 -102438.43135396298 0.043318099706197516 
94043.88714733538 -61915.74227055787 0.046866234214675964 
97178.68338557989 -18998.77309843633 0.048602052706285634 
100313.4796238244 24652.87811853176 0.048458431126631445 
103448.27586206891 67351.20320156193 0.04644092331833664 
106583.07210031342 107445.05906783252 0.0426275462540981 
109717.86833855794 143384.01738910124 0.0371657631224499 
112852.66457680245 173778.31961346732 0.03026678093022784 
115987.46081504696 197452.61889120482 0.0221973831332945 
119122.25705329147 213491.43070583482 0.0132696131274747 
122257.05329153598 221274.53463576193 0.003828707538829628 
125391.84952978049 220500.95826130064 -0.00576025406738971 
128526.645768025 211200.61576005057 -0.01512646680371382 
131661.44200626953 193733.1511264525 -0.023907739475482484 
134796.23824451404 168774.0307481949 -0.031764500504603 
137931.03448275855 137288.42313916585 -0.03839292915334418 
141065.83072100306 100493.87589897093 -0.04353670426409483 
144200.62695924757 59813.23318000036 -0.04699691619163607 
147335.42319749208 16819.61434231131 -0.04863975863377348 
150470.2194357366 -26824.418529723593 -0.04840170291744496 
153605.0156739811 -69431.1518585108 -0.04629195465079968 
156739.81191222562 -109352.9844119029 -0.042392097742578606 
159874.60815047013 -145046.13999854145 -0.03685293955455722 
163009.40438871464 -175130.36525166413 -0.02988867918492071 
166144.20062695915 -198442.30398968485 -0.021768624394896966 
169278.99686520366 -214080.4841684522 -0.012806777484871431 
172413.79310344817 -221440.17778095716 -0.0033496928338746295 
175548.58934169268 -220236.78567310245 0.0062369243489363135 
178683.3855799372 -210516.84298534144 0.015582359834882082 
181818.1818181817 -192656.219640044 0.024325225885015875 
184952.97805642622 -167345.58546170828 0.03212743610427091 
188087.77429467073 -135563.7019934184 0.038687279233266654 
191222.57053291524 -98539.57381429356 0.04375108631459616 
194357.36677115975 -57704.92296545571 0.047123040064588034 
197492.16300940426 -14638.824297204133 0.04867274712240044 
200626.95924764877 28993.357312988668 0.04834028035777877 
203761.75548589329 71504.36657550684 0.04613849625157101 
206896.5517241378 111250.30390527162 0.04215253773595921 
210031.3479623823 146694.19497449297 0.036536541719561375 
213166.14420062682 176465.42546859354 0.029507678617319903 
216300.94043887133 199412.74270490272 0.021337754376395356 
219435.73667711584 214648.7745429354 0.012342699747498602 
222570.53291536035 221584.3440412058 0.0028703532512559336 
225705.32915360486 219951.25291370988 -0.006712989728030256 
228840.12539184937 209812.65275043476 -0.01603674157504291 
231974.9216300939 191560.60294707163 -0.02474035305656968 
235109.7178683384 165900.9097787271 -0.03248725575065627 
238244.5141065829 133825.83289024263 -0.038977877138433245 
241379.31034482742 96575.71461991112 -0.043961225066396624 
244514.10658307193 55591.01643363774 -0.04724459358611064 
247648.90282131644 12456.632072049217 -0.048701014165958276 
250783.69905956095 -31159.209162404677 -0.04827415680192286 
253918.49529780546 -73568.06897682768 -0.04598044486658353 
257053.29153604998 -113119.6409410938 -0.04190810139923679 
260188.0877742945 -148239.7434559819 -0.03621255379443703 
263322.884012539 -177418.37323952874 -0.0291070855222071 
266457.6802507835 -199113.12247378522 -0.02084748477685194 
269592.476489028 -211574.53561652193 -0.011711413922487694 
272727.27272727253 -212725.8720948784 -0.001979059905817513 
275862.06896551704 -200403.17639655096 0.008070377411707028 
278996.86520376155 -173294.611130991 0.018130260718711065 
282131.66144200607 -132547.93469551098 0.027807015077973448 
285266.4576802506 -83222.50749257093 0.03656675634300626 
288401.2539184951 -34100.846963066375 0.04375560639532786 
291536.0501567396 5215.573113713734 0.048742533155469406 
294670.8463949841 29126.974940407323 0.051147701287547684 
297805.6426332286 39736.50957851659 0.051016890671082595 
300940.43887147313 46031.516573042034 0.048785924823979976 
304075.23510971764 57960.020777069745 0.04500822815222989 
307210.03134796215 79188.47115638212 0.04001908956368448 
310344.82758620667 104315.40657509025 0.03380147657030265 
313479.6238244512 123270.71933172198 0.02617877184694815 
316614.4200626957 129492.22595515565 0.01717854872864543 
319749.2163009402 124801.81054472202 0.0072433845184039294 
322884.0125391847 116658.31697847997 -0.002908945771602156 
326018.8087774292 110537.18543217814 -0.01264930477084978 
329153.60501567373 104842.52300528961 -0.02168503513383094 
332288.40125391824 93219.78394659236 -0.029968097377998236 
335423.19749216276 71729.7387602622 -0.03737935284548602 
338557.99373040727 43482.476890974474 -0.04352774110055413 
341692.7899686518 16011.420885908534 -0.04788025867734892 
344827.5862068963 -5816.338145086345 -0.05009419109314744 
347962.3824451408 -23962.217759771287 -0.050212523218096175 
351097.1786833853 -44161.05155078067 -0.048525715249275334 
354231.9749216298 -68922.54183573298 -0.04524983836836844 
357366.77115987433 -93980.87313270709 -0.040359926185455586 
360501.56739811884 -111947.03951357352 -0.03375079322664977 
363636.36363636336 -119347.28252672066 -0.025550631110194368 
366771.15987460787 -119675.62620411863 -0.01624981525620244 
369905.9561128524 -119279.56394576794 -0.006499544633308172 
373040.7523510969 -120426.61499357811 0.003219902166576498 
376175.5485893414 -118852.03851541708 0.012726127222673366 
379310.3448275859 -108364.8774528882 0.02193809546936658 
382445.1410658304 -87660.81844439803 0.030577956052087844 
385579.93730407493 -62166.88863910732 0.038099542056803895 
388714.73354231945 -38963.868267061844 0.04393261619105738 
391849.52978056396 -20104.396748626386 0.04779865367707085 
394984.32601880847 -1322.465699908007 0.0497771283110526 
398119.122257053 22546.240907062187 0.050061544830139096 
401253.9184952975 51171.74357684289 0.04866808766965544 
404388.714733542 78122.79670608169 0.045406588056757353 
407523.5109717865 96716.6380239209 0.040144617382900635 
410658.307210031 106207.0573044199 0.033084409727683575 
413793.10344827553 111837.95210539672 0.02475617365553677 
416927.89968652005 118738.41568824014 0.0157270488121346 
420062.69592476456 126103.9178127938 0.006321544748210267 
423197.49216300907 127796.70801217042 -0.003364912799938559 
426332.2884012536 118739.4996789807 -0.013187479509523564 
429467.0846394981 100379.71721335687 -0.02271602464340304 
432601.8808777426 79475.93151923013 -0.03130482560895169 
435736.6771159871 61474.72766480963 -0.03840914749988426 
438871.4733542316 45425.29273365103 -0.043829757401661965 
442006.26959247614 25751.787560359124 -0.047641072589536614 
445141.06583072065 -1014.0903396459325 -0.04988956085489388 
448275.86206896516 -31654.693258356852 -0.05038822724839509 
451410.65830720967 -58689.66752853474 -0.04882921775493528 
454545.4545454542 -77285.94474747426 -0.045099203034273325 
457680.2507836987 -89424.50019386542 -0.039466188771390055 
460815.0470219432 -100980.89624992674 -0.03243884201698828 
463949.8432601877 -114825.66039774043 -0.024440972751049176 
467084.6394984322 -127228.07139723218 -0.015635391032107895 
470219.43573667674 -131363.9101736385 -0.006071785596083839 
473354.23197492125 -124251.06452894729 0.004009381480410273 
476489.02821316576 -109829.12066614503 0.01405029789225708 
479623.82445141027 -94950.33757781552 0.023374153223501504 
482758.6206896548 -82495.93564838398 0.0315146989398318 
485893.4169278993 -68843.49163331288 0.03834525997413552 
489028.2131661438 -48325.65605785328 0.04388567668278448 
492163.0094043883 -19963.314203674527 0.04800295045241448 
495297.8056426328 10636.294695056302 0.05033111680781182 
498432.60188087734 36242.2076448166 0.0505029338573323 
501567.39811912185 54637.80925434283 0.048455540428715936 
504702.19435736636 69992.45940958738 0.04449183015555782 
507836.99059561087 87565.37726741967 0.03903336704425046 
510971.7868338554 107348.87204789283 0.03232202595261743 
514106.5830720999 123365.96087996435 0.024378430062366303 
517241.3793103444 129384.43277672582 0.015252478619627967 
520376.1755485889 125058.39747848688 0.005291885102332931 
523510.9717868334 116056.81130695404 -0.004865990623267144 
526645.768025078 108056.96081262582 -0.01458406557248999 
529780.5642633225 100922.92960894041 -0.02350695223070308 
532915.360501567 89182.9182644042 -0.03155306303803831 
536050.1567398115 68286.52249240581 -0.03864064497544375 
539184.952978056 40040.85630712968 -0.04444982721574721 
542319.7492163006 11486.308198238068 -0.048483320112407725 
545454.5454545451 -11631.873011970532 -0.05037241364254351 
548589.3416927896 -29963.563839982755 -0.05011482345742717 
551724.1379310341 -48901.441932528716 -0.048000192367593 
554858.9341692786 -71955.26741761237 -0.04430474074064786 
557993.7304075231 -96158.1143710898 -0.03907623836466916 
561128.5266457676 -114367.18906081966 -0.032232362463381084 
564263.3228840121 -122067.63051888047 -0.02386309095152545 
567398.1191222566 -121551.31341324371 -0.014410767026128563 
570532.9153605012 -119101.52757443691 -0.00452800832510711 
573667.7115987457 -118163.38612133492 0.00524944533789599 
576802.5078369902 -115690.65797899425 0.0146847952960525 
579937.3040752347 -105508.38026397576 0.023700606098248023 
583072.1003134792 -85145.55668440441 0.03207954996694212 
586206.8965517237 -58939.80991507936 0.03933488060014425 
589341.6927899682 -34133.20887059384 0.04490052541398658 
592476.4890282127 -14042.692565320358 0.048453190913369255 
595611.2852664572 4543.928936333217 0.05003834641768146 
598746.0815047018 27045.995974026588 0.0498760498394385 
601880.8777429463 54426.52303378035 0.04805660547439217 
605015.6739811908 81230.88562284764 0.04444887680430776 
608150.4702194353 100422.9920535152 0.03891736809396557 
611285.2664576798 109965.29265145844 0.031616604803650084 
614420.0626959243 114256.05287946924 0.023047427664474228 
617554.8589341688 118943.67850234208 0.01380772191079259 
620689.6551724133 124595.47293093015 0.004289100090095581 
623824.4514106578 125892.27862868324 -0.005374151158286985 
626959.2476489024 117200.02109096057 -0.015064307179093296 
630094.0438871469 98657.84252796433 -0.02441568353982675 
633228.8401253914 76376.15694154927 -0.03281945523287697 
636363.6363636359 56526.90856939493 -0.03970724459119544 
639498.4326018804 39522.42183716592 -0.044828954246013256 
642633.2288401249 20376.301211086582 -0.048245149990222745 
645768.0250783694 -5167.120925840083 -0.05005268343284934 
648902.8213166139 -35215.225471995305 -0.050140356717594134 
652037.6175548584 -62752.72378085814 -0.04823695528475595 
655172.413793103 -82068.79925281668 -0.04420346184672044 
658307.2100313475 -93867.81742654249 -0.03826159100292919 
661442.006269592 -103726.34926093763 -0.03091526995586861 
664576.8025078365 -115540.17691143218 -0.02264246378262515 
667711.598746081 -126856.93379758851 -0.013673938843605252 
670846.3949843255 -131014.7949707646 -0.004080910268345331 
673981.19122257 -123891.29606126511 0.005935365700115295 
677115.9874608145 -108256.65359138779 0.01587446723444342 
680250.783699059 -91213.52291210656 0.025083207141650427 
683385.5799373036 -77343.14098716868 0.03307527100212055 
686520.3761755481 -64531.61584506635 0.039692524463719084 
689655.1724137926 -46593.78982928507 0.04494090031908489 
692789.9686520371 -19855.6216693541 0.04868358794416025 
695924.7648902816 12954.32016787575 0.05053840770215525 
699059.5611285261 45048.035703698755 0.05012168715748014 
702194.3573667706 71182.44359297397 0.04741227896499721 
705329.1536050151 90526.44246043409 0.04286202276043573 
708463.9498432596 104253.1333305875 0.03711622397433022 
711598.7460815042 111319.61743089155 0.03059397209643796 
714733.5423197487 107876.62227796452 0.023318801736357694 
717868.3385579932 91558.90550535498 0.015141036798689621 
721003.1347962377 66096.6973532287 0.006109962808385124 
724137.9310344822 40672.872559326 -0.003374233197304462 
727272.7272727267 23623.043424625008 -0.012752421891631064 
730407.5235109712 16159.56736825977 -0.021611829739032567 
733542.3197492157 12288.479387492087 -0.02977936284128978 
736677.1159874602 5157.076833949221 -0.037127360051616765 
739811.9122257048 -6340.904521158867 -0.04333388791557362 
742946.7084639493 -17125.696433087563 -0.04788684125054426 
746081.5047021938 -21798.892789011396 -0.05035353336930712 
749216.3009404383 -20565.27281396974 -0.05064534805242042 
752351.0971786828 -19048.579001879152 -0.04900320323293359 
755485.8934169273 -22301.726855279834 -0.04571869039520547 
758620.6896551718 -29391.81713528736 -0.04088166802958542 
761755.4858934163 -34296.3675032676 -0.034415672729643895 
764890.2821316608 -32183.82426401254 -0.026357968562245756 
768025.0783699054 -24479.46330161835 -0.01708173348142747 
771159.8746081499 -17393.76710320334 -0.007216697329641517 
774294.6708463944 -15463.762717283476 0.0026602519114113763 
777429.4670846389 -16897.37557953308 0.012252738520854059 
780564.2633228834 -15609.2699255654 0.02146621811422758 
783699.0595611279 -7797.7441130754305 0.03012095026684953 
786833.8557993724 3861.008516144211 0.03777343237122568 
789968.6520376169 12816.394705380662 0.043848144496255646 
793103.4482758614 15311.43453045137 0.04795384008226157 
796238.244514106 14111.526711715494 0.05006293414841786 
799373.0407523505 15384.73260549669 0.050374471104134046 
802507.836990595 22025.843933240038 0.0490113513078082 
805642.6332288395 30451.842532988187 0.04587382081862294 
808777.429467084 34241.33559680867 0.04080380125953599 
811912.2257053285 30792.507365461584 0.03388480587336894 
815047.021943573 24002.230213403906 0.025556902597013542 
818181.8181818175 20154.833721753996 0.01641815454389134 
821316.614420062 21347.396276949847 0.0069112624826970556 
824451.4106583066 23363.391071531834 -0.002787304459413041 
827586.2068965511 20223.951262364746 -0.012572987183684018 
830721.0031347956 10623.371578688268 -0.022132788957432065 
833855.7993730401 -523.3001452696917 -0.030888755331528284 
836990.5956112846 -7050.942535898532 -0.03823945613681221 
840125.3918495291 -7811.319367490942 -0.043859577963844855 
843260.1880877736 -7655.82660560785 -0.04775551561502419 
846394.9843260181 -12113.143882503355 -0.05002975977308165 
849529.7805642626 -21369.505939942217 -0.05061080284416145 
852664.5768025072 -29888.10623399465 -0.04923878859030711 
855799.3730407517 -32071.112849045516 -0.04572528046857774 
858934.1692789962 -28014.42013921286 -0.04021441079724899 
862068.9655172407 -23310.629800946015 -0.0331684462401687 
865203.7617554852 -23115.05153232353 -0.025087824059343587 
868338.5579937297 -26718.55631441524 -0.01625217016421148 
871473.3542319742 -28332.32568032667 -0.006744200145434594 
874608.1504702187 -23253.90335466474 0.0032811024798109576 
877742.9467084632 -12926.017647413857 0.013378929868201541 
880877.7429467078 -3566.5500404764025 0.022892092383869956 
884012.5391849523 191.54683284563362 0.03125694233751747 
887147.3354231968 -31.916130180368782 0.03823092104593145 
890282.1316614413 1713.2941911523521 0.04381669400026934 
893416.9278996858 9228.981543478694 0.04797561901223856 
896551.7241379303 19955.4933904492 0.05044286379456066 
899686.5203761748 27460.165892672016 0.05084717458284418 
902821.3166144193 28014.719997772954 0.04901532321400651 
905956.1128526638 24351.793701695336 0.04514438821554358 
909090.9090909084 22659.868282683135 0.03966123175502796 
912225.7053291529 25985.1804423515 0.03291452089834226 
915360.5015673974 30982.58138451606 0.02501771101837314 
918495.2978056419 31430.460575470177 0.015999845170377096 
921630.0940438864 24810.36136481102 0.00609499754259105 
924764.8902821309 15031.156332741957 -0.004146372256285166 
927899.6865203754 8433.695511287282 -0.014054914650020997 
931034.4827586199 7275.962629887392 -0.023155660017435332 
934169.2789968645 7543.065835201996 -0.03128276842647887 
937304.075235109 3374.246074073395 -0.03839013523172534 
940438.8714733535 -6559.210137666261 -0.04427121337015013 
943573.667711598 -17439.380034290225 -0.048495346567180964 
946708.4639498425 -23152.965202092473 -0.05063825358129404 
949843.260188087 -22512.650090532006 -0.05057277198955718 
952978.0564263315 -20315.61003243491 -0.04852019058754835 
956112.852664576 -22137.221505953887 -0.04481155087538622 
959247.6489028205 -28343.376487775007 -0.03961026639320581 
962382.445141065 -33621.14723910863 -0.03288493882429867 
965517.2413793096 -32520.773263413517 -0.024655186853047253 
968652.0376175541 -25180.830892970233 -0.015243656329995027 
971786.8338557986 -17218.240511901007 -0.005258747379256378 
974921.6300940431 -13901.240571756789 0.004686053804494447 
978056.4263322876 -14731.57129398582 0.014234900649579331 
981191.2225705321 -14126.216859216453 0.0232729804569381 
984326.0188087766 -7471.882318113057 0.03166332699621162 
987460.8150470211 3823.1263899299083 0.03902872369134111 
990595.6112852657 13595.917389852548 0.044822000873541386 
993730.4075235102 17232.33949963119 0.048621177407469136 
996865.2037617547 15132.212041573268 0.0504072441152904 
999999.9999999992 36637.25362551141 0.04930651555031332 
