#x u 
0.0 780.0673123480956 -0.04965355667751446 
3134.796238244514 6734.180886412425 -0.04768973179134235 
6269.592476489028 9925.845975610151 -0.04399643398759041 
9404.38871473354 13230.651620565302 -0.03857901516348723 
12539.184952978056 15999.28778223705 -0.03167087174298513 
15673.98119122257 18150.219250634225 -0.023537971306603817 
18808.777429467085 19599.24754993242 -0.014494859742316145 
21943.5736677116 20290.37454399455 -0.004891232292484066 
25078.369905956115 20196.873270359036 0.004901538977214743 
28213.16614420063 19322.359451215976 0.01450476786650028 
31347.962382445145 17700.65051164478 0.0235470977724143 
34482.75862068966 15394.457892751816 0.03167886204064037 
37617.55485893417 12492.962001095439 0.03858560556558576 
40752.35109717868 9108.36360478845 0.04400024476086018 
43887.14733542319 5371.545032803224 0.04771339567437971 
47021.943573667704 1427.008958838138 0.04958147086016355 
50156.739811912215 -2572.709513193189 0.049532231901009194 
53291.53605015673 -6472.941377528616 0.047567582866143064 
56426.33228840124 -10122.86477284973 0.04376349668091492 
59561.12852664575 -13381.337259603504 0.03826707725581729 
62695.92476489026 -16122.353794346796 0.031290870982222364 
65830.72100313478 -18239.91934138621 0.02310464756914286 
68965.51724137929 -19652.147697958135 0.014024968055838614 
72100.3134796238 -20304.428031487827 0.004402943404940403 
75235.10971786831 -20171.536679017066 -0.005389342949033603 
78369.90595611282 -19258.612545572018 -0.014973223556085592 
81504.70219435733 -17600.958382845623 -0.02397809001084726 
84639.49843260185 -15262.675632736995 -0.03205572436964992 
87774.29467084636 -12334.185626317238 -0.03889376472904279 
90909.09090909087 -8928.732993388723 -0.04422778425220005 
94043.88714733538 -5178.006495695496 -0.047851516547590754 
97178.68338557989 -1227.0466260484027 -0.0496248319847927 
100313.4796238244 2771.36310363371 -0.04947915650353296 
103448.27586206891 6662.60429661876 -0.04742012337075477 
106583.07210031342 10296.20276060875 -0.043527355342336066 
109717.86833855794 13531.647340705662 -0.037951385653261 
112852.66457680245 16243.823481998115 -0.03090783690147068 
115987.46081504696 18327.851406031026 -0.022669082927798855 
119122.25705329147 19703.141809019988 -0.013553716126870839 
122257.05329153598 20316.512248063576 -0.003914227487770293 
125391.84952978049 20144.243704777153 0.005876624223030434 
128526.645768025 19192.99779909654 0.015440227033146445 
131661.44200626953 17499.559184616868 0.024406756679071693 
134796.23824451404 15129.413087023451 0.03242947770050438 
137931.03448275855 12174.21299217784 0.039198151691273206 
141065.83072100306 8748.236408283556 0.04445103421016183 
144200.62695924757 4983.965757718186 0.047984996431412574 
147335.42319749208 1026.9652853178504 0.0496633801309564 
150470.2194357366 -2969.7479070506997 0.04942128225626296 
153605.0156739811 -6851.621027708752 0.04726806472563673 
156739.81191222562 -10468.54214746211 0.04328699240308796 
159874.60815047013 -13680.645023868012 0.03763201324828024 
163009.40438871464 -16363.717725067661 0.030521805153070125 
166144.20062695915 -18414.0059018521 0.022231319673308873 
169278.99686520366 -19752.224965556612 0.013081149659571363 
172413.79310344817 -20326.626020972122 0.003425131940244686 
175548.58934169268 -20114.99699473087 -0.006363335539110928 
178683.3855799372 -19125.52157558693 -0.015905733004276477 
181818.1818181817 -17396.46275139184 -0.024833056201864913 
184952.97805642622 -14994.683186050184 -0.032800085784137116 
188087.77429467073 -12013.059542277435 -0.03949873692732025 
191222.57053291524 -8566.886773909311 -0.04466997277233198 
194357.36677115975 -4789.363899639233 -0.04811381881662545 
197492.16300940426 -825.9986285804116 -0.04969707554465728 
200626.95924764877 3173.490027181764 -0.04935835600250699 
203761.75548589329 7071.216543363742 -0.04710998955648776 
206896.5517241378 10779.313965592373 -0.04303603920764493 
210031.3479623823 14345.268586587132 -0.03728529507818774 
213166.14420062682 18106.06107367802 -0.030058371051099108 
216300.94043887133 22883.128229187918 -0.02159041311989115 
219435.73667711584 30073.163131228328 -0.012136388194755586 
222570.53291536035 41358.15206197617 -0.001972040087520948 
225705.32915360486 57780.31495318853 0.008577352261424675 
228840.12539184937 78296.4295963663 0.01908513419993369 
231974.9216300939 98597.39248763656 0.028983816284033168 
235109.7178683384 111454.88412058548 0.03759527135427762 
238244.5141065829 109400.00454127448 0.04426692774678061 
241379.31034482742 88922.8078533204 0.04857626238461682 
244514.10658307193 53574.841545308824 0.05048313155054783 
247648.90282131644 13149.409893031861 0.05030004365450029 
250783.69905956095 -21508.93967971451 0.04845951225669546 
253918.49529780546 -44899.49414206839 0.04522341739858276 
257053.29153604998 -59607.14507451013 0.040556952449350814 
260188.0877742945 -72934.4847857561 0.03427976530117556 
263322.884012539 -90013.88709452678 0.02637571497373974 
266457.6802507835 -109248.15605796434 0.017193388725295196 
269592.476489028 -124022.35828437714 0.0073569867909939225 
272727.27272727253 -128919.61537569831 -0.002531007958934617 
275862.06896551704 -124473.53494214237 -0.012121366995024105 
278996.86520376155 -115994.4731284481 -0.021278765171942125 
282131.66144200607 -107885.83837803465 -0.029835898872960537 
285266.4576802506 -99307.71359853799 -0.03740899116899929 
288401.2539184951 -85551.90166417514 -0.0434741726320491 
291536.0501567396 -63572.22045556379 -0.047632890018210056 
294670.8463949841 -35846.26847935941 -0.04979893337625821 
297805.6426332286 -8534.551559414096 -0.050121779988468 
300940.43887147313 14123.899129233148 -0.04873484172608548 
304075.23510971764 33318.724319061905 -0.0455970579350693 
307210.03134796215 53440.83891798653 -0.04059447340830681 
310344.82758620667 76511.06625974353 -0.033792240681294064 
313479.6238244512 99161.31595549517 -0.025566894531632876 
316614.4200626957 115372.33635037046 -0.016472269128326396 
319749.2163009402 122115.72001833329 -0.006970133961110863 
322884.0125391847 121993.64335500146 0.002703294450317258 
326018.8087774292 120124.8617336581 0.012408360611787357 
329153.60501567373 118569.18031951625 0.02186087416452235 
332288.40125391824 114160.63877818233 0.030547428726619887 
335423.19749216276 102024.90288100837 0.03790087273539732 
338557.99373040727 81072.1900488547 0.04356538443140927 
341692.7899686518 55675.91478018835 0.04748524507907891 
344827.5862068963 31754.375712771933 0.04973513912016209 
347962.3824451408 11351.927683780092 0.05027936981823484 
351097.1786833853 -8614.066445667238 0.04891942647921102 
354231.9749216298 -32160.710807412426 0.04548837255899819 
357366.77115987433 -59049.15057762498 0.04008809792757806 
360501.56739811884 -84090.56233559831 0.03311761399516684 
363636.36363636336 -101711.66469273725 0.025057548740367554 
366771.15987460787 -111011.30832234552 0.016229657133104636 
369905.9561128524 -116023.28793590332 0.006773929501626841 
373040.7523510969 -120938.76235361851 -0.003144978564989867 
376175.5485893414 -125334.65517013252 -0.013132823190949008 
379310.3448275859 -124438.13368843816 -0.022592390805440364 
382445.1410658304 -114152.75657598829 -0.03096851950246892 
385579.93730407493 -95559.22748398935 -0.037968610329012206 
388714.73354231945 -74152.33307460998 -0.04354088064708139 
391849.52978056396 -54605.28102711372 -0.04764611547384886 
394984.32601880847 -36547.29743786423 -0.05007392205320556 
398119.122257053 -15765.756522560441 -0.05050531141751084 
401253.9184952975 10465.878258437515 -0.04876178732719185 
404388.714733542 39572.6302736971 -0.04498230616875494 
407523.5109717865 65421.62290307194 -0.03954254450943239 
410658.307210031 83825.37158729724 -0.03279898409035486 
413793.10344827553 96053.61864470979 -0.024921574662680586 
416927.89968652005 106697.77382864928 -0.01598280055116681 
420062.69592476456 118167.60895264085 -0.006198998219458714 
423197.49216300907 127633.75378700948 0.003942131844136223 
426332.2884012536 129648.720522272 0.013815511111573687 
429467.0846394981 121701.08114675066 0.022927789738348348 
432601.8808777426 106868.88746543461 0.031053599513940943 
435736.6771159871 90784.43685221356 0.038110596588457724 
438871.4733542316 76097.08762970465 0.04391881724607415 
442006.26959247614 60241.70539935405 0.048110043853662424 
445141.06583072065 38834.96742896758 0.05029317588555426 
448275.86206896516 11098.479263756202 0.050310167475239365 
451410.65830720967 -18425.019678759505 0.04831942626922869 
454545.4545454542 -43698.71487909676 0.0446223163384802 
457680.2507836987 -62571.9743655772 0.03941558617670176 
460815.0470219432 -78094.32681261233 0.032727342761794335 
463949.8432601877 -94421.20979160815 0.024598230428806746 
467084.6394984322 -111653.3717635712 0.015309043539929807 
470219.43573667674 -125066.15575572036 0.0054050174770233095 
473354.23197492125 -129561.63333815895 -0.004520956634597331 
476489.02821316576 -124679.86868562654 -0.014071927660635275 
479623.82445141027 -114914.48459722631 -0.02307588412006676 
482758.6206896548 -105010.41860463718 -0.031384830837798285 
485893.4169278993 -95189.42604939733 -0.038670070439085276 
489028.2131661438 -81314.1261061299 -0.04444282663593623 
492163.0094043883 -59799.493534515386 -0.048290943120339894 
495297.8056426328 -32083.873509115452 -0.0500934081786439 
498432.60188087734 -3932.6651296332275 -0.04999566617608834 
501567.39811912185 19721.45629887208 -0.04817770016897748 
504702.19435736636 39009.62814215745 -0.04466187185249895 
507836.99059561087 58018.94924866244 -0.03936260576758379 
510971.7868338554 79551.33878653744 -0.03232269593544808 
514106.5830720999 101297.93688149122 -0.023882041267010604 
517241.3793103444 117483.65430542853 -0.01459321181728288 
520376.1755485889 124279.71904598581 -0.0049622186848482875 
523510.9717868334 123317.43310816391 0.004725329381306298 
526645.768025078 119630.46193947541 0.014323841243986278 
529780.5642633225 116205.70869709321 0.0235925202401018 
532915.360501567 110879.30753390255 0.032067689586703765 
536050.1567398115 98837.75093504952 0.03919153319373292 
539184.952978056 78082.44450836265 0.044575617012736456 
542319.7492163006 52095.6653747295 0.048134568646722435 
545454.5454545451 26885.447694927236 0.04996009545778268 
548589.3416927896 5492.302473450713 0.05007628827368228 
551724.1379310341 -14297.745691167365 0.048339250038814695 
554858.9341692786 -36667.020185448 0.044589365055471245 
557993.7304075231 -62402.1660878915 0.038895932737748974 
561128.5266457676 -87129.75977017466 0.031633969086795596 
564263.3228840121 -105040.15662281346 0.02330676420299322 
567398.1191222566 -114215.15021240793 0.014292510136863602 
570532.9153605012 -117988.01951134013 0.004770734844392929 
573667.7115987457 -120934.28750768522 -0.0051067740265354645 
576802.5078369902 -123730.86074013202 -0.01499430371886865 
579937.3040752347 -122301.23097518124 -0.024327602904093394 
583072.1003134792 -112147.99362589151 -0.032537068271302996 
586206.8965517237 -93313.00466163714 -0.039289161541585606 
589341.6927899682 -70741.59106256068 -0.04451607615501754 
592476.4890282127 -49655.2219820556 -0.04821501892296657 
595611.2852664572 -30778.17022679202 -0.050238774337245995 
598746.0815047018 -10408.376653675416 -0.05030592945786529 
601880.8777429463 14777.38579503417 -0.048225451877049436 
605015.6739811908 43273.77154084371 -0.04410215236246836 
608150.4702194353 69366.90957839033 -0.03830687856404167 
611285.2664576798 88206.2786281833 -0.031239819205179358 
614420.0626959243 100029.97378150202 -0.023129949939624105 
617554.8589341688 109136.06182871314 -0.014072907568217635 
620689.6551724133 118714.94235052672 -0.004256546074111864 
623824.4514106578 127002.86284633802 0.005875668686861424 
626959.2476489024 128818.22651250788 0.01570910232629959 
630094.0438871469 120874.40875377523 0.024716062641918026 
633228.8401253914 105286.85689303046 0.0326311372524108 
636363.6363636359 87586.9494944265 0.039374166636941564 
639498.4326018804 71324.93163205234 0.04481575933513849 
642633.2288401249 54921.500882321074 0.04864427233547079 
645768.0250783694 34053.62265986444 0.0504844232683395 
648902.8213166139 7034.830470642177 0.05015076052645645 
652037.6175548584 -22500.14219523019 0.04777490276515943 
655172.413793103 -48461.981298786224 0.04367549263808152 
658307.2100313475 -67744.44636261312 0.03810741878056947 
661442.006269592 -82552.48130771832 0.031150749853995453 
664576.8025078365 -97211.75498835614 0.02284997318741608 
667711.598746081 -112850.89499971317 0.013448361293208108 
670846.3949843255 -125577.72811448947 0.003460161515791934 
673981.19122257 -130089.00668842194 -0.006507851427951344 
677115.9874608145 -124934.03748721455 -0.016011712085205746 
680250.783699059 -113909.9225678812 -0.024848819787556 
683385.5799373036 -102129.27441253449 -0.03289226347435673 
686520.3761755481 -90895.36996211001 -0.03986987786973377 
689655.1724137926 -76763.3725312243 -0.04533401984296848 
692789.9686520371 -55755.17988181468 -0.04886593297944319 
695924.7648902816 -28270.510100271666 -0.05031002045682617 
699059.5611285261 498.06443105405924 -0.04979974500045808 
702194.3573667706 25112.638597472265 -0.04755343165232259 
705329.1536050151 44650.24839482459 -0.043657189543836634 
708463.9498432596 62703.9445613999 -0.03806245705666787 
711598.7460815042 82659.49025505973 -0.030796985598067445 
714733.5423197487 103256.44576874419 -0.022161320712830855 
717868.3385579932 119151.67852145305 -0.012696342972715335 
721003.1347962377 125940.91955642059 -0.0029461816275135567 
724137.9310344822 124376.92357598874 0.0067470818801322096 
727272.7272727267 119314.81141520603 0.016217682194429733 
730407.5235109712 114424.43070546174 0.02526529726813726 
733542.3197492157 108198.96893431633 0.033497515681660234 
736677.1159874602 95547.7922391202 0.04040141505860072 
739811.9122257048 73513.67772715946 0.045572015992687884 
742946.7084639493 45308.8805441807 0.04885922213608346 
746081.5047021938 18415.76194260394 0.050288549685848144 
749216.3009404383 -1601.4776353499365 0.049861902132270264 
752351.0971786828 -15663.449074830234 0.04747897888928011 
755485.8934169273 -29860.724275343193 0.043087271978165406 
758620.6896551718 -49790.20425059607 0.03690720066128105 
761755.4858934163 -76092.48359921074 0.02947175968771503 
764890.2821316608 -105044.47035629943 0.021392823789064836 
768025.0783699054 -132677.72263824305 0.0130481660268533 
771159.8746081499 -157550.11790497 0.004481055306626983 
774294.6708463944 -179363.49971761793 -0.004391291385870994 
777429.4670846389 -195618.32790156605 -0.013460996826368732 
780564.2633228834 -200866.89010511985 -0.022305087343624522 
783699.0595611279 -190243.1988074719 -0.03035817500119146 
786833.8557993724 -163960.32803514868 -0.03719641390737835 
789968.6520376169 -127903.58811421593 -0.04265382413517666 
793103.4482758614 -89213.73417872429 -0.0466823198389752 
796238.244514106 -50975.84312240584 -0.04913609862368853 
799373.0407523505 -11226.14841447127 -0.04973051927874046 
802507.836990595 32849.10039830178 -0.04822976592382246 
805642.6332288395 79970.20398573733 -0.04466777976518827 
808777.429467084 124257.39105792732 -0.03936699149287033 
811912.2257053285 159686.5323430335 -0.0327297212572005 
815047.021943573 184842.89242374394 -0.025014630049677813 
818181.8181818175 203017.13371938904 -0.016324626661323945 
821316.614420062 217592.80105981184 -0.006808444136672348 
824451.4106583066 227619.92820602428 0.003148218736169502 
827586.2068965511 228260.96850966013 0.012956369452195733 
830721.0031347956 215658.34966511704 0.022061041014742603 
833855.7993730401 191112.28560538855 0.03014741617790264 
836990.5956112846 160172.78734663437 0.03711368594837619 
840125.3918495291 127585.99614261561 0.0428531755748158 
843260.1880877736 93379.87878607004 0.04708745957208775 
846394.9843260181 54161.71535997982 0.049436651888279906 
849529.7805642626 8208.658959265711 0.049661422028005046 
852664.5768025072 -41061.35437516194 0.04782829475499447 
855799.3730407517 -86950.11716488044 0.04422785440450186 
858934.1692789962 -124778.73945479175 0.039132459750881865 
862068.9655172407 -155120.38638409064 0.03264582409730188 
865203.7617554852 -181634.43618938542 0.024797265997870983 
868338.5579937297 -205842.86098227766 0.01577352793131799 
871473.3542319742 -224395.23219419504 0.006034223144639377 
874608.1504702187 -231739.63935234357 -0.003822427642160824 
877742.9467084632 -225421.12743281838 -0.013315756733616534 
880877.7429467078 -208456.9137457264 -0.022205759892576452 
884012.5391849523 -186301.4114798131 -0.03036860902641931 
887147.3354231968 -161589.76647506538 -0.03757016447797826 
890282.1316614413 -132168.57583965364 -0.04338943272945902 
893416.9278996858 -94450.75591550689 -0.04738480872993618 
896551.7241379303 -48522.136035606934 -0.049338869136211876 
899686.5203761748 421.1602986983744 -0.049332818489109864 
902821.3166144193 45872.17343246216 -0.047578400874615054 
905956.1128526638 85116.18723603402 -0.04418733208536824 
909090.9090909084 120339.3223004587 -0.03912097613516215 
912225.7053291529 154647.42066375352 -0.03237044959022792 
915360.5015673974 187248.68599434805 -0.024172276672314277 
918495.2978056419 212924.73056359598 -0.015024892371134213 
921630.0940438864 226395.85243723917 -0.00547852341493455 
924764.8902821309 227031.77303660015 0.004092659979894411 
927899.6865203754 218988.0737021495 0.01351015000661275 
931034.4827586199 206648.2895624071 0.022596446055080013 
934169.2789968645 190173.42896312758 0.03098568875192511 
937304.075235109 165831.14257284766 0.038153181490415564 
940438.8714733535 130736.05150884409 0.0436463505459784 
943573.667711598 86983.61520019898 0.04728661873426043 
946708.4639498425 40789.80082650903 0.04914058968241819 
949843.260188087 -2507.650090132347 0.04929935976720989 
952978.0564263315 -42388.261946876184 0.047703900150373735 
956112.852664576 -81952.77473612054 0.044203086215520805 
959247.6489028205 -122920.13382359462 0.03878337197001702 
962382.445141065 -162146.696320851 0.03172581862861225 
965517.2413793096 -193390.41599651033 0.023519932002681043 
968652.0376175541 -212521.54951457202 0.014616950695868757 
971786.8338557986 -220752.2736885776 0.005271678557490606 
974921.6300940431 -222534.50160829752 -0.004373157882434444 
978056.4263322876 -220371.295585794 -0.01406248682053709 
981191.2225705321 -212017.89681407655 -0.02331489314744123 
984326.0188087766 -193019.56708847062 -0.03155358481613876 
987460.8150470211 -161908.02095160115 -0.038358990559677696 
990595.6112852657 -122571.1453670528 -0.04359110379126107 
993730.4075235102 -81304.99219602154 -0.04726399234786006 
996865.2037617547 -40998.2360316823 -0.04934298061977726 
999999.9999999992 780.0672976970236 -0.049653556678186044 
