#x u 
0.0 -3192.15022910526 0.04286355165032291 
3134.796238244514 27676.138283639026 0.039831600243709256 
6269.592476489028 -3351.132254617871 0.03290987990846938 
9404.38871473354 -31053.98391340091 0.025207314687829482 
12539.184952978056 -53823.75354538043 0.016899451968588757 
15673.98119122257 -71703.89287910229 0.008104598762787114 
18808.777429467085 -86066.54749509314 -0.0010703736544810166 
21943.5736677116 -98028.7425181093 -0.01044180330868361 
25078.369905956115 -107305.29269788056 -0.019699547272169746 
28213.16614420063 -112189.48974465195 -0.028424401719225594 
31347.962382445145 -110594.90314936033 -0.036163005493954146 
34482.75862068966 -101400.13375381746 -0.042518515430032315 
37617.55485893417 -85180.877851091 -0.047209861130322 
40752.35109717868 -63895.05310914556 -0.05007694777315058 
43887.14733542319 -39846.43105420547 -0.051046153968972004 
47021.943573667704 -14723.527172899041 -0.05009337547728674 
50156.739811912215 10646.315678151615 -0.047235129674767534 
53291.53605015673 35815.46240438678 -0.04254935820803465 
56426.33228840124 60065.615772541496 -0.036201086519065034 
59561.12852664575 82199.38374233586 -0.028445398509518986 
62695.92476489026 100912.87808064959 -0.019601634332703448 
65830.72100313478 115340.43217530672 -0.010017795418102797 
68965.51724137929 125235.88379627268 -4.9990337319026526e-05 
72100.3134796238 130644.80034649951 0.009936036662112768 
75235.10971786831 131436.95874719913 0.019557774515753815 
78369.90595611282 127203.01471079921 0.028425801827270596 
81504.70219435733 117642.19611214846 0.036175903911324275 
84639.49843260185 103054.88611859064 0.04250520740388775 
87774.29467084636 84424.3119942291 0.04718817083141311 
90909.09090909087 62969.47247844667 0.050066556815742194 
94043.88714733538 39587.32896948476 0.05103214329549142 
97178.68338557989 14729.778624254715 0.05002685913904906 
100313.4796238244 -11169.22579502489 0.047065408973361485 
103448.27586206891 -37169.106313750846 0.04225951883691616 
106583.07210031342 -61777.16724716089 0.035817368225458425 
109717.86833855794 -83488.82061448743 0.02801342296006713 
112852.66457680245 -101416.41484278205 0.01915166447100333 
115987.46081504696 -115393.404256185 0.009550633352582213 
119122.25705329147 -125455.96553210999 -0.000444831860481996 
122257.05329153598 -131243.4903607575 -0.010449513661198812 
125391.84952978049 -131961.47005947054 -0.020050371442074468 
128526.645768025 -126984.13154153244 -0.02884872892566792 
131661.44200626953 -116501.78564713235 -0.036504254731125556 
134796.23824451404 -101538.51154835102 -0.04274927092671663 
137931.03448275855 -83289.17966306764 -0.047370529990969516 
141065.83072100306 -62428.319809956716 -0.05018789913610725 
144200.62695924757 -39092.53012181319 -0.05106171533623442 
147335.42319749208 -13553.737668169095 -0.049929288955199706 
150470.2194357366 13128.824121965547 -0.04683769511849987 
153605.0156739811 39199.314240063904 -0.041939673431064535 
156739.81191222562 63009.79300345617 -0.03545395698653381 
159874.60815047013 83758.8454565767 -0.027625878192006834 
163009.40438871464 101423.8011429072 -0.018722409204999475 
166144.20062695915 115964.92418110123 -0.009058356429267637 
169278.99686520366 126645.72656769873 0.0009845873138704074 
172413.79310344817 132216.99611569566 0.01097973280184585 
175548.58934169268 131822.90704649652 0.020511214237927018 
178683.3855799372 125714.72263672558 0.02922126828854367 
181818.1818181817 115021.17996619595 0.03681398911578835 
184952.97805642622 100785.91030993122 0.043024649323191194 
188087.77429467073 83254.82245188556 0.0475991221102775 
191222.57053291524 62158.11759108274 0.05031707115528681 
194357.36677115975 37699.71174320483 0.05104534565805301 
197492.16300940426 11204.819155187412 0.04977317447932172 
200626.95924764877 -15301.289654056804 0.046595622886811336 
203761.75548589329 -40208.4645942723 0.04166238909970915 
206896.5517241378 -63013.56140078939 0.03514315507031426 
210031.3479623823 -83885.13762054994 0.027241870078993823 
213166.14420062682 -102565.5332743096 0.01823889137166362 
216300.94043887133 -117786.62895599779 0.00850737978661314 
219435.73667711584 -127864.02681890936 -0.0015261184735876451 
222570.53291536035 -131903.65096169827 -0.011450488522001454 
225705.32915360486 -130385.14826437313 -0.020911101568320555 
228840.12539184937 -124502.98890961151 -0.029594176145616876 
231974.9216300939 -114934.36945538223 -0.03718455275984235 
235109.7178683384 -101319.814122588 -0.04335527340334847 
238244.5141065829 -83016.56245274997 -0.04781412140310962 
241379.31034482742 -60347.02991720022 -0.05037100870653887 
244514.10658307193 -35013.55546848352 -0.05096490916167595 
247648.90282131644 -9191.023913162942 -0.04962764373947412 
250783.69905956095 15810.710305430213 -0.04642519364319995 
253918.49529780546 39948.304320990064 -0.04143906760519706 
257053.29153604998 63501.15745143971 -0.03480648701678614 
260188.0877742945 85786.13008382579 -0.026773498697439526 
263322.884012539 104919.77801416363 -0.01769756980296211 
266457.6802507835 118941.19383533762 -0.007985634570858732 
269592.476489028 127173.48013846832 0.0019805728578986366 
272727.27272727253 130417.47175098147 0.011866960044591191 
275862.06896551704 129766.76648705426 0.021347098816741978 
278996.86520376155 125279.34830164074 0.030055896912131518 
282131.66144200607 115914.01099737638 0.03760090467311977 
285266.4576802506 100826.75350701468 0.043635069293257445 
288401.2539184951 80678.42344043798 0.04792859871845786 
291536.0501567396 57555.26122959195 0.050375377005034104 
294670.8463949841 33533.15429287037 0.050934954447742646 
297805.6426332286 9345.65493978119 0.04957673633892676 
300940.43887147313 -15466.920866582412 0.04628930066681601 
304075.23510971764 -41090.25444182071 0.04114727989742666 
307210.03134796215 -66213.22875684605 0.034364195982167854 
310344.82758620667 -88387.16042873159 0.026270061104154994 
313479.6238244512 -105658.43374440851 0.01722812028236021 
316614.4200626957 -117810.32633541955 0.0075673451000359115 
319749.2163009402 -125925.24800256969 -0.0024098374906967464 
322884.0125391847 -130723.73024501727 -0.012365021685965615 
326018.8087774292 -131433.17739613363 -0.02188633227102787 
329153.60501567373 -126406.96150301307 -0.030531360265944246 
332288.40125391824 -114879.85492693004 -0.03792181718836882 
335423.19749216276 -98024.38651156871 -0.043805228024678226 
338557.99373040727 -78168.93012960417 -0.04803093174720006 
341692.7899686518 -56953.20933204124 -0.05047548704308896 
344827.5862068963 -34328.49303287425 -0.051004523511425884 
347962.3824451408 -9446.380633208108 -0.049518591274429584 
351097.1786833853 17502.38107083137 -0.04603979006089118 
354231.9749216298 44462.85873527519 -0.04074907063628125 
357366.77115987433 68634.22201740698 -0.033931620050113236 
360501.56739811884 88423.29214521279 -0.025881251829497992 
363636.36363636336 104221.2655820878 -0.01685626494999091 
366771.15987460787 117197.70733614234 -0.0071240426131385015 
369905.9561128524 127384.26077317592 0.002963522174358679 
373040.7523510969 133088.47399042736 0.012956821516663775 
376175.5485893414 132300.7797368117 0.02238741176988758 
379310.3448275859 124654.69471775577 0.030872417279067782 
382445.1410658304 111883.52325892122 0.03814962081942415 
385579.93730407493 96264.12301892677 0.044019341645402256 
388714.73354231945 78650.2133245336 0.048266044294761945 
391849.52978056396 58150.730223249746 0.050653443120762524 
394984.32601880847 33796.57380206943 0.05100845990968743 
398119.122257053 6436.868511789558 0.04931311930085463 
401253.9184952975 -21169.697787079916 0.045710935777685056 
404388.714733542 -46230.701776896574 0.04042027017256569 
407523.5109717865 -67850.26817717333 0.03364235554475631 
410658.307210031 -87013.94802779026 0.02555579662655567 
413793.10344827553 -104652.4521829137 0.016396670305322176 
416927.89968652005 -119836.9272491138 0.00653047125885212 
420062.69592476456 -130046.84634259046 -0.0035726547840488213 
423197.49216300907 -133285.17043400675 -0.01344857800947156 
426332.2884012536 -129853.35878753004 -0.02273495500994035 
429467.0846394981 -121918.61487022831 -0.03116593848031295 
432601.8808777426 -111303.89900043231 -0.038484998192967405 
435736.6771159871 -97808.11170839587 -0.04438107331593041 
438871.4733542316 -79829.53720441894 -0.04852882190045036 
442006.26959247614 -56649.87596023644 -0.05070305759493985 
445141.06583072065 -29965.40920464378 -0.050856369477179954 
448275.86206896516 -3007.304328208673 -0.04908363896570314 
451410.65830720967 21887.30614235338 -0.045512761925570855 
454545.4545454542 44745.90027403386 -0.04023643776009054 
457680.2507836987 66944.79156180829 -0.03335509684549658 
460815.0470219432 88785.46462437941 -0.025081672576658456 
463949.8432601877 108242.76156806477 -0.01579021313480725 
467084.6394984322 122258.9359819639 -0.005945690242138332 
470219.43573667674 129282.13241349033 0.004024919421015645 
473354.23197492125 130410.23473412532 0.013798826069902188 
476489.02821316576 127933.05895585785 0.023105032567823154 
479623.82445141027 122791.60171320906 0.031622410403879204 
482758.6206896548 113629.64199029375 0.0389503132608529 
485893.4169278993 98457.84671744826 0.044697944853706574 
489028.2131661438 77196.02809059148 0.048612476127304544 
492163.0094043883 52401.85590147128 0.05062208252925309 
495297.8056426328 27369.204139899535 0.05075608757649527 
498432.60188087734 3542.0321961836526 0.04903112564509431 
501567.39811912185 -20067.210621426464 0.045426399185768414 
504702.19435736636 -44852.714989567496 0.03997554792947966 
507836.99059561087 -70129.65646579716 0.03287681355483317 
510971.7868338554 -92846.94652073353 0.02449975440852653 
514106.5830720999 -109866.74744119073 0.015271875101033287 
517241.3793103444 -120469.59821021897 0.005552827594293963 
520376.1755485889 -126473.21045156641 -0.004383666589930818 
523510.9717868334 -129836.79383747894 -0.014253810870505547 
526645.768025078 -130270.76961821588 -0.023668615500356326 
529780.5642633225 -125388.88883275888 -0.032155399251488255 
532915.360501567 -113276.88668920303 -0.039289579531769966 
536050.1567398115 -94790.30100789075 -0.04481302463769763 
539184.952978056 -73141.16645517394 -0.04862660718190298 
542319.7492163006 -51161.097608262295 -0.0506742767683991 
545454.5454545451 -29080.15963388865 -0.0508484351020663 
548589.3416927896 -5143.047345438419 -0.04902274885945057 
551724.1379310341 21590.389864384633 -0.04518229333572177 
554858.9341692786 49230.52022746648 -0.03951480908244883 
557993.7304075231 74004.51622504534 -0.032363402061535845 
561128.5266457676 93236.82146864315 -0.024083345422759004 
564263.3228840121 107276.77489283151 -0.014944725730643881 
567398.1191222566 118361.62342746742 -0.005173496419882362 
570532.9153605012 127613.03489640183 0.0049235524155834985 
573667.7115987457 133343.77841537807 0.014895027871697972 
576802.5078369902 132495.79894724351 0.024225316963450854 
579937.3040752347 123736.94965506901 0.03249105199961896 
583072.1003134792 108968.98532915555 0.03944424390179133 
586206.8965517237 91634.65030528403 0.04494764363782089 
589341.6927899682 73566.68366288708 0.04884171761502364 
592476.4890282127 53672.12593453663 0.05089375706078308 
595611.2852664572 29835.452354229325 0.050892174847412236 
598746.0815047018 2034.4577964205528 0.048793762782208386 
601880.8777429463 -26642.659228497636 0.04477194392551704 
605015.6739811908 -52211.78364676004 0.039114033239635665 
608150.4702194353 -72973.19424294055 0.03207141094566235 
611285.2664576798 -90349.42861531087 0.023814408662520558 
614420.0626959243 -106510.5614408036 0.014532053023150894 
617554.8589341688 -121296.60228320668 0.0045619797550211505 
620689.6551724133 -131709.49940154364 -0.0055990537038719985 
623824.4514106578 -134561.64988508343 -0.015430465307284426 
626959.2476489024 -129535.08873761742 -0.024542555401582664 
630094.0438871469 -119437.94705866891 -0.03270276825399403 
633228.8401253914 -107364.39118513538 -0.039719480578741286 
636363.6363636359 -93722.27006385122 -0.04531865026257263 
639498.4326018804 -76253.31159725129 -0.04915606225054102 
642633.2288401249 -53034.72671688693 -0.05096422315351069 
645768.0250783694 -25297.54027117952 -0.05068848286306723 
648902.8213166139 2945.11954529331 -0.04847429154755626 
652037.6175548584 28132.169523107717 -0.04452044253634983 
655172.413793103 49902.21764736931 -0.03895175130722789 
658307.2100313475 70489.51280959498 -0.031842557750202866 
661442.006269592 91413.9497969138 -0.02336161378816562 
664576.8025078365 110971.28654993215 -0.013877906399512013 
667711.598746081 125214.43042464432 -0.003904429813800541 
670846.3949843255 131452.45854776967 0.00607504270522463 
673981.19122257 130622.51226901653 0.015728618829570863 
677115.9874608145 126039.80878775733 0.02483348593321382 
680250.783699059 119823.76262147856 0.03312658515102913 
683385.5799373036 110754.72031135787 0.04022029820448709 
686520.3761755481 95831.74412122901 0.045686679964139124 
689655.1724137926 73908.64818029234 0.04923535541323615 
692789.9686520371 47570.85637789655 0.0508087476761105 
695924.7648902816 21231.98266226875 0.05050163885950721 
699059.5611285261 -2604.8599716931567 0.04839395505851644 
702194.3573667706 -25026.71083330481 0.04447512109450411 
705329.1536050151 -48579.09347952022 0.03874025344963474 
708463.9498432596 -73578.92426171998 0.03135484495021236 
711598.7460815042 -96788.43160541193 0.022708587940787853 
714733.5423197487 -113906.96526238276 0.01329182511223454 
717868.3385579932 -123318.32069084811 0.003512442223481503 
721003.1347962377 -127180.44361938376 -0.006366989616439602 
724137.9310344822 -128710.19354013042 -0.016118732350853784 
727272.7272727267 -128514.50849165686 -0.02539621855873687 
730407.5235109712 -123841.97858046478 -0.033714222863539166 
733542.3197492157 -111571.89867178151 -0.04059975997092041 
736677.1159874602 -91813.43788287601 -0.045769821158000865 
739811.9122257048 -68310.63635039327 -0.049161075851127584 
742946.7084639493 -45180.88186690071 -0.05078945627625627 
746081.5047021938 -23372.696068176963 -0.05059447258198785 
749216.3009404383 -546.7527879564077 -0.04843777942838926 
752351.0971786828 25501.990374555928 -0.044261241970518735 
755485.8934169273 53501.0048599125 -0.038238524081312335 
758620.6896551718 79002.73082786845 -0.030756760655635443 
761755.4858934163 98081.74048376814 -0.022240001047038223 
764890.2821316608 110590.42558891111 -0.012990535769236672 
768025.0783699054 119569.61645679924 -0.0032044844573506153 
771159.8746081499 127435.8635965999 0.0068664117364907904 
774294.6708463944 132966.78820458218 0.016790623728455138 
777429.4670846389 132288.61860748738 0.026016621426646205 
780564.2633228834 122865.54261808953 0.03407019779756163 
783699.0595611279 106308.5639064557 0.040697063191540386 
786833.8557993724 87027.13381632545 0.0458137281590386 
789968.6520376169 68101.98903184198 0.049329368192301395 
793103.4482758614 48692.23808674075 0.051035943387563565 
796238.244514106 25697.516779024932 0.05069094225093081 
799373.0407523505 -2077.309977108889 0.04821216454470842 
802507.836990595 -31664.41796956949 0.04378227075775567 
805642.6332288395 -58015.853789118264 0.03775150703084707 
808777.429467084 -78301.38741394106 0.030436105074484125 
811912.2257053285 -93943.55636684186 0.02201778840601636 
815047.021943573 -108264.23036228574 0.012642099722162722 
818181.8181818175 -122227.15428369123 0.0026020367580635133 
821316.614420062 -132782.80312906098 -0.007599118120984615 
824451.4106583066 -135604.11265506697 -0.017387254091628685 
827586.2068965511 -129376.75733433367 -0.02632861939911321 
830721.0031347956 -117140.38927338005 -0.03420574416861145 
833855.7993730401 -103247.77587553613 -0.040891851660164215 
836990.5956112846 -89112.63894870484 -0.04616856680727365 
840125.3918495291 -72209.49838645192 -0.04969102177039702 
843260.1880877736 -49383.472386579015 -0.05114842915845877 
846394.9843260181 -20983.552994361693 -0.05045996794317406 
849529.7805642626 8565.317541948301 -0.04780475006909078 
852664.5768025072 34414.88505398708 -0.04345530896876205 
855799.3730407517 55386.21203755963 -0.037588057709474085 
858934.1692789962 74228.58538220552 -0.03026668918053383 
862068.9655172407 93784.35805910817 -0.021610634837491035 
865203.7617554852 113113.4160089902 -0.011963053539979774 
868338.5579937297 127697.99381708557 -0.00186983927791125 
871473.3542319742 133568.96816636017 0.008122620855215389 
874608.1504702187 131052.49332272209 0.017653276795836503 
877742.9467084632 124200.57458152529 0.026534852537269775 
880877.7429467078 116486.95898448303 0.03457097786415046 
884012.5391849523 107284.33170821409 0.04140846235076982 
887147.3354231968 92837.23846689475 0.04659444307771171 
890282.1316614413 70721.43098237287 0.049791655313742814 
893416.9278996858 43090.18787058863 0.05093598590316638 
896551.7241379303 15250.192263272285 0.05017747897858068 
899686.5203761748 -8993.311905853654 0.04767054106027137 
902821.3166144193 -30370.233586929768 0.04343562423302889 
905956.1128526638 -52387.09203806796 0.037437757267496666 
909090.9090909084 -76639.34076902174 0.029796638133249887 
912225.7053291529 -100158.21010415012 0.020900927599907283 
915360.5015673974 -117640.10852313286 0.011296370208170918 
918495.2978056419 -126272.07519494416 0.0014527759804068298 
921630.0940438864 -128108.85646133905 -0.008358509507270047 
924764.8902821309 -127500.63381050227 -0.017961297030288783 
927899.6865203754 -126268.46625776199 -0.02706803917797953 
931034.4827586199 -121713.0298464483 -0.035202233506225825 
934169.2789968645 -109582.83335657237 -0.04184670239473893 
937304.075235109 -88903.77165813975 -0.04667605505433402 
940438.8714733535 -63573.98440936525 -0.04964064720299232 
943573.667711598 -38984.166028771666 -0.05082287174354593 
946708.4639498425 -17134.865735313662 -0.05022402602158652 
949843.260188087 4684.134154727639 -0.04771111849549864 
952978.0564263315 30305.726290826773 -0.0431816163287388 
956112.852664576 59984.079299163306 -0.036769903938244905 
959247.6489028205 89537.28700177136 -0.028869880800014115 
962382.445141065 114237.22164134367 -0.019938481749772405 
965517.2413793096 133329.59562550703 -0.01027707716380966 
968652.0376175541 150362.59465940652 -1.7258317504143558e-05 
971786.8338557986 168867.98351746274 0.01066984023992071 
974921.6300940431 187796.2795343694 0.021352414358737557 
978056.4263322876 201361.25154831706 0.03133252875323819 
981191.2225705321 203358.0794118819 0.03986979488893748 
984326.0188087766 191454.7661814108 0.04642778173862722 
987460.8150470211 167242.0398849782 0.05073707819448986 
990595.6112852657 132604.41902794628 0.05267998356743961 
993730.4075235102 87103.27550260443 0.05218810924266108 
996865.2037617547 28426.73362754812 0.04937308150926783 
999999.9999999992 -3192.43032983983 0.042863538811142056 
