#x u 
0.0 103250205925316.05 4732754.66278503 
3134.796238244514 -2583853735413.1045 -118438.00613329475 
6269.592476489028 63587460208.90909 2914.687798385242 
9404.38871473354 -2665200441.8253627 -122.17429104651018 
12539.184952978056 -1034772360.4951146 -47.42963570852958 
15673.98119122257 -1103148589.2963364 -50.554384081345404 
18808.777429467085 -1129735672.7833743 -51.76405539599644 
21943.5736677116 -1158090555.3627875 -53.05554976593038 
25078.369905956115 -1187138994.4546282 -54.37994456732976 
28213.16614420063 -1216923171.654824 -55.73944862228712 
31347.962382445145 -1247457446.718881 -57.13494191533036 
34482.75862068966 -1278757076.2773006 -58.56728342087506 
37617.55485893417 -1310837579.2444706 -60.03727584396911 
40752.35109717868 -1343714885.5366468 -61.545668903377404 
43887.14733542319 -1377405530.289775 -63.09316748119799 
47021.943573667704 -1411926860.7182915 -64.6804431517481 
50156.739811912215 -1447297184.7226167 -66.30814576657353 
53291.53605015673 -1483535840.9198644 -67.97691398225273 
56426.33228840124 -1520663237.4429808 -69.68738661867106 
59561.12852664575 -1558700921.6220007 -71.44021733237132 
62695.92476489026 -1597671688.896788 -73.23609254034643 
65830.72100313478 -1637599673.0878983 -75.07574943451962 
68965.51724137929 -1678510352.0973496 -76.95999052228521 
72100.3134796238 -1720430463.9689794 -78.88969389600774 
75235.10971786831 -1763387896.0285697 -80.86582155811789 
78369.90595611282 -1807411614.3393574 -82.88942837442866 
81504.70219435733 -1852531636.908224 -84.96167136253581 
84639.49843260185 -1898778988.7500634 -87.083816099478 
87774.29467084636 -1946185579.66304 -89.2572372283722 
90909.09090909087 -1994784015.3831992 -91.48341331030709 
94043.88714733538 -2044607417.9259746 -93.76391932213889 
97178.68338557989 -2095689323.1194563 -96.10041982747313 
100313.4796238244 -2148063649.6722507 -98.49466258363765 
103448.27586206891 -2201764670.701295 -100.9484695863325 
106583.07210031342 -2256826931.5914044 -103.46372331724224 
109717.86833855794 -2313285133.8910465 -106.04234959630632 
112852.66457680245 -2371174063.6834936 -108.68630124087372 
115987.46081504696 -2430528621.495582 -111.39754577322272 
119122.25705329147 -2491383930.0564356 -114.17805663807945 
122257.05329153598 -2553775440.076074 -117.0298046712747 
125391.84952978049 -2617738982.1847057 -119.95474769251564 
128526.645768025 -2683310796.8300967 -122.95481985531634 
131661.44200626953 -2750527625.074003 -126.03192478720176 
134796.23824451404 -2819426905.589297 -129.1879350127456 
137931.03448275855 -2890047032.2777853 -132.42469622851763 
141065.83072100306 -2962427574.762407 -135.74403278178684 
144200.62695924757 -3036609403.948444 -139.1477525085228 
147335.42319749208 -3112634755.9502044 -142.6376529546332 
150470.2194357366 -3190547316.9022455 -146.2155326945909 
153605.0156739811 -3270392370.203113 -149.88320889643984 
156739.81191222562 -3352216963.24346 -153.64253781853677 
159874.60815047013 -3436070014.807552 -157.49543300778092 
163009.40438871464 -3522002336.8582997 -161.4438785615482 
166144.20062695915 -3610066629.3707957 -165.4899393377037 
169278.99686520366 -3700317530.603407 -169.63577197342363 
172413.79310344817 -3792811735.844475 -173.88363824331492 
175548.58934169268 -3887608101.7283735 -178.23591837855366 
178683.3855799372 -3984767629.071335 -182.69512077060193 
181818.1818181817 -4084353293.60553 -187.26388728083273 
184952.97805642622 -4186429799.2024193 -191.94499706181395 
188087.77429467073 -4291063362.6256237 -196.741372151657 
191222.57053291524 -4398321576.727821 -201.65608435082166 
194357.36677115975 -4508273312.868352 -206.69235868458364 
197492.16300940426 -4620988606.220911 -211.85356849980244 
200626.95924764877 -4736538534.376741 -217.14322152600107 
203761.75548589329 -4854995171.241986 -222.5649411244049 
206896.5517241378 -4976431686.422133 -228.12244799006535 
210031.3479623823 -5100922563.566556 -233.81954428369482 
213166.14420062682 -5228543820.4408865 -239.66009843962038 
216300.94043887133 -5359373119.849225 -245.64802881971437 
219435.73667711584 -5493489760.296947 -251.78728792626245 
222570.53291536035 -5630974632.310104 -258.08185193383554 
225705.32915360486 -5771910229.923548 -264.53571905368045 
228840.12539184937 -5916380724.096195 -271.152915353949 
231974.9216300939 -6064472030.969586 -277.937502704002 
235109.7178683384 -6216271825.001037 -284.89358431132945 
238244.5141065829 -6371869536.973536 -292.0253079588539 
241379.31034482742 -6531356440.441828 -299.33687078825994 
244514.10658307193 -6694825892.175718 -306.83252863623585 
247648.90282131644 -6862373682.627958 -314.5166086808046 
250783.69905956095 -7034098377.55761 -322.39352121628673 
253918.49529780546 -7210101564.410179 -330.4677680228134 
257053.29153604998 -7390488020.456489 -338.74394938251015 
260188.0877742945 -7575365886.222834 -347.22677446058907 
263322.884012539 -7764846890.515354 -355.9210775607126 
266457.6802507835 -7959046575.771705 -364.8318377804132 
269592.476489028 -8158084422.051374 -373.9641968477484 
272727.27272727253 -8362083822.759405 -383.3234721281598 
275862.06896551704 -8571171972.153977 -392.915166536754 
278996.86520376155 -8785479774.803444 -402.74497936734053 
282131.66144200607 -9005141829.689491 -412.8188195001465 
285266.4576802506 -9230296437.620785 -423.1428178356292 
288401.2539184951 -9461085539.167425 -433.72333409034593 
291536.0501567396 -9697654554.525759 -444.56695622940117 
294670.8463949841 -9940152198.608566 -455.68049566489975 
297805.6426332286 -10188730376.690964 -467.07098298236355 
300940.43887147313 -10443544193.934626 -478.7456657970342 
304075.23510971764 -10704752011.035692 -490.7120058271054 
307210.03134796215 -10972515453.420536 -502.97767123192733 
310344.82758620667 -11246999357.94915 -515.5505238533323 
313479.6238244512 -11528371737.649197 -528.4386054913422 
316614.4200626957 -11816803859.404001 -541.6501280578161 
319749.2163009402 -12112470445.953232 -555.1934686582317 
322884.0125391847 -12415549918.931473 -569.0771663347225 
326018.8087774292 -12726224592.041592 -583.3099168568228 
329153.60501567373 -13044680809.20386 -597.9005658611592 
332288.40125391824 -13371109110.108788 -612.858104621667 
335423.19749216276 -13705704502.191032 -628.1916725228547 
338557.99373040727 -14048666826.93945 -643.9105660631333 
341692.7899686518 -14400201125.093826 -660.0242503098283 
344827.5862068963 -14760517916.48985 -676.5423691457207 
347962.3824451408 -15129833403.31552 -693.4747548063059 
351097.1786833853 -15508369682.122442 -710.8314406096266 
354231.9749216298 -15896355030.230757 -728.6226797699239 
357366.77115987433 -16294024238.307104 -746.8589687810164 
360501.56739811884 -16701618892.803324 -765.5510706395357 
363636.36363636336 -17119387541.641167 -784.7100344569202 
366771.15987460787 -17547585772.780926 -804.3472123538237 
369905.9561128524 -17986476297.52645 -824.4742773331509 
373040.7523510969 -18436329095.050785 -845.1032441772777 
376175.5485893414 -18897421581.413326 -866.2464911339454 
379310.3448275859 -19370038715.177967 -887.9167778231146 
382445.1410658304 -19854472996.853424 -910.127256898635 
385579.93730407493 -20351024412.92754 -932.8914813400514 
388714.73354231945 -20860000419.121468 -956.2234113308011 
391849.52978056396 -21381716007.158073 -980.1374224574943 
394984.32601880847 -21916493809.869194 -1004.6483129608224 
398119.122257053 -22464664165.839607 -1029.771306331899 
401253.9184952975 -23026565121.212555 -1055.5220482425902 
404388.714733542 -23602542431.302273 -1081.916600803258 
407523.5109717865 -24192949647.706112 -1108.9714383007972 
410658.307210031 -24798148314.06704 -1136.7034457973502 
413793.10344827553 -25418508212.407127 -1165.1299183286587 
416927.89968652005 -26054407586.979816 -1194.2685578211601 
420062.69592476456 -26706233336.823097 -1224.1374678396087 
423197.49216300907 -27374381240.572735 -1254.7551496230776 
426332.2884012536 -28059256279.699097 -1286.14050299389 
429467.0846394981 -28761273057.06011 -1318.3128325348466 
432601.8808777426 -29480856240.642323 -1351.291856323274 
435736.6771159871 -30218440967.444424 -1385.0977146891466 
438871.4733542316 -30974473211.2272 -1419.7509795452145 
442006.26959247614 -31749410174.685413 -1455.272667355916 
445141.06583072065 -32543720751.00195 -1491.6842579995862 
448275.86206896516 -33357886030.43926 -1529.007718496776 
451410.65830720967 -34192399780.322548 -1567.2655283009876 
454545.4545454542 -35047768851.59222 -1606.4807038783854 
457680.2507836987 -35924513533.593506 -1646.6768233398334 
460815.0470219432 -36823167916.71622 -1687.8780535341425 
463949.8432601877 -37744280291.07998 -1730.1091804900263 
467084.6394984322 -38688413546.06856 -1773.395641122953 
470219.43573667674 -39656145511.080215 -1817.7635529555316 
473354.23197492125 -40648069218.92409 -1863.2397404549447 
476489.02821316576 -41664793134.3123 -1909.8517593816018 
479623.82445141027 -42706941404.807106 -1957.6279212417596 
482758.6206896548 -43775154146.62101 -2006.5973179115406 
485893.4169278993 -44870087725.214806 -2056.7898441507796 
489028.2131661438 -45992414989.94229 -2108.2362157654743 
492163.0094043883 -47142825473.34564 -2160.967983618492 
495297.8056426328 -48322025611.09123 -2215.0175458664244 
498432.60188087734 -49530739027.20697 -2270.4181603864445 
501567.39811912185 -50769706874.646515 -2327.2039569609456 
504702.19435736636 -52039688185.30646 -2385.40994724973 
507836.99059561087 -53341460206.881874 -2445.0720317479227 
510971.7868338554 -54675818759.14911 -2506.227005551457 
514106.5830720999 -56043578665.12228 -2568.91256588022 
517241.3793103444 -57445574274.80161 -2633.167322644374 
520376.1755485889 -58882660041.91231 -2699.0308107583605 
523510.9717868334 -60355711101.85798 -2766.5435023754076 
526645.768025078 -61865623846.58749 -2835.7468193967516 
529780.5642633225 -63413316544.96265 -2906.6831490179343 
532915.360501567 -64999730052.624855 -2979.395864827394 
536050.1567398115 -66625828594.31644 -3053.9293531185044 
539184.952978056 -68292600551.140976 -3130.329041689457 
542319.7492163006 -70001059204.26141 -3208.641429189619 
545454.5454545451 -71752243457.13599 -3288.9141162087326 
548589.3416927896 -73547218601.81856 -3371.195841190615 
551724.1379310341 -75387077158.65857 -3455.5365224854286 
554858.9341692786 -77272939739.12144 -3541.9873040981456 
557993.7304075231 -79205955847.71988 -3630.6006010427227 
561128.5266457676 -81187304594.61423 -3721.4301426657994 
564263.3228840121 -83218195379.60951 -3814.531016311423 
567398.1191222566 -85299868632.64934 -3909.9597147514187 
570532.9153605012 -87433596623.61792 -4007.7741874471444 
573667.7115987457 -89620684261.32756 -4108.033891423038 
576802.5078369902 -91862469793.49591 -4210.799837158284 
579937.3040752347 -94160325413.73723 -4316.13462923881 
583072.1003134792 -96515657880.90997 -4424.102506102189 
586206.8965517237 -98929909249.91257 -4534.769382978503 
589341.6927899682 -101404557700.78601 -4648.202897059592 
592476.4890282127 -103941118353.37558 -4764.472449451523 
595611.2852664572 -106541143981.06564 -4883.649239767773 
598746.0815047018 -109206225669.76271 -5005.806295406935 
601880.8777429463 -111937993567.14325 -5131.018502198237 
605015.6739811908 -114738117819.09827 -5259.362641000936 
608150.4702194353 -117608309637.3301 -5390.917427933244 
611285.2664576798 -120550322345.74983 -5525.7635515841075 
614420.0626959243 -123565952323.69394 -5663.9837038656515 
617554.8589341688 -126657039933.85109 -5805.6626090140635 
620689.6551724133 -129825470609.99673 -5950.887059288103 
623824.4514106578 -133073176180.73927 -6099.745961405954 
626959.2476489024 -136402136315.44788 -6252.330389053448 
630094.0438871469 -139814379899.28442 -6408.7336331457445 
633228.8401253914 -143311986269.25488 -6569.05124721546 
636363.6363636359 -146897086447.5156 -6733.381094607702 
639498.4326018804 -150571864571.77664 -6901.823407003334 
642633.2288401249 -154338559566.00888 -7074.480856523478 
645768.0250783694 -158199466874.94046 -7251.458633497145 
648902.8213166139 -162156940039.3876 -7432.864519739587 
652037.6175548584 -166213392077.95935 -7618.808955720514 
655172.413793103 -170371296872.9432 -7809.405110540618 
658307.2100313475 -174633190783.85703 -8004.768964711529 
661442.006269592 -179001674491.6682 -8205.01940553523 
664576.8025078365 -183479414836.7134 -8410.278323801902 
667711.598746081 -188069146415.32504 -8620.67070055297 
670846.3949843255 -192773672957.26837 -8836.324684397585 
673981.19122257 -197595868754.77847 -9057.371671246472 
677115.9874608145 -202538680385.03192 -9283.946396998277 
680250.783699059 -207605128678.81348 -9516.187040481875 
683385.5799373036 -212798310639.9641 -9754.23532262228 
686520.3761755481 -218121401086.04138 -9998.236590874973 
689655.1724137926 -223577654107.63107 -10248.339893037864 
692789.9686520371 -229170404692.72125 -10504.698056052255 
695924.7648902816 -234903070760.21207 -10767.4677808123 
699059.5611285261 -240779155484.86432 -11036.809747526482 
702194.3573667706 -246802249551.08435 -11312.88871505683 
705329.1536050151 -252976033112.71475 -11595.873604175289 
708463.9498432596 -259304277624.5933 -11885.93757258992 
711598.7460815042 -265790847936.38364 -12183.258099985658 
714733.5423197487 -272439704843.74277 -12488.017092444166 
717868.3385579932 -279254907862.5381 -12800.40099598753 
721003.1347962377 -286240617779.803 -13120.60089931465 
724137.9310344822 -293401098784.19885 -13448.812617238611 
727272.7272727267 -300740720453.0183 -13785.236768073308 
730407.5235109712 -308263960087.5273 -14130.078868041932 
733542.3197492157 -315975405618.61816 -14483.549453370639 
736677.1159874602 -323879758834.9551 -14845.864219136798 
739811.9122257048 -331981838521.5489 -15217.244156337172 
742946.7084639493 -340286583423.8342 -15597.915683545145 
746081.5047021938 -348799055418.2871 -15988.110790786412 
749216.3009404383 -357524443339.9499 -16388.067216332944 
752351.0971786828 -366468067446.0861 -16798.02865541082 
755485.8934169273 -375635383916.28735 -17218.244973175286 
758620.6896551718 -385031988688.1689 -17648.97238956793 
761755.4858934163 -394663620434.69336 -18090.473626815896 
764890.2821316608 -404536163127.19525 -18543.018039501952 
768025.0783699054 -414655648795.5712 -19006.8817547469 
771159.8746081499 -425028260691.20636 -19482.347831398838 
774294.6708463944 -435660336579.4793 -19969.7064251591 
777429.4670846389 -446558371898.5314 -20469.254947025576 
780564.2633228834 -457729023018.8808 -20981.298225278417 
783699.0595611279 -469179111234.7012 -21506.148699437064 
786833.8557993724 -480915627859.92487 -22044.126662867868 
789968.6520376169 -492945740008.519 -22595.56053441201 
793103.4482758614 -505276796043.44763 -23160.787112228263 
796238.244514106 -517916329909.1734 -23740.151773703157 
799373.0407523505 -530872064471.21704 -24334.00862704024 
802507.836990595 -544151914759.3466 -24942.720655681765 
805642.6332288395 -557763991965.4727 -25566.659894739092 
808777.429467084 -571716608311.7384 -26206.20764498868 
811912.2257053285 -586018282269.1323 -26861.75470096743 
815047.021943573 -600677743692.6526 -27533.70157370411 
818181.8181818175 -615703939050.9786 -28222.458716734272 
821316.614420062 -631106037288.1263 -28928.44678056381 
824451.4106583066 -646893436468.3778 -29652.096903067595 
827586.2068965511 -663075770592.9473 -30393.851008338832 
830721.0031347956 -679662915706.8329 -31154.16207410826 
833855.7993730401 -696664995060.0212 -31933.494357406104 
836990.5956112846 -714092384101.148 -32732.32361455572 
840125.3918495291 -731955716448.4402 -33551.137368319534 
843260.1880877736 -750265891269.1052 -34390.435242213665 
846394.9843260181 -769034081354.7551 -35250.72932948868 
849529.7805642626 -788271740725.8446 -36132.544543328404 
852664.5768025072 -807990611282.9952 -37036.41892610401 
855799.3730407517 -828202729147.7845 -37962.903946968734 
858934.1692789962 -848920431752.0084 -38912.56483606695 
862068.9655172407 -870156366031.2561 -39885.98097131125 
865203.7617554852 -891923497015.2235 -40883.746284859444 
868338.5579937297 -914235115823.5093 -41906.46964336463 
871473.3542319742 -937104846887.2496 -42954.775193230824 
874608.1504702187 -960546655263.9657 -44029.30271008307 
877742.9467084632 -984574855058.4539 -45130.70799833004 
880877.7429467078 -1009204119010.064 -46259.66334305931 
884012.5391849523 -1034449488244.0638 -47416.85796784295 
887147.3354231968 -1060326381160.8242 -48602.99845099125 
890282.1316614413 -1086850601528.205 -49818.80910291286 
893416.9278996858 -1114038346929.2307 -51065.03235714125 
896551.7241379303 -1141906218635.96 -52342.4292239688 
899686.5203761748 -1170471232771.3745 -53651.77980031406 
902821.3166144193 -1199750831529.909 -54993.88377953926 
905956.1128526638 -1229762893419.4768 -56369.56091385157 
909090.9090909084 -1260525742801.3525 -57779.65144222962 
912225.7053291529 -1292058160076.5342 -59225.016546054525 
915360.5015673974 -1324379393547.1838 -60706.53888003124 
918495.2978056419 -1357509172565.1023 -62225.123161106545 
921630.0940438864 -1391467720539.8945 -63781.6967504912 
924764.8902821309 -1426275766836.7356 -65377.210184869655 
927899.6865203754 -1461954558106.1902 -67012.63768220958 
931034.4827586199 -1498525870575.096 -68688.97769278134 
934169.2789968645 -1536012024217.303 -70407.25353797944 
937304.075235109 -1574435898114.4475 -72168.51410574315 
940438.8714733535 -1613820945393.6116 -73973.83452896672 
943573.667711598 -1654191206897.7341 -75824.31680845165 
946708.4639498425 -1695571324440.5317 -77721.0904195845 
949843.260188087 -1737986555341.5513 -79665.31298049747 
952978.0564263315 -1781462789001.7896 -81658.17101649712 
956112.852664576 -1826026564507.079 -83700.88077415492 
959247.6489028205 -1871705087500.1404 -85794.68900414984 
962382.445141065 -1918526245673.0078 -87940.87368277938 
965517.2413793096 -1966518624075.705 -90140.74472651738 
968652.0376175541 -2015711522074.0403 -92395.6447831347 
971786.8338557986 -2066134972503.687 -94706.95012393015 
974921.6300940431 -2117819761670.8105 -97076.07157465213 
978056.4263322876 -2170797448345.321 -99504.45539958334 
981191.2225705321 -2225100381364.019 -101993.58412072583 
984326.0188087766 -2280761717402.9907 -104544.9773430861 
987460.8150470211 -2337815440839.0063 -107160.19267364356 
990595.6112852657 -2396296385964.5054 -109840.82674597367 
993730.4075235102 -2456240259926.254 -112588.51626908193 
996865.2037617547 -2517683662020.5723 -115404.93912667324 
999999.9999999992 -2580664180498.7495 -118291.81180170299 
