#x u 
0.0 320791.89455775847 0.04674956200769955 
3134.796238244514 208136.38695709713 0.033672486675163114 
6269.592476489028 229401.72255825266 0.025800854996810375 
9404.38871473354 237534.86858716057 0.016736179802624988 
12539.184952978056 236464.57853405896 0.007023493322766519 
15673.98119122257 226085.98125636549 -0.002968319308342502 
18808.777429467085 206955.08514768846 -0.012845785320974265 
21943.5736677116 179975.57786710904 -0.02221943073070903 
25078.369905956115 146194.42379609443 -0.03072660880897544 
28213.16614420063 106754.5144679368 -0.03804583822889075 
31347.962382445145 63020.298203619124 -0.04390145033751368 
34482.75862068966 16694.98814657067 -0.04806645816119887 
37617.55485893417 -30254.941378269737 -0.05037177588136289 
40752.35109717868 -75858.0516581999 -0.05072111145474179 
43887.14733542319 -118379.35155160868 -0.04910226153827781 
47021.943573667704 -156360.50294369372 -0.04558635097121829 
50156.739811912215 -188482.327799752 -0.040316195047449335 
53291.53605015673 -213457.05864739852 -0.033493499558351625 
56426.33228840124 -230123.00478714233 -0.02537311749508121 
59561.12852664575 -237694.05022041232 -0.016262571160558823 
62695.92476489026 -235940.7500424654 -0.006517067912284215 
65830.72100313478 -225135.73835327578 0.0034771447749828706 
68965.51724137929 -205829.01295178186 0.01332753267155909 
72100.3134796238 -178685.70157817367 0.022656915612446444 
75235.10971786831 -144542.88468200644 0.031114269449717253 
78369.90595611282 -104599.76051846912 0.03837809964957633 
81504.70219435733 -60500.83663733261 0.04416293453737217 
84639.49843260185 -14170.376907427679 0.0482350380901718 
87774.29467084636 32491.53343861276 0.050431969348121476 
90909.09090909087 77798.97247337899 0.05067420448327343 
94043.88714733538 120223.81562041474 0.04896263992647485 
97178.68338557989 158219.82223000756 0.04536778556347842 
100313.4796238244 190180.60130917077 0.04002237058514127 
103448.27586206891 214642.91211431092 0.03312268229198519 
106583.07210031342 230582.10408532468 0.02493192430635958 
109717.86833855794 237537.3080195752 0.015773960736386584 
112852.66457680245 235468.60660577522 0.006013428470832541 
115987.46081504696 224517.61882458458 -0.003969408341507301 
119122.25705329147 204934.22958042505 -0.013796470617486959 
122257.05329153598 177246.71804325123 -0.02309824341929552 
125391.84952978049 142482.53800472344 -0.03151700861970495 
128526.645768025 102177.17239535702 -0.03871845077480269 
131661.44200626953 58116.33811421726 -0.044413680127198964 
134796.23824451404 12027.41990280088 -0.048381382673710414 
137931.03448275855 -34515.369892744086 -0.05047766376793483 
141065.83072100306 -79935.52232992207 -0.050631695817147215 
144200.62695924757 -122479.40484460913 -0.048837649079129394 
147335.42319749208 -160277.7969585464 -0.04515462936480726 
150470.2194357366 -191651.55155163788 -0.03971508996103103 
153605.0156739811 -215406.50619627762 -0.03273025136904218 
156739.81191222562 -230863.0834260871 -0.024481173517363692 
159874.60815047013 -237633.2377049648 -0.015296458357381307 
163009.40438871464 -235413.43227684894 -0.005529365536537982 
166144.20062695915 -224036.7530458994 0.004453997393098922 
169278.99686520366 -203743.37908912566 0.014276730453179492 
172413.79310344817 -175383.2051052591 0.02355600247081651 
175548.58934169268 -140318.021081772 0.03192083253596083 
178683.3855799372 -100091.60809935845 0.03903914404929434 
181818.1818181817 -56170.43002683147 0.044639755799202534 
184952.97805642622 -9977.063202225967 0.04851873682013998 
188087.77429467073 36875.97934844303 0.05053405284835192 
191222.57053291524 82463.46741493777 0.05060257255450934 
194357.36677115975 124737.63719666332 0.04870858725894798 
197492.16300940426 161905.9949704892 0.04491810629634806 
200626.95924764877 192669.14869168517 0.03938402882303784 
203761.75548589329 216129.51275201424 0.03233374321528716 
206896.5517241378 231519.59937514435 0.02404628845254904 
210031.3479623823 238081.9137804098 0.01483469794941337 
213166.14420062682 235265.62626800095 0.0050415668705617684 
216300.94043887133 223060.02997596606 -0.004959887439274224 
219435.73667711584 202124.11998266174 -0.01477433712692617 
222570.53291536035 173568.41828844274 -0.024008463697508062 
225705.32915360486 138597.01690938728 -0.032300607112071326 
228840.12539184937 98355.596131037 -0.03933958336364078 
231974.9216300939 54106.8730130545 -0.044866645025518834 
235109.7178683384 7501.141676859763 -0.04867084783451247 
238244.5141065829 -39401.10508738551 -0.05059324575852119 
241379.31034482742 -84444.37102437449 -0.0505438329534372 
244514.10658307193 -125766.56442685414 -0.04851900731578056 
247648.90282131644 -161913.62910361832 -0.04460366356006745 
250783.69905956095 -191614.64626208055 -0.038955024146027986 
253918.49529780546 -213505.56180986247 -0.031781643018903585 
257053.29153604998 -226145.13044067717 -0.02333365382922093 
260188.0877742945 -228363.1881108301 -0.013906506619547197 
263322.884012539 -219636.62904879765 -0.0038447025437630448 
266457.6802507835 -200166.55016423657 0.006468919086790016 
269592.476489028 -170656.00473797283 0.01663781600169884 
272727.27272727253 -132115.6636368921 0.026274739105856385 
275862.06896551704 -85997.90459233848 0.03500876958566566 
278996.86520376155 -34589.58796117079 0.042479083978769094 
282131.66144200607 18744.36285531419 0.04833368847521972 
285266.4576802506 69826.89497213988 0.052249255824854623 
288401.2539184951 114407.56097191237 0.05397008631541954 
291536.0501567396 148979.70467299683 0.05334791950769463 
294670.8463949841 171300.02838919085 0.050365267543471454 
297805.6426332286 180565.66946943908 0.04514023184348134 
300940.43887147313 177463.4742748334 0.03792277162661716 
304075.23510971764 164210.04191327278 0.02908809097257092 
307210.03134796215 144382.44808381822 0.019118299474715477 
310344.82758620667 122214.72949855466 0.008557862043277955 
313479.6238244512 101348.95017946901 -0.0020571988046585348 
316614.4200626957 83557.32219182467 -0.01227215028429229 
319749.2163009402 68186.74300535276 -0.02175345366891636 
322884.0125391847 52730.042611660814 -0.030276635207147122 
326018.8087774292 34233.9447532293 -0.03767487284345467 
329153.60501567373 10766.665950954164 -0.04378341063086712 
332288.40125391824 -17752.358656794764 -0.048411321263503206 
335423.19749216276 -49559.2408016897 -0.051349342149656585 
338557.99373040727 -81634.14196240147 -0.05240181665553487 
341692.7899686518 -110519.0773331093 -0.051426393621037174 
344827.5862068963 -133165.9342856232 -0.04837227388457688 
347962.3824451408 -147700.88173612178 -0.04331181056006543 
351097.1786833853 -153883.93580628993 -0.03645545514161942 
354231.9749216298 -152961.081617645 -0.028136415567301707 
357366.77115987433 -146831.210088529 -0.01876179391691036 
360501.56739811884 -136930.19310753787 -0.008749058195591491 
363636.36363636336 -123548.9040667057 0.001518816385345507 
366771.15987460787 -106067.930666025 0.011696882762437938 
369905.9561128524 -83907.83091321273 0.021449101474496166 
373040.7523510969 -57426.58632085024 0.030421225171597264 
376175.5485893414 -28066.787222915125 0.03824711617244657 
379310.3448275859 2280.4687142534967 0.04458950539038585 
382445.1410658304 32070.69242973809 0.04918612877360367 
385579.93730407493 60380.56386390593 0.05186971659901156 
388714.73354231945 86546.47882728667 0.05255625697307861 
391849.52978056396 109665.05897352667 0.051224172814875533 
394984.32601880847 128525.9369093877 0.04791047398592184 
398119.122257053 142046.21701236063 0.04272709538691311 
401253.9184952975 149739.5252379312 0.0358761491351225 
404388.714733542 151728.9288600598 0.027641838986566587 
407523.5109717865 148305.9933299971 0.018359476495428392 
410658.307210031 139519.05990295584 0.008384158920237701 
413793.10344827553 125238.3149149284 -0.0019198940628715475 
416927.89968652005 105635.44516368667 -0.012171668513481003 
420062.69592476456 81568.96106136427 -0.021970123366108985 
423197.49216300907 54451.21233661112 -0.030914272628116586 
426332.2884012536 25701.927334352164 -0.03864123656181687 
429467.0846394981 -3684.41546836638 -0.04485758840983065 
432601.8808777426 -33052.48222274511 -0.04934499157497934 
435736.6771159871 -61615.43807270333 -0.05194590775687297 
438871.4733542316 -88130.32159374043 -0.05255341415693268 
442006.26959247614 -111095.01058760198 -0.05112216344094771 
445141.06583072065 -129300.19337327752 -0.0476927758511491 
448275.86206896516 -142203.206786351 -0.04240526074879993 
451410.65830720967 -149775.73681795492 -0.035485659505477295 
454545.4545454542 -152016.94791692 -0.027214937255715964 
457680.2507836987 -148657.24092637235 -0.01790453743898773 
460815.0470219432 -139365.1238669817 -0.007893342899964094 
463949.8432601877 -124238.51078525768 0.002443496264281202 
467084.6394984322 -104064.76219408773 0.012696976528963545 
470219.43573667674 -80072.9346734301 0.02245001777989827 
473354.23197492125 -53421.06937761494 0.03131491476079058 
476489.02821316576 -24921.10587884768 0.038958886268997614 
479623.82445141027 4757.3717922674405 0.0451061653441514 
482758.6206896548 34665.11872861734 0.04952813203646443 
485893.4169278993 63413.77339316462 0.05204316247616161 
489028.2131661438 89478.98229523821 0.05253508587948038 
492163.0094043883 111685.9769424012 0.05097723261208763 
495297.8056426328 129416.89685000328 0.04744088635334512 
498432.60188087734 142374.96350128582 0.04208062261381316 
501567.39811912185 150194.5273808926 0.035109930715320516 
504702.19435736636 152327.15291688716 0.026787088531636877 
507836.99059561087 148328.38114810473 0.017417347464106482 
510971.7868338554 138247.38780553508 0.007358201664686052 
514106.5830720999 122720.33019195724 -0.002990070460374253 
517241.3793103444 102679.20758425264 -0.013212103049357974 
520376.1755485889 78975.82651854551 -0.02290909007971077 
523510.9717868334 52284.73997529768 -0.03171714641888707 
526645.768025078 23339.468693814502 -0.039309354749464544 
529780.5642633225 -6791.550311054845 -0.04539445645987675 
532915.360501567 -36710.93642105875 -0.04972649278651122 
536050.1567398115 -64998.9513111409 -0.052125892789691396 
539184.952978056 -90534.23147571724 -0.052498606687299845 
542319.7492163006 -112546.75454666215 -0.05084018999799235 
545454.5454545451 -130410.5635631414 -0.047225114779894606 
548589.3416927896 -143442.8951237711 -0.041793569639786664 
551724.1379310341 -150942.94765533035 -0.03474658982701847 
554858.9341692786 -152434.68229569565 -0.026348146742586193 
557993.7304075231 -147868.0160722962 -0.01692330230991818 
561128.5266457676 -137591.11082924175 -0.006844291577180331 
564263.3228840121 -122148.5770748716 0.0034924535320372523 
567398.1191222566 -102120.58066481983 0.013687969045766813 
570532.9153605012 -78141.38581893785 0.02335425615918 
573667.7115987457 -51029.12481388406 0.032122242470231134 
576802.5078369902 -21850.820731820248 0.039651768122798074 
579937.3040752347 8164.010141767154 0.045647029681965816 
583072.1003134792 37783.087047339766 0.04987333478497646 
586206.8965517237 65871.03705078168 0.05216852514057488 
589341.6927899682 91390.32745498748 0.05244692695770507 
592476.4890282127 113379.61247004499 0.05069923698304386 
595611.2852664572 130987.4608889505 0.04699216734170148 
598746.0815047018 143545.0737794571 0.041467581591256616 
601880.8777429463 150601.78730057093 0.034338108795473304 
605015.6739811908 151897.10606034534 0.025878230321147992 
608150.4702194353 147331.02698821423 0.016413437627995686 
611285.2664576798 136998.01768802994 0.006309920984526762 
614420.0626959243 121257.36321649319 -0.0040368763718769 
617554.8589341688 100744.5636698057 -0.014218941520277018 
620689.6551724133 76286.40453701233 -0.023837989445784587 
623824.4514106578 48806.92516893757 -0.032527052476354096 
626959.2476489024 19338.693456860696 -0.039963472854768534 
630094.0438871469 -10881.020592998975 -0.045872328454565264 
633228.8401253914 -40403.7252022849 -0.050028111540655784 
636363.6363636359 -67794.42899776842 -0.05226306515532532 
639498.4326018804 -91992.64761350503 -0.052481261445644585 
642633.2288401249 -112511.61306280975 -0.05066829506711545 
645768.0250783694 -129260.12691453806 -0.04688861947033683 
648902.8213166139 -142107.08768869567 -0.0412750598021479 
652037.6175548584 -150568.513629943 -0.034023958928567646 
655172.413793103 -153889.69245150412 -0.025402747376275438 
658307.2100313475 -151404.27482496586 -0.015759239279515263 
661442.006269592 -142784.82197165838 -0.0055123963209768945 
664576.8025078365 -127959.12085684392 0.004884272930852845 
667711.598746081 -106896.9299777716 0.014991760298540883 
670846.3949843255 -79687.30142879134 0.024419815483408137 
673981.19122257 -47036.47113960827 0.03283254024627253 
677115.9874608145 -10784.681802302759 0.03993836230745857 
680250.783699059 26146.912572614354 0.045490128359311474 
683385.5799373036 60531.84700642125 0.04930531641110783 
686520.3761755481 89812.83958011748 0.051288403648066104 
689655.1724137926 112533.26201993306 0.051428391598224 
692789.9686520371 127998.12982770361 0.04976692131836683 
695924.7648902816 135692.3961966198 0.04636438162446343 
699059.5611285261 135190.6943796571 0.04129772991552346 
702194.3573667706 126701.00710258592 0.03469397683291894 
705329.1536050151 111601.14053979478 0.026765875172363698 
708463.9498432596 92212.88899019727 0.017810981263195625 
711598.7460815042 70802.50195748406 0.008170308649905495 
714733.5423197487 48650.28263004814 -0.0018164750728165086 
717868.3385579932 26060.981392393005 -0.011819385356992888 
721003.1347962377 3279.7860973258503 -0.021490330441781898 
724137.9310344822 -18659.793080659496 -0.030441800319535358 
727272.7272727267 -38089.21280090575 -0.03827259286828436 
730407.5235109712 -53748.996741679744 -0.04463355285376866 
733542.3197492157 -65628.83116748 -0.04928166146595916 
736677.1159874602 -74653.62692279127 -0.05207799885069175 
739811.9122257048 -81456.3848914695 -0.05294017235602111 
742946.7084639493 -85491.39014784322 -0.051806581771430826 
746081.5047021938 -85463.48101934235 -0.04865738925094468 
749216.3009404383 -80695.17240649062 -0.0435751251944817 
752351.0971786828 -72018.31772295514 -0.03678047711785014 
755485.8934169273 -61200.6399044983 -0.028598260172287195 
758620.6896551718 -49433.84687512228 -0.019378101981778393 
761755.4858934163 -36449.344532949326 -0.009442044242090362 
764890.2821316608 -21239.770069171005 0.0008956435050845603 
768025.0783699054 -3687.5880233089265 0.011267975236315527 
771159.8746081499 14619.145275399787 0.021232399253757247 
774294.6708463944 31330.077502275468 0.03032842317303469 
777429.4670846389 45143.70885755465 0.03817432520296722 
780564.2633228834 56612.95667976212 0.044516562164181005 
783699.0595611279 67049.56908314291 0.049190350144554716 
786833.8557993724 76624.9275208514 0.052041314757879306 
789968.6520376169 83684.15040641415 0.05290032850749301 
793103.4482758614 86090.29043253559 0.05164873437033722 
796238.244514106 83274.29114498643 0.0483131126110602 
799373.0407523505 76836.15405362047 0.04309080074594408 
802507.836990595 68982.8562238786 0.036273496427328265 
805642.6332288395 60368.05494183005 0.02814086650259288 
808777.429467084 49612.79161156609 0.01892892112169226 
811912.2257053285 35091.31233808605 0.00890030093133301 
815047.021943573 17162.367522590415 -0.001566483247669163 
818181.8181818175 -1542.0231430575077 -0.011977815190912146 
821316.614420062 -18193.637308638863 -0.02183460403847412 
824451.4106583066 -32122.296189473767 -0.030754484271776766 
827586.2068965511 -44965.89958366298 -0.038492291120798335 
830721.0031347956 -58380.62958993472 -0.04484748527238918 
833855.7993730401 -71675.57010860112 -0.049566419710895974 
836990.5956112846 -81921.6054427751 -0.052355915226784844 
840125.3918495291 -86548.28084038649 -0.05300843984653437 
843260.1880877736 -85778.03855505733 -0.05151715769191329 
846394.9843260181 -82301.01990200604 -0.0480616812774063 
849529.7805642626 -78427.08960642669 -0.0428753495631388 
852664.5768025072 -73654.09231655896 -0.036128833486846486 
855799.3730407517 -65266.41217146747 -0.02795008264075821 
858934.1692789962 -51444.49061347067 -0.01855709714355469 
862068.9655172407 -33656.38599942607 -0.008355895989941768 
865203.7617554852 -15731.541880694422 0.0021150378516581855 
868338.5579937297 -450.75624906117446 0.01235510076208196 
871473.3542319742 12829.710968797212 0.02202490322485564 
874608.1504702187 26966.410427807306 0.030904992234120562 
877742.9467084632 43405.535926861194 0.03874332313927857 
880877.7429467078 59945.74513214646 0.04516502243476865 
884012.5391849523 72353.4006588197 0.049757021111936264 
887147.3354231968 78279.24414130213 0.052256055154083915 
890282.1316614413 79406.64760257247 0.05265315274454683 
893416.9278996858 79488.76294302144 0.051106992452185945 
896551.7241379303 80224.69459587814 0.047755392891188235 
899686.5203761748 79299.21590740027 0.04262314007139268 
902821.3166144193 72760.04651548225 0.0357258940738462 
905956.1128526638 59356.38038638301 0.027261446147806147 
909090.9090909084 42278.06077106553 0.01767957284606701 
912225.7053291529 26334.569906249206 0.007540988615741267 
915360.5015673974 13399.421398805047 -0.0027046306928656364 
918495.2978056419 893.2520067069272 -0.01280224751865313 
921630.0940438864 -14991.85213309998 -0.022558101135649895 
924764.8902821309 -34619.06881455734 -0.0316397372316562 
927899.6865203754 -53738.53327484819 -0.039535955142851326 
931034.4827586199 -67216.8572493331 -0.045739995573175915 
934169.2789968645 -73886.07423333135 -0.04998230243442834 
937304.075235109 -77408.17818515233 -0.052278504789917225 
940438.8714733535 -82117.88062300913 -0.052744744960133046 
943573.667711598 -88116.66409106944 -0.05137599333247766 
946708.4639498425 -90829.47300272559 -0.04802610245462534 
949843.260188087 -85653.3611152338 -0.04261843249818435 
952978.0564263315 -72920.74619744785 -0.035368160305463046 
956112.852664576 -57900.963668012584 -0.026774618947011494 
959247.6489028205 -45667.70103281329 -0.01737606351596623 
962382.445141065 -36115.905688097235 -0.007509436533611264 
965517.2413793096 -24420.78623629606 0.00268180824242733 
968652.0376175541 -6606.197397421172 0.013006563220109355 
971786.8338557986 15562.533041900402 0.02301622892620142 
974921.6300940431 35614.316955852264 0.03206640693197296 
978056.4263322876 48447.87480794711 0.039608838703621856 
981191.2225705321 55166.835236979285 0.045425194473874865 
984326.0188087766 61515.70929466869 0.049565781006009856 
987460.8150470211 71404.15859383176 0.05206094130985934 
990595.6112852657 82274.38038684477 0.05271463479907968 
993730.4075235102 87383.19733073234 0.05120576839996888 
996865.2037617547 80302.62193909605 0.04751689217736942 
999999.9999999992 139722.24299138816 0.03844974084958713 
