#x u 
0.0 3.156555447437586e+18 144689325145.06113 
3134.796238244514 -7.899334342176184e+16 -3620875267.7078424 
6269.592476489028 1943975743270216.5 89107428.32510032 
9404.38871473354 -81494600951559.16 -3735527.2520723967 
12539.184952978056 -31649069183308.777 -1450721.3933315277 
15673.98119122257 -33738674478815.445 -1546504.1401179591 
18808.777429467085 -34550189242739.582 -1583702.1224227087 
21943.5736677116 -35415283649878.67 -1623356.0737918227 
25078.369905956115 -36301186140756.26 -1663963.8208130137 
28213.16614420063 -37209270544344.61 -1705588.3370485678 
31347.962382445145 -38140070393444.664 -1748254.078730008 
34482.75862068966 -39094154446999.25 -1791987.1167681897 
37617.55485893417 -40072105145020.53 -1836814.1490995062 
40752.35109717868 -41074519511497.08 -1882762.5421205563 
43887.14733542319 -42102009505912.46 -1929860.346753385 
47021.943573667704 -43155202397310.625 -1978136.3156014332 
50156.739811912215 -44234741146999.2 -2027619.9205313618 
53291.53605015673 -45341284802061.74 -2078341.3706339716 
56426.33228840124 -46475508897338.46 -2130331.6306939805 
59561.12852664575 -47638105867636.44 -2183622.4401130355 
62695.92476489026 -48829785470636.56 -2238246.332288057 
65830.72100313478 -50051275220272.266 -2294236.6544764005 
68965.51724137929 -51303320830814.95 -2351627.5881580845 
72100.3134796238 -52586686671582.75 -2410454.1699230974 
75235.10971786831 -53902156233492.04 -2470752.3128558462 
78369.90595611282 -55250532607239.98 -2532558.8284559166 
81504.70219435733 -56632638973273.3 -2595911.4491154863 
84639.49843260185 -58049319103846.305 -2660848.8511648653 
87774.29467084636 -59501437877934.76 -2727410.678476717 
90909.09090909087 -60989881809060.375 -2795637.566655714 
94043.88714733538 -62515559586150.92 -2865571.167841021 
97178.68338557989 -64079402628039.5 -2937254.176127775 
100313.4796238244 -65682365651880.3 -3010730.3536265423 
103448.27586206891 -67325427255822.45 -3086044.5571745727 
106583.07210031342 -69009590516389.21 -3163242.765708719 
109717.86833855794 -70735883600842.45 -3242372.1083215754 
112852.66457680245 -72505360394823.06 -3323480.893025305 
115987.46081504696 -74319101145784.8 -3406618.636237583 
119122.25705329147 -76178213122655.94 -3491836.093005232 
122257.05329153598 -78083831292051.94 -3579185.287984417 
125391.84952978049 -80037119011380.16 -3668719.547196878 
128526.645768025 -82039268739260.98 -3760493.530582281 
131661.44200626953 -84091502763784.7 -3854563.265365631 
134796.23824451404 -86195073949067.56 -3950986.180261186 
137931.03448275855 -88351266500441.31 -4049821.1405374594 
141065.83072100306 -90561396748700.98 -4151128.483962545 
144200.62695924757 -92826813953970.31 -4254970.057645134 
147335.42319749208 -95148901129654.06 -4361409.255795423 
150470.2194357366 -97529075886938.67 -4470511.0584338475 
153605.0156739811 -99968791300386.61 -4582342.071071141 
156739.81191222562 -102469536795157.1 -4696970.565381399 
159874.60815047013 -105032839056342.03 -4814466.520891156 
163009.40438871464 -107660262960950.1 -4934901.667708985 
166144.20062695915 -110353412533130.39 -5058349.530322231 
169278.99686520366 -113113931923258.95 -5184885.472489393 
172413.79310344817 -115943506411513.42 -5314586.743255773 
175548.58934169268 -118843863436532.3 -5447532.52411889 
178683.3855799372 -121816773649755.39 -5583803.977370693 
181818.1818181817 -124864051996081.12 -5723484.295645453 
184952.97805642622 -127987558821544.1 -5866658.752704821 
188087.77429467073 -131189201008730.77 -6013414.75549319 
191222.57053291524 -134470933140643.28 -6163841.897496023 
194357.36677115975 -137834758693715.36 -6318032.013431858 
197492.16300940426 -141282731260692.8 -6476079.235309295 
200626.95924764877 -144816955804121.75 -6638080.049883531 
203761.75548589329 -148439589941233.8 -6804133.357549954 
206896.5517241378 -152152845261058.72 -6974340.532712852 
210031.3479623823 -155958988674574.38 -7148805.485666411 
213166.14420062682 -159860343798690.94 -7327634.726024423 
216300.94043887133 -163859292374883.78 -7510937.427735694 
219435.73667711584 -167958275723342.34 -7698825.495725092 
222570.53291536035 -172159796233540.4 -7891413.634203319 
225705.32915360486 -176466418892155.2 -8088819.4166895235 
228840.12539184937 -180880772849260.25 -8291163.35778908 
231974.9216300939 -185405553023713.78 -8498568.986768 
235109.7178683384 -190043521748685.94 -8711162.922967324 
238244.5141065829 -194797510458310.4 -8929074.953104341 
241379.31034482742 -199670421416512.6 -9152438.110509902 
244514.10658307193 -204665229489087.38 -9381388.756351214 
247648.90282131644 -209784983960100.66 -9616066.662888525 
250783.69905956095 -215032810393671.28 -9856615.09881436 
253918.49529780546 -220411912542232.66 -10103180.916726079 
257053.29153604998 -225925574302446.2 -10355914.642785577 
260188.0877742945 -231577161720001.06 -10614970.568622254 
263322.884012539 -237370125044544.7 -10880506.845536109 
266457.6802507835 -243308000835982.75 -11152685.581057291 
269592.476489028 -249394414123394.9 -11431672.937919013 
272727.27272727253 -255633080617872.0 -11717639.235502966 
275862.06896551704 -262027808980658.2 -12010759.053819818 
278996.86520376155 -268582503148024.3 -12311211.340090089 
282131.66144200607 -275301164714324.28 -12619179.517991066 
285266.4576802506 -282187895374672.94 -12934851.599635612 
288401.2539184951 -289246899428708.06 -13258420.300349329 
291536.0501567396 -296482486346965.3 -13590083.156315707 
294670.8463949841 -303899073401472.06 -13930042.645162353 
297805.6426332286 -311501188362216.7 -14278506.309563946 
300940.43887147313 -319293472261154.9 -14635686.883938063 
304075.23510971764 -327280682225414.0 -15001802.424310336 
307210.03134796215 -335467694381400.94 -15377076.441427108 
310344.82758620667 -343859506831577.44 -15761738.037196591 
313479.6238244512 -352461242705764.3 -16156022.044543624 
316614.4200626957 -361278153288856.4 -16560169.170765439 
319749.2163009402 -370315621226865.25 -16974426.14447626 
322884.0125391847 -379579163813201.0 -17399045.86622933 
326018.8087774292 -389074436357169.8 -17834287.562906858 
329153.60501567373 -398807235636729.4 -18280416.945972595 
332288.40125391824 -408783503437637.94 -18737706.373685014 
335423.19749216276 -419009330181172.5 -19206435.017371595 
338557.99373040727 -429490958642609.4 -19686889.03186556 
341692.7899686518 -440234787762694.75 -20179361.730207164 
344827.5862068963 -451247376554399.3 -20684153.762714796 
347962.3824451408 -462535448107340.9 -21201573.300535567 
351097.1786833853 -474105893692341.56 -21731936.223788626 
354231.9749216298 -485965776968638.7 -22275566.314416684 
357366.77115987433 -498122338296300.1 -22832795.453862738 
360501.56739811884 -510582999156440.6 -23403963.825690616 
363636.36363636336 -523355366681919.2 -23989420.12327192 
366771.15987460787 -536447238301308.1 -24589521.76266661 
369905.9561128524 -549866606498996.94 -25204635.100828428 
373040.7523510969 -563621663694365.6 -25835135.65926882 
376175.5485893414 -577720807242984.8 -26481408.353314817 
379310.3448275859 -592172644562886.2 -27143847.727099538 
382445.1410658304 -606985998389032.8 -27822858.19442836 
385579.93730407493 -622169912159227.9 -28518854.285668705 
388714.73354231945 -637733655534795.4 -29232260.90081577 
391849.52978056396 -653686730059411.2 -29963513.568888247 
394984.32601880847 -670038874959521.2 -30713058.713812027 
398119.122257053 -686800073089868.5 -31481353.92695226 
401253.9184952975 -703980557027750.9 -32268868.246459868 
404388.714733542 -721590815319752.1 -33076082.44360479 
407523.5109717865 -739641598884770.5 -33903489.316270314 
410658.307210031 -758143927577244.2 -34751593.98978849 
413793.10344827553 -777109096914555.6 -35620914.22529926 
416927.89968652005 -796548684972712.0 -36511980.73582149 
420062.69592476456 -816474559454559.2 -37425337.51023151 
423197.49216300907 -836898884934897.4 -38361542.145349346 
426332.2884012536 -857834130286993.8 -39321166.1863392 
429467.0846394981 -879293076295040.1 -40304795.47563303 
432601.8808777426 -901288823457216.9 -41313030.51059092 
435736.6771159871 -923834799984095.6 -42346486.81011656 
438871.4733542316 -946944769997250.2 -43405795.2904513 
442006.26959247614 -970632841932998.8 -44491602.650374226 
445141.06583072065 -994913477156289.9 -45604571.76603763 
448275.86206896516 -1019801498789830.4 -46745382.09567361 
451410.65830720967 -1045312100763725.6 -47914730.094411306 
454545.4545454542 -1071460857091076.0 -49113329.63945528 
457680.2507836987 -1098263731375263.1 -50341912.46588602 
460815.0470219432 -1125737086554844.8 -51601228.61335229 
463949.8432601877 -1153897694892166.5 -52892046.88393585 
467084.6394984322 -1182762748211972.5 -54215155.31147395 
470219.43573667674 -1212349868396422.5 -55571361.64263555 
473354.23197492125 -1242677118143026.2 -56961493.830049105 
476489.02821316576 -1273763011992088.0 -58386400.53778565 
479623.82445141027 -1305626527630227.8 -59846951.659498855 
482758.6206896548 -1338287117476654.5 -61344038.849528834 
485893.4169278993 -1371764720558986.5 -62878576.06727913 
489028.2131661438 -1406079774685677.2 -64451500.13519154 
492163.0094043883 -1441253228922486.5 -66063771.3106549 
495297.8056426328 -1477306556380744.2 -67716373.87220244 
498432.60188087734 -1514261767325467.2 -69410316.72036463 
501567.39811912185 -1552141422611571.5 -71146633.99355358 
504702.19435736636 -1590968647456613.5 -72926385.69936617 
507836.99059561087 -1630767145558592.5 -74750658.3616968 
510971.7868338554 -1671561213567397.0 -76620565.68405682 
514106.5830720999 -1713375755918594.5 -78537249.2294998 
517241.3793103444 -1756236300038283.8 -80501879.11755683 
520376.1755485889 -1800169011928018.8 -82515654.73859602 
523510.9717868334 -1845200712139168.5 -84579805.48603715 
526645.768025078 -1891358892146497.2 -86695591.50687039 
529780.5642633225 -1938671731131193.5 -88864304.4709468 
532915.360501567 -1987168113183801.2 -91087268.35952142 
536050.1567398115 -2036877644937738.0 -93365840.27353273 
539184.952978056 -2087830673644134.5 -95701411.26211402 
542319.7492163006 -2140058305698985.2 -98095407.17183529 
545454.5454545451 -2193592425633846.8 -100549289.5171928 
548589.3416927896 -2248465715581537.2 -103064556.37287028 
551724.1379310341 -2304711675228678.0 -105642743.28831415 
554858.9341692786 -2362364642267134.0 -108285424.22517829 
557993.7304075231 -2421459813356845.5 -110994212.51821028 
561128.5266457676 -2482033265612912.5 -113770761.86016934 
564263.3228840121 -2544121978630203.5 -116616767.31138766 
567398.1191222566 -2607763857059049.0 -119533966.33459248 
570532.9153605012 -2672997753745725.0 -122524139.85562252 
573667.7115987457 -2739863493451768.5 -125589113.35067722 
576802.5078369902 -2808401897166461.5 -128730757.96075872 
579937.3040752347 -2878654807027338.0 -131950991.6339854 
583072.1003134792 -2950665111864027.5 -135251780.29647788 
586206.8965517237 -3024476773381144.5 -138635139.05253735 
589341.6927899682 -3100134852996258.0 -142103133.4148496 
592476.4890282127 -3177685539349214.5 -145657880.56546158 
595611.2852664572 -3257176176499597.0 -149301550.64829642 
598746.0815047018 -3338655292829546.5 -153036368.0940002 
601880.8777429463 -3422172630669708.0 -156864612.97792965 
605015.6739811908 -3507779176666439.5 -160788622.4121167 
608150.4702194353 -3595527192908761.0 -164810791.97205412 
611285.2664576798 -3685470248833992.5 -168933577.15916973 
614420.0626959243 -3777663253931402.0 -173159494.89988184 
617554.8589341688 -3872162491264037.5 -177491125.0821503 
620689.6551724133 -3969025651829177.0 -181931112.1304715 
623824.4514106578 -4068311869778561.0 -186482166.62027833 
626959.2476489024 -4170081758519709.0 -191147066.9327292 
630094.0438871469 -4274397447720229.0 -195928660.95088813 
633228.8401253914 -4381322621237752.5 -200829867.7983308 
636363.6363636359 -4490922555998567.0 -205853679.62124166 
639498.4326018804 -4603264161848966.0 -211003163.41509676 
642633.2288401249 -4718416022403584.0 -216281462.89704934 
645768.0250783694 -4836448436915534.0 -221691800.42515495 
648902.8213166139 -4957433463193796.0 -227237478.96560153 
652037.6175548584 -5081444961593939.0 -232921884.10914275 
655172.413793103 -5208558640109284.0 -238748486.13797453 
658307.2100313475 -5338852100590056.0 -244720842.1443197 
661442.006269592 -5472404886118821.0 -250842598.20201713 
664576.8025078365 -5609298529570957.0 -257117491.5924314 
667711.598746081 -5749616603389669.0 -263549353.0860365 
670846.3949843255 -5893444770605881.0 -270142109.2810646 
673981.19122257 -6040870837134465.0 -276899785.0006591 
677115.9874608145 -6191984805378742.0 -283826505.7499981 
680250.783699059 -6346878929176110.0 -290926500.2348899 
683385.5799373036 -6505647770118047.0 -298204102.9433692 
686520.3761755481 -6668388255278787.0 -305663756.7918594 
689655.1724137926 -6835199736387948.0 -313310015.8375236 
692789.9686520371 -7006184050483504.0 -321147548.05846864 
695924.7648902816 -7181445582082235.0 -329181138.20350283 
699059.5611285261 -7361091326905627.0 -337415690.7131924 
702194.3573667706 -7545230957199819.0 -345856232.7139803 
705329.1536050151 -7733976888689343.0 -354507917.0871936 
708463.9498432596 -7927444349205729.0 -363376025.6148168 
711598.7460815042 -8125751449032995.0 -372465972.20396495 
714733.5423197487 -8329019253013185.0 -381783306.192028 
717868.3385579932 -8537371854455895.0 -391333715.7345049 
721003.1347962377 -8750936450896498.0 -401123031.277576 
724137.9310344822 -8969843421749264.0 -411157229.11753285 
727272.7272727267 -9194226407902944.0 -421442435.04924214 
730407.5235109712 -9424222393307618.0 -431984928.1058914 
733542.3197492157 -9659971788602794.0 -442791144.3922923 
736677.1159874602 -9901618516837576.0 -453867681.0140914 
739811.9122257048 -1.014931010133494e+16 -465221300.1052506 
742946.7084639493 -1.040319775575354e+16 -476858932.95627326 
746081.5047021938 -1.0663436476402402e+16 -488787684.2456884 
749216.3009404383 -1.0930185136865076e+16 -501014836.37740344 
752351.0971786828 -1.1203606584991066e+16 -513547853.92657036 
755485.8934169273 -1.148386774231352e+16 -526394388.1966656 
758620.6896551718 -1.1771139705953576e+16 -539562281.890559 
761755.4858934163 -1.2065597853073402e+16 -553059573.8984092 
764890.2821316608 -1.2367421947942126e+16 -566894504.2053324 
768025.0783699054 -1.2676796251680326e+16 -581075518.9218503 
771159.8746081499 -1.2993909634750078e+16 -595611275.4401892 
774294.6708463944 -1.331895569225879e+16 -610510647.7195622 
777429.4670846389 -1.365213286214714e+16 -625782731.7036468 
780564.2633228834 -1.3993644546333122e+16 -641436850.8735679 
783699.0595611279 -1.434369923488658e+16 -657482561.9397902 
786833.8557993724 -1.4702510633310444e+16 -673929660.6764123 
789968.6520376169 -1.5070297793006208e+16 -690788187.9014205 
793103.4482758614 -1.5447285245003058e+16 -708068435.6065323 
796238.244514106 -1.5833703137031698e+16 -725780953.2403635 
799373.0407523505 -1.622978737402704e+16 -743936554.1487485 
802507.836990595 -1.6635779762145716e+16 -762546322.1761839 
805642.6332288395 -1.7051928156386816e+16 -781621618.4324213 
808777.429467084 -1.7478486611905766e+16 -801174088.2283498 
811912.2257053285 -1.791571553911312e+16 -821215668.1853641 
815047.021943573 -1.8363881862652816e+16 -841758593.5225596 
818181.8181818175 -1.8823259184357184e+16 -862815405.5262078 
821316.614420062 -1.929412795027844e+16 -884398959.2060847 
824451.4106583066 -1.977677562189933e+16 -906522431.1433681 
827586.2068965511 -2.0271496851626644e+16 -929199327.534847 
830721.0031347956 -2.077859366267475e+16 -952443492.438356 
833855.7993730401 -2.1298375633448256e+16 -976269116.2244457 
836990.5956112846 -2.1831160086536796e+16 -1000690744.2394652 
840125.3918495291 -2.2377272282438132e+16 -1025723285.68537 
843260.1880877736 -2.2937045618127536e+16 -1051382022.721689 
846394.9843260181 -2.35108218305948e+16 -1077682619.7951865 
849529.7805642626 -2.409895120547211e+16 -1104641133.2028902 
852664.5768025072 -2.4701792790880376e+16 -1132274020.8943164 
855799.3730407517 -2.5319714616624816e+16 -1160598152.5188963 
858934.1692789962 -2.5953093918873824e+16 -1189630819.724754 
862068.9655172407 -2.6602317370459196e+16 -1219389746.7151506 
865203.7617554852 -2.7267781316937084e+16 -1249893101.0689855 
868338.5579937297 -2.7949892018553544e+16 -1281159504.8319657 
871473.3542319742 -2.864906589826241e+16 -1313208045.8851829 
874608.1504702187 -2.9365729795947164e+16 -1346058289.5980995 
877742.9467084632 -3.010032122900301e+16 -1379730290.773028 
880877.7429467078 -3.0853288659437892e+16 -1414244605.8884623 
884012.5391849523 -3.1625091767654884e+16 -1449622305.6486578 
887147.3354231968 -3.2416201733083124e+16 -1485884987.847114 
890282.1316614413 -3.3227101521827748e+16 -1523054790.5518153 
893416.9278996858 -3.4058286181515932e+16 -1561154405.6203094 
896551.7241379303 -3.4910263143519256e+16 -1600207092.5528975 
899686.5203761748 -3.5783552532736836e+16 -1640236692.6923954 
902821.3166144193 -3.6678687485127736e+16 -1681267643.7791004 
905956.1128526638 -3.759621447318573e+16 -1723324994.8698049 
909090.9090909084 -3.853669363955537e+16 -1766434421.630004 
912225.7053291529 -3.950069913899364e+16 -1810622242.00863 
915360.5015673974 -4.0488819488887416e+16 -1855915432.304959 
918495.2978056419 -4.150165792853926e+16 -1902341643.6374576 
921630.0940438864 -4.253983278744127e+16 -1949929218.8245978 
924764.8902821309 -4.360397786275953e+16 -1998707209.6878724 
927899.6865203754 -4.469474280626135e+16 -2048705394.7876463 
931034.4827586199 -4.581279352092205e+16 -2099954297.6027029 
934169.2789968645 -4.695881256745428e+16 -2152485205.1645937 
937304.075235109 -4.813349958100724e+16 -2206330187.1581945 
940438.8714733535 -4.933757169828871e+16 -2261522115.499971 
943573.667711598 -5.057176399537075e+16 -2318094684.406007 
946708.4639498425 -5.183682993644656e+16 -2376082430.9619894 
949843.260188087 -5.313354183381421e+16 -2435520756.2078 
952978.0564263315 -5.446269131936806e+16 -2496445946.7496305 
956112.852664576 -5.58250898278846e+16 -2558895196.912688 
959247.6489028205 -5.7221569092396856e+16 -2622906631.4480424 
962382.445141065 -5.865298165195931e+16 -2688519328.8074327 
965517.2413793096 -6.01202013721154e+16 -2755773345.0003104 
968652.0376175541 -6.1624123978384536e+16 -2824709738.0476813 
971786.8338557986 -6.316566760309589e+16 -2895370593.047758 
974921.6300940431 -6.474577334590193e+16 -2967799047.868604 
978056.4263322876 -6.636540584831102e+16 -3042039319.483451 
981191.2225705321 -6.802555388259196e+16 -3118136730.964732 
984326.0188087766 -6.972723095540994e+16 -3196137739.1534085 
987460.8150470211 -7.147147592656387e+16 -3276089963.020496 
990595.6112852657 -7.325935364320251e+16 -3358042212.7380853 
993730.4075235102 -7.5091955589905e+16 -3442044519.4775877 
996865.2037617547 -7.697040055502211e+16 -3528148165.9534097 
999999.9999999992 -7.889583531372222e+16 -3616405717.7288637 
