#x u 
0.0 115892.17873889755 -0.03874376520826051 
3134.796238244514 169995.5703767458 -0.03996694334188489 
6269.592476489028 279217.06192866963 -0.036816787895778386 
9404.38871473354 376676.3089946161 -0.03228715836703433 
12539.184952978056 459578.9129258987 -0.026508553519124744 
15673.98119122257 524709.6959805139 -0.019704859799854365 
18808.777429467085 569549.9597431319 -0.012139180115495835 
21943.5736677116 592365.7423266487 -0.004104078641897465 
25078.369905956115 592274.7575651803 0.004089727441616144 
28213.16614420063 569280.5238552844 0.012125383874961204 
31347.962382445145 524272.22759559355 0.019692152039907037 
34482.75862068966 458990.338392235 0.026497425214983134 
37617.55485893417 375959.30514530046 0.032278043669500114 
40752.35109717868 278389.9356777807 0.0368104710432602 
43887.14733542319 170055.2348833858 0.039919438491595016 
47021.943573667704 55144.50272876152 0.04148472232687632 
50156.739811912215 -61898.66586357102 0.04144579306528352 
53291.53605015673 -176548.21471138814 0.039804156100315694 
56426.33228840124 -284370.64884362137 0.036623293489265185 
59561.12852664575 -381196.477631676 0.03202620910376932 
62695.92476489026 -463281.44887992146 0.026190672073401592 
65830.72100313478 -527451.3389574182 0.01934234245821126 
68965.51724137929 -571224.6999403695 0.011746044980269118 
72100.3134796238 -592908.8171366118 0.0036955282587860456 
75235.10971786831 -591665.1663172431 -0.004497894441093133 
78369.90595611282 -567541.8394260076 -0.012517383683881654 
81504.70219435733 -521471.6848651226 -0.020052826036201496 
84639.49843260185 -455236.23427265143 -0.026812826144913267 
87774.29467084636 -371396.8107419618 -0.032535974987586536 
90909.09090909087 -273195.48252658057 -0.03700095855236813 
94043.88714733538 -164429.69234800426 -0.04003511604486942 
97178.68338557989 -49305.41038777484 -0.04152111667644256 
100313.4796238244 67725.51046634873 -0.04140149684262253 
103448.27586206891 182137.48765184818 -0.03968088223916664 
106583.07210031342 289506.21308744984 -0.036425808986523915 
109717.86833855794 385679.7410476555 -0.03176215067984657 
112852.66457680245 466939.043792311 -0.025870250860450056 
115987.46081504696 530141.8262693069 -0.01897794913591979 
119122.25705329147 572844.0385797523 -0.011351770628612345 
122257.05329153598 593394.3873218476 -0.0032866194563406954 
125391.84952978049 590998.1910623251 0.004905625201931903 
128526.645768025 565748.1106461078 0.01290816946555596 
131661.44200626953 518620.5660039274 0.020411555163042036 
134796.23824451404 451437.97801985807 0.027125626571231166 
137931.03448275855 366798.29556473304 0.03279075072930714 
141065.83072100306 267974.53288316773 0.03718785743840992 
144200.62695924757 158788.2022207293 0.04014691070033477 
147335.42319749208 43461.53604816112 0.0415534840050108 
150470.2194357366 -73545.7865547271 0.041353185200568236 
153605.0156739811 -187709.09556915888 0.039553759836388966 
156739.81191222562 -294613.69890534773 0.03622479164292 
159874.60815047013 -390125.5984269018 0.03149501173068833 
163009.40438871464 -470551.35154759616 0.025547320561718174 
166144.20062695915 -532780.8965568668 0.018611715193582748 
169278.99686520366 -574407.818622532 0.010956395299372479 
172413.79310344817 -593822.4057876411 0.0028773918935482003 
175548.58934169268 -590273.8964930722 -0.0053128801796341754 
178683.3855799372 -563899.5114289285 -0.013297703316179287 
181818.1818181817 -515719.14387542 -0.020768304460543126 
184952.97805642622 -447595.8750928752 -0.027435793271993247 
188087.77429467073 -362163.5618829858 -0.033042316677613495 
191222.57053291524 -262722.9125302667 -0.03737093502728018 
194357.36677115975 -153105.0951758611 -0.04025360991155497 
197492.16300940426 -37494.99695944715 -0.041576391716111376 
200626.95924764877 79803.57719594726 -0.04128048119150664 
203761.75548589329 194677.58377663803 -0.03935793691053768 
206896.5517241378 303564.99181075173 -0.035842759819312266 
210031.3479623823 403735.75802259985 -0.03080301301468839 
213166.14420062682 493231.6465732055 -0.02434578739329216 
216300.94043887133 570192.7292337592 -0.01664740320874336 
219435.73667711584 631603.6241395387 -0.008007358141199452 
222570.53291536035 672120.1258587867 0.001104124763972163 
225705.32915360486 684171.4420561619 0.010059494067527772 
228840.12539184937 660262.9847862882 0.018190272491153025 
231974.9216300939 596982.8877332938 0.024983272072841966 
235109.7178683384 498386.21161447896 0.030249515731183885 
238244.5141065829 375875.9444357704 0.03413327809840398 
241379.31034482742 243619.5157012641 0.03691662215030894 
244514.10658307193 112036.86352930623 0.03873511202755706 
247648.90282131644 -15933.416565931442 0.03941988931834405 
250783.69905956095 -142720.7145289721 0.03860628308420411 
253918.49529780546 -269804.4718666929 0.03603320520138817 
257053.29153604998 -392623.22782758257 0.031783982005579976 
260188.0877742945 -501239.40801668423 0.02626074505433983 
263322.884012539 -586101.5855715505 0.019922366543417253 
266457.6802507835 -643507.9624494449 0.013033211491564585 
269592.476489028 -675741.708952275 0.005653272694860482 
272727.27272727253 -686111.8147493448 -0.0021408800978435097 
275862.06896551704 -674131.1080422541 -0.010043897825177922 
278996.86520376155 -635765.4588372459 -0.0175440193314003 
282131.66144200607 -568386.431329152 -0.02416272881023549 
285266.4576802506 -475188.2754360613 -0.0296710658307703 
288401.2539184951 -364410.9192138909 -0.03406852491741194 
291536.0501567396 -244125.85855784809 -0.037358677767184004 
294670.8463949841 -117941.5268608475 -0.03936648612025968 
297805.6426332286 14030.437819554598 -0.0397957580805401 
300940.43887147313 150160.52072712756 -0.038470660896607944 
304075.23510971764 283712.8891931428 -0.035509894782294854 
307210.03134796215 404657.4023065388 -0.03125098393642772 
310344.82758620667 505175.48707880144 -0.026002626508161444 
313479.6238244512 583263.9578085004 -0.01988142512351966 
316614.4200626957 640828.5085565033 -0.012898318569484767 
319749.2163009402 678430.1776314178 -0.005195590989340798 
322884.0125391847 692335.3254072663 0.0028244023963778673 
326018.8087774292 677059.8688242316 0.010624798241323589 
329153.60501567373 630782.8949120002 0.01779341252372703 
332288.40125391824 557950.442036511 0.024174803456255216 
335423.19749216276 466307.5120502276 0.02974811739763633 
338557.99373040727 361416.0261197422 0.03439033917505828 
341692.7899686518 244320.31568083938 0.03778389923862382 
344827.5862068963 114676.2742806639 0.03957423839654333 
347962.3824451408 -24112.342857348092 0.039618344960296224 
351097.1786833853 -163335.79145111656 0.03806773932422396 
354231.9749216298 -292832.5480721517 0.03520138485820717 
357366.77115987433 -406405.680429072 0.03118463804603211 
360501.56739811884 -503310.2045466079 0.02600566141607424 
363636.36363636336 -584444.9023687056 0.01965176023562796 
366771.15987460787 -647432.8652331565 0.012333776988177779 
369905.9561128524 -685916.5762860287 0.004514463094047802 
373040.7523510969 -693929.6055400298 -0.0032985352606902086 
376175.5485893414 -670835.3210195854 -0.010788111321514296 
379310.3448275859 -621692.1409414683 -0.01785557414670096 
382445.1410658304 -552676.1428230582 -0.02442361405889344 
385579.93730407493 -466347.4805422447 -0.03023326289526045 
388714.73354231945 -361668.6724863102 -0.03485928457105318 
391849.52978056396 -238647.57049249258 -0.03793760310636858 
394984.32601880847 -102583.79756867289 -0.039374042402882996 
398119.122257053 36709.53271701955 -0.03932168723042356 
401253.9184952975 170072.68182654586 -0.03795552024360411 
404388.714733542 293319.4594361921 -0.035283864526988756 
407523.5109717865 406375.1412627731 -0.031194997833575377 
410658.307210031 508345.31740580976 -0.0256876381139443 
413793.10344827553 593895.7820612049 -0.01903851609871198 
416927.89968652005 654924.4298558113 -0.011724493314394418 
420062.69592476456 685916.288496268 -0.004173020674702337 
423197.49216300907 687472.2183833335 0.0034063630733519525 
426332.2884012536 664390.7930741298 0.01094327701977177 
429467.0846394981 620373.059234828 0.01827500363574709 
432601.8808777426 554928.5185219715 0.025017518566706927 
435736.6771159871 465702.5039517731 0.030686153055438304 
438871.4733542316 353704.69054635253 0.03494982536066439 
442006.26959247614 225834.045953441 0.0377613713679484 
445141.06583072065 91909.05885762337 0.03923546956829855 
448275.86206896516 -40836.86096218697 0.03940929179735096 
451410.65830720967 -170192.90011197457 0.03814215707660705 
454545.4545454542 -295980.7622863913 0.035261948943195315 
457680.2507836987 -414989.3113573332 0.030804271671358064 
460815.0470219432 -519363.2034500056 0.025090626777193707 
463949.8432601877 -600329.9359209412 0.018559065052029228 
467084.6394984322 -653519.0284932705 0.011518977624097367 
470219.43573667674 -680431.5885642836 0.004079517146409079 
473354.23197492125 -684638.8127958392 -0.0036830318675629943 
476489.02821316576 -666795.0732077513 -0.011505944270419082 
479623.82445141027 -623756.3267244714 -0.01891096365613973 
482758.6206896548 -552735.3177256954 -0.02540768860674602 
485893.4169278993 -456089.3221329347 -0.03072705527348172 
489028.2131661438 -341635.21535847295 -0.03485036244153421 
492163.0094043883 -218055.60685585326 -0.03781327811052576 
495297.8056426328 -90088.29843344068 -0.03949934622424392 
498432.60188087734 41610.83741519936 -0.0396466026381285 
501567.39811912185 175977.8302564589 -0.0380646804694116 
504702.19435736636 307346.78338481893 -0.03483629306927344 
507836.99059561087 426166.0773939652 -0.030291249405620262 
510971.7868338554 524071.0788843889 -0.024778109587351833 
514106.5830720999 598170.0723398632 -0.018469075359169536 
517241.3793103444 650212.7942424761 -0.011396569262507001 
520376.1755485889 681668.708186968 -0.003674480051439312 
523510.9717868334 690010.693346715 0.004338498799213606 
526645.768025078 670193.9258658243 0.012116048889653161 
529780.5642633225 619817.3924431165 0.01921222949074627 
532915.360501567 542545.1937955974 0.025431290931434366 
536050.1567398115 446157.5564946985 0.030752401825389034 
539184.952978056 337210.32172476756 0.03509944851793483 
542319.7492163006 217809.40061722012 0.038207747279620445 
545454.5454545451 87747.7317555967 0.039735965711888414 
548589.3416927896 -50413.48263490203 0.03951186735086779 
551724.1379310341 -188850.7630884594 0.03765783180266878 
554858.9341692786 -317392.14093505486 0.03446642836718333 
557993.7304075231 -428977.49457355496 0.030156843249146904 
561128.5266457676 -522126.11103579804 0.024765810595214675 
564263.3228840121 -598011.1043858933 0.018282918623006527 
567398.1191222566 -655392.9977596347 0.01088116592915949 
570532.9153605012 -688887.985499685 0.0029918475916344573 
573667.7115987457 -692506.4095676508 -0.004864775682673116 
576802.5078369902 -664820.252193677 -0.012325845209700018 
579937.3040752347 -610370.061917004 -0.01926189513093326 
583072.1003134792 -535838.4566520657 -0.02561450925541231 
586206.8965517237 -444979.51456280326 -0.03117800005013729 
589341.6927899682 -337559.56793185056 -0.0355654652379628 
592476.4890282127 -213308.51078642512 -0.03840445407012498 
595611.2852664572 -76581.30564880224 -0.039564564083358705 
598746.0815047018 63340.310625720595 -0.03918403263047954 
601880.8777429463 196808.88679481865 -0.03747177491122962 
605015.6739811908 318638.14466634317 -0.0344951522095709 
608150.4702194353 428326.9566409689 -0.03017629331778783 
611285.2664576798 525650.1900229804 -0.024498099756926493 
614420.0626959243 606445.3231063529 -0.017698437971349637 
617554.8589341688 663195.9313807748 -0.010241573610042212 
620689.6551724133 689942.1110620225 -0.002588458926410429 
623824.4514106578 686468.7044883762 0.005002506773417698 
626959.2476489024 657449.3874013149 0.012445854955367864 
630094.0438871469 607491.5401914282 0.019613505381206316 
633228.8401253914 537295.12222602 0.026171817282905473 
636363.6363636359 444923.8615806278 0.03165400039787112 
639498.4326018804 330771.4317864167 0.03570237186057958 
642633.2288401249 200886.2982811468 0.03823528899504092 
645768.0250783694 65016.61490355451 0.03937141010446027 
648902.8213166139 -68736.37268547184 0.039197309154905886 
652037.6175548584 -197223.28046715166 0.03762699622043069 
655172.413793103 -320238.57384447067 0.034502867844066074 
658307.2100313475 -435519.64800356387 0.029831396663033284 
661442.006269592 -536213.7555984894 0.023903001962445502 
664576.8025078365 -613663.8557251467 0.01716526900243981 
667711.598746081 -662752.1519805696 0.009976050257401866 
670846.3949843255 -684327.6875832977 0.002487423257713274 
673981.19122257 -682282.1662813899 -0.005227657652952982 
677115.9874608145 -658430.0344493887 -0.012950395212094849 
680250.783699059 -610616.17110881 -0.020241086373637678 
683385.5799373036 -536037.6511716523 -0.02660456659031058 
686520.3761755481 -436243.34994316334 -0.03173356092005663 
689655.1724137926 -318475.17239658826 -0.03558479603983826 
692789.9686520371 -191828.55416608392 -0.038217522463942485 
695924.7648902816 -62125.9623152586 -0.039572350861215085 
699059.5611285261 69278.00023245931 -0.03942906457442992 
702194.3573667706 201696.79807233464 -0.03759167639485323 
705329.1536050151 330517.67856747436 -0.03410786069797897 
708463.9498432596 446849.7106236583 -0.029291601000732883 
711598.7460815042 541983.0416222046 -0.02352258950664864 
714733.5423197487 612155.4186716392 -0.017028296713413143 
717868.3385579932 658779.6072790253 -0.009870563685901957 
721003.1347962377 684036.1284237199 -0.002141777990274562 
724137.9310344822 686587.1173417503 0.00584551902453605 
727272.7272727267 662014.3491533758 0.01358505974697953 
730407.5235109712 607574.6948615601 0.020602179904463253 
733542.3197492157 526255.0953035229 0.026653452997831315 
736677.1159874602 425758.31332379364 0.03170517127492784 
739811.9122257048 313325.9526613926 0.035727874502314697 
742946.7084639493 191711.3821056424 0.03853324172493862 
746081.5047021938 60512.839296500155 0.03982694758242738 
749216.3009404383 -78470.23677651293 0.03941677566406921 
752351.0971786828 -217483.8275088283 0.03735195641777059 
755485.8934169273 -344863.50833510724 0.03385118212177731 
758620.6896551718 -451310.1781684377 0.029111961074497712 
761755.4858934163 -534574.1883234245 0.02322527534098192 
764890.2821316608 -598266.1732080866 0.016300824290232285 
768025.0783699054 -646233.7581234648 0.008664703313733872 
771159.8746081499 -678028.5891044675 0.0008884572449586567 
774294.6708463944 -689430.3714984719 -0.006432730081671735 
777429.4670846389 -676650.7541271392 -0.01297165646867058 
780564.2633228834 -639362.1319073768 -0.0187571213241356 
783699.0595611279 -579561.9614591975 -0.023968659204132284 
786833.8557993724 -498217.3399266065 -0.028629056870999512 
789968.6520376169 -394166.2277021294 -0.03248132987226779 
793103.4482758614 -267130.30181891005 -0.03515118178464913 
796238.244514106 -121833.05110262216 -0.03641746992327331 
799373.0407523505 31481.76098150846 -0.03632145841395507 
802507.836990595 181351.16948499187 -0.03502620550530183 
805642.6332288395 320376.14575006894 -0.0325978537951936 
808777.429467084 446444.7634108895 -0.028952101804330665 
811912.2257053285 558920.307897174 -0.024023896762839704 
815047.021943573 653976.2834559403 -0.01797585001705965 
818181.8181818175 724098.2973565218 -0.011216684651900805 
821316.614420062 762378.0692559984 -0.004199897941660864 
824451.4106583066 767182.419323485 0.0027962042820399158 
827586.2068965511 742372.0663862103 0.009686570601301162 
830721.0031347956 692895.2945658555 0.016387591810206745 
833855.7993730401 620403.4462131569 0.0226281336561651 
836990.5956112846 523465.3344178166 0.027972777234255935 
840125.3918495291 402076.6293667888 0.03204281981778387 
843260.1880877736 261604.81007000833 0.03471173922584294 
846394.9843260181 111870.67921090551 0.03607749925244641 
849529.7805642626 -37847.491155917494 0.03624717060774865 
852664.5768025072 -182838.81375047116 0.035164746475408924 
855799.3730407517 -322004.84716433135 0.03266543077622589 
858934.1692789962 -453160.45265352644 0.028699355904340255 
862068.9655172407 -569759.099016836 0.02348748893923428 
865203.7617554852 -662699.516507621 0.017441877959204554 
868338.5579937297 -725507.3845832096 0.010928333765505642 
871473.3542319742 -757612.3331285947 0.004113549718574683 
874608.1504702187 -762413.143363854 -0.002951646492254687 
877742.9467084632 -742266.4799598388 -0.010110577715717547 
880877.7429467078 -695724.7011285159 -0.01698434082534008 
884012.5391849523 -619935.8808203337 -0.023093904445866505 
887147.3354231968 -515645.6844289357 -0.02810285253057447 
890282.1316614413 -389463.81721510517 -0.03193560412809876 
893416.9278996858 -250896.3679021651 -0.03465602146438211 
896551.7241379303 -107113.215173582 -0.03624194015969137 
899686.5203761748 39231.53364425778 -0.03649882911205968 
902821.3166144193 187044.1134393047 -0.03520748768346217 
905956.1128526638 332033.06767999387 -0.032352558373178346 
909090.9090909084 465379.9692108386 -0.028191658622510194 
912225.7053291529 577459.8173248132 -0.023090515258993353 
915360.5015673974 662911.422213335 -0.017293467688241658 
918495.2978056419 721922.0064282961 -0.010864639028229026 
921630.0940438864 756546.3963871637 -0.0038538445028248394 
924764.8902821309 766068.1216801514 0.0034963405200728573 
927899.6865203754 746375.3572083153 0.010730085542849207 
931034.4827586199 694058.2815163484 0.017376457092245053 
934169.2789968645 610926.1910278625 0.023168639893428426 
937304.075235109 504159.55231416353 0.028064431396686976 
940438.8714733535 381860.6020941382 0.032056651059210156 
943573.667711598 248562.96199520517 0.03498195053445719 
946708.4639498425 105264.90115546536 0.036536691072608735 
949843.260188087 -46237.32965410834 0.03648908488261754 
952978.0564263315 -199482.37038752442 0.03486860263178678 
956112.852664576 -344230.25885680993 0.03193565138710823 
959247.6489028205 -471395.8807805926 0.02796351732711707 
962382.445141065 -577066.0486470064 0.02305976777226803 
965517.2413793096 -661591.9845932869 0.017210626376739535 
968652.0376175541 -724908.6308674514 0.010495435469473308 
971786.8338557986 -763170.4012542444 0.00323791271202288 
974921.6300940431 -770371.7518162689 -0.004073833863623639 
978056.4263322876 -743339.321266089 -0.01102436425561357 
981191.2225705321 -684896.6544020446 -0.017426410349949736 
984326.0188087766 -601882.5198176278 -0.02324228666720384 
987460.8150470211 -500071.2508670649 -0.02836462862466027 
990595.6112852657 -381255.3010260939 -0.03249705602801039 
993730.4075235102 -245421.0566020994 -0.035269691501438195 
996865.2037617547 -96629.03924105866 -0.03642699072576575 
999999.9999999992 115892.17872317757 -0.03874376520898108 
