#x u 
0.0 31929724982581.9 1463586.0351584908 
3134.796238244514 -799047387163.1418 -36626.48715290826 
6269.592476489028 19663493249.696476 901.3499879874691 
9404.38871473354 -824895676.728558 -37.80018404051989 
12539.184952978056 -320676079.4747493 -14.69733133037628 
15673.98119122257 -341779016.2529417 -15.674141448486981 
18808.777429467085 -349934209.9076069 -16.057178283543525 
21943.5736677116 -358613843.40325934 -16.463633764560402 
25078.369905956115 -367488978.7349521 -16.878103570883493 
28213.16614420063 -376576829.3478467 -17.301074519019426 
31347.962382445145 -385886797.868565 -17.732710508467278 
34482.75862068966 -395429107.027746 -18.173261516108028 
37617.55485893417 -405214257.005307 -18.62305385794743 
40752.35109717868 -415252717.74354345 -19.082490917794562 
43887.14733542319 -425554696.62345296 -19.552054163107524 
47021.943573667704 -436129983.8805105 -20.032301641477023 
50156.739811912215 -446987831.9170249 -20.523859804730524 
53291.53605015673 -458136854.6551573 -21.02740731419191 
56426.33228840124 -469584988.70422494 -21.543653751670707 
59561.12852664575 -481339565.93903005 -22.073318076930118 
62695.92476489026 -493407485.04581696 -22.617109812418327 
65830.72100313478 -505795394.15909684 -23.175712655406926 
68965.51724137929 -518509786.2565719 -23.749769095611345 
72100.3134796238 -531556980.91131717 -24.339866657139194 
75235.10971786831 -544943055.3597789 -24.94652895724215 
78369.90595611282 -558673811.7709048 -25.570214464058676 
81504.70219435733 -572754809.9831153 -26.211322218341707 
84639.49843260185 -587191422.7495986 -26.870200099706164 
87774.29467084636 -601988863.0714766 -27.54715110833232 
90909.09090909087 -617152197.9367493 -28.242436798660005 
94043.88714733538 -632686426.2772726 -28.956280848334284 
97178.68338557989 -648596684.5195153 -29.6888760111794 
100313.4796238244 -664888554.2885959 -30.44039434696377 
103448.27586206891 -681568367.7829447 -31.21099738175257 
106583.07210031342 -698643416.102455 -32.000843327524734 
109717.86833855794 -716122054.9132549 -32.810092298761354 
112852.66457680245 -734013779.7810178 -33.63891356473819 
115987.46081504696 -752329331.7521625 -34.48749779158478 
119122.25705329147 -771080808.0884076 -35.35607279071461 
122257.05329153598 -790281688.1367664 -36.244917916344164 
125391.84952978049 -809946714.5621607 -37.15437339392314 
128526.645768025 -830091669.95199 -38.08484534120667 
131661.44200626953 -850733156.9483216 -39.03681040345721 
134796.23824451404 -871888455.1811067 -40.010822454467416 
137931.03448275855 -893575425.2559234 -41.00751927573282 
141065.83072100306 -915812365.9908028 -42.02762439234066 
144200.62695924757 -938617774.0054091 -43.071941408841504 
147335.42319749208 -962010060.9343303 -44.14134323382786 
150470.2194357366 -986007341.3052123 -45.23676138413617 
153605.0156739811 -1010627350.4371295 -46.35917822816733 
156739.81191222562 -1035887439.8981948 -47.509620009794354 
159874.60815047013 -1061804544.0510446 -48.68914610757172 
163009.40438871464 -1088395072.392194 -49.89883286150201 
166144.20062695915 -1115674795.6104586 -51.139755548252175 
169278.99686520366 -1143658838.9297676 -52.41297422228773 
172413.79310344817 -1172361823.4261181 -53.71952582918054 
175548.58934169268 -1201798077.6969888 -55.060419586700824 
178683.3855799372 -1231981801.1328628 -56.43663073848842 
181818.1818181817 -1262927139.8661277 -57.84909141980616 
184952.97805642622 -1294648254.353033 -59.29868273524012 
188087.77429467073 -1327159488.8461304 -60.7862335222223 
191222.57053291524 -1360475662.1293633 -62.31252703154895 
194357.36677115975 -1394612378.679025 -63.87831115596704 
197492.16300940426 -1429586235.8334289 -65.48430665709876 
200626.95924764877 -1465414902.4013426 -67.13121231168202 
203761.75548589329 -1502117164.812907 -68.81971132139765 
206896.5517241378 -1539713052.114393 -70.55048392121489 
210031.3479623823 -1578224043.5860076 -72.32422609297632 
213166.14420062682 -1617673244.5926673 -74.14166878490764 
216300.94043887133 -1658085413.0642712 -76.0035918147033 
219435.73667711584 -1699486837.6231337 -77.91083201203173 
222570.53291536035 -1741905187.467971 -79.86429057504643 
225705.32915360486 -1785369449.6301143 -81.86494438987502 
228840.12539184937 -1829909945.0740244 -83.91386037323592 
231974.9216300939 -1875558301.3478446 -86.01220670639002 
235109.7178683384 -1922347277.351104 -88.1612556905584 
238244.5141065829 -1970310469.755046 -90.3623791566188 
241379.31034482742 -2019482042.3371944 -92.61704256131921 
244514.10658307193 -2069896591.4489279 -94.92680270823311 
247648.90282131644 -2121589120.4854114 -97.2933076995114 
250783.69905956095 -2174594989.503096 -99.71829293944343 
253918.49529780546 -2228949745.6546 -102.20356893118283 
257053.29153604998 -2284688886.0319443 -104.7510034027902 
260188.0877742945 -2341847704.0466757 -107.36250496079683 
263322.884012539 -2400461317.069004 -110.04001311047108 
266457.6802507835 -2460564819.3401585 -112.78549251142915 
269592.476489028 -2522193409.0773706 -115.6009250365797 
272727.27272727253 -2585382401.7395773 -118.48829613159488 
275862.06896551704 -2650167197.135655 -121.44957912828926 
278996.86520376155 -2716583352.501939 -124.48672503334562 
282131.66144200607 -2784666835.6529827 -127.60166171354892 
285266.4576802506 -2854454370.442837 -130.7962989349103 
288401.2539184951 -2925983709.197674 -134.07253209439125 
291536.0501567396 -2999293755.470447 -137.4322414693943 
294670.8463949841 -3074424623.831304 -140.8772912063883 
297805.6426332286 -3151417790.352579 -144.40953523713304 
300940.43887147313 -3230316386.36691 -148.0308325705409 
304075.23510971764 -3311165523.472271 -151.74306675451288 
307210.03134796215 -3394012482.5281315 -155.5481616646241 
310344.82758620667 -3478906713.7779484 -159.44809092090762 
313479.6238244512 -3565899762.052507 -163.44488579222755 
316614.4200626957 -3655045276.7182746 -167.5406484686398 
319749.2163009402 -3746399142.555547 -171.73757186475768 
322884.0125391847 -3840019604.4219594 -176.0379595923084 
326018.8087774292 -3935967228.070086 -180.44423832504955 
329153.60501567373 -4034304676.7198653 -184.95896107338754 
332288.40125391824 -4135096446.783707 -189.58480741906664 
335423.19749216276 -4238408725.8187666 -194.3245877073754 
338557.99373040727 -4344309390.217679 -199.1812515856545 
341692.7899686518 -4452868001.461839 -204.15789408264155 
344827.5862068963 -4564155655.063591 -209.25775230040807 
347962.3824451408 -4678244692.190864 -214.4841930371371 
351097.1786833853 -4795208438.023706 -219.84069882786275 
354231.9749216298 -4915121120.948055 -225.33085954304153 
357366.77115987433 -5038057961.216098 -230.95836920540344 
360501.56739811884 -5164095268.396539 -236.72702094027173 
363636.36363636336 -5293310409.6798115 -242.64069410473306 
366771.15987460787 -5425781682.06647 -248.70333555113146 
369905.9561128524 -5561588260.820046 -254.9189434244435 
373040.7523510969 -5700810356.316832 -261.2915600853635 
376175.5485893414 -5843529531.191137 -267.82527250593847 
379310.3448275859 -5989828996.404531 -274.52421237093614 
382445.1410658304 -6139793757.4637985 -281.3925505030681 
385579.93730407493 -6293510665.16527 -288.43448857936363 
388714.73354231945 -6451068546.408709 -295.6542565954714 
391849.52978056396 -6612558521.532656 -303.0561212873286 
394984.32601880847 -6778074426.386095 -310.64440199818006 
398119.122257053 -6947713146.806148 -318.42348530952563 
401253.9184952975 -7121574756.757159 -326.3978334784882 
404388.714733542 -7299762542.486893 -334.57199037518797 
407523.5109717865 -7482383094.10667 -342.9505930486126 
410658.307210031 -7669546549.610228 -351.53839253295473 
413793.10344827553 -7861366886.176924 -360.3402787023215 
416927.89968652005 -8057962070.234667 -369.3613000875072 
420062.69592476456 -8259453990.288085 -378.6066746710793 
423197.49216300907 -8465968288.668501 -388.0817964486312 
426332.2884012536 -8677634280.072203 -397.79224581561294 
429467.0846394981 -8894585022.033894 -407.74380621987456 
432601.8808777426 -9116957415.248903 -417.9424809647244 
435736.6771159871 -9344892157.498621 -428.3945016118567 
438871.4733542316 -9578533511.652954 -439.10632576574557 
442006.26959247614 -9818029033.047327 -450.0846305740726 
445141.06583072065 -10063529440.981455 -461.3363101806708 
448275.86206896516 -10315188672.12822 -472.868478733849 
451410.65830720967 -10573163974.65654 -484.6884724563157 
454545.4545454542 -10837615878.345547 -496.8038433129931 
457680.2507836987 -11108708031.589254 -509.22234405143837 
460815.0470219432 -11386607066.313036 -521.9519122853071 
463949.8432601877 -11671482656.818897 -535.0006616067393 
467084.6394984322 -11963507772.549852 -548.376880175219 
470219.43573667674 -12262858961.243021 -562.0890297896551 
473354.23197492125 -12569716508.059177 -576.1457389035522 
476489.02821316576 -12884264486.16007 -590.5557908446074 
479623.82445141027 -13206690864.310884 -605.3281153736344 
482758.6206896548 -13537187808.713207 -620.4717903891319 
485893.4169278993 -13875952139.2021 -635.9960524192047 
489028.2131661438 -14223185760.089548 -651.9103080659075 
492163.0094043883 -14579095929.097935 -668.2241404636997 
495297.8056426328 -14943895406.77811 -684.9473129222387 
498432.60188087734 -15317802654.356459 -702.089777575678 
501567.39811912185 -15701042188.88142 -719.6616940450828 
504702.19435736636 -16093845025.027933 -737.6734547837276 
507836.99059561087 -16496449023.35358 -756.1357086480776 
510971.7868338554 -16909099040.401825 -775.0593776054064 
514106.5830720999 -17332046956.404404 -794.4556696703394 
517241.3793103444 -17765551751.982063 -814.3360954757263 
520376.1755485889 -18209879718.11254 -834.7124918356837 
523510.9717868334 -18665304709.149536 -855.5970476265093 
526645.768025078 -19132108272.9212 -877.002323825378 
529780.5642633225 -19610579594.551193 -898.9412642583884 
532915.360501567 -20101015362.309402 -921.4272015073196 
536050.1567398115 -20603719723.952198 -944.4738652306906 
539184.952978056 -21119004390.111645 -968.0953950925372 
542319.7492163006 -21647188778.803337 -992.3063531265968 
545454.5454545451 -22188600054.54658 -1017.1217285984113 
548589.3416927896 -22743573037.611458 -1042.5569341243124 
551724.1379310341 -23312450111.650467 -1068.6277989155506 
554858.9341692786 -23895581279.30134 -1095.350566101799 
557993.7304075231 -24493324384.77629 -1122.741895207701 
561128.5266457676 -25106045380.202133 -1150.8188644324152 
564263.3228840121 -25734118508.03664 -1179.598967263779 
567398.1191222566 -26377926405.562862 -1209.100104156481 
570532.9153605012 -27037860263.137672 -1239.3405758169984 
573667.7115987457 -27714320151.11487 -1270.3390839031624 
576802.5078369902 -28407715490.994354 -1302.11473857013 
579937.3040752347 -29118465534.03748 -1334.687067137309 
583072.1003134792 -29846999742.738354 -1368.0760195943872 
586206.8965517237 -30593758107.988834 -1402.301972914902 
589341.6927899682 -31359191527.23673 -1437.3857403161962 
592476.4890282127 -32143762318.219948 -1473.348589196679 
595611.2852664572 -32947944806.722736 -1510.2122651458758 
598746.0815047018 -33772225853.341095 -1547.9990159519582 
601880.8777429463 -34617105250.72123 -1586.7316124705285 
605015.6739811908 -35483096054.128716 -1626.4333691330812 
608150.4702194353 -36370724961.70516 -1667.1281692215048 
611285.2664576798 -37280532781.62926 -1708.840496311264 
614420.0626959243 -38213074902.19374 -1751.5954676455592 
617554.8589341688 -39168921651.77794 -1795.4188638025173 
620689.6551724133 -40148658529.60214 -1840.3371532701376 
623824.4514106578 -41152886400.74263 -1886.3775156725364 
626959.2476489024 -42182221757.595474 -1933.567867779097 
630094.0438871469 -43237297048.844284 -1981.9368918025648 
633228.8401253914 -44318760981.345894 -2031.5140611393015 
636363.6363636359 -45427278717.569336 -2082.3296595452152 
639498.4326018804 -46563532001.59245 -2134.414794868642 
642633.2288401249 -47728219326.35495 -2187.8014121983174 
645768.0250783694 -48922056214.88048 -2242.522309547472 
648902.8213166139 -50145775574.06514 -2298.611154068176 
652037.6175548584 -51400128020.45261 -2356.102494185746 
655172.413793103 -52685882140.49802 -2415.0317660425526 
658307.2100313475 -54003824761.88171 -2475.4352979727923 
661442.006269592 -55354761346.66331 -2537.35031839448 
664576.8025078365 -56739516529.0733 -2600.8149685553235 
667711.598746081 -58158934707.0325 -2665.868316425784 
670846.3949843255 -59613880585.93277 -2732.550367599543 
673981.19122257 -61105239680.40897 -2800.9020740064234 
677115.9874608145 -62633918884.29775 -2870.9653460412965 
680250.783699059 -64200847198.1095 -2942.7830727448336 
683385.5799373036 -65806976573.33087 -3016.3991486803084 
686520.3761755481 -67453282736.80567 -3091.8585016953275 
689655.1724137926 -69140765908.44856 -3169.2071179799573 
692789.9686520371 -70870451472.28905 -3248.4920674745717 
695924.7648902816 -72643390740.91316 -3329.761536254747 
699059.5611285261 -74460661869.85422 -3413.06486858807 
702194.3573667706 -76323370816.17017 -3498.4526138093615 
705329.1536050151 -78232652175.45323 -3585.976570303053 
708463.9498432596 -80189669850.74867 -3675.6898242429797 
711598.7460815042 -82195617683.2397 -3767.646788729576 
714733.5423197487 -84251720212.41785 -3861.90325061684 
717868.3385579932 -86359233580.76987 -3958.5164252546606 
721003.1347962377 -88519446415.36533 -4057.5450109501717 
724137.9310344822 -90733680512.3796 -4159.049234630461 
727272.7272727267 -93003291342.49329 -4263.090888976721 
730407.5235109712 -95329668585.11804 -4369.733370021552 
733542.3197492157 -97714236874.82278 -4479.041723108015 
736677.1159874602 -100158456717.11667 -4591.082694792294 
739811.9122257048 -102663825342.70808 -4705.924779723246 
742946.7084639493 -105231877333.51144 -4823.638254557682 
746081.5047021938 -107864185117.05334 -4944.295203139796 
749216.3009404383 -110562359609.23259 -5067.969545679955 
752351.0971786828 -113328051178.67221 -5194.737079884603 
755485.8934169273 -116162950806.93231 -5324.675528392917 
758620.6896551718 -119068791145.36894 -5457.864579027086 
761755.4858934163 -122047347321.39398 -5594.385911423643 
764890.2821316608 -125100437677.14204 -5734.323218833743 
768025.0783699054 -128229924777.75545 -5877.762241015706 
771159.8746081499 -131437716821.23912 -6024.790814783402 
774294.6708463944 -134725769218.19417 -6175.4989321346875 
777429.4670846389 -138096085976.31268 -6329.9787897760025 
780564.2633228834 -141550720781.48282 -6488.3248256247025 
783699.0595611279 -145091778055.9666 -6650.633755649709 
786833.8557993724 -148721414375.0262 -6817.004628982808 
789968.6520376169 -152441840307.06595 -6987.538904663114 
793103.4482758614 -156255322328.9222 -7162.34053434028 
796238.244514106 -160164184403.50098 -7341.51603221142 
799373.0407523505 -164170809182.90265 -7525.17453059419 
802507.836990595 -168277639232.2323 -7713.427839234527 
805642.6332288395 -172487178689.61273 -7906.390527271257 
808777.429467084 -176801995341.05057 -8104.1800266518585 
811912.2257053285 -181224722645.49854 -8306.916735379229 
815047.021943573 -185758061279.33395 -8514.724100440495 
818181.8181818175 -190404780272.0166 -8727.728683238067 
821316.614420062 -195167718257.05176 -8946.060231030498 
824451.4106583066 -200049785271.78967 -9169.851773709997 
827586.2068965511 -205053964976.48126 -9399.239739424745 
830721.0031347956 -210183316714.92084 -9634.364062029317 
833855.7993730401 -215440977000.16208 -9875.368260768502 
836990.5956112846 -220830160638.6022 -10122.399501523752 
840125.3918495291 -226354162147.84503 -10375.608669288767 
843260.1880877736 -232016357890.5318 -10635.150470937137 
846394.9843260181 -237820208655.64606 -10901.183555782922 
849529.7805642626 -243769261993.75262 -11173.870622057602 
852664.5768025072 -249867153924.0368 -11453.37849180875 
855799.3730407517 -256117610375.1484 -11739.878170943655 
858934.1692789962 -262524449110.66748 -12033.544929065576 
862068.9655172407 -269091582479.8996 -12334.558415045727 
865203.7617554852 -275823020524.1215 -12643.102787199608 
868338.5579937297 -282722873610.0809 -12959.366820576857 
871473.3542319742 -289795354266.6648 -13283.54397702848 
874608.1504702187 -297044778772.5594 -13615.83246370811 
877742.9467084632 -304475569374.15027 -13956.43532086219 
880877.7429467078 -312092257440.5752 -14305.560553513722 
884012.5391849523 -319899486981.3236 -14663.4212812016 
887147.3354231968 -327902017710.7972 -15030.23586883614 
890282.1316614413 -336104727534.4979 -15406.228033297943 
893416.9278996858 -344512615235.8708 -15791.626961773003 
896551.7241379303 -353130804261.19086 -16186.667483144209 
899686.5203761748 -361964547617.4029 -16591.590293202233 
902821.3166144193 -371019232862.3118 -17006.64218686551 
905956.1128526638 -380300386039.8623 -17432.076244687843 
909090.9090909084 -389813674356.49664 -17868.151964067878 
912225.7053291529 -399564908468.1783 -18315.13537469419 
915360.5015673974 -409560045375.36005 -18773.299183531613 
918495.2978056419 -419805192029.068 -19242.922953602112 
921630.0940438864 -430306608856.58185 -19724.293279751775 
924764.8902821309 -441070712553.3885 -20217.70393089953 
927899.6865203754 -452104078566.13916 -20723.45597767523 
931034.4827586199 -463413444530.0143 -21241.857962821377 
934169.2789968645 -475005715491.13605 -21773.2261519465 
937304.075235109 -486887970306.2336 -22317.884836352456 
940438.8714733535 -499067467549.77795 -22876.16661105651 
943573.667711598 -511551649680.64294 -23448.41257054117 
946708.4639498425 -524348145782.2941 -24034.972436431988 
949843.260188087 -537464774395.0109 -24636.20468658647 
952978.0564263315 -550909547667.3757 -25252.47674181362 
956112.852664576 -564690676658.9033 -25884.16520259766 
959247.6489028205 -578816576633.6237 -26531.6560828736 
962382.445141065 -593295871624.7087 -27195.345008251497 
965517.2413793096 -608137398873.5133 -27875.63740689091 
968652.0376175541 -623350214408.4072 -28572.948751666052 
971786.8338557986 -638943600173.6823 -29287.7048730621 
974921.6300940431 -654927071570.018 -30020.342291149595 
978056.4263322876 -671310383719.1855 -30771.308489665767 
981191.2225705321 -688103535965.4352 -31541.062110073377 
984326.0188087766 -705316775981.3925 -32330.07312845311 
987460.8150470211 -722960605467.0697 -33138.823106619646 
990595.6112852657 -741045788098.1145 -33967.80554780092 
993730.4075235102 -759583358297.1235 -34817.52629843312 
996865.2037617547 -778584631139.8226 -35688.50379727557 
999999.9999999992 -798061137981.0254 -36581.272569826 
