#x u 
0.0 -121418.86258233107 -0.0408342046607286 
3134.796238244514 -196502.75855165633 -0.03668932342438506 
6269.592476489028 -324931.04779557313 -0.03391916246148571 
9404.38871473354 -438613.8263868894 -0.0297374021798172 
12539.184952978056 -535406.2898332973 -0.024408945862656753 
15673.98119122257 -611492.6313558599 -0.018136505731568275 
18808.777429467085 -663932.6173761789 -0.01116272961675361 
21943.5736677116 -690698.3458247657 -0.0037572909969101143 
25078.369905956115 -690754.7878399069 0.0037934419635135006 
28213.16614420063 -664099.7607826731 0.011197482625244285 
31347.962382445145 -611764.0138333465 0.018168516934951542 
34482.75862068966 -535771.3689191539 0.024436975183327797 
37617.55485893417 -439060.4595755181 0.029760456258464435 
40752.35109717868 -325371.09406624286 0.033933101290332085 
43887.14733542319 -199099.63709851407 0.036793554207748984 
47021.943573667704 -65129.00251788892 0.03823120137331501 
50156.739811912215 71360.16883881285 0.03819044900979541 
53291.53605015673 205089.84438536147 0.036672873009991655 
56426.33228840124 330888.7011643056 0.0337371579970092 
59561.12852664575 443892.10076667985 0.029496827991460025 
62695.92476489026 539730.2047684736 0.024115856440638014 
65830.72100313478 614696.9562649821 0.017802325369721494 
68965.51724137929 665893.3929916592 0.010800378855454673 
72100.3134796238 691339.7501169336 0.003380781981264909 
75235.10971786831 690052.0176950133 -0.004169549641232591 
78369.90595611282 662079.9923040268 -0.011558644891221003 
81504.70219435733 608505.3514136876 -0.018500767654072853 
84639.49843260185 531399.8249466274 -0.02472746622921932 
87774.29467084636 433745.081537993 -0.029997954350192764 
90909.09090909087 319317.4274895019 -0.0341084223830763 
94043.88714733538 192541.7771062993 -0.036899918639566966 
97178.68338557989 58320.54137976059 -0.038264496034488435 
100313.4796238244 -78155.94811371976 -0.038149386396671994 
103448.27586206891 -211610.14919522175 -0.03655904101271675 
106583.07210031342 -336881.3914974502 -0.033554958495856546 
109717.86833855794 -449125.4394490671 -0.029253306636239877 
112852.66457680245 -544001.8187339772 -0.023820430195608578 
115987.46081504696 -617841.6623164172 -0.01746641835983413 
119122.25705329147 -667789.5854305766 -0.010436980595749362 
122257.05329153598 -691914.1032327092 -0.0030039450726728496 
125391.84952978049 -689282.321268104 0.004545252925589129 
128526.645768025 -659996.0104745642 0.011918686115438455 
131661.44200626953 -605187.6717029811 0.018831224033692102 
134796.23824451404 -526976.7419398786 0.025015559024926342 
137931.03448275855 -428387.6357361372 0.030232543021324235 
141065.83072100306 -313232.7911776378 0.03428043539202755 
144200.62695924757 -185965.24300699285 0.037002704247907206 
147335.42319749208 -51506.42388979188 0.03829407952550703 
150470.2194357366 84944.1472542412 0.03810462377756673 
153605.0156739811 218109.9305080637 0.03644166325276477 
156739.81191222562 342841.40861402114 0.03336950458987893 
159874.60815047013 454315.21866773214 0.02900694808179404 
163009.40438871464 548220.6714319012 0.023522693671370457 
166144.20062695915 620926.4455732151 0.017128817329190048 
169278.99686520366 669621.0107606564 0.010072570081476348 
172413.79310344817 692421.3494678028 0.0026268168195590046 
175548.58934169268 688445.7732099397 -0.004920515378136712 
178683.3855799372 657848.0174140573 -0.012277571378470393 
181818.1818181817 601811.296474022 -0.01915985402373726 
184952.97805642622 522502.54888178135 -0.025301225629106368 
188087.77429467073 422988.64177414996 -0.030464199519736963 
191222.57053291524 307117.7752630939 -0.03444912363410846 
194357.36677115975 179370.67264087842 -0.037101901063871 
197492.16300940426 44687.31093083968 -0.038319948977147716 
200626.95924764877 -91724.10789127233 -0.03805616549388499 
203761.75548589329 -224588.55792765017 -0.036320751114287564 
206896.5517241378 -348768.17446805513 -0.033180814265749946 
210031.3479623823 -459460.9350800058 -0.02875777622177354 
213166.14420062682 -552386.3536871187 -0.0232226757445853 
216300.94043887133 -623951.0068505805 -0.016789555020801646 
219435.73667711584 -671387.491356903 -0.009707182655827465 
222570.53291536035 -692861.439625773 -0.0022494337985743598 
225705.32915360486 -687542.4546550591 0.005295300603183341 
228840.12539184937 -655636.2214505535 0.012635265873004278 
231974.9216300939 -598376.5531923295 0.019486625751272947 
235109.7178683384 -517977.6797122449 0.025584438335726822 
238244.5141065829 -417548.6232858828 0.030692901377692573 
241379.31034482742 -300972.9728247579 0.03461447074870184 
244514.10658307193 -172758.70559753245 0.037197499466626954 
247648.90282131644 -37863.86387025776 0.038342101880402296 
250783.69905956095 98495.17245473701 0.03800401624546502 
253918.49529780546 231045.40310939943 0.03619631632422715 
257053.29153604998 354661.1142385324 0.03298890582403471 
260188.0877742945 464562.0896167457 0.02850581522268425 
263322.884012539 556498.4614813532 0.02292040551318164 
266457.6802507835 626915.0528044797 0.016448664338804063 
269592.476489028 673088.8558931316 0.009340853756742434 
272727.27272727253 693234.331023464 0.0018718326110790692 
275862.06896551704 686572.4532138903 -0.005669572251321916 
278996.86520376155 653360.8371001717 -0.012991734907216647 
282131.66144200607 594883.7749843796 -0.019811507523591468 
285266.4576802506 513402.5732861095 -0.025865169676751863 
288401.2539184951 412068.1078840388 -0.030918626414015507 
291536.0501567396 294798.97983042494 -0.034776460699237635 
294670.8463949841 166129.9831537859 -0.03728949018434422 
297805.6426332286 31036.744495752366 -0.03836053608672047 
300940.43887147313 -105256.68423736632 -0.03794818109012148 
304075.23510971764 -237479.8398213333 -0.036068370951177646 
307210.03134796215 -360519.6563851387 -0.032793797877414675 
310344.82758620667 -469618.18753074866 -0.028251089521543135 
313479.6238244512 -560556.5959923744 -0.022615912293533096 
316614.4200626957 -629818.2959600998 -0.01610617834526424 
319749.2163009402 -674724.9393585896 -0.008973618913472198 
322884.0125391847 -693539.9874951445 -0.0014940498795929062 
326018.8087774292 -685535.8629642525 0.0060432940229559196 
329153.60501567373 -651022.0850462957 0.013346943908138578 
332288.40125391824 -591333.300605301 0.0201344678312871 
335423.19749216276 -508777.6733305956 0.02614339242480686 
338557.99373040727 -406547.6271090075 0.031141352736243855 
341692.7899686518 -288596.3950790042 0.034935077774747796 
344827.5862068963 -159485.14821152837 0.03737786429509136 
347962.3824451408 -24206.614951198782 0.03837524980821833 
351097.1786833853 112007.9874583874 0.037888665443155396 
354231.9749216298 243891.2440048044 0.03593692740421548 
357366.77115987433 366343.2327036858 0.032595509348882994 
360501.56739811884 474628.7384447267 0.027993623823508312 
363636.36363636336 564560.3636326719 0.022309225617615048 
366771.15987460787 632660.4547397253 0.015762130256973986 
369905.9561128524 676295.5830739596 0.008605513743132644 
373040.7523510969 693778.37939602 0.0011161222442428573 
376175.5485893414 684432.7844422364 -0.006416429671819731 
379310.3448275859 648620.1921181728 -0.013700858425008068 
382445.1410658304 587725.4744060156 -0.020455475351311505 
385579.93730407493 504103.42840226257 -0.026419079595818604 
388714.73354231945 400987.7163773158 -0.03136105874275301 
391849.52978056396 282365.8201424456 -0.03509030659139047 
394984.32601880847 152824.845235362 -0.03746261322770206 
398119.122257053 17374.137672420682 -0.03838624161785184 
401253.9184952975 -118748.42732713048 -0.03782547507682873 
404388.714733542 -250278.993835035 -0.03580199843169532 
407523.5109717865 -372131.27968617645 -0.03239405952972413 
410658.307210031 -479593.23013047496 -0.027733441895398694 
413793.10344827553 -568508.4837422118 -0.02200033432705463 
416927.89968652005 -635430.6252552953 -0.015416066268111196 
420062.69592476456 -677723.3663821308 -0.00823303214292286 
423197.49216300907 -693549.4578347448 -0.0007197500873711958 
426332.2884012536 -681676.5160004367 0.006861678708511365 
429467.0846394981 -641125.7445058783 0.014283991705106903 
432601.8808777426 -570986.5779059444 0.021373784520698654 
435736.6771159871 -471057.458250339 0.027990458750318838 
438871.4733542316 -343801.86337817897 0.033942356282693396 
442006.26959247614 -196933.4188325855 0.0388713084392201 
445141.06583072065 -44304.95540731446 0.042212061231868235 
448275.86206896516 97436.07440811399 0.0433428870787096 
451410.65830720967 216165.22282480815 0.041915542017642915 
454545.4545454542 310868.03712765104 0.03814917384684076 
457680.2507836987 391192.6132829205 0.03279953958738867 
460815.0470219432 468291.87981360464 0.026727113116135154 
463949.8432601877 543433.4536753169 0.020361481378182406 
467084.6394984322 604580.9731128095 0.01353027543225525 
470219.43573667674 635124.2923320491 0.005844673694512344 
473354.23197492125 627535.7061532604 -0.0026890343437731834 
476489.02821316576 589207.0482181225 -0.011415477305851502 
479623.82445141027 534688.6199064902 -0.019398195842907855 
482758.6206896548 471908.4015567053 -0.026061741212950816 
485893.4169278993 396166.84586883534 -0.03147512168619261 
489028.2131661438 297909.42915116844 -0.036001169275824 
492163.0094043883 176120.95655196038 -0.03968551818239999 
495297.8056426328 43318.669161426325 -0.04202789982982453 
498432.60188087734 -83176.03199192313 -0.042379478046831565 
501567.39811912185 -194702.73046537116 -0.0405541550666686 
504702.19435736636 -295538.50506066746 -0.03701564218317574 
507836.99059561087 -393699.9898313759 -0.032445062390551525 
510971.7868338554 -488111.42552113975 -0.027142312313560263 
514106.5830720999 -565769.5585016949 -0.020886684669789976 
517241.3793103444 -612029.2756981398 -0.01339603568242504 
520376.1755485889 -623376.2835570776 -0.004890139931382331 
523510.9717868334 -609452.7622864266 0.003848493096199914 
526645.768025078 -582304.7351483766 0.011992405554357087 
529780.5642633225 -544037.1583675093 0.01922584170486783 
532915.360501567 -485549.9052286679 0.025753791549296242 
536050.1567398115 -397443.5630563131 0.0317578010036143 
539184.952978056 -281755.5548254012 0.036892150692647084 
542319.7492163006 -152714.56678190746 0.04038948506755212 
545454.5454545451 -26285.144864618087 0.0417051098547923 
548589.3416927896 90415.96017816494 0.0410403816418119 
551724.1379310341 199347.27116882196 0.039178569175346206 
554858.9341692786 302361.8962018013 0.03676310714660466 
557993.7304075231 393529.4664822551 0.033728547577198544 
561128.5266457676 461879.53338032914 0.029449405582512772 
564263.3228840121 501797.8389232662 0.02344744003932578 
567398.1191222566 519480.02375414036 0.015943912167871357 
570532.9153605012 527514.0179119073 0.007726072671023412 
573667.7115987457 532250.3099900195 -0.0004892470232530418 
576802.5078369902 526844.2482735568 -0.008515861647280413 
579937.3040752347 497644.1973464376 -0.016526108696435567 
583072.1003134792 437958.8657225451 -0.0244752513192835 
586206.8965517237 355367.0096813636 -0.031771328591994115 
589341.6927899682 265136.7094519015 -0.03756374106448946 
592476.4890282127 176581.8818479315 -0.04135760388259931 
595611.2852664572 86452.39241763702 -0.043311437373800575 
598746.0815047018 -13951.27851863371 -0.04390812789427513 
601880.8777429463 -125635.99289791155 -0.04334871892337648 
605015.6739811908 -236743.0579381611 -0.04130923330631186 
608150.4702194353 -330941.4172191308 -0.03731690152266584 
611285.2664576798 -400713.13558221865 -0.03134847258337981 
614420.0626959243 -451712.2253789199 -0.024017585962899112 
617554.8589341688 -493757.74987631326 -0.016148208498561665 
620689.6551724133 -528056.7014196578 -0.00817450211770528 
623824.4514106578 -544185.5495622144 1.2184716919211053e-05 
626959.2476489024 -530064.6355783725 0.008620388050559112 
630094.0438871469 -484469.5565942116 0.017398382672188573 
633228.8401253914 -418932.94589622883 0.025558913343616502 
636363.6363636359 -347020.7485714159 0.03228074698629172 
639498.4326018804 -272210.160646369 0.03727203122238703 
642633.2288401249 -187030.29392197757 0.040814806786909394 
645768.0250783694 -84253.2770313826 0.0432543688664506 
648902.8213166139 31765.522847386783 0.04447891628027496 
652037.6175548584 145663.95003840595 0.04394257791010948 
655172.413793103 243107.04115038097 0.04121090174941763 
658307.2100313475 321779.7758675455 0.03645612850624458 
661442.006269592 389941.2147306169 0.030380152548218485 
664576.8025078365 454218.22363535955 0.023642511294050424 
667711.598746081 509613.599514188 0.016388622526550753 
670846.3949843255 542347.6855000095 0.008365556508890603 
673981.19122257 542631.0312603074 -0.0005071385620302978 
677115.9874608145 514000.9309723955 -0.00972371204077767 
680250.783699059 469446.3309869664 -0.01838312361142458 
683385.5799373036 418409.4807630847 -0.02579667778680255 
686520.3761755481 358309.035088259 -0.03188648066679355 
689655.1724137926 279436.56149057345 -0.03696858287306629 
692789.9686520371 177985.8515772983 -0.04116073249130078 
695924.7648902816 63403.85149119383 -0.04404761848693828 
699059.5611285261 -47789.941738708556 -0.04496349046673779 
702194.3573667706 -145354.5163885714 -0.04360060284388677 
705329.1536050151 -231964.5235818791 -0.0403071958398931 
708463.9498432596 -316320.63145165006 -0.03576296427915063 
711598.7460815042 -400142.23121055943 -0.030371971341302713 
714733.5423197487 -472869.286303136 -0.024007215955637515 
717868.3385579932 -519772.64649174723 -0.016368584161893636 
721003.1347962377 -535053.8760669323 -0.007568812789452201 
724137.9310344822 -526252.7433561397 0.0016791187547555023 
727272.7272727267 -505400.20686670265 0.010481721813411731 
730407.5235109712 -476261.4045273388 0.01836297663161887 
733542.3197492157 -431085.7961678127 0.02542503223673676 
736677.1159874602 -360247.015518767 0.0319161256099493 
739811.9122257048 -264572.5969613872 0.03767287888123819 
742946.7084639493 -157315.14169687766 0.042034796530734414 
746081.5047021938 -53589.825444062066 0.044330476551470654 
749216.3009404383 41740.27986060425 0.04443209054823114 
752351.0971786828 135140.9201202913 0.04280106097530796 
755485.8934169273 233476.95773436496 0.03998068609900731 
758620.6896551718 332733.49446433375 0.03607030085174187 
761755.4858934163 418401.63012615545 0.030732001271905417 
764890.2821316608 477263.8622752883 0.02371820950904565 
768025.0783699054 508316.63129549334 0.015358483686655159 
771159.8746081499 521463.58829030534 0.006485097416229876 
774294.6708463944 525452.689014123 -0.002134525735696988 
777429.4670846389 517808.80764297536 -0.010273448458928209 
780564.2633228834 487377.173264946 -0.018141797281738477 
783699.0595611279 426797.7841179628 -0.025826610514478484 
786833.8557993724 341761.9797953806 -0.03287721818015152 
789968.6520376169 247263.91318694968 -0.038484405266237434 
793103.4482758614 154709.65765997506 -0.04207601547579552 
796238.244514106 63330.04780673821 -0.04371247459002879 
799373.0407523505 -35210.298901144895 -0.04387455011038304 
802507.836990595 -144008.59456455446 -0.04287261080768192 
805642.6332288395 -253546.01836246956 -0.040501930270891995 
808777.429467084 -347647.8623001407 -0.03630693067698206 
811912.2257053285 -416663.895075207 -0.030174287510645454 
815047.021943573 -464156.60415855073 -0.022626780175026923 
818181.8181818175 -500204.521834836 -0.014502430481679627 
821316.614420062 -528483.2971628723 -0.0063477867184494234 
824451.4106583066 -540799.0452520378 0.0018472749502246183 
827586.2068965511 -524877.5801543584 0.010306642286874034 
830721.0031347956 -477244.4306887932 0.018890675135487655 
833855.7993730401 -407653.48838219966 0.026904764801525923 
836990.5956112846 -330384.42974090495 0.033507811730361124 
840125.3918495291 -251505.9139667967 0.038303265513552544 
843260.1880877736 -165408.35522939556 0.04150263235530408 
846394.9843260181 -64132.257388928556 0.043499649713642584 
849529.7805642626 50455.16775102603 0.0443110205412066 
852664.5768025072 164584.5194810989 0.04347732233946982 
855799.3730407517 262941.0775335431 0.040531101494715074 
858934.1692789962 340717.71803110355 0.03554028195082219 
862068.9655172407 404849.04309505154 0.02915358745066881 
865203.7617554852 463284.27604902454 0.0220960411960704 
868338.5579937297 513716.2541793493 0.014638382218638451 
871473.3542319742 543727.7919182512 0.006589215317646917 
874608.1504702187 542282.066581216 -0.002192904537813921 
877742.9467084632 510531.0606231304 -0.011318131363695893 
880877.7429467078 460611.2236441382 -0.019933565671065415 
884012.5391849523 403700.0875024464 -0.027282181289166506 
887147.3354231968 339864.48652606993 -0.033177621388958 
890282.1316614413 260309.03729536908 -0.037908221228702486 
893416.9278996858 159563.31190451208 -0.04168281612406852 
896551.7241379303 44676.03324075124 -0.044210921356132735 
899686.5203761748 -68379.93712205639 -0.04486625822020399 
902821.3166144193 -167451.7101579348 -0.043266820696846287 
905956.1128526638 -252853.2260125894 -0.039664458336744195 
909090.9090909084 -332987.55502006056 -0.034735029949453114 
912225.7053291529 -411711.7224732716 -0.028987995264464224 
915360.5015673974 -480878.8041334155 -0.022411697496871972 
918495.2978056419 -526025.2790675164 -0.014720068659741466 
921630.0940438864 -539327.5104545087 -0.005931950206322176 
924764.8902821309 -526289.4172942104 0.003336955639777809 
927899.6865203754 -499194.7553354872 0.012188271692082251 
931034.4827586199 -464245.29978219955 0.02004346899250694 
934169.2789968645 -415907.6306035985 0.026914376101902227 
937304.075235109 -344372.9313499009 0.033070589700928174 
940438.8714733535 -248215.6912944304 0.03846618972288164 
943573.667711598 -138850.078209217 0.042539771865149845 
946708.4639498425 -31990.455321559846 0.04460735545572421 
949843.260188087 65032.28424834818 0.04444236896516693 
952978.0564263315 156910.91764785163 0.042438275692717894 
956112.852664576 251295.2690435472 0.039186083307083244 
959247.6489028205 346718.00539522065 0.03491159517252811 
962382.445141065 430363.33504402393 0.029361799843232516 
965517.2413793096 488163.5522623928 0.02225474110621636 
968652.0376175541 516732.1401529913 0.01381247190452479 
971786.8338557986 524698.3844948763 0.004807640471276809 
974921.6300940431 522133.6295439086 -0.003935768565268102 
978056.4263322876 509250.4295638387 -0.012074450948739072 
981191.2225705321 476282.24261145154 -0.019764196159829182 
984326.0188087766 414658.68378836114 -0.0271589265775621 
987460.8150470211 327686.0586135022 -0.033930360769444036 
990595.6112852657 229443.27868297714 -0.03932562779953257 
993730.4075235102 132900.44788984797 -0.04270984188782873 
996865.2037617547 42037.86323066725 -0.04414229144426286 
999999.9999999992 -121418.86258509893 -0.04083420466085546 
