#x u 
0.0 186954.49601055682 0.0011101558812779983 
3134.796238244514 309995.18008410826 -0.0027730916970191734 
6269.592476489028 509696.19518457126 -0.002485688622425583 
9404.38871473354 687842.164857783 -0.002186739557737033 
12539.184952978056 839447.0986671073 -0.0018005798137641074 
15673.98119122257 958588.7501425707 -0.0013448781284621852 
18808.777429467085 1040661.8465917095 -0.0008371679259673464 
21943.5736677116 1082492.5767196044 -0.0002970844942119028 
25078.369905956115 1082463.348015819 0.00025448718705209177 
28213.16614420063 1040575.290751379 0.0007962178556425196 
31347.962382445145 958448.2149742 0.0013071588011651014 
34482.75862068966 839257.9724962271 0.0017675519509955792 
37617.55485893417 687613.6467891082 0.002159593914409769 
40752.35109717868 509379.31985028746 0.0024681244392242667 
43887.14733542319 311447.30830984656 0.0026812126583407557 
47021.943573667704 101471.63773174802 0.002790618456055851 
50156.739811912215 -112427.93834890898 0.002792111113113789 
53291.53605015673 -321979.9290767531 0.002685632908506279 
56426.33228840124 -519080.96460510005 0.002475301351542324 
59561.12852664575 -696109.1531900304 0.0021692499578740117 
62695.92476489026 -846218.8195391763 0.0017793137266649195 
65830.72100313478 -963605.2268912003 0.0013205714814906785 
68965.51724137929 -1043729.0460302694 0.0008107627726367944 
72100.3134796238 -1083491.8910247702 0.00026960188916609563 
75235.10971786831 -1081356.133727972 -0.0002819844921091565 
78369.90595611282 -1037404.3638171112 -0.0008226665406570583 
81504.70219435733 -953336.1950527977 -0.0013315360961988557 
84639.49843260185 -832402.5412605903 -0.00178891518670507 
87774.29467084636 -679279.9035807803 -0.0021771169750445666 
90909.09090909087 -499889.53029504424 -0.0024811297085007913 
94043.88714733538 -301168.44231461216 -0.002689197222845798 
97178.68338557989 -90801.17876816326 -0.0027932735528947133 
100313.4796238244 123077.36391964632 -0.00278933406976312 
103448.27586206891 332196.5082541803 -0.002677531113157784 
106583.07210031342 528469.6225471452 -0.0024621881004042983 
109717.86833855794 704306.8307465317 -0.002151632340015342 
112852.66457680245 852908.5127394558 -0.001757873014894472 
115987.46081504696 968528.2454790866 -0.0012961367875560367 
119122.25705329147 1046695.0170093465 -0.0007842789854953657 
122257.05329153598 1084386.1203770314 -0.0002420931361545249 
125391.84952978049 1080144.0416284096 0.00030945444825163483 
128526.645768025 1034132.8218346229 0.0008490354374649776 
131661.44200626953 948131.7136278766 0.0013557842491417789 
134796.23824451404 825466.3775499922 0.0018101049203606842 
137931.03448275855 670880.2788486828 0.0021944288829821718 
141065.83072100306 490351.25780397543 0.002493894339705996 
144200.62695924757 290860.3668053217 0.002696920969373146 
147335.42319749208 80121.91324341495 0.0027956577376736912 
150470.2194357366 -133714.8525491701 0.002786286496432403 
153605.0156739811 -342380.8685892129 0.0026691696312961307 
156739.81191222562 -537807.0256473855 0.002448836048290416 
159874.60815047013 -712436.1994851714 0.002133806041145478 
163009.40438871464 -859515.484645967 0.001736261811766537 
166144.20062695915 -973357.3291275033 0.0012715763848139081 
169278.99686520366 -1049559.471864836 0.0007577191332526988 
172413.79310344817 -1085175.1780473555 0.00021456090318334585 
175548.58934169268 -1078827.1892746752 -0.0003368943912426584 
178683.3855799372 -1030760.9821019394 -0.0008753219886182472 
181818.1818181817 -942835.2754680366 -0.0013799009082311109 
184952.97805642622 -818450.154084219 -0.0018311190968275373 
188087.77429467073 -662415.5872497618 -0.002211527959186447 
191222.57053291524 -480765.42746845185 -0.002506417094829438 
194357.36677115975 -280524.0815342928 -0.0027043831488218536 
197492.16300940426 -69434.87690973615 -0.002797770779198216 
200626.95924764877 144339.37253692196 -0.00278296868873148 
203761.75548589329 352532.022321446 -0.002660549273567195 
206896.5517241378 547092.2682774027 -0.0024352464893136576 
210031.3479623823 720496.47098336 -0.002115772791240236 
213166.14420062682 866039.0946625457 -0.0017144822222868806 
216300.94043887133 978092.0096562412 -0.001246892663542891 
219435.73667711584 1052322.1316241284 -0.0007310857388490477 
222570.53291536035 1085858.9840635383 -0.00018700770268117312 
225705.32915360486 1077405.7061427508 0.0003643015791723119 
228840.12539184937 1027289.1981573218 0.0009015224293765613 
231974.9216300939 937447.4321749288 0.0014038819965466595 
235109.7178683384 811354.4570702595 0.0018519599994673867 
238244.5141065829 653886.2468898103 0.0022284310115325617 
241379.31034482742 471132.7503239198 0.002518706782582942 
244514.10658307193 270162.3782136033 0.0027115010235095015 
247648.90282131644 58745.63965458048 0.0027994046726674705 
250783.69905956095 -154950.17056155714 0.00277939367109524 
253918.49529780546 -362671.0100181214 0.002652680456555853 
257053.29153604998 -556365.5420661804 0.002423304313576331 
260188.0877742945 -728472.0770914621 0.002096856564077632 
263322.884012539 -872283.5771580028 0.0016835919092121282 
266457.6802507835 -982407.0466875146 0.0012072007871426257 
269592.476489028 -1055047.7365657093 0.0007073612144551165 
272727.27272727253 -1087667.2036154026 0.0002158043035439287 
275862.06896551704 -1078124.8760439577 -0.0002887609681857524 
278996.86520376155 -1024575.9207585523 -0.0008883002220492668 
282131.66144200607 -927493.0564151247 -0.0016328788034089175 
285266.4576802506 -792815.8368561317 -0.002393531848909102 
288401.2539184951 -632444.326283865 -0.0028340942882768465 
291536.0501567396 -459540.57647250977 -0.0026184765576236163 
294670.8463949841 -281786.1834747998 -0.0017093891338868317 
297805.6426332286 -99273.497062236 -0.0004528307202162074 
300940.43887147313 90548.48632158984 0.0006621636968528934 
304075.23510971764 286044.4071361606 0.0013309707252835944 
307210.03134796215 479259.8352711192 0.0015458155538401394 
310344.82758620667 659104.2305850488 0.001464272503908062 
313479.6238244512 815417.4027131206 0.001236432828910494 
316614.4200626957 940643.0032407132 0.0009404009940015001 
319749.2163009402 1029540.506091143 0.0006058705000960723 
322884.0125391847 1078625.7052549268 0.0002479110102435371 
326018.8087774292 1086000.477400281 -0.00011963519170888313 
329153.60501567373 1051379.6402866486 -0.0004825551040148683 
332288.40125391824 976101.9807542763 -0.0008268146234243056 
335423.19749216276 863078.4838730963 -0.0011391012435786165 
338557.99373040727 716679.7652283501 -0.0014073388492736984 
341692.7899686518 542567.0593334327 -0.0016211546995100884 
344827.5862068963 347473.2998434849 -0.0017722805411085497 
347962.3824451408 138942.75719199638 -0.001854872341838211 
351097.1786833853 -74960.69814399569 -0.0018657362789857024 
354231.9749216298 -285965.42529841996 -0.0018044522443936423 
357366.77115987433 -485911.877146041 -0.001673390090031826 
360501.56739811884 -667068.1297703852 -0.0014776179858852212 
363636.36363636336 -822428.8757536828 -0.0012247064339569744 
366771.15987460787 -945986.3192263419 -0.0009244355171594406 
369905.9561128524 -1032962.4971716808 -0.0005884167037710063 
373040.7523510969 -1079994.0431273053 -0.00022964383227000213 
376175.5485893414 -1085262.24847577 0.00013800936004985291 
379310.3448275859 -1048563.3918579087 0.0005003257341276305 
382445.1410658304 -971316.6170723184 0.0008432945255201912 
385579.93730407493 -856509.0548228254 0.0011536531402867095 
388714.73354231945 -708580.3104544912 0.0014194000191395887 
391849.52978056396 -533250.7845343003 0.0016302587374193867 
394984.32601880847 -337300.46511505137 0.00177807539416012 
398119.122257053 -128306.74577966714 0.0018571339232203686 
401253.9184952975 85648.59196490435 0.0018643771334071763 
404388.714733542 296291.90096124733 0.0017995249299774599 
407523.5109717865 495477.61011457903 0.0016650851458939846 
410658.307210031 675503.2134079592 0.001466256563992194 
413793.10344827553 829407.1256028429 0.001210727880187828 
416927.89968652005 951237.8865530627 0.0009083803818125359 
420062.69592476456 1036284.3040086513 0.0005709058384985089 
423197.49216300907 1081257.6352934616 0.00021135438176115022 
426332.2884012536 1084418.762896024 -0.00015637014323567958 
429467.0846394981 1045645.4460969488 -0.0005180478389983263 
432601.8808777426 966437.0480142585 -0.0008596926387569375 
435736.6771159871 849856.5552719308 -0.0011680931472915976 
438871.4733542316 700412.1323895126 -0.0014313235252300313 
442006.26959247614 523882.79118137166 -0.0016392046609354956 
445141.06583072065 327094.9165252282 -0.001783697796480077 
448275.86206896516 117658.29024249449 -0.0018592153861976529 
451410.65830720967 -96328.178960135 -0.0018628371669244543 
454545.4545454542 -306589.64007259905 -0.0017944230844971695 
457680.2507836987 -504995.2880475185 -0.0016566187096436358 
460815.0470219432 -683872.7818127455 -0.0014547529338339114 
463949.8432601877 -836304.933494317 -0.0011966319011905441 
467084.6394984322 -956397.1958855415 -0.0008922371451050353 
470219.43573667674 -1039505.6044289797 -0.0005533396026102047 
473354.23197492125 -1082416.3592010043 -0.00019304443256146567 
476489.02821316576 -1083470.1024684338 0.000174715760503482 
479623.82445141027 -1042626.0860074514 0.0005357196998078077 
482758.6206896548 -961463.7468363255 0.000876007372725837 
485893.4169278993 -843121.6304283832 0.0011824198640960548 
489028.2131661438 -692176.0232429503 0.0014431082111164267 
492163.0094043883 -514463.98785102705 0.0016479916024174923 
495297.8056426328 -316857.6438826189 0.0017891472027668255 
498432.60188087734 -106998.4233454352 0.0018611165288945526 
501567.39811912185 106998.4233453749 0.001861116528894556 
504702.19435736636 316857.6438825611 0.0017891472027668325 
507836.99059561087 514463.9878509738 0.00164799160241752 
510971.7868338554 692176.023242904 0.0014431082111165021 
514106.5830720999 843121.6304283447 0.0011824198640961311 
517241.3793103444 961463.7468362971 0.000876007372725955 
520376.1755485889 1042626.0860074335 0.0005357196998079065 
523510.9717868334 1083470.1024684273 0.00017471576050356733 
526645.768025078 1082416.3592010099 -0.00019304443256139227 
529780.5642633225 1039505.6044289973 -0.0005533396026101258 
532915.360501567 956397.1958855715 -0.0008922371451049668 
536050.1567398115 836304.9334943568 -0.0011966319011904748 
539184.952978056 683872.7818127936 -0.0014547529338338454 
542319.7492163006 504995.28804757295 -0.0016566187096435266 
545454.5454545451 306589.6400726574 -0.0017944230844970915 
548589.3416927896 96328.17896019519 -0.001862837166924404 
551724.1379310341 -117658.29024243446 -0.0018592153861976355 
554858.9341692786 -327094.9165251701 -0.001783697796480091 
557993.7304075231 -523882.7911813184 -0.0016392046609355494 
561128.5266457676 -700412.1323894666 -0.001431323525230119 
564263.3228840121 -849856.5552718934 -0.0011680931472917155 
567398.1191222566 -966437.0480142306 -0.0008596926387570434 
570532.9153605012 -1045645.4460969318 -0.000518047838998358 
573667.7115987457 -1084418.762896019 -0.0001563701432357519 
576802.5078369902 -1081257.635293469 0.0002113543817610715 
579937.3040752347 -1036284.3040086703 0.0005709058384984157 
583072.1003134792 -951237.8865530924 0.0009083803818124257 
586206.8965517237 -829407.1256028822 0.0012107278801877222 
589341.6927899682 -675503.213408007 0.0014662565639920883 
592476.4890282127 -495477.61011463386 0.0016650851458938788 
595611.2852664572 -296291.90096130694 0.0017995249299774078 
598746.0815047018 -85648.59196496662 0.0018643771334071798 
601880.8777429463 128306.74577960557 0.001857133923220386 
605015.6739811908 337300.465114993 0.001778075394160153 
608150.4702194353 533250.7845342475 0.0016302587374194197 
611285.2664576798 708580.3104544448 0.0014194000191396043 
614420.0626959243 856509.0548227874 0.0011536531402867563 
617554.8589341688 971316.6170722909 0.000843294525520258 
620689.6551724133 1048563.3918578922 0.0005003257341277159 
623824.4514106578 1085262.2484757656 0.00013800936004998584 
626959.2476489024 1079994.043127313 -0.0002296438322698486 
630094.0438871469 1032962.4971716999 -0.0005884167037708229 
633228.8401253914 945986.3192263722 -0.0009244355171592793 
636363.6363636359 822428.8757537234 -0.001224706433956853 
639498.4326018804 667068.1297704355 -0.0014776179858851613 
642633.2288401249 485911.87714609783 -0.0016733900900318 
645768.0250783694 285965.4252984803 -0.0018044522443936215 
648902.8213166139 74960.69814405715 -0.0018657362789856729 
652037.6175548584 -138942.7571919357 -0.0018548723418381902 
655172.413793103 -347473.2998434271 -0.0017722805411085306 
658307.2100313475 -542567.0593333798 -0.0016211546995100884 
661442.006269592 -716679.765228304 -0.001407338849273754 
664576.8025078365 -863078.4838730586 -0.0011391012435787154 
667711.598746081 -976101.9807542491 -0.0008268146234244262 
670846.3949843255 -1051379.640286633 -0.0004825551040149845 
673981.19122257 -1086000.4774002766 -0.0001196351917089934 
677115.9874608145 -1078625.7052549338 0.00024791101024347487 
680250.783699059 -1029540.5060911623 0.0006058705000960263 
683385.5799373036 -940643.0032407446 0.0009404009940014307 
686520.3761755481 -815372.0541322003 0.0012385115047597447 
689655.1724137926 -658533.1461651683 0.0014904497153324127 
692789.9686520371 -475763.6950156391 0.0017060706745275715 
695924.7648902816 -272221.00466926035 0.0019646040662650976 
699059.5611285261 -51043.466264099035 0.0024729839999180596 
702194.3573667706 185650.0382110134 0.0035064735452416205 
705329.1536050151 430604.2069958332 0.005112090720102314 
708463.9498432596 663812.88918701 0.00674490183526716 
711598.7460815042 854294.8237388838 0.007335028128355166 
714733.5423197487 977225.2837438189 0.006059377933565085 
717868.3385579932 1034235.519954246 0.003259953041614802 
721003.1347962377 1053854.9847199332 0.00045378550272203767 
724137.9310344822 1065018.5555382664 -0.0008895249023794776 
727272.7272727267 1066976.1717791487 -0.0007326255538738156 
730407.5235109712 1028033.7250287929 -0.0005308996568735382 
733542.3197492157 917803.2971053696 -0.001754088214283361 
736677.1159874602 741049.1827470447 -0.004331894363512052 
739811.9122257048 537243.0889347345 -0.0066686454856474 
742946.7084639493 345164.2520367871 -0.007257682646099285 
746081.5047021938 169073.82983623922 -0.006221374131415755 
749216.3009404383 -18154.592825883 -0.0051553351214158535 
752351.0971786828 -238359.10936941305 -0.00543366842006574 
755485.8934169273 -476696.04877764813 -0.006755532871909659 
758620.6896551718 -688880.6814570061 -0.007462363321214036 
761755.4858934163 -839776.3863419653 -0.006292350351678445 
764890.2821316608 -933057.948429214 -0.0037266513462735355 
768025.0783699054 -1001048.670513138 -0.0015114541687099388 
771159.8746081499 -1065682.1394433992 -0.0008583227111642793 
774294.6708463944 -1111841.139974529 -0.0012141404172273497 
777429.4670846389 -1101231.8350232576 -0.0008916642398323453 
780564.2633228834 -1012259.6258718198 0.001105288440996863 
783699.0595611279 -863985.968745046 0.003983468826804893 
786833.8557993724 -698944.3985916306 0.005944758748581972 
789968.6520376169 -542796.750075818 0.006029578407157033 
793103.4482758614 -383085.8978711577 0.005082432654529553 
796238.244514106 -189186.10522819203 0.004826856191977912 
799373.0407523505 47813.60227140351 0.0060248868083800245 
802507.836990595 297529.5341592731 0.007657569726047713 
805642.6332288395 513789.84755487804 0.00798798922574919 
808777.429467084 674815.9237394116 0.0063884164720316 
811912.2257053285 798151.4672575477 0.00401029617897442 
815047.021943573 914970.4855964802 0.0025931534565449108 
818181.8181818175 1031079.2722333982 0.002665003276948268 
821316.614420062 1115857.2091738607 0.003025295590403944 
824451.4106583066 1130934.9462175132 0.0020516067177765245 
827586.2068965511 1068572.3887991232 -0.0005464732087959554 
830721.0031347956 959462.2645520751 -0.0033721320100645975 
833855.7993730401 841789.2537806202 -0.004759205063374646 
836990.5956112846 724044.645223209 -0.004473413468557592 
840125.3918495291 580576.0325595707 -0.003910364220929558 
843260.1880877736 384355.352535117 -0.004585039768157894 
846394.9843260181 142269.95536457348 -0.006503459670101538 
849529.7805642626 -104429.38569038265 -0.008129703953238311 
852664.5768025072 -315268.6028841272 -0.007982931899282609 
855799.3730407517 -484633.20492498705 -0.006185185379100471 
858934.1692789962 -639293.592636627 -0.004333283662180285 
862068.9655172407 -802322.4956538682 -0.0038305834958005476 
865203.7617554852 -961664.3842976394 -0.004432902056889859 
868338.5579937297 -1076671.4440582145 -0.004536184753145519 
871473.3542319742 -1115947.43676007 -0.002901160501650053 
874608.1504702187 -1086885.5977320888 4.3684367841047983e-07 
877742.9467084632 -1025989.5205538548 0.0024346742325429853 
880877.7429467078 -960251.6464602264 0.0031780885877327495 
884012.5391849523 -880217.5701538377 0.002751823791212144 
887147.3354231968 -752987.8044394228 0.002822265079525832 
890282.1316614413 -561344.3191456898 0.004401444160311585 
893416.9278996858 -327678.5092618673 0.006741620025308556 
896551.7241379303 -97351.94468231297 0.008087209751699314 
899686.5203761748 101258.52762536498 0.007493713161303659 
902821.3166144193 278313.68720848113 0.0058018735162082185 
905956.1128526638 463338.5293483121 0.004744310866069598 
909090.9090909084 665833.3625252843 0.005125358280450817 
912225.7053291529 857411.9039014677 0.005988048928845137 
915360.5015673974 994533.2002233888 0.0056427856090807615 
918495.2978056419 1058179.1438309487 0.0034742263108109295 
921630.0940438864 1068992.4399903354 0.0006252590542658628 
924764.8902821309 1062165.8302859932 -0.0011616243719038387 
927899.6865203754 1048637.966308612 -0.0013280227779165908 
931034.4827586199 1003466.3122106955 -0.0010347894065853834 
934169.2789968645 893586.4417537759 -0.0018889304384716666 
937304.075235109 715691.0465543303 -0.004203782626420796 
940438.8714733535 504282.3272340121 -0.0066236556173604865 
943573.667711598 301275.8756645945 -0.00750838873619605 
946708.4639498425 118907.25063733154 -0.006622756976635558 
949843.260188087 -65330.7671134148 -0.005355943803171217 
952978.0564263315 -276721.1703697564 -0.005242421682675551 
956112.852664576 -508275.95553037775 -0.00634096503180233 
959247.6489028205 -719780.7068590566 -0.007176196784600049 
962382.445141065 -872233.191950368 -0.0063029462952577525 
965517.2413793096 -961753.1361151529 -0.0038473478512412837 
968652.0376175541 -1017591.3253572593 -0.0014038269143741488 
971786.8338557986 -1066589.4859571408 -0.0003962137081914348 
974921.6300940431 -1101658.7073894767 -0.0006253844451557506 
978056.4263322876 -1087537.3555749317 -0.0005283256874200038 
981191.2225705321 -997816.3432403414 0.0011267725354377222 
984326.0188087766 -844291.141166535 0.003894264522575676 
987460.8150470211 -667728.8866765093 0.006070585810370843 
990595.6112852657 -499661.0603703555 0.006439345266342677 
993730.4075235102 -335136.1802758656 0.005505231223025037 
996865.2037617547 -147751.81612452952 0.00505518928887593 
999999.9999999992 186954.49601021397 0.0011101558812622835 
