#x u 
0.0 1.632252927713782e+19 748187632087.1573 
3134.796238244514 -4.084741048221928e+17 -18723524281.540348 
6269.592476489028 1.0052286899230834e+16 460773977.1051104 
9404.38871473354 -421408096315133.44 -19316389.0882512 
12539.184952978056 -163657150326761.94 -7501671.726949257 
15673.98119122257 -174462486311789.4 -7996963.7554911105 
18808.777429467085 -178658823711737.56 -8189314.313441814 
21943.5736677116 -183132221028568.47 -8394364.667263953 
25078.369905956115 -187713216751687.16 -8604347.086873472 
28213.16614420063 -192408914972345.2 -8819587.208001688 
31347.962382445145 -197222074614873.94 -9040211.493803736 
34482.75862068966 -202155636759857.84 -9266354.757074257 
37617.55485893417 -207212613230165.3 -9498155.053250765 
40752.35109717868 -212396091261171.66 -9735753.894546365 
43887.14733542319 -217709235315374.4 -9979296.333079115 
47021.943573667704 -223155289018973.06 -10228931.049386548 
50156.739811912215 -228737577139215.06 -10484810.443331582 
53291.53605015673 -234459507613842.8 -10747090.727162825 
56426.33228840124 -240324573633010.25 -11015932.020822423 
59561.12852664575 -246336355772562.88 -11291498.449668601 
62695.92476489026 -252498524179074.7 -11573958.244712554 
65830.72100313478 -258814840809720.06 -11863483.845349835 
68965.51724137929 -265289161729767.7 -12160252.0045844 
72100.3134796238 -271925439466402.3 -12464443.896934696 
75235.10971786831 -278727725420546.25 -12776245.22907879 
78369.90595611282 -285700172340413.44 -13095846.353202578 
81504.70219435733 -292847036856542.56 -13423442.383199904 
84639.49843260185 -300172682079736.3 -13759233.313801331 
87774.29467084636 -307681580264534.6 -14103424.142657096 
90909.09090909087 -315378315539334.94 -14456224.99547508 
94043.88714733538 -323267586704415.75 -14817851.25431013 
97178.68338557989 -331354210100249.56 -15188523.689052312 
100313.4796238244 -339643122547460.4 -15568468.592211377 
103448.27586206891 -348139384360620.56 -15957917.91706109 
106583.07210031342 -356848182437979.6 -16357109.41921743 
109717.86833855794 -365774833427902.4 -16766286.801789436 
112852.66457680245 -374924786974096.56 -17185699.864185315 
115987.46081504696 -384303629042673.7 -17615604.654615074 
119122.25705329147 -393917085332783.3 -18056263.62639431 
122257.05329153598 -403771024772550.6 -18507945.79816023 
125391.84952978049 -413871463102313.8 -18970926.918104395 
128526.645768025 -424224566547377.9 -19445489.632321484 
131661.44200626953 -434836655582622.25 -19931923.65737302 
134796.23824451404 -445714208791452.06 -20430525.957160104 
137931.03448275855 -456863866821421.94 -20941600.924212877 
141065.83072100306 -468292436438714.0 -21465460.565517068 
144200.62695924757 -480006894683851.2 -22002424.692995712 
147335.42319749208 -492014393131258.3 -22552821.11875954 
150470.2194357366 -504322262255456.9 -23116985.855235886 
153605.0156739811 -516938015906522.5 -23695263.320298947 
156739.81191222562 -529869355897350.8 -24288006.547533218 
159874.60815047013 -543124176705508.8 -24895577.40176021 
163009.40438871464 -556710570292637.2 -25518346.7999562 
166144.20062695915 -570636831044428.5 -26156694.937693827 
169278.99686520366 -584911460834143.5 -26811011.521247905 
172413.79310344817 -599543174212677.8 -27481696.005509827 
175548.58934169268 -614540903728431.4 -28169157.83785285 
178683.3855799372 -629913805380289.1 -28873816.70809421 
181818.1818181817 -645671264207032.8 -29596102.804709062 
184952.97805642622 -661822900016536.1 -30336457.07745652 
188087.77429467073 -678378573258223.0 -31095331.506578233 
191222.57053291524 -695348391042414.0 -31873189.3787307 
194357.36677115975 -712742713310303.1 -32670505.569816068 
197492.16300940426 -730572159158368.5 -33487766.83488239 
200626.95924764877 -748847613321003.2 -34325472.105274424 
203761.75548589329 -767580232815250.1 -35184132.79322044 
206896.5517241378 -786781453751733.2 -36064273.10403863 
210031.3479623823 -806462998316071.9 -36966430.35615062 
213166.14420062682 -826636881925056.1 -37891155.30909781 
216300.94043887133 -847315420561964.2 -38839012.49976608 
219435.73667711584 -868511238295504.8 -39810580.58702876 
222570.53291536035 -890237274987019.1 -40806452.70501899 
225705.32915360486 -912506794190677.8 -41827236.82524651 
228840.12539184937 -935333391251491.9 -42873556.127778776 
231974.9216300939 -958731001606005.4 -43946049.381711625 
235109.7178683384 -982713909290651.5 -45045371.33515829 
238244.5141065829 -1007296755662860.2 -46172193.1149902 
241379.31034482742 -1032494548340091.1 -47327202.636568576 
244514.10658307193 -1058322670362146.2 -48511105.02371269 
247648.90282131644 -1084796889582296.6 -49724623.03915987 
250783.69905956095 -1111933368293021.1 -50968497.52578093 
253918.49529780546 -1139748673092351.2 -52243487.85882523 
257053.29153604998 -1168259784997010.8 -53550372.409479536 
260188.0877742945 -1197484109808644.8 -54889949.0200326 
263322.884012539 -1227439488739625.8 -56263035.490942515 
266457.6802507835 -1258144209304995.5 -57670470.08010657 
269592.476489028 -1289617016487198.0 -59113112.01463453 
272727.27272727253 -1321877124180270.5 -60591842.01543368 
275862.06896551704 -1354944226920239.5 -62107562.83491533 
278996.86520376155 -1388838511908672.0 -63661199.80814006 
282131.66144200607 -1423580671336573.8 -65253701.417730995 
285266.4576802506 -1459191915016131.8 -66886039.87289867 
288401.2539184951 -1495693983328123.2 -68559211.70293677 
291536.0501567396 -1533109160493154.0 -70274238.3655594 
294670.8463949841 -1571460288175090.8 -72032166.87046196 
297805.6426332286 -1610770779425175.8 -73834070.41849406 
300940.43887147313 -1651064632975393.8 -75681049.05684192 
304075.23510971764 -1692366447889799.5 -77574230.35061802 
307210.03134796215 -1734701438582593.2 -79514770.07125954 
310344.82758620667 -1778095450211922.5 -81503852.90214449 
313479.6238244512 -1822574974458578.0 -83542693.16184726 
316614.4200626957 -1868167165699120.8 -85632535.54547088 
319749.2163009402 -1914899857583303.8 -87774655.88451008 
322884.0125391847 -1962801580026116.2 -89970361.9257177 
326018.8087774292 -2011901576624963.2 -92220994.12945773 
329153.60501567373 -2062229822512810.5 -94527926.48803893 
332288.40125391824 -2113817042658147.2 -96892567.36452937 
335423.19749216276 -2166694730622919.8 -99316360.35256319 
338557.99373040727 -2220895167789722.5 -101800785.15765621 
341692.7899686518 -2276451443069869.5 -104347358.50056641 
344827.5862068963 -2333397473104286.5 -106957635.04324701 
347962.3824451408 -2391768022969538.5 -109633208.3379541 
351097.1786833853 -2451598727401627.0 -112375711.80009109 
354231.9749216298 -2512926112550612.5 -115186819.70538522 
357366.77115987433 -2575787618279433.5 -118068248.21201283 
360501.56739811884 -2640221621020583.0 -121021756.40829718 
363636.36363636336 -2706267457204586.0 -124049147.38662097 
366771.15987460787 -2773965447274525.5 -127152269.34420349 
369905.9561128524 -2843356920301193.0 -130333016.71141191 
373040.7523510969 -2914484239213856.0 -133593331.30829307 
376175.5485893414 -2987390826662098.0 -136935203.5300338 
379310.3448275859 -3062121191524581.0 -140360673.56207588 
382445.1410658304 -3138720956080970.5 -143871832.6256297 
385579.93730407493 -3217236883863608.5 -147470824.25434482 
388714.73354231945 -3297716908205933.5 -151159845.60291824 
391849.52978056396 -3380210161505029.5 -154941148.78843564 
394984.32601880847 -3464767005216263.5 -158817042.26526892 
398119.122257053 -3551439060598328.5 -162789892.23436904 
401253.9184952975 -3640279240227453.0 -166862124.08781394 
404388.714733542 -3731341780300035.0 -171036223.8894903 
407523.5109717865 -3824682273743335.5 -175314739.89281508 
410658.307210031 -3920357704154475.5 -179700284.09642106 
413793.10344827553 -4018426480588536.5 -184195533.83876026 
416927.89968652005 -4118948473217005.5 -188803233.43259987 
420062.69592476456 -4221985049878306.5 -193526195.84040728 
423197.49216300907 -4327599113542676.0 -198367304.39164412 
426332.2884012536 -4435855140714213.0 -203329514.5430162 
429467.0846394981 -4546819220793557.0 -208415855.68275526 
432601.8808777426 -4660559096425240.0 -213629432.980036 
435736.6771159871 -4777144204854409.0 -218973429.28066128 
438871.4733542316 -4896645720318096.0 -224451107.05016673 
442006.26959247614 -5019136597496847.0 -230065810.36553258 
445141.06583072065 -5144691616053201.0 -235820966.9567144 
448275.86206896516 -5273387426284208.0 -241720090.2992422 
451410.65830720967 -5405302595915953.0 -247766781.75916696 
454545.4545454542 -5540517658068650.0 -253964732.79166803 
457680.2507836987 -5679115160421543.0 -260317727.1946583 
460815.0470219432 -5821179715607543.0 -266829643.4187615 
463949.8432601877 -5966798052868385.0 -273504456.9350701 
467084.6394984322 -6116059071001852.0 -280346242.6621324 
470219.43573667674 -6269053892633513.0 -287359177.4536545 
473354.23197492125 -6425875919846118.0 -294547542.6484353 
476489.02821316576 -6586620891200530.0 -301915726.68409085 
479623.82445141027 -6751386940182993.0 -309468227.77615535 
482758.6206896548 -6920274655114345.0 -317209656.6641986 
485893.4169278993 -7093387140557947.0 -325144739.4266401 
489028.2131661438 -7270830080263799.0 -333278320.36597717 
492163.0094043883 -7452711801687410.0 -341615364.9661952 
495297.8056426328 -7639143342122564.0 -350160962.92415714 
498432.60188087734 -7830238516488460.0 -358920331.2568178 
501567.39811912185 -8026113986812508.0 -367898817.48616666 
504702.19435736636 -8226889333451372.0 -377101902.9038407 
507836.99059561087 -8432687128093777.0 -386535205.9174109 
510971.7868338554 -8643633008589653.0 -396204485.48037773 
514106.5830720999 -8859855755651266.0 -406115644.60797125 
517241.3793103444 -9081487371472842.0 -416274733.9808918 
520376.1755485889 -9308663160316984.0 -426687955.6391982 
523510.9717868334 -9541521811117012.0 -437361666.76860017 
526645.768025078 -9780205482145796.0 -448302383.581473 
529780.5642633225 -1.0024859887802672e+16 -459516785.2949594 
532915.360501567 -1.0275634387571334e+16 -471011718.2085809 
536050.1567398115 -1.053268207720284e+16 -482794199.8838489 
539184.952978056 -1.0796159882179524e+16 -494871423.428421 
542319.7492163006 -1.106622865351698e+16 -507250761.88743484 
545454.5454545451 -1.1343053265962608e+16 -519939772.74469495 
548589.3416927896 -1.1626802718650636e+16 -532946202.5364632 
551724.1379310341 -1.1917650238274934e+16 -546277991.580655 
554858.9341692786 -1.2215773384842438e+16 -559943278.8243352 
557993.7304075231 -1.2521354160072004e+16 -573950406.8124733 
561128.5266457676 -1.2834579118504838e+16 -588307926.7809917 
564263.3228840121 -1.3155639481394454e+16 -603024603.8772299 
567398.1191222566 -1.3484731253445672e+16 -618109422.5109985 
570532.9153605012 -1.3822055342473624e+16 -633571591.839488 
573667.7115987457 -1.416781768205589e+16 -649420551.3893726 
576802.5078369902 -1.4522229357252856e+16 -665665976.8195565 
579937.3040752347 -1.48855067334729e+16 -682317785.8280816 
583072.1003134792 -1.5257871588561562e+16 -699386144.2067986 
586206.8965517237 -1.5639551248194822e+16 -716881472.0475097 
589341.6927899682 -1.6030778724659256e+16 -734814450.1033444 
592476.4890282127 -1.643179285910354e+16 -753196026.309261 
595611.2852664572 -1.684283846734867e+16 -772037422.4656625 
598746.0815047018 -1.726416648934575e+16 -791350141.0892125 
601880.8777429463 -1.7696034142372778e+16 -811145972.435037 
605015.6739811908 -1.8138705078063756e+16 -831437001.6945822 
608150.4702194353 -1.8592449543365756e+16 -852235616.3735238 
611285.2664576798 -1.9057544545522384e+16 -873554513.8542279 
614420.0626959243 -1.953427402118426e+16 -895406709.147394 
617554.8589341688 -2.002292900975034e+16 -917805542.8376122 
620689.6551724133 -2.0523807831045504e+16 -940764689.2276958 
623824.4514106578 -2.103721626744272e+16 -964298164.6867372 
626959.2476489024 -2.156346775054101e+16 -988420336.2069852 
630094.0438871469 -2.2102883552512884e+16 -1013145930.1747679 
633228.8401253914 -2.2655792982238636e+16 -1038490041.3608276 
636363.6363636359 -2.3222533586347108e+16 -1064468142.1355553 
639498.4326018804 -2.380345135528572e+16 -1091096091.914763 
642633.2288401249 -2.4398900934545236e+16 -1118390146.841726 
645768.0250783694 -2.5009245841168004e+16 -1146366969.7114265 
648902.8213166139 -2.563485868567227e+16 -1175043640.1430354 
652037.6175548584 -2.627612139952774e+16 -1204437665.0068822 
655172.413793103 -2.6933425468321724e+16 -1234566989.112253 
658307.2100313475 -2.760717217075828e+16 -1265450006.162564 
661442.006269592 -2.829777282363537e+16 -1297105569.9845703 
664576.8025078365 -2.900564903295004e+16 -1329553006.0384617 
667711.598746081 -2.973123295128516e+16 -1362812123.2158875 
670846.3949843255 -3.0474967541634456e+16 -1396903225.9331138 
673981.19122257 -3.1237306847827796e+16 -1431847126.526702 
677115.9874608145 -3.2018716271721172e+16 -1467665157.9592845 
680250.783699059 -3.281967285732037e+16 -1504379186.8431513 
683385.5799373036 -3.364066558201197e+16 -1542011626.789627 
686520.3761755481 -3.448219565507931e+16 -1580585452.0923748 
689655.1724137926 -3.5344776823686224e+16 -1620124211.7530124 
692789.9686520371 -3.622893568651527e+16 -1660652043.8575935 
695924.7648902816 -3.71352120152521e+16 -1702193690.3127341 
699059.5611285261 -3.8064159084111e+16 -1744774511.9503338 
702194.3573667706 -3.901634400760379e+16 -1788420504.0101492 
705329.1536050151 -3.999234808675818e+16 -1833158312.0096607 
708463.9498432596 -4.099276716399714e+16 -1879015248.0109415 
711598.7460815042 -4.201821198689633e+16 -1926019307.2944639 
714733.5423197487 -4.306930858104099e+16 -1974199185.4499977 
717868.3385579932 -4.414669863220956e+16 -2023584295.8950262 
721003.1347962377 -4.525103987811762e+16 -2074204787.831365 
724137.9310344822 -4.6383006509961176e+16 -2126091564.6509945 
727272.7272727267 -4.75432895840056e+16 -2179276302.8023176 
730407.5235109712 -4.8732597443470456e+16 -2233791471.1284018 
733542.3197492157 -4.995165615096782e+16 -2289670350.6889524 
736677.1159874602 -5.120120993175764e+16 -2346947055.0781264 
739811.9122257048 -5.248202162809087e+16 -2405656551.2505856 
742946.7084639493 -5.379487316491819e+16 -2465834680.8685217 
746081.5047021938 -5.514056602724913e+16 -2527518182.182723 
749216.3009404383 -5.6519921749452824e+16 -2590744712.460988 
752351.0971786828 -5.793378241679798e+16 -2655552870.9776053 
755485.8934169273 -5.93830111795389e+16 -2721982222.5778627 
758620.6896551718 -6.086849277986126e+16 -2790073321.8320456 
761755.4858934163 -6.239113409200944e+16 -2859867737.793647 
764890.2821316608 -6.395186467592603e+16 -2931408079.376943 
768025.0783699054 -6.5551637344741256e+16 -3004738021.369409 
771159.8746081499 -6.719142874645704e+16 -3079902331.094804 
774294.6708463944 -6.887223996018248e+16 -3156946895.7432337 
777429.4670846389 -7.059509710728296e+16 -3235918750.3848805 
780564.2633228834 -7.236105197781891e+16 -3316866106.684499 
783699.0595611279 -7.417118267265451e+16 -3399838382.3342667 
786833.8557993724 -7.602659426163003e+16 -3484886231.2228928 
789968.6520376169 -7.792841945819714e+16 -3572061574.359404 
793103.4482758614 -7.98778193109305e+16 -3661417631.5704618 
796238.244514106 -8.18759839123377e+16 -3753008953.990619 
799373.0407523505 -8.392413312540022e+16 -3846891457.3653226 
802507.836990595 -8.60235173282905e+16 -3943122456.187047 
805642.6332288395 -8.817541817771746e+16 -4041760698.685333 
808777.429467084 -9.038114939136717e+16 -4142866402.6920977 
811912.2257053285 -9.264205754991664e+16 -4246501292.404118 
815047.021943573 -9.495952291910962e+16 -4352728636.065107 
818181.8181818175 -9.733496029239738e+16 -4461613284.590475 
821316.614420062 -9.976981985465998e+16 -4573221711.1582985 
824451.4106583066 -1.0226558806753184e+17 -4687622051.790663 
827586.2068965511 -1.0482378857687494e+17 -4804884146.950143 
830721.0031347956 -1.0744598314295224e+17 -4925079584.176806 
833855.7993730401 -1.101337725938689e+17 -5048281741.791816 
836990.5956112846 -1.1288879780286525e+17 -5174565833.69427 
840125.3918495291 -1.1571274069005712e+17 -5304008955.278698 
843260.1880877736 -1.1860732524923493e+17 -5436690130.501192 
846394.9843260181 -1.2157431860034797e+17 -5572690360.122877 
849529.7805642626 -1.2461553206831587e+17 -5712092671.160153 
852664.5768025072 -1.277328222888279e+17 -5854982167.572025 
855799.3730407517 -1.3092809234180317e+17 -6001446082.215338 
858934.1692789962 -1.3420329291320632e+17 -6151573830.099747 
862068.9655172407 -1.3756042348592509e+17 -6305457062.974855 
865203.7617554852 -1.4100153356043818e+17 -6463189725.28286 
868338.5579937297 -1.4452872390601766e+17 -6624868111.510802 
871473.3542319742 -1.481441478432306e+17 -6790590924.977555 
874608.1504702187 -1.51850012558523e+17 -6960459338.091373 
877742.9467084632 -1.5564858045168963e+17 -7134577054.114853 
880877.7429467078 -1.5954217051704986e+17 -7313050370.4748955 
884012.5391849523 -1.6353315975917434e+17 -7495988243.656443 
887147.3354231968 -1.6762398464402637e+17 -7683502355.719468 
890282.1316614413 -1.71817142586402e+17 -7875707182.47991 
893416.9278996858 -1.7611519347458253e+17 -8072720063.396247 
896551.7241379303 -1.8052076123312403e+17 -8274661273.204266 
899686.5203761748 -1.850365354247431e+17 -8481654095.343839 
902821.3166144193 -1.8966527289227126e+17 -8693824897.222427 
905956.1128526638 -1.944097994416853e+17 -8911303207.36131 
909090.9090909084 -1.9927301156723616e+17 -9134221794.471664 
912225.7053291529 -2.04257878219737e+17 -9362716748.508783 
915360.5015673974 -2.0936744261908262e+17 -9596927563.753864 
918495.2978056419 -2.1460482411211056e+17 -9836997223.974195 
921630.0940438864 -2.1997322007693744e+17 -10083072289.713509 
924764.8902821309 -2.254759078749313e+17 -10335302987.765974 
927899.6865203754 -2.3111624685151267e+17 -10593843302.88842 
931034.4827586199 -2.3689768038700954e+17 -10858851071.806751 
934169.2789968645 -2.4282373799881126e+17 -11130488079.573942 
937304.075235109 -2.4889803749611286e+17 -11408920158.338614 
940438.8714733535 -2.5512428718855584e+17 -11694317288.584066 
943573.667711598 -2.6150628815012144e+17 -11986853702.900017 
946708.4639498425 -2.6804793653965408e+17 -12286707992.350063 
949843.260188087 -2.747532259794354e+17 -12594063215.50012 
952978.0564263315 -2.8162624999325702e+17 -12909107010.17415 
956112.852664576 -2.886712045054848e+17 -13232031708.005545 
959247.6489028205 -2.958923904026369e+17 -13563034451.854048 
962382.445141065 -3.032942161590372e+17 -13902317316.159725 
965517.2413793096 -3.1088120052815014e+17 -14250087430.307684 
968652.0376175541 -3.1865797530124384e+17 -14606557105.078882 
971786.8338557986 -3.266292881350617e+17 -14971943962.264177 
974921.6300940431 -3.348000054502289e+17 -15346471067.520687 
978056.4263322876 -3.431751154021592e+17 -15730367066.55148 
981191.2225705321 -3.5175973092628314e+17 -16123866324.691843 
984326.0188087766 -3.605590928594504e+17 -16527209069.987316 
987460.8150470211 -3.695785731394158e+17 -16940641539.85092 
990595.6112852657 -3.788236780843654e+17 -17364416131.38907 
993730.4075235102 -3.883000517544802e+17 -17798791555.48815 
996865.2037617547 -3.980134793975872e+17 -18244032994.755325 
999999.9999999992 -4.0796989098098355e+17 -18700412265.411083 
