#x u 
0.0 2144656.3901982387 0.1199664083057157 
3134.796238244514 315865.70983238105 0.028037162515232236 
6269.592476489028 357506.110290988 0.02125339051517674 
9404.38871473354 337571.2705750147 0.011342922149539015 
12539.184952978056 309431.4340593218 0.0010713170019864516 
15673.98119122257 275540.4538213966 -0.009111306896916886 
18808.777429467085 238572.8000191419 -0.0187433039207526 
21943.5736677116 199542.04847195183 -0.02745573559683777 
25078.369905956115 157846.23517130152 -0.03498749039411665 
28213.16614420063 111942.81286654738 -0.04116940602859748 
31347.962382445145 60457.65073623459 -0.045885472735634696 
34482.75862068966 3254.8617685167555 -0.049032341909519016 
37617.55485893417 -57992.54700403011 -0.050498084355123415 
40752.35109717868 -119937.69420374092 -0.05016974458682431 
43887.14733542319 -178284.13791709137 -0.047964575357120426 
47021.943573667704 -228774.5126744102 -0.04387035531947271 
50156.739811912215 -268088.714747807 -0.037978876695783745 
53291.53605015673 -294388.9182162186 -0.030500948602836725 
56426.33228840124 -307382.51115189114 -0.021757432856520372 
59561.12852664575 -307922.1075502847 -0.012147654345532553 
62695.92476489026 -297324.9336443582 -0.0021040417265444883 
65830.72100313478 -276727.3433326384 0.007952000953245794 
68965.51724137929 -246794.24728420028 0.017637792191333546 
72100.3134796238 -207916.6096685801 0.02661399892009265 
75235.10971786831 -160732.54245576457 0.03457321398336424 
78369.90595611282 -106600.37878750464 0.04122904697934257 
81504.70219435733 -47701.65630525515 0.04632008099387572 
84639.49843260185 13269.288536728702 0.04963034830226052 
87774.29467084636 73583.0783241626 0.05101480797801705 
90909.09090909087 130802.7542447898 0.05041512794999315 
94043.88714733538 182827.00829691102 0.047859603339644376 
97178.68338557989 227772.040908871 0.04345292251399297 
100313.4796238244 263915.4764960875 0.03736620900250648 
103448.27586206891 289804.6488974852 0.029832314774486404 
106583.07210031342 304434.53378017084 0.021142396981467595 
109717.86833855794 307329.0150391686 0.011636602542918678 
112852.66457680245 298470.37749697396 0.0016868388458684408 
115987.46081504696 278183.5696443612 -0.008322944436494006 
119122.25705329147 247118.38506136456 -0.018011843445771496 
122257.05329153598 206348.74776110306 -0.027011026878286385 
125391.84952978049 157460.1403390057 -0.03497208759685916 
128526.645768025 102484.75377349988 -0.04158067777401329 
131661.44200626953 43684.47986530261 -0.04657500970000071 
134796.23824451404 -16671.400311679157 -0.04976216006052583 
137931.03448275855 -76387.74483052977 -0.05102524495378787 
141065.83072100306 -133287.0686954394 -0.050321459786576345 
144200.62695924757 -185161.3179696958 -0.047677664275209 
147335.42319749208 -229868.14174769237 -0.043189842797359455 
150470.2194357366 -265555.0042638813 -0.037025868057806166 
153605.0156739811 -290856.6494881789 -0.029424777083055242 
156739.81191222562 -304930.2055420603 -0.020686716796669193 
159874.60815047013 -307347.06955043814 -0.011154887566022674 
163009.40438871464 -297991.709035487 -0.001196873221992338 
166144.20062695915 -277091.3130724614 0.008808419042689102 
169278.99686520366 -245346.755943593 0.018479005225691736 
172413.79310344817 -204014.69234245495 0.027439590438407966 
175548.58934169268 -154826.54384240333 0.0353375675500055 
178683.3855799372 -99783.5654940157 0.04186297715662921 
181818.1818181817 -40979.183703688366 0.046765090019005036 
184952.97805642622 19442.96741297259 0.04986031558385283 
188087.77429467073 79236.79683462997 0.051033106756228706 
191222.57053291524 136049.57839827807 0.05023625528736752 
194357.36677115975 187557.6434401943 0.0474947668487318 
197492.16300940426 231687.38217960641 0.042910905460206504 
200626.95924764877 266776.98638566537 0.03666397729547639 
203761.75548589329 291591.251712512 0.029001129794870503 
206896.5517241378 305243.3750816962 0.020222020396678423 
210031.3479623823 307157.28301240824 0.010663930111209963 
213166.14420062682 297143.00942408515 0.0006911549049027189 
216300.94043887133 275523.67046970065 -0.009313598100398782 
219435.73667711584 243185.38314230356 -0.01896114900863753 
222570.53291536035 201487.4917698919 -0.027873439057981817 
225705.32915360486 152097.83478061968 -0.03570329164277816 
228840.12539184937 96875.17196209228 -0.04215027057426936 
231974.9216300939 37853.859225004824 -0.04696970568106982 
235109.7178683384 -22731.176902424246 -0.04997740343941959 
238244.5141065829 -82486.7213877035 -0.05105474634291139 
241379.31034482742 -139009.93830558626 -0.05015585234547587 
244514.10658307193 -190075.4264056072 -0.04731366418924628 
247648.90282131644 -233757.08200860003 -0.042640316806867425 
250783.69905956095 -268448.4707667604 -0.03632032075898614 
253918.49529780546 -292841.19096702663 -0.02859958796384966 
257053.29153604998 -305947.19247141643 -0.019774626140373962 
260188.0877742945 -307187.4158104699 -0.01018338451514744 
263322.884012539 -296486.8166755058 -0.00019551463342348493 
266457.6802507835 -274299.03617673524 0.00980092624696459 
269592.476489028 -241543.8448358066 0.019416544645818015 
272727.27272727253 -199510.657828633 0.028278461004490593 
275862.06896551704 -149792.1734719589 0.03604548524461344 
278996.86520376155 -94260.59405133803 0.04241957743514646 
282131.66144200607 -35044.02180135148 0.047155136382827784 
285266.4576802506 25543.140474426917 0.050067915146955085 
288401.2539184951 85118.48375567805 0.051043465827796224 
291536.0501567396 141360.1886203717 0.05004323687960775 
294670.8463949841 192107.38207671 0.04710654850061092 
297805.6426332286 235425.7232834893 0.04234824818059451 
300940.43887147313 269658.03284610243 0.035953161579819065 
304075.23510971764 293478.0244047267 0.028168470836734447 
307210.03134796215 305946.97009333357 0.01929440255667742 
310344.82758620667 306562.1599795477 0.009673175391547257 
313479.6238244512 295288.5829855346 -0.0003236724401737628 
316614.4200626957 272569.21075016924 -0.010309241196141242 
319749.2163009402 239307.1593833592 -0.019896263490841934 
322884.0125391847 196814.32596678592 -0.02871283348828157 
326018.8087774292 146735.8064469641 -0.03641792760776436 
329153.60501567373 90976.39815212073 -0.04271504484974229 
332288.40125391824 31650.070894422577 -0.047362612274881186 
335423.19749216276 -28959.530852918397 -0.05018139000976478 
338557.99373040727 -88468.10269333332 -0.051060518067138856 
341692.7899686518 -144515.35448223897 -0.049963291795766314 
344827.5862068963 -194917.23544640822 -0.046931375184378045 
347962.3824451408 -237777.58746333758 -0.04208443632349865 
351097.1786833853 -271516.8616705013 -0.035613475124644835 
354231.9749216298 -294852.45170008426 -0.0277697360597708 
357366.77115987433 -306815.0493287095 -0.018853468774319992 
360501.56739811884 -306845.7711836451 -0.009205051367764115 
363636.36363636336 -294919.15413955995 0.0008035248341719091 
366771.15987460787 -271581.2215261095 0.010781340440163526 
369905.9561128524 -237850.71345420723 0.020337224362738677 
373040.7523510969 -195057.12713766642 0.02910049849583131 
376175.5485893414 -144750.951279058 0.03673706988699847 
379310.3448275859 -88742.38977187597 0.04295782678753694 
382445.1410658304 -29175.322206206547 0.0475232197491885 
385579.93730407493 31518.89488137389 0.05025084252037953 
388714.73354231945 90838.16441230294 0.051028110709498746 
391849.52978056396 146471.60222839244 0.04982418769515872 
394984.32601880847 196420.6815922637 0.0466926339229487 
398119.122257053 238926.805802298 0.0417624733419034 
401253.9184952975 272353.44748932176 0.03522468439576928 
404388.714733542 295226.1830437975 0.027323749162647078 
407523.5109717865 306469.2703001484 0.018356429942579463 
410658.307210031 305652.76536043116 0.008669713940810814 
413793.10344827553 293019.9330252237 -0.0013521103806023553 
416927.89968652005 269265.7222548771 -0.011312036711018835 
420062.69592476456 235286.2146894297 -0.020825945997411024 
423197.49216300907 192149.88181730008 -0.029537189480035222 
426332.2884012536 141303.43171126774 -0.0371190508316534 
429467.0846394981 84755.70074105085 -0.04327638673789631 
432601.8808777426 24972.874489658716 -0.047758282166118486 
435736.6771159871 -35501.31445060475 -0.05038079109090422 
438871.4733542316 -94397.4148605915 -0.051045667818026295 
442006.26959247614 -149755.00827377124 -0.04974173636567909 
445141.06583072065 -199674.92291051862 -0.04653048976219141 
448275.86206896516 -242128.67120760388 -0.041531610797001114 
451410.65830720967 -275120.7192770343 -0.034922186370724015 
454545.4545454542 -297129.9098593076 -0.026946556203131276 
457680.2507836987 -307439.1822456115 -0.017919281516716744 
460815.0470219432 -306043.61367128487 -0.008207494767824277 
463949.8432601877 -293244.6517281607 0.0018019055450706595 
467084.6394984322 -269364.8894043891 0.011729755970581995 
470219.43573667674 -234896.25581931157 0.021211925808361485 
473354.23197492125 -190929.18134689162 0.02989285411412076 
476489.02821316576 -139381.87908396276 0.03742685665512848 
479623.82445141027 -82719.39635279332 0.04350097143412525 
482758.6206896548 -23367.92609717688 0.04786953815138021 
485893.4169278993 36642.98532675796 0.05037579773039407 
489028.2131661438 95500.97019439252 0.05094613032458515 
492163.0094043883 151149.06606103416 0.049568523053301464 
495297.8056426328 201114.664821699 0.04628154789766599 
498432.60188087734 242919.19470715703 0.041187266208578405 
501567.39811912185 274745.937361971 0.03447349983691705 
504702.19435736636 295741.07018113456 0.026417146951310817 
507836.99059561087 305671.77467400016 0.017356289420275468 
510971.7868338554 304325.2716339809 0.007649159653010479 
514106.5830720999 291312.97193145554 -0.002349066681044793 
517241.3793103444 266525.6789698035 -0.01227982863132973 
520376.1755485889 230782.8700376248 -0.02176547748319648 
523510.9717868334 185971.0162778274 -0.030416087591380155 
526645.768025078 134461.14869569187 -0.0378678883917733 
529780.5642633225 78340.74751401883 -0.04382833708903452 
532915.360501567 19204.818285633766 -0.048093307724810505 
536050.1567398115 -41323.43528653182 -0.05052829104779309 
539184.952978056 -100952.1810139651 -0.05104136291290257 
542319.7492163006 -156731.2601397829 -0.049583148829377845 
545454.5454545451 -205824.48235802207 -0.04617890423367494 
548589.3416927896 -246343.81611988175 -0.04096074797837305 
551724.1379310341 -277442.52790620865 -0.03416347597386058 
554858.9341692786 -298611.5283064558 -0.026081726868718978 
557993.7304075231 -308959.58774071076 -0.01702469272306133 
561128.5266457676 -307294.35581354087 -0.007306296559529271 
564263.3228840121 -292984.62411868165 0.0027295363580979665 
567398.1191222566 -266731.91255954234 0.012687929187360595 
570532.9153605012 -230421.54037287578 0.02214390647502708 
573667.7115987457 -186153.08990379932 0.030699927472072893 
576802.5078369902 -135412.47500956728 0.03803548792443623 
579937.3040752347 -79220.07129201347 0.043910090163658086 
583072.1003134792 -19068.155600169805 0.04812776438947067 
586206.8965517237 42399.500590407435 0.050510850675428945 
589341.6927899682 101787.64876509973 0.05092051876990114 
592476.4890282127 156136.78509130547 0.049310537976467506 
595611.2852664572 203755.60515981264 0.045761976876706106 
598746.0815047018 243888.2692635854 0.040461818696299535 
601880.8777429463 275610.99764041346 0.033643813344414276 
605015.6739811908 297179.7010328719 0.02554789773910658 
608150.4702194353 306603.69810586516 0.016434123880864217 
611285.2664576798 302928.53378894395 0.006627875555450313 
614420.0626959243 286919.69076907146 -0.0034630662812356818 
617554.8589341688 260411.28746412077 -0.013392789734413565 
620689.6551724133 224960.82682981732 -0.022752907572652106 
623824.4514106578 181195.47432108436 -0.031215553941140336 
626959.2476489024 129531.58346328555 -0.03851196983101931 
630094.0438871469 71495.40055578353 -0.04438161987729892 
633228.8401253914 10191.625679428515 -0.048558084144941026 
636363.6363636359 -50688.39542004956 -0.05081931959331821 
639498.4326018804 -108401.3834002796 -0.05106005111513822 
642633.2288401249 -161706.81106945168 -0.04931640547318468 
645768.0250783694 -209910.1730176557 -0.04571846104584395 
648902.8213166139 -251451.38600600546 -0.04041928214172747 
652037.6175548584 -283608.92844813893 -0.03357267311781909 
655172.413793103 -303746.69006975647 -0.02537955950694803 
658307.2100313475 -310890.8331328289 -0.016147825345766417 
661442.006269592 -306017.56836954853 -0.006291872131973893 
664576.8025078365 -290734.1194384241 0.003742137284769606 
667711.598746081 -265716.5743441194 0.013562288273456036 
670846.3949843255 -230553.45967469877 0.02285204155579666 
673981.19122257 -185184.0970844671 0.0313172721351774 
677115.9874608145 -131413.30417733468 0.03862832021263001 
680250.783699059 -72838.35361909158 0.044432888032642975 
683385.5799373036 -13146.221929510088 0.048441337149166284 
686520.3761755481 45539.66066270994 0.05050713463762933 
689655.1724137926 102591.25187493961 0.05062563142285285 
692789.9686520371 157196.82570292195 0.0488561639984962 
695924.7648902816 206898.63738395768 0.04525129095326379 
699059.5611285261 247998.34597734752 0.03986898772116295 
702194.3573667706 277539.9444314389 0.0328547422082775 
705329.1536050151 294884.3741363258 0.02450286587896536 
708463.9498432596 301251.205428381 0.015222971656503267 
711598.7460815042 297699.88974600565 0.005433761132544587 
714733.5423197487 283679.4412082294 -0.004517767987325909 
717868.3385579932 257717.1940136554 -0.014339145848815108 
721003.1347962377 219572.2709777387 -0.02370764051299927 
724137.9310344822 171584.7528794296 -0.03222132210160088 
727272.7272727267 117722.46864684921 -0.03945415048997272 
730407.5235109712 61214.722900148015 -0.04507388166688158 
733542.3197492157 3176.4263715291963 -0.04891225825149844 
736677.1159874602 -56367.33794261453 -0.050922575990815566 
739811.9122257048 -116163.72681389391 -0.051075212387899964 
742946.7084639493 -172638.5501050369 -0.049306423956949695 
746081.5047021938 -221315.51578297006 -0.04557953073898641 
749216.3009404383 -259401.05059135938 -0.039996882594727626 
752351.0971786828 -286904.79384250357 -0.03284231049513565 
755485.8934169273 -305137.99702358653 -0.024501337922649028 
758620.6896551718 -314172.5162508242 -0.015332122929827705 
761755.4858934163 -311976.1291114057 -0.005612100436182483 
764890.2821316608 -296217.71151486237 0.004393603170158736 
768025.0783699054 -266909.7121370598 0.014325429458363327 
771159.8746081499 -227097.8923326017 0.023711653895144937 
774294.6708463944 -180788.34639871417 0.032076249360371054 
777429.4670846389 -130196.77456844525 0.039076280210718836 
780564.2633228834 -75165.360803293 0.04453796517052419 
783699.0595611279 -15353.901519837593 0.048363240813695814 
786833.8557993724 47128.16949640938 0.05041351062225747 
789968.6520376169 107519.46839665844 0.050501991843664794 
793103.4482758614 161004.5899666298 0.04851158174814939 
796238.244514106 205519.95252534415 0.044519464103079665 
799373.0407523505 241883.63529517106 0.038796418313173923 
802507.836990595 271124.53832423646 0.03167537339730277 
805642.6332288395 291846.18027571775 0.023419519850016564 
808777.429467084 300483.978906304 0.01422144950285674 
811912.2257053285 294301.76735404914 0.004326742442603855 
815047.021943573 274045.17530942755 -0.005858755078095654 
818181.8181818175 243437.72339817198 -0.015806400558340664 
821316.614420062 205967.1995374625 -0.02502590127589765 
824451.4106583066 162279.06677112132 -0.03319756947120549 
827586.2068965511 110915.48112799786 -0.04014966422723355 
830721.0031347956 51640.97387787429 -0.045715176916744656 
833855.7993730401 -12180.903144306692 -0.049629772922076876 
836990.5956112846 -74786.09089234752 -0.05159099669480538 
840125.3918495291 -131687.81296594552 -0.05142833636614143 
843260.1880877736 -182084.05295202334 -0.0492122108550274 
846394.9843260181 -227501.9919212239 -0.04518766885307798 
849529.7805642626 -268115.55760705675 -0.0395987983697132 
852664.5768025072 -300668.76582271757 -0.03258439325685257 
855799.3730407517 -320318.15752335766 -0.02425128787741633 
858934.1692789962 -324592.14599652507 -0.014843189182065349 
862068.9655172407 -315361.2132179408 -0.004817261604700584 
865203.7617554852 -296709.0948730153 0.005267767461103476 
868338.5579937297 -270876.20002982096 0.014951963061054905 
871473.3542319742 -236524.9582675856 0.023967671766015906 
874608.1504702187 -191195.95984583147 0.03213989168383132 
877742.9467084632 -135405.17087489797 0.039209766520674635 
880877.7429467078 -74016.47227107995 0.04478072093736255 
884012.5391849523 -13298.03234802164 0.04845974161528356 
887147.3354231968 43399.812607756634 0.05005897453893535 
890282.1316614413 96885.71033576922 0.049653369671451564 
893416.9278996858 148995.474301459 0.047435518383208065 
896551.7241379303 198399.21162179025 0.04351986946041149 
899686.5203761748 239850.6311444579 0.03790287043901809 
902821.3166144193 267822.51934723544 0.030622046221267896 
905956.1128526638 280833.51511761 0.02194410824918778 
909090.9090909084 281950.21925937326 0.012374636780268806 
912225.7053291529 274900.5500190386 0.002463615150333782 
915360.5015673974 259870.3680096007 -0.007405423338005403 
918495.2978056419 233468.6612426929 -0.017034967362675388 
921630.0940438864 193000.78711084975 -0.026232907278240417 
924764.8902821309 140587.64830383708 -0.03463420117785967 
927899.6865203754 82690.91428489397 -0.041727672149788946 
931034.4827586199 25339.09712219228 -0.0470756190361639 
934169.2789968645 -30108.36768472843 -0.05050728260097662 
937304.075235109 -86282.87533814211 -0.052088833150973124 
940438.8714733535 -144920.69219796307 -0.051904528942974204 
943573.667711598 -202900.23678880784 -0.04988424225181414 
946708.4639498425 -253413.17050120368 -0.04586765340278778 
949843.260188087 -291097.1086331242 -0.039846650559975966 
952978.0564263315 -315739.8915108127 -0.03213374376153347 
956112.852664576 -330612.3524333354 -0.0232722370649414 
959247.6489028205 -337173.59324831795 -0.013767770425965751 
962382.445141065 -331858.5650161905 -0.003906318349725545 
965517.2413793096 -308635.9670713665 0.006166045132123551 
968652.0376175541 -265010.6922633599 0.01620089507124072 
971786.8338557986 -205418.26637216745 0.025713954411495068 
974921.6300940431 -138516.400383019 0.03411726322464885 
978056.4263322876 -71149.89759699568 0.04099020025337757 
981191.2225705321 -5195.555864186812 0.04620861122625101 
984326.0188087766 59592.532070517125 0.049794713361165796 
987460.8150470211 120063.53944384767 0.051646093042462926 
990595.6112852657 167823.6085542071 0.051439299693142905 
993730.4075235102 193784.53415234858 0.04882821952659938 
996865.2037617547 192488.5890626999 0.043871918546513226 
999999.9999999992 251279.19162079567 0.03317830219793689 
