#x u 
0.0 -163723.15716912507 0.04140555910517093 
3134.796238244514 -212172.68036044372 0.04004609797100098 
6269.592476489028 -298347.300164226 0.035032737437418617 
9404.38871473354 -371343.44056649174 0.028739898965871098 
12539.184952978056 -428869.7264312472 0.021386567883294728 
15673.98119122257 -469276.63045902055 0.013230740976053066 
18808.777429467085 -492167.88042523677 0.004534350351611269 
21943.5736677116 -497159.76087889425 -0.004389294989680103 
25078.369905956115 -483369.63399641693 -0.01316351103708484 
28213.16614420063 -450175.64635482454 -0.021396076542033102 
31347.962382445145 -398455.17832975084 -0.02875005647076754 
34482.75862068966 -330977.54512785655 -0.03497633592449112 
37617.55485893417 -251488.13034961332 -0.03988611409981519 
40752.35109717868 -163370.13350994678 -0.043303515412499986 
43887.14733542319 -69189.230330217 -0.04505771040481226 
47021.943573667704 28522.265952183163 -0.045030326486881156 
50156.739811912215 126201.33520105788 -0.043213374085224736 
53291.53605015673 219169.24268886624 -0.03971918130434023 
56426.33228840124 302755.92230521794 -0.03473156618230045 
59561.12852664575 373594.47725773987 -0.028446786848261532 
62695.92476489026 429872.65220904315 -0.02106152579468388 
65830.72100313478 470425.5754500665 -0.012813947624210818 
68965.51724137929 493754.2527925506 -0.004026024353231685 
72100.3134796238 498084.65100091184 0.004908788980829039 
75235.10971786831 482419.4366272144 0.013594155088365369 
78369.90595611282 447433.7201083116 0.02170030550222437 
81504.70219435733 395224.49669504334 0.028977265762470786 
84639.49843260185 328188.05630915513 0.03520960476019966 
87774.29467084636 248303.3970486677 0.04016584423460952 
90909.09090909087 157707.9830887672 0.043597119072493515 
94043.88714733538 60004.03796558174 0.04528918516504732 
97178.68338557989 -39255.39385213332 0.04512299059299235 
100313.4796238244 -133855.67726270336 0.04309930434496351 
103448.27586206891 -219241.16009540012 0.03932543479235086 
106583.07210031342 -293983.84642630024 0.033996563860130294 
109717.86833855794 -359114.64723135345 0.027393611709085476 
112852.66457680245 -415849.2547388933 0.01988026512625485 
115987.46081504696 -463563.81747589173 0.011864287218816084 
119122.25705329147 -499494.81773567025 0.003719240731792458 
122257.05329153598 -520020.60889115697 -0.0042872495477015975 
125391.84952978049 -522141.88117750874 -0.012000159318481207 
128526.645768025 -504021.3875809875 -0.019307334218730356 
131661.44200626953 -464710.45850680437 -0.026048524435328693 
134796.23824451404 -404042.1805017182 -0.031979093762562825 
137931.03448275855 -323245.4102337881 -0.036816129546027296 
141065.83072100306 -225713.68423235216 -0.04032214286553261 
144200.62695924757 -116880.98077796193 -0.04235394182254859 
147335.42319749208 -2915.9883383012548 -0.04284621485280118 
150470.2194357366 110839.51605174973 -0.04176629318095748 
153605.0156739811 220422.16374134348 -0.039100565504592524 
156739.81191222562 322481.5510499355 -0.03489215990589305 
159874.60815047013 413189.81567426235 -0.02928914590346914 
163009.40438871464 488108.0699423652 -0.02254698919857695 
166144.20062695915 543261.5727512845 -0.014974363674582401 
169278.99686520366 576393.7999484928 -0.006869304715215124 
172413.79310344817 587170.8017812744 0.0014983195428239224 
175548.58934169268 576193.4946699708 0.009851613394893892 
178683.3855799372 543903.405517355 0.017868342877452564 
181818.1818181817 490548.08305142587 0.02519261395466214 
184952.97805642622 417224.5410493556 0.03149690741137665 
188087.77429467073 326852.5187418643 0.03654130143769612 
191222.57053291524 223972.20888919392 0.04017865321340226 
194357.36677115975 113468.97296182503 0.042309880466055216 
197492.16300940426 -568.9105862181959 0.04284409427546445 
200626.95924764877 -114813.23873629622 0.041711056741257344 
203761.75548589329 -225686.93441135046 0.03891604441663098 
206896.5517241378 -328618.73439173785 0.034580148200877486 
210031.3479623823 -418519.0503066904 0.02892188113519688 
213166.14420062682 -491143.3765591938 0.022195254507305282 
216300.94043887133 -544063.5859648205 0.014642956829409281 
219435.73667711584 -576361.3048488498 0.006505328029808476 
222570.53291536035 -587477.0911795171 -0.0019345555703154857 
225705.32915360486 -576507.5504806258 -0.010328617566678135 
228840.12539184937 -542738.8722518109 -0.018300096367431087 
231974.9216300939 -486871.1734080876 -0.02551297041318972 
235109.7178683384 -411627.7935962792 -0.03171412182153645 
238244.5141065829 -321057.4099622121 -0.03671596221472455 
241379.31034482742 -219179.7282577129 -0.04034878477358992 
244514.10658307193 -109286.62472530562 -0.04244241783246682 
247648.90282131644 5503.44322032167 -0.04286405333241383 
250783.69905956095 121176.66196685478 -0.04157790032442964 
253918.49529780546 232532.67762602557 -0.03866703088044811 
257053.29153604998 334151.00841709896 -0.03429508740633204 
260188.0877742945 421772.3371768078 -0.02864624732676896 
263322.884012539 492809.3023037546 -0.021902237279214302 
266457.6802507835 545603.7986958232 -0.014273935597553505 
269592.476489028 578346.2413364114 -0.006045695216376214 
272727.27272727253 588902.2774686996 0.0024245015609744994 
275862.06896551704 575808.7476995501 0.010760755587663606 
278996.86520376155 539439.3791834493 0.018634626094671987 
282131.66144200607 482129.08608345984 0.025784191584724555 
285266.4576802506 407106.88300217583 0.03197940424456137 
288401.2539184951 317306.26524441736 0.0369821799929124 
291536.0501567396 215218.40078994288 0.040554075587795474 
294670.8463949841 103828.1770318988 0.04251283117860196 
297805.6426332286 -12489.081071241057 0.04278581265416981 
300940.43887147313 -128208.86063010691 0.04140951752162785 
304075.23510971764 -237950.85382496368 0.03847866979445605 
307210.03134796215 -337638.7259571712 0.03409893271719343 
310344.82758620667 -424481.0485159523 0.02839092223666645 
313479.6238244512 -495960.662103381 0.021536816021239663 
316614.4200626957 -549048.067284892 0.013813826805207253 
319749.2163009402 -580598.3153372456 0.005570659930257392 
322884.0125391847 -588621.1809245597 -0.002838618349503591 
326018.8087774292 -573167.5217212614 -0.011105373548735573 
329153.60501567373 -535946.9356909873 -0.018960902264499112 
332288.40125391824 -479092.1791409759 -0.026133216999397912 
335423.19749216276 -404348.03311208694 -0.03232416379390368 
338557.99373040727 -313481.6557736603 -0.037242854153334046 
341692.7899686518 -209395.4256371645 -0.04067105626592736 
344827.5862068963 -96657.08670010482 -0.04250107926182302 
347962.3824451408 19248.210147551486 -0.042713749420305605 
351097.1786833853 133313.6246972771 -0.04132489776608255 
354231.9749216298 241755.4871893769 -0.03835948004853398 
357366.77115987433 341499.4580556825 -0.03388087169251652 
360501.56739811884 429122.6572154198 -0.02804235686142867 
363636.36363636336 500530.0465722616 -0.021102102057661262 
366771.15987460787 551856.4135157014 -0.013379086591659251 
369905.9561128524 580776.5358614961 -0.0051875639364780905 
373040.7523510969 586952.4375745788 0.0031914700732360575 
376175.5485893414 571225.3557417997 0.011483505868470016 
379310.3448275859 534447.6322999218 0.01937908312550807 
382445.1410658304 477193.650916397 0.026534018405428194 
385579.93730407493 400629.60781317344 0.03262360115565415 
388714.73354231945 307570.02707652847 0.037405645651768925 
391849.52978056396 202521.9928086704 0.04073687268102728 
394984.32601880847 90555.13452484437 0.042534641848703175 
398119.122257053 -23953.500315854373 0.042731601229933684 
401253.9184952975 -137537.75704735474 0.041276043506680224 
404388.714733542 -246764.56136961112 0.03818028632467735 
407523.5109717865 -347358.3287804638 0.03356641632540275 
410658.307210031 -434421.43901078217 0.02765904067224287 
413793.10344827553 -503683.5533822125 0.020728016875927985 
416927.89968652005 -552616.5626288871 0.013034480100289134 
420062.69592476456 -580373.6708891005 0.004828018507845638 
423197.49216300907 -586722.5416151999 -0.0036125751591495237 
426332.2884012536 -571170.3227466544 -0.011949565803110566 
429467.0846394981 -533243.4655780061 -0.019811288837197377 
432601.8808777426 -473636.6114063638 -0.02685834541102187 
435736.6771159871 -394997.0444181658 -0.03283391577392758 
438871.4733542316 -301461.7333463582 -0.03755716195673599 
442006.26959247614 -197344.72856888373 -0.04087738699606183 
445141.06583072065 -86237.87455461378 -0.04264628792752728 
448275.86206896516 28670.70335633664 -0.042744656068425715 
451410.65830720967 143554.28261468443 -0.041140415316781635 
454545.4545454542 253447.4866494856 -0.037919567033488116 
457680.2507836987 352988.6900900487 -0.03325763555122037 
460815.0470219432 437796.76823007903 -0.027359277302875542 
463949.8432601877 505199.22093066893 -0.020424756953300233 
467084.6394984322 553696.618353148 -0.01267148888323533 
470219.43573667674 581856.5248613708 -0.004378987599505062 
473354.23197492125 587903.7082356159 0.004100618150798046 
476489.02821316576 570511.0035961769 0.012389306917091301 
479623.82445141027 530000.2272274818 0.02015047732631964 
482758.6206896548 468697.9408372311 0.027118842307205335 
485893.4169278993 390045.78342060006 0.0330740313016951 
489028.2131661438 297341.235233848 0.03779749192733705 
492163.0094043883 193341.55382885732 0.04106863164801283 
495297.8056426328 81027.90864215566 0.042713261633009175 
498432.60188087734 -35415.972799395444 0.04266047580444466 
501567.39811912185 -150598.59520644206 0.04095304741258142 
504702.19435736636 -259064.02960017134 0.03770292382163562 
507836.99059561087 -356556.0970051297 0.0330386210741749 
510971.7868338554 -440247.294784831 0.027097304979471735 
514106.5830720999 -507856.6614694983 0.020064933857913216 
517241.3793103444 -556733.6714541838 0.012215102825753481 
520376.1755485889 -583999.3365032702 0.003896694279487794 
523510.9717868334 -587697.754118393 -0.004527294603814926 
526645.768025078 -567819.391079152 -0.012737227026062765 
529780.5642633225 -526160.4163680277 -0.02046272215756984 
532915.360501567 -465172.53382514475 -0.02744357348824256 
536050.1567398115 -386984.49521979096 -0.033399305142231384 
539184.952978056 -293561.9298516239 -0.038051117403477955 
542319.7492163006 -187743.98286593865 -0.04118366920050036 
545454.5454545451 -73946.44427941971 -0.04269066768448065 
548589.3416927896 42350.16364817428 -0.042563340840395536 
551724.1379310341 155948.3223082926 -0.04083871401627108 
554858.9341692786 262870.4392772653 -0.037564444583763595 
557993.7304075231 360075.3800774552 -0.032817023024661364 
561128.5266457676 444426.0571669858 -0.026751528963096283 
564263.3228840121 512157.3974998108 -0.01962558202269665 
567398.1191222566 559551.7213667528 -0.011765095608416284 
570532.9153605012 584237.6833900888 -0.0034987230914949553 
573667.7115987457 585847.7765559081 0.004880786384359459 
576802.5078369902 565414.6010453141 0.013099583418093856 
579937.3040752347 524179.65065811784 0.02086053590711617 
583072.1003134792 463071.29155321803 0.027832991471960555 
586206.8965517237 383369.9394609825 0.033697699555555946 
589341.6927899682 287796.92054364795 0.038211337332723756 
592476.4890282127 180787.9350446005 0.04123327761864312 
595611.2852664572 67542.98295966738 0.042695340143411434 
598746.0815047018 -47291.29270411849 0.042553246918949766 
601880.8777429463 -160081.90341255942 0.04077547185500249 
605015.6739811908 -267500.2488606278 0.03738341065501718 
608150.4702194353 -365564.7665097907 0.03250033630283142 
611285.2664576798 -449614.36747952434 0.026354907231433657 
614420.0626959243 -515402.83652569714 0.019230422284159717 
617554.8589341688 -560310.1480331592 0.011405868186783508 
620689.6551724133 -583523.0252313032 0.0031414988241666567 
623824.4514106578 -585095.1282442907 -0.005286708358821579 
626959.2476489024 -564944.940607521 -0.013551884908851812 
630094.0438871469 -522881.3778109596 -0.02128994070434806 
633228.8401253914 -459631.81463375175 -0.028160427040817976 
636363.6363636359 -377759.1810892493 -0.03390302866970943 
639498.4326018804 -281439.08514887025 -0.03834195689977446 
642633.2288401249 -175236.4269008087 -0.04134407156288149 
645768.0250783694 -63045.75829884053 -0.04278354952542214 
648902.8213166139 51835.4173888728 -0.04255701340892167 
652037.6175548584 165739.37397928693 -0.04063771168999507 
655172.413793103 273955.7764962452 -0.03711387502575052 
658307.2100313475 371235.90231892123 -0.03217054129992471 
661442.006269592 453114.6194081107 -0.026031107326525426 
664576.8025078365 516822.13347937516 -0.018914812324961186 
667711.598746081 560973.5793410686 -0.011047397953928409 
670846.3949843255 584488.1573987659 -0.0027043779467878495 
673981.19122257 585972.6191374491 0.0057694406088143295 
677115.9874608145 564284.6351891226 0.01399664486932453 
680250.783699059 519717.8704912374 0.021634107102068985 
683385.5799373036 454563.1747125215 0.028412497652599053 
686520.3761755481 372422.71207288525 0.03411932181651887 
689655.1724137926 276932.23246755626 0.038554953810605315 
692789.9686520371 171138.00183678704 0.04151824072658846 
695924.7648902816 58059.21613499793 0.042845460525725805 
699059.5611285261 -58301.700902824145 0.04246831457490959 
702194.3573667706 -172725.06116130383 0.04043439092939027 
705329.1536050151 -279733.3985099973 0.03687059555542859 
708463.9498432596 -374910.14138145605 0.0319275089748783 
711598.7460815042 -455362.6941044963 0.025760165290858207 
714733.5423197487 -519005.32119273744 0.018560055229060672 
717868.3385579932 -563561.7655889665 0.010597135965816872 
721003.1347962377 -586459.5867616456 0.0022182699577679827 
724137.9310344822 -585823.2970338801 -0.0062071515682600685 
727272.7272727267 -561587.7142979664 -0.014349202137472667 
730407.5235109712 -515594.246031972 -0.021934476177298535 
733542.3197492157 -450568.47062010015 -0.028713060230899305 
736677.1159874602 -369019.19956515555 -0.0344225638253307 
739811.9122257048 -273148.14734517044 -0.03879857255357019 
742946.7084639493 -165765.98145209294 -0.041630765258636675 
746081.5047021938 -51126.178908499074 -0.042814251264806494 
749216.3009404383 65346.32956362599 -0.042348727636543994 
752351.0971786828 178308.16199241148 -0.04029067203598035 
755485.8934169273 283586.38809104543 -0.03671071727614861 
758620.6896551718 378133.8789112322 -0.03170036332345402 
761755.4858934163 459070.14986434457 -0.025417805740725472 
764890.2821316608 522977.5332716984 -0.01811918590383318 
768025.0783699054 566336.6807008461 -0.010134781549749033 
771159.8746081499 586764.9054150335 -0.00180571034159532 
774294.6708463944 583850.2289127156 0.006563268523102088 
777429.4670846389 558769.2256500281 0.014697291963435288 
780564.2633228834 513122.70481285057 0.022310737792201704 
783699.0595611279 448210.8680227472 0.029087882099560255 
786833.8557993724 365472.54674275947 0.03471754659631876 
789968.6520376169 267556.1525915861 0.03895677218913242 
793103.4482758614 158796.20236801644 0.04166675145102597 
796238.244514106 44468.781649001874 0.04279175156515925 
799373.0407523505 -70537.99727925984 0.04230967841767198 
802507.836990595 -182403.5952718529 0.04021044405681494 
805642.6332288395 -287863.1627701206 0.036526592444545015 
808777.429467084 -383218.1663036826 0.03138317870250711 
811912.2257053285 -464080.8572713204 0.025011202015981417 
815047.021943573 -526280.9327788772 0.017704891106041995 
818181.8181818175 -567123.814267635 0.009760041825162467 
821316.614420062 -585798.4444968343 0.0014486625111323561 
824451.4106583066 -582600.2348934737 -0.006954488606867151 
827586.2068965511 -557849.787121213 -0.01513348858629822 
830721.0031347956 -511673.97210639657 -0.022733999943681485 
833855.7993730401 -444874.0852637385 -0.029416992021565957 
836990.5956112846 -359928.0203647342 -0.03491920899767726 
840125.3918495291 -260998.34264213283 -0.039068112208109615 
843260.1880877736 -152828.41379259835 -0.041745331421218015 
846394.9843260181 -39539.608125946936 -0.04284451714980821 
849529.7805642626 75596.25158358863 -0.04227232747560572 
852664.5768025072 189403.75539263984 -0.03999235919333737 
855799.3730407517 298122.4766718233 -0.03606341925422431 
858934.1692789962 397750.0408112682 -0.030628190733621323 
862068.9655172407 485165.8870865222 -0.023863298975015178 
865203.7617554852 558735.0226868885 -0.015950338110838652 
868338.5579937297 617339.329740468 -0.0071161496019823516 
871473.3542319742 658242.7397945889 0.0022761122544659924 
874608.1504702187 675569.0335160834 0.011666399490413232 
877742.9467084632 661166.9329595387 0.020348665514117417 
880877.7429467078 608122.4352542129 0.027644716807712924 
884012.5391849523 515228.6097317941 0.033123068618488 
887147.3354231968 389700.1678213995 0.03673792083767275 
890282.1316614413 246027.8495559444 0.038791205162394184 
893416.9278996858 100868.67736016493 0.039712375725161835 
896551.7241379303 -33687.43749652013 0.039762683961891115 
899686.5203761748 -154593.936614013 0.03884132517810462 
902821.3166144193 -266842.10208785074 0.036540827222635866 
905956.1128526638 -376936.6590195001 0.03245302370680491 
909090.9090909084 -484962.79264206433 0.026536937777500106 
912225.7053291529 -581293.6250232913 0.019271137478682053 
915360.5015673974 -651264.1178526562 0.011438052521896207 
918495.2978056419 -684857.9911618986 0.003675685840373354 
921630.0940438864 -683564.4798722686 -0.003843601804785936 
924764.8902821309 -658055.2618396453 -0.011315912407703738 
927899.6865203754 -618085.656295876 -0.018854237370311704 
931034.4827586199 -563575.170723757 -0.026092532404542033 
934169.2789968645 -485616.36929734703 -0.03224597401420209 
937304.075235109 -377215.4060201175 -0.036617841399647445 
940438.8714733535 -243743.89346414647 -0.03909315163529171 
943573.667711598 -102345.05978617368 -0.040125407061742877 
946708.4639498425 30218.513163529165 -0.04019241342629164 
949843.260188087 149923.96256814257 -0.039241003760601176 
952978.0564263315 265443.07016801916 -0.03669829115739748 
956112.852664576 384888.2265418704 -0.03208598604384695 
959247.6489028205 502315.0156628666 -0.0256432028970663 
962382.445141065 598317.5431891667 -0.018300461935248945 
965517.2413793096 655392.1023194414 -0.010973868207728391 
968652.0376175541 673180.4772221324 -0.0038619935488035466 
971786.8338557986 667618.3385819541 0.003522131624396391 
974921.6300940431 653796.7883145346 0.011574846057553271 
978056.4263322876 629566.4787630441 0.019861730988324836 
981191.2225705321 577325.0969193124 0.027212533507451637 
984326.0188087766 483302.8062150146 0.03261922022379563 
987460.8150470211 354971.34739095654 0.036048541563890535 
990595.6112852657 217868.28935928634 0.038311049951072915 
993730.4075235102 93798.52808939197 0.04007490833141513 
996865.2037617547 -17539.37792944346 0.041019326054861666 
999999.9999999992 -163723.1574141103 0.04140555909394136 
