#x u 
0.0 428164.82762283954 0.03418651598100044 
3134.796238244514 516353.4877755279 0.028695906117058953 
6269.592476489028 629251.2940750961 0.02414349651291743 
9404.38871473354 715891.7235813086 0.018569255478172713 
12539.184952978056 774598.6570399285 0.012265483210978268 
15673.98119122257 803002.5260347364 0.005471391388602748 
18808.777429467085 800341.171174173 -0.0015348811969708004 
21943.5736677116 767070.8998475147 -0.008466203447621237 
25078.369905956115 704477.8519368442 -0.015054560598354274 
28213.16614420063 614623.2607946619 -0.021061647714312175 
31347.962382445145 500637.65005779604 -0.02627094599702731 
34482.75862068966 366963.40748588863 -0.03047942753749055 
37617.55485893417 219152.14500938525 -0.03350682062841067 
40752.35109717868 63251.3433710282 -0.03522085520695992 
43887.14733542319 -94780.4198530646 -0.03555846292897013 
47021.943573667704 -249235.72249522217 -0.034525091455140586 
50156.739811912215 -394457.59856451326 -0.03217517753874386 
53291.53605015673 -524723.5591818327 -0.028594698522045558 
56426.33228840124 -634573.5871068577 -0.02390273875687436 
59561.12852664575 -719463.0619013106 -0.01826713510208395 
62695.92476489026 -776253.5730212008 -0.011912428894900174 
65830.72100313478 -803188.1091552863 -0.005104482709452299 
68965.51724137929 -799499.4797915898 0.0018808639861820514 
72100.3134796238 -765148.0265516369 0.008781844129573828 
75235.10971786831 -701009.4013652822 0.015352348560802934 
78369.90595611282 -609315.035043776 0.021349700847821906 
81504.70219435733 -493831.2895263403 0.02653187433737126 
84639.49843260185 -359487.2319507315 0.0306772372685495 
87774.29467084636 -211698.0808541025 0.033615397968372575 
90909.09090909087 -55920.17574556645 0.03524459436495555 
94043.88714733538 102293.19351519481 0.035523398432364336 
97178.68338557989 257012.4016025696 0.03444966838409598 
100313.4796238244 401958.1527633937 0.03205134324092529 
103448.27586206891 531050.9127635738 0.028399416815187803 
106583.07210031342 639144.6682501138 0.023628050003088756 
109717.86833855794 722392.5584349979 0.017937020978274782 
112852.66457680245 778050.0716836804 0.011568160025628164 
115987.46081504696 804081.8189367107 0.004773108591648996 
119122.25705329147 799112.4109304002 -0.0022022711759878506 
122257.05329153598 762862.9368893083 -0.009109834657666745 
125391.84952978049 696657.7995135413 -0.015686012725616663 
128526.645768025 603459.9560036612 -0.021658041024939564 
131661.44200626953 487336.9200482059 -0.026773733047734595 
134796.23824451404 352814.8559904755 -0.03083362918791906 
137931.03448275855 204660.7756499662 -0.033700670617489305 
141065.83072100306 48151.76156146212 -0.03528470902999722 
144200.62695924757 -110652.13598992761 -0.03552412983435832 
147335.42319749208 -265145.1482717111 -0.03438836805443391 
150470.2194357366 -408916.5776808079 -0.03190133737240264 
153605.0156739811 -536459.7328692088 -0.0281616381203543 
156739.81191222562 -643334.6042417376 -0.02333644023228816 
159874.60815047013 -725825.1616998076 -0.017631439984170227 
163009.40438871464 -780642.2394199537 -0.011262699812670411 
166144.20062695915 -805149.6792631793 -0.004452828896289985 
169278.99686520366 -798006.638860484 0.002552855898625824 
172413.79310344817 -759635.7673075637 0.00947673300670189 
175548.58934169268 -692058.2822440324 0.01602642230975013 
178683.3855799372 -598252.8890827771 0.021931894456598683 
181818.1818181817 -481652.9639290975 0.026973680997335103 
184952.97805642622 -346212.53687385516 0.03098225088926615 
188087.77429467073 -196835.1290920544 0.03381790064920315 
191222.57053291524 -39538.96746866277 0.03535989191503858 
194357.36677115975 119024.79303070247 0.03552253641598334 
197492.16300940426 272425.80356538447 0.034285853308195884 
200626.95924764877 415021.26215588406 0.03171092186721315 
203761.75548589329 541875.0691837171 0.02792381171473791 
206896.5517241378 648341.6639632633 0.02308288227293803 
210031.3479623823 729968.1152781717 0.017359936600316726 
213166.14420062682 783014.6223302472 0.010949543329677262 
216300.94043887133 805212.1646950181 0.004089612690005181 
219435.73667711584 796083.7260667161 -0.0029371012381733054 
222570.53291536035 756566.3710165792 -0.009832103258791693 
225705.32915360486 688360.7025987698 -0.01632085822320435 
228840.12539184937 593678.9733241299 -0.022171938937248 
231974.9216300939 475602.3287650264 -0.02718567900559744 
235109.7178683384 338572.36496500974 -0.031173900758424487 
238244.5141065829 188355.16583238466 -0.03396096765222676 
241379.31034482742 31331.204757859436 -0.03541290448249832 
244514.10658307193 -126353.49930265502 -0.03547017691108474 
247648.90282131644 -279107.8718844193 -0.034153789526482244 
250783.69905956095 -421583.06579149864 -0.031540229452838256 
253918.49529780546 -548290.8491833231 -0.02773153759532267 
257053.29153604998 -653788.2317398315 -0.022850100499177933 
260188.0877742945 -733455.6882507274 -0.017059942354258346 
263322.884012539 -784245.4921613227 -0.010586490260658788 
266457.6802507835 -804770.1506436452 -0.0037064968240775767 
269592.476489028 -794752.966317198 0.0032903159714629676 
272727.27272727253 -754492.9279683157 0.010137472684650402 
275862.06896551704 -684940.9069861152 0.016597994674073874 
278996.86520376155 -588297.2511463442 0.0224444403910492 
282131.66144200607 -468443.2607922175 0.02744400134993225 
285266.4576802506 -330644.01731067215 0.03137429864176523 
288401.2539184951 -180683.9078657935 0.03406241244102618 
291536.0501567396 -24161.719756144237 0.035413780235372935 
294670.8463949841 133517.91300816718 0.03540634421018261 
297805.6426332286 286670.8049880193 0.03405986634032672 
300940.43887147313 429114.201281503 0.03141455750297051 
304075.23510971764 554678.6961270416 0.027541565431422003 
307210.03134796215 658150.069343592 0.022572484331201202 
310344.82758620667 735862.4470418787 0.016713069865858528 
313479.6238244512 785496.0031435664 0.010221041420941837 
316614.4200626957 805435.3390189612 0.0033639446814840474 
319749.2163009402 794479.578232115 -0.0036074208014746107 
322884.0125391847 752300.3535585959 -0.010452180884845598 
326018.8087774292 680224.1462659896 -0.01691758084259587 
329153.60501567373 581524.6495218364 -0.02273688063209384 
332288.40125391824 460859.7848802465 -0.02766028289860507 
335423.19749216276 323313.1837942814 -0.031495506817493545 
338557.99373040727 173847.85446083316 -0.03412173071939117 
341692.7899686518 17500.594454404712 -0.035466310244759845 
344827.5862068963 -140143.0186189746 -0.035472024302305165 
347962.3824451408 -292917.1560799892 -0.03409349635573847 
351097.1786833853 -434684.4038411609 -0.031332454031318624 
354231.9749216298 -560046.1027326834 -0.027281377699008978 
357366.77115987433 -664484.3085168415 -0.022134442417390605 
360501.56739811884 -743902.3383109948 -0.016154068698922434 
363636.36363636336 -794261.4963664453 -0.009620700271705532 
366771.15987460787 -812024.7976247452 -0.002803235903217937 
369905.9561128524 -795336.8230428176 0.004039963002419 
373040.7523510969 -745061.2725444995 0.010653299547452718 
376175.5485893414 -664799.3451143077 0.01679675969992807 
379310.3448275859 -559854.1277616363 0.022277167208964655 
382445.1410658304 -435968.73297392065 0.02696675137793713 
385579.93730407493 -298712.2329835946 0.030783310751749712 
388714.73354231945 -153618.1063992178 0.03364311510316552 
391849.52978056396 -6418.3024838439815 0.03542817137765565 
394984.32601880847 137258.17119914255 0.03600028557419381 
398119.122257053 272614.4229231213 0.035252442386210316 
401253.9184952975 396117.4322449687 0.03315461354292602 
404388.714733542 505109.1684940657 0.029759460333964007 
407523.5109717865 596906.5576753945 0.025174276746887273 
410658.307210031 668279.2887946746 0.019536630238478007 
413793.10344827553 715878.1307189108 0.013021067318495672 
416927.89968652005 737266.5618772599 0.0058649922573081785 
420062.69592476456 731623.2653828452 -0.0016240318082130995 
423197.49216300907 699538.3592312611 -0.009101640196357659 
426332.2884012536 642254.4779828386 -0.016241671320684735 
429467.0846394981 561240.0725187196 -0.022770791193718845 
432601.8808777426 458571.86768568656 -0.02846072162340793 
435736.6771159871 337685.0653506452 -0.03309882383669355 
438871.4733542316 203597.58568575748 -0.036478741722377 
442006.26959247614 62213.66956551097 -0.038429879980103526 
445141.06583072065 -80755.47275813787 -0.03886160114384471 
448275.86206896516 -220331.42404720772 -0.03778024820428113 
451410.65830720967 -351920.13564199564 -0.035263339285547236 
454545.4545454542 -470662.52058439294 -0.03141817575439353 
457680.2507836987 -571385.7509541585 -0.026366565230203868 
460815.0470219432 -649414.8693414116 -0.020267991601929 
463949.8432601877 -701576.7434149717 -0.013351102753473098 
467084.6394984322 -726492.267310481 -0.005912601372325657 
470219.43573667674 -723962.862968739 0.00172481076979492 
473354.23197492125 -694172.6545388821 0.009261841002544029 
476489.02821316576 -637585.723547182 0.016438565292362057 
479623.82445141027 -555648.2025148739 0.023011475503691214 
482758.6206896548 -451514.4358211181 0.02872704729720505 
485893.4169278993 -329944.90110758494 0.033330631857620044 
489028.2131661438 -196353.66785542725 0.03661152736902083 
492163.0094043883 -55847.15560627736 0.03844559132125928 
495297.8056426328 86915.73369608085 0.038797400963966264 
498432.60188087734 227091.98535495135 0.03768441249769317 
501567.39811912185 359126.66127960925 0.03514350794851739 
504702.19435736636 477103.9447030256 0.0312358136626254 
507836.99059561087 575825.480879535 0.026083279194640232 
510971.7868338554 651683.2720106744 0.01989475872976813 
514106.5830720999 702583.8032889557 0.012948061474836759 
517241.3793103444 727147.608203177 0.005538807830778735 
520376.1755485889 724140.1551086295 -0.002059534270645344 
523510.9717868334 692814.0270490352 -0.009592727880564443 
526645.768025078 633844.6803764508 -0.016794030150504555 
529780.5642633225 549871.4500214666 -0.02336851154371203 
532915.360501567 445022.7861918802 -0.02902154448637711 
536050.1567398115 323831.03607268777 -0.033512622689374084 
539184.952978056 190551.14393308965 -0.036687856974904606 
542319.7492163006 49446.08565608634 -0.03846530042253263 
545454.5454545451 -94439.6479689563 -0.03879510622798144 
548589.3416927896 -235033.123161561 -0.03764119507559767 
551724.1379310341 -365988.28605102125 -0.035006508068827956 
554858.9341692786 -481866.1250708948 -0.030975740301353222 
557993.7304075231 -578701.6337477111 -0.025728413099901377 
561128.5266457676 -653541.016798343 -0.019503690372010645 
564263.3228840121 -703589.1142841738 -0.012546814274680079 
567398.1191222566 -725990.5350008617 -0.005084634815943871 
570532.9153605012 -718575.2089229018 0.002654049305372797 
573667.7115987457 -680860.7398338115 0.01040523931735195 
576802.5078369902 -614319.7235395234 0.017868547009601898 
579937.3040752347 -521698.0376294096 0.024747448544388612 
583072.1003134792 -406191.7821169582 0.030793611007354185 
586206.8965517237 -271463.00956413755 0.03581010917471779 
589341.6927899682 -122580.02561645766 0.039609448219657756 
592476.4890282127 33093.18559660275 0.04197106110102889 
595611.2852664572 186169.6443272039 0.04264928406421199 
598746.0815047018 326838.8718039177 0.04143953490793834 
601880.8777429463 446860.6711545532 0.03826022505522179 
605015.6739811908 540818.5646101723 0.033198763184488604 
608150.4702194353 606281.3512934532 0.026505979636771072 
611285.2664576798 643382.9256413667 0.01856285723528488 
614420.0626959243 654382.2668155014 0.009845866938586507 
617554.8589341688 643105.9389909378 0.0008869923413266998 
620689.6551724133 613757.1588505483 -0.0077946490034463255 
623824.4514106578 569098.9147671065 -0.0157887111470006 
626959.2476489024 509053.2940819726 -0.022868793947285058 
630094.0438871469 431095.8726478694 -0.028983258139943888 
633228.8401253914 332764.8972031282 -0.03414668166397085 
636363.6363636359 214853.25633613835 -0.038297346806385 
639498.4326018804 82994.2465205672 -0.04122553348515298 
642633.2288401249 -53648.876606187165 -0.04263171184526574 
645768.0250783694 -185715.2814714256 -0.04227463167046197 
648902.8213166139 -306611.5803638978 -0.040099968806427556 
652037.6175548584 -413153.8364635145 -0.03626016694947728 
655172.413793103 -503900.6107823517 -0.03102648964759163 
658307.2100313475 -576962.5284847704 -0.024675571032946677 
661442.006269592 -629185.4159315848 -0.017437926247372806 
664576.8025078365 -657145.5520039058 -0.009529066575502954 
667711.598746081 -658803.6111062026 -0.0012109099210132986 
670846.3949843255 -634317.9518842162 0.007184683039520899 
673981.19122257 -585522.1720628988 0.015292408900879939 
677115.9874608145 -514823.71832815453 0.022774882889016593 
680250.783699059 -424626.00032562215 0.029357907197308623 
683385.5799373036 -317660.9745516015 0.03482156917044698 
686520.3761755481 -197674.8616362923 0.03897247108750933 
689655.1724137926 -69639.56125942763 0.04163487772796812 
692789.9686520371 60798.15516981603 0.042673946894008316 
695924.7648902816 188194.29875921638 0.042031164281159356 
699059.5611285261 307852.0113873123 0.039741908203291716 
702194.3573667706 415758.34270587354 0.035922858129668424 
705329.1536050151 508191.15349398396 0.030742350906823975 
708463.9498432596 581497.5830677606 0.02439711897272199 
711598.7460815042 632326.6405639309 0.017108869319294322 
714733.5423197487 658195.8860062903 0.00913574568316279 
717868.3385579932 658012.7294047814 0.0007818410665760269 
721003.1347962377 632202.7161968796 -0.00761061788128837 
724137.9310344822 582364.1339660126 -0.015689582504543647 
727272.7272727267 510698.38716948644 -0.02313007314554841 
730407.5235109712 419646.04524754 -0.02965952674125889 
733542.3197492157 312022.7256813708 -0.03505778224324127 
736677.1159874602 191524.77861300818 -0.039137424001329926 
739811.9122257048 63070.023140587815 -0.04172885860271218 
742946.7084639493 -67538.58289912132 -0.042693572608137324 
746081.5047021938 -194585.43447064937 -0.04196377966801475 
749216.3009404383 -313361.9891975464 -0.039577068068198835 
752351.0971786828 -420268.0805415553 -0.035671245060891095 
755485.8934169273 -512040.638988503 -0.030437272742265712 
758620.6896551718 -584958.0380497647 -0.024069628649860675 
761755.4858934163 -635022.0007956605 -0.016760526757951175 
764890.2821316608 -659215.5306553057 -0.00874305813585696 
768025.0783699054 -656770.1220963373 -0.0003349156209475324 
771159.8746081499 -629173.6716883894 0.008074890939273771 
774294.6708463944 -578785.3658231813 0.01610193072369531 
777429.4670846389 -507362.8298524492 0.023444548241182465 
780564.2633228834 -416030.4388362223 0.029893865435905376 
783699.0595611279 -306819.60848679225 0.03526926255731522 
786833.8557993724 -184201.5323237516 0.039351504761578254 
789968.6520376169 -54828.78274646404 0.04189513895076953 
793103.4482758614 74593.77360242051 0.04272378586178045 
796238.244514106 199403.46759582663 0.04182108271920058 
799373.0407523505 316986.6331384238 0.03932336314824038 
802507.836990595 424688.62978133105 0.03541395250818305 
805642.6332288395 517867.9763804016 0.030222179150508288 
808777.429467084 590379.9963323605 0.023832315265128037 
811912.2257053285 637354.4627711502 0.016396747310280797 
815047.021943573 657629.7918569962 0.00823302842871308 
818181.8181818175 653316.8657212809 -0.0002104536464099737 
821316.614420062 626800.7543006637 -0.008505508356780904 
824451.4106583066 578227.0214324715 -0.016371694809351443 
827586.2068965511 506203.6649285909 -0.023654733062774196 
830721.0031347956 411172.95352031133 -0.030180380173690124 
833855.7993730401 297963.52344340895 -0.035643401920874083 
836990.5956112846 174617.27407692632 -0.039664589672680856 
840125.3918495291 48337.976290416555 -0.0419768763393079 
843260.1880877736 -77469.96658293004 -0.0425586313161559 
846394.9843260181 -202013.39301530653 -0.0415740015029656 
849529.7805642626 -322961.69165662373 -0.03917499124220721 
852664.5768025072 -433781.63314267946 -0.035369287954358127 
855799.3730407517 -525699.3442519841 -0.030098316866054957 
858934.1692789962 -592669.1572639603 -0.023451714779429898 
862068.9655172407 -634387.8029745636 -0.01579131136439492 
865203.7617554852 -654150.2348441384 -0.007638315510948536 
868338.5579937297 -653637.2826318746 0.0005799214626554246 
871473.3542319742 -630099.276863488 0.008672548381027538 
874608.1504702187 -579121.869692606 0.016570689390555563 
877742.9467084632 -500335.3651794675 0.0240762292914876 
880877.7429467078 -400090.7290815439 0.03074746774479139 
884012.5391849523 -287994.79429280147 0.03606376075366965 
887147.3354231968 -170555.65144135768 0.03971990626980202 
890282.1316614413 -48425.79402114469 0.041752778432969095 
893416.9278996858 79789.9420332332 0.042364197783263655 
896551.7241379303 211070.22494016332 0.041619297759822364 
899686.5203761748 335818.10263401194 0.03933968119469346 
902821.3166144193 442730.62134349684 0.035316520154429445 
905956.1128526638 526047.0506872658 0.02963083849095817 
909090.9090909084 587740.3557820318 0.022740619604383453 
912225.7053291529 632229.6591739696 0.015224224680388244 
915360.5015673974 659032.6604377602 0.007429064185804339 
918495.2978056419 661205.547859474 -0.0006142022848829295 
921630.0940438864 631577.8507555911 -0.008919368369488704 
924764.8902821309 570526.972457378 -0.017200490594532644 
927899.6865203754 487065.73656362697 -0.02483242619014942 
931034.4827586199 391736.23984889104 -0.03118476134750864 
934169.2789968645 288439.24693274783 -0.03600202494929672 
937304.075235109 173747.47507084627 -0.03943813081930049 
940438.8714733535 44615.968853771745 -0.04170307484091848 
943573.667711598 -93536.39049953724 -0.042689773726021625 
946708.4639498425 -227158.5356048625 -0.04198380282253909 
949843.260188087 -343509.887350983 -0.039265313910867225 
952978.0564263315 -439242.73158927495 -0.03469221712837274 
956112.852664576 -519658.95673321665 -0.028854071160572644 
959247.6489028205 -589234.3531352957 -0.02232433827810912 
962382.445141065 -643314.6407371385 -0.015265506886852298 
965517.2413793096 -670011.1561419975 -0.007501452176530209 
968652.0376175541 -660784.1212554483 0.0010117133394290587 
971786.8338557986 -618850.6536520543 0.009813675746168827 
974921.6300940431 -556410.8515339657 0.018079167531668446 
978056.4263322876 -483210.0765259371 0.025152534405222284 
981191.2225705321 -398240.86877666396 0.030936180696017918 
984326.0188087766 -293453.1170926782 0.03572606347287835 
987460.8150470211 -165851.09031504407 0.039660012511821816 
990595.6112852657 -25263.908427044873 0.04236170197139538 
993730.4075235102 110886.04834718599 0.04317070680024016 
996865.2037617547 227945.63611492002 0.041876310477543234 
999999.9999999992 428158.90487602574 0.03418624449575212 
