#x u 
0.0 -23461.18661725342 0.048794788454167584 
3134.796238244514 -29954.874135894715 0.047531081241575956 
6269.592476489028 -47951.49847652593 0.043848983602045685 
9404.38871473354 -64559.003269488225 0.03844992490343639 
12539.184952978056 -78641.70352746913 0.031565306291079266 
15673.98119122257 -89684.2991275547 0.023460013766756584 
18808.777429467085 -97258.77663435711 0.014447524454501886 
21943.5736677116 -101072.26073326191 0.004876349720232244 
25078.369905956115 -100977.28320003109 -0.004883393325341256 
28213.16614420063 -96977.51684151407 -0.014454295682373877 
31347.962382445145 -89227.63251439692 -0.023466250814037828 
34482.75862068966 -78027.31803724094 -0.031570766657720316 
37617.55485893417 -63809.68926970576 -0.038454441803673016 
40752.35109717868 -47124.54153392627 -0.04385108471910101 
43887.14733542319 -28617.089044188288 -0.04755200736757807 
47021.943573667704 -9003.014490612753 -0.04941409516980378 
50156.739811912215 10959.206391228123 -0.04936534124053681 
53291.53605015673 30497.63505660886 -0.04740763089291096 
56426.33228840124 48856.72099441844 -0.04361666873342691 
59561.12852664575 65326.518845109735 -0.0381390511668546 
62695.92476489026 79270.1419686623 -0.031186597517202652 
65830.72100313478 90148.39083382694 -0.02302815898015459 
68965.51724137929 97540.60384949847 -0.013979222154561178 
72100.3134796238 101160.92433713429 -0.0043897091841461205 
75235.10971786831 100869.35460082666 0.005369553722382479 
78369.90595611282 96677.1696344382 0.014921176130851534 
81504.70219435733 88746.48111789397 0.023895797059564534 
84639.49843260185 77383.968562875 0.031946368158531836 
87774.29467084636 63029.02002435163 0.038761574059832736 
90909.09090909087 46236.74097630932 0.04407787093452183 
94043.88714733538 27656.488397998124 0.047689677725407865 
97178.68338557989 8006.760157008233 0.04945732596100718 
100313.4796238244 -11952.589283955258 0.049312460731580444 
103448.27586206891 -31449.732418707717 0.04726068397165424 
106583.07210031342 -49730.71524649901 0.04338133783336352 
109717.86833855794 -66088.61265294538 0.03782443652756204 
112852.66457680245 -79890.86518519663 0.030804865278322487 
115987.46081504696 -90603.74010896662 0.02259407071709968 
119122.25705329147 -97812.97083901832 0.013509564048791426 
122257.05329153598 -101239.77661687406 0.0039026429019827303 
125391.84952978049 -100751.64295524923 -0.005855193340905266 
128526.645768025 -96367.44596971251 -0.015386609414744066 
131661.44200626953 -88256.7224398058 -0.02432302571625397 
134796.23824451404 -76733.11382633715 -0.03231887126735198 
137931.03448275855 -62242.237764523976 -0.03906494693558195 
141065.83072100306 -45344.456042024205 -0.04430038215625247 
144200.62695924757 -26693.20542367245 -0.047822722790158825 
147335.42319749208 -7009.729269355772 -0.04949576001970211 
150470.2194357366 12944.812927317445 -0.04925479754020309 
153605.0156739811 32398.779556173366 -0.0471091533642646 
156739.81191222562 50599.886250780226 -0.04314179949447475 
159874.60815047013 66844.2967046787 -0.03750615339829788 
163009.40438871464 80503.84000242187 -0.03042014535873304 
166144.20062695915 91050.30197198456 -0.02215779111613057 
169278.99686520366 98075.85121259352 -0.013038595686880757 
172413.79310344817 101308.80992402823 -0.003415198113021467 
175548.58934169268 100624.15967985106 0.0063402650800351516 
178683.3855799372 96048.37588659447 0.015850550392933795 
181818.1818181817 87758.40398050298 0.024747895348352148 
184952.97805642622 76074.81695227069 0.03268823985610994 
188087.77429467073 61449.418798112616 0.03936453100760454 
191222.57053291524 44447.77327137976 0.04451859680353034 
194357.36677115975 25727.333547424518 0.047951129658149426 
197492.16300940426 6012.018526986569 0.049529393618273 
200626.95924764877 -13935.781088228512 0.04919235725900193 
203761.75548589329 -33344.68442348923 0.04695305376728647 
206896.5517241378 -51464.149708717756 0.04289807694893734 
210031.3479623823 -67593.49770855837 0.037184232648483535 
213166.14420062682 -81109.00696956989 0.03003247507138082 
216300.94043887133 -91488.03311205379 0.02171936249082805 
219435.73667711584 -98329.21947416847 0.012566362746779232 
222570.53291536035 -101368.01756324695 0.0029274220932165047 
225705.32915360486 -100486.91713889703 -0.006824721893973776 
228840.12539184937 -95719.99033083595 -0.016312954069037898 
231974.9216300939 -87251.57407055015 -0.025170364748900605 
235109.7178683384 -75409.14178711336 -0.033054438100743565 
238244.5141065829 -60650.64001848819 -0.03966029722005031 
241379.31034482742 -43546.77963121739 -0.04473249371230593 
244514.10658307193 -24758.966446561535 -0.048074885875544086 
247648.90282131644 -5013.724695174995 -0.049558223494687824 
250783.69905956095 14925.39765535741 -0.04912514594389123 
253918.49529780546 34287.35527989351 -0.04679240032039827 
257053.29153604998 52323.421797729025 -0.04265019383474291 
260188.0877742945 68336.1430016004 -0.036858705500343286 
263322.884012539 81706.30739312893 -0.029641892015360077 
266457.6802507835 91916.89107481277 -0.021278827363200494 
269592.476489028 98573.05105023962 -0.01209291102908444 
272727.27272727253 101417.39379214 -0.002439362150646841 
275862.06896551704 100339.9286431683 0.007308516796562889 
278996.86520376155 95382.32115166239 0.01677377559577238 
282131.66144200607 86736.28186601104 0.02559039294373291 
285266.4576802506 74736.15289290203 0.033417430484673896 
288401.2539184951 59845.97889704694 0.03995221688735281 
291536.0501567396 42641.56250647525 0.04494205213729563 
294670.8463949841 23788.19804039251 0.048193979439561566 
297805.6426332286 4014.9445957418775 0.04958224685281489 
300940.43887147313 -15913.566648465949 0.04905317011351504 
304075.23510971764 -35226.70069828634 0.04662720860494409 
307210.03134796215 -53177.61917933491 0.04239817419340545 
310344.82758620667 -69072.16055664237 0.03652960352587637 
313479.6238244512 -82295.6833425446 0.02924843407226689 
316614.4200626957 -92336.83426648643 0.020836228459560593 
319749.2163009402 -98807.3222922406 0.011618286452600258 
322884.0125391847 -101456.93382183966 0.0019510656209285565 
326018.8087774292 -100183.20844868128 -0.007791602865841135 
329153.60501567373 -95035.40109869509 -0.017232970279301596 
332288.40125391824 -86212.57734368378 -0.02600793919544857 
335423.19749216276 -74055.9155410112 -0.03377718180224978 
338557.99373040727 -59035.513475698885 -0.040240261697011774 
341692.7899686518 -41732.20995286775 -0.04514725176596394 
344827.5862068963 -22815.117801538116 -0.048308398585136865 
347962.3824451408 -3015.5853672368385 -0.04960145266588157 
351097.1786833853 16902.723202172754 -0.04897632073449986 
354231.9749216298 36183.11586093217 -0.04645655559761013 
357366.77115987433 54144.771039782165 -0.04213662848059052 
360501.56739811884 70324.48817897693 -0.03617298509162517 
363636.36363636336 84734.61664903778 -0.028766994038271577 
366771.15987460787 98186.13637954055 -0.02014232873753678 
369905.9561128524 112392.72107197784 -0.01053011045244683 
373040.7523510969 129342.07251251992 -0.00018574988338772855 
376175.5485893414 149592.52315086083 0.010546372979950824 
379310.3448275859 170054.6101019248 0.02114552808808041 
382445.1410658304 183049.68431881722 0.03088614452568884 
385579.93730407493 178660.80116353958 0.038960017057729994 
388714.73354231945 150409.96705328402 0.04475021326569024 
391849.52978056396 100898.10295149541 0.048101970884965706 
394984.32601880847 42368.61013259723 0.04935912527677337 
398119.122257053 -9967.74336389215 0.04906654325837238 
401253.9184952975 -47794.77186133913 0.047523965541726186 
404388.714733542 -74693.9940458168 0.04455982483268291 
407523.5109717865 -101367.69022880928 0.039750496129915595 
410658.307210031 -134765.23298570432 0.03291613231510459 
413793.10344827553 -170930.47514669204 0.02444316024266432 
416927.89968652005 -198372.535667977 0.015121840906507674 
420062.69592476456 -208734.50601608364 0.005647048911991982 
423197.49216300907 -204258.9895660534 -0.00373598867402104 
426332.2884012536 -194668.36158697354 -0.01310214857021825 
429467.0846394981 -186780.80059470687 -0.022384771620289585 
432601.8808777426 -177598.49101960525 -0.031073504944298228 
435736.6771159871 -157977.96841489943 -0.03839696379153798 
438871.4733542316 -122976.2469157156 -0.04381059673861388 
442006.26959247614 -78007.89263065493 -0.04729120806603486 
445141.06583072065 -34343.09119406165 -0.04914109394276755 
448275.86206896516 1352.975253591614 -0.04951683836094632 
451410.65830720967 32501.809323246744 -0.048183804557377835 
454545.4545454542 67421.76998442855 -0.04475703358236715 
457680.2507836987 108992.3067121064 -0.03917515400548239 
460815.0470219432 150100.57718335194 -0.03190636788971147 
463949.8432601877 179710.91351947864 -0.023664742720420427 
467084.6394984322 193224.06671215768 -0.014927315425609202 
470219.43573667674 196281.92383401282 -0.005749398153611207 
473354.23197492125 198062.5049483945 0.003940219039756084 
476489.02821316576 201150.54495686726 0.01388847344730242 
479623.82445141027 198652.66264204332 0.023400163101695237 
482758.6206896548 181591.32005035263 0.031691533685362094 
485893.4169278993 148792.4033618527 0.03835789743821141 
489028.2131661438 108853.41169354072 0.04347741855440685 
492163.0094043883 72100.15540310505 0.047254643354593895 
495297.8056426328 40955.375634831464 0.049589412852195654 
498432.60188087734 8797.651904892171 0.05003272523127957 
501567.39811912185 -31549.888293754535 0.048181465126347155 
504702.19435736636 -78689.99595708483 0.04409974965613301 
507836.99059561087 -122539.70247944034 0.038324041104018644 
510971.7868338554 -153409.12135447998 0.03144412281469335 
514106.5830720999 -170779.58817616495 0.0236950980640286 
517241.3793103444 -182608.10043251343 0.014981100863776515 
520376.1755485889 -195943.52072077297 0.005295030817315852 
523510.9717868334 -208764.0933557108 -0.004919517099631488 
526645.768025078 -211645.05793546734 -0.014858262115218707 
529780.5642633225 -197514.49633992763 -0.02381781864779952 
532915.360501567 -169242.4213887996 -0.03155822733321078 
536050.1567398115 -137080.7914256986 -0.03819997967596311 
539184.952978056 -108634.5898034214 -0.043777832055367144 
542319.7492163006 -81882.55502620596 -0.0479330270471267 
545454.5454545451 -48543.095972319315 -0.050077851768799544 
548589.3416927896 -4192.338370764242 -0.049867446245014095 
551724.1379310341 45561.294545804514 -0.047488343700576155 
554858.9341692786 89393.95106264949 -0.043463447056781714 
557993.7304075231 120591.38703686201 -0.03817875859441746 
561128.5266457676 142583.68533302375 -0.031626518918309456 
564263.3228840121 163928.88424841917 -0.02362865043678194 
567398.1191222566 188077.4254092562 -0.014296838290866358 
570532.9153605012 208736.6689642256 -0.0042352674241772185 
573667.7115987457 215765.03307996597 0.005738331551195558 
576802.5078369902 205435.90652354533 0.01507284086732163 
579937.3040752347 184267.8995730162 0.023676117066305614 
583072.1003134792 162323.60566884355 0.03163612350786565 
586206.8965517237 142948.75741316323 0.03878220342054921 
589341.6927899682 119769.95799328337 0.04455926967382477 
592476.4890282127 84294.7864438353 0.04834901584586405 
595611.2852664572 36354.53554156689 0.0498978892904749 
598746.0815047018 -13571.115731030477 0.04940690356158544 
601880.8777429463 -52978.21592849668 0.04721011609392899 
605015.6739811908 -78544.42052675632 0.04341241565091695 
608150.4702194353 -98767.25021088512 0.03789337111808988 
611285.2664576798 -125406.162128328 0.0306732993635807 
614420.0626959243 -162224.83231358315 0.022224647439079544 
617554.8589341688 -201923.82789754067 0.013347129089747145 
620689.6551724133 -233535.57446235733 0.0046819512038594495 
623824.4514106578 -252005.31877986336 -0.0036609166941351913 
626959.2476489024 -260118.37596610066 -0.011975095495096842 
630094.0438871469 -261676.04185454678 -0.020437379427294303 
633228.8401253914 -254322.92130949805 -0.028700897039287483 
636363.6363636359 -230521.7916348818 -0.035999808567044565 
639498.4326018804 -185924.77013126825 -0.041655063967649494 
642633.2288401249 -125938.08624696129 -0.045478313860629935 
645768.0250783694 -62861.1587883934 -0.04769087528373102 
648902.8213166139 -5984.649626417322 -0.048477878764769104 
652037.6175548584 45273.084748763744 -0.04766472562678887 
655172.413793103 98058.79029520958 -0.044859421698347904 
658307.2100313475 156064.58779599582 -0.03990651641499343 
661442.006269592 213315.85855884862 -0.03316840144144382 
664576.8025078365 258320.8386559787 -0.025330896660939704 
667711.598746081 284270.0288612278 -0.016929435910075098 
670846.3949843255 294625.17131924327 -0.008084228988375594 
673981.19122257 298284.91857589607 0.0012889291335753262 
677115.9874608145 299462.0760493699 0.011027171167374682 
680250.783699059 292946.79055115907 0.020517198293102314 
683385.5799373036 269743.39938452817 0.028968142063064497 
686520.3761755481 227142.30728571236 0.03588787399875034 
689655.1724137926 172612.4513719022 0.04127565505351308 
692789.9686520371 117386.27686380685 0.04534135308049749 
695924.7648902816 66432.07665030984 0.04805759209181069 
699059.5611285261 15288.450102927774 0.04902451619229636 
702194.3573667706 -42995.59158812198 0.04779546261887213 
705329.1536050151 -108204.14062081458 0.04432454455497458 
708463.9498432596 -170825.20350432012 0.0390664054650113 
711598.7460815042 -219773.13781414443 0.03262151952391237 
714733.5423197487 -251926.279360009 0.02529543793684539 
717868.3385579932 -273534.2986445751 0.017027996547982045 
721003.1347962377 -292093.7373159093 0.007756971510724679 
724137.9310344822 -307298.71306658094 -0.002178003351649498 
727272.7272727267 -310625.32152800856 -0.012028977914777457 
730407.5235109712 -294009.3639923545 -0.021051267281431724 
733542.3197492157 -258500.140659778 -0.02891462478994454 
736677.1159874602 -213786.51653805244 -0.03569614851248865 
739811.9122257048 -169075.20208320548 -0.041476354934030936 
742946.7084639493 -124874.73197140018 -0.04597578094455842 
746081.5047021938 -74264.76299566578 -0.048624873799721295 
749216.3009404383 -12240.31197452466 -0.04900206772093976 
752351.0971786828 56777.24634984992 -0.04718550134864441 
755485.8934169273 121243.84937603393 -0.04365223820461501 
758620.6896551718 172273.55669972888 -0.03883195091738568 
761755.4858934163 210700.86885135426 -0.03278233587604298 
764890.2821316608 244090.48798647488 -0.02532246869530826 
768025.0783699054 276926.2917737849 -0.016476106923066884 
771159.8746081499 304369.40289292275 -0.00674893937066469 
774294.6708463944 316203.6636160284 0.003063243323175297 
777429.4670846389 306858.3263404822 0.012346630656450999 
780564.2633228834 280995.6487554335 0.020939376564996368 
783699.0595611279 248802.9704417801 0.02893032155570101 
786833.8557993724 215937.6689560599 0.036212714398040344 
789968.6520376169 178673.23103176602 0.0422758750794358 
793103.4482758614 129303.19867304004 0.04646604198301338 
796238.244514106 66057.97482380946 0.04845255662415439 
799373.0407523505 -2963.397095598004 0.04841773735206778 
802507.836990595 -66055.74149520889 0.04677712586941268 
805642.6332288395 -117861.60201149728 0.04372790426300398 
808777.429467084 -162641.28173690545 0.03910087509352889 
811912.2257053285 -207517.34759524418 0.03266910924330388 
815047.021943573 -252889.77750389383 0.02458344406089124 
818181.8181818175 -290180.448562846 0.015469329039979492 
821316.614420062 -309344.0621769773 0.006073561070359936 
824451.4106583066 -308301.681547684 -0.003179200358548811 
827586.2068965511 -294422.4984323393 -0.012267090541910386 
830721.0031347956 -276528.67083555285 -0.0212184672181852 
833855.7993730401 -255843.74816691704 -0.02971154802467114 
836990.5956112846 -225391.8957548974 -0.03706148442515832 
840125.3918495291 -178447.3180133974 -0.04262178216078808 
843260.1880877736 -117102.54465022418 -0.04619013015883132 
846394.9843260181 -51890.47998627335 -0.04800260859675466 
849529.7805642626 7206.978234422491 -0.048331085249317736 
852664.5768025072 58986.64920590367 -0.047113256181587876 
855799.3730407517 109927.15944965572 -0.044007467573605345 
858934.1692789962 165018.03391699135 -0.03881481742952415 
862068.9655172407 220252.0082557436 -0.03182213829831826 
865203.7617554852 264759.11699347757 -0.023700186767428646 
868338.5579937297 290413.12810825114 -0.015056635691752864 
871473.3542319742 298877.33539599145 -0.006104016498444714 
874608.1504702187 298742.6599263516 0.0032202647359007557 
877742.9467084632 295816.16292734456 0.012821582072615904 
880877.7429467078 286799.66529574676 0.022172284453255437 
884012.5391849523 263009.70220233384 0.030496768047040063 
887147.3354231968 220211.8789697485 0.03723686152430573 
890282.1316614413 164200.2494221275 0.04232165089600666 
893416.9278996858 106215.80645645532 0.04597048599312669 
896551.7241379303 52968.611181530374 0.048247060450038695 
899686.5203761748 1684.8915415250913 0.04884181281112212 
902821.3166144193 -54698.93158557659 0.04731706297939429 
905956.1128526638 -117750.16809929625 0.04355998827978121 
909090.9090909084 -179543.3180487912 0.037967400519793144 
912225.7053291529 -228741.25665742788 0.031165701886516482 
915360.5015673974 -260441.83705390443 0.023555411656892244 
918495.2978056419 -279516.6270188951 0.015151327295648718 
921630.0940438864 -294006.551592419 0.005876045898791105 
924764.8902821309 -305580.98816715396 -0.00401396213953583 
927899.6865203754 -307133.84858626366 -0.013831039743365072 
931034.4827586199 -290064.011262616 -0.022804057440076065 
934169.2789968645 -253587.7014482813 -0.03051984539237186 
937304.075235109 -206281.70249443522 -0.03700851868542156 
940438.8714733535 -158212.50157399016 -0.04239673343484248 
943573.667711598 -111887.27528304499 -0.04650584603932271 
946708.4639498425 -61480.637204250175 -0.04882782127016132 
949843.260188087 -1072.4662268310058 -0.0489121555493319 
952978.0564263315 66850.64217270244 -0.046762491435942 
956112.852664576 131655.40122166718 -0.042828965399425385 
959247.6489028205 183395.18862318338 -0.037604748073744816 
962382.445141065 221015.9608981684 -0.03124846372748874 
965517.2413793096 251396.00050363637 -0.0236239404146662 
968652.0376175541 280315.00174045644 -0.014707240254122348 
971786.8338557986 304920.88300500636 -0.004922644545685238 
974921.6300940431 315668.65542775375 0.004957571067443934 
978056.4263322876 305727.83352867863 0.014257295884005308 
981191.2225705321 277988.4491828537 0.022731761742680663 
984326.0188087766 242309.19111168612 0.03045599197108858 
987460.8150470211 205895.90838598303 0.03739834468110846 
990595.6112852657 166899.58081320662 0.04314114246877805 
993730.4075235102 117940.88296548314 0.04705292215450107 
996865.2037617547 55402.59731809247 0.04875893995124013 
999999.9999999992 -23461.18662178448 0.04879478845395989 
