#x u 
0.0 1.9739453605745987e+18 90481167478.5506 
3134.796238244514 -4.939832243206203e+16 -2264306791.0444236 
6269.592476489028 1215661172410870.5 55723144.29301749 
9404.38871473354 -50962479677793.766 -2336004.2045149743 
12539.184952978056 -19791680351046.965 -907205.640947636 
15673.98119122257 -21098410547412.906 -967103.1912378416 
18808.777429467085 -21605889463266.797 -990364.8792127704 
21943.5736677116 -22146874269022.773 -1015162.3998881287 
25078.369905956115 -22700871344934.266 -1040556.3720761446 
28213.16614420063 -23268739819711.508 -1066586.1760704701 
31347.962382445145 -23850813345037.812 -1093267.1055410304 
34482.75862068966 -24447447601649.184 -1120615.4639894173 
37617.55485893417 -25059006825407.758 -1148647.9471377411 
40752.35109717868 -25685864372159.613 -1177381.6688038637 
43887.14733542319 -26328402936538.07 -1206834.1709655595 
47021.943573667704 -26987014785897.06 -1237023.4344602688 
50156.739811912215 -27662101999860.78 -1267967.8899437157 
53291.53605015673 -28354076715577.324 -1299686.429134709 
56426.33228840124 -29063361379198.727 -1332198.416334263 
59561.12852664575 -29790389003707.57 -1365523.7002299137 
62695.92476489026 -30535603433248.684 -1399682.6259965482 
65830.72100313478 -31299459614144.777 -1434696.047702631 
68965.51724137929 -32082423872722.97 -1470585.3410298051 
72100.3134796238 -32884974199924.023 -1507372.4163195724 
75235.10971786831 -33707600543362.844 -1545079.7319311695 
78369.90595611282 -34550805106540.277 -1583730.3079430852 
81504.70219435733 -35415102655357.81 -1623347.740211612 
84639.49843260185 -36301020832564.734 -1663956.2147759264 
87774.29467084636 -37209100480147.625 -1705580.5226241197 
90909.09090909087 -38139895969658.9 -1748246.0748343803 
94043.88714733538 -39093975540729.914 -1791978.9180970704 
97178.68338557989 -40071921648085.66 -1836805.7506242795 
100313.4796238244 -41074331317235.75 -1882753.9384612194 
103448.27586206891 -42101816509070.86 -1929851.5322089628 
106583.07210031342 -43155004493583.88 -1978127.2841651465 
109717.86833855794 -44234538232855.93 -2027610.6658928168 
112852.66457680245 -45341076773554.95 -2078331.8862264403 
115987.46081504696 -46475295649241.55 -2130321.9097260945 
119122.25705329147 -47637887292744.63 -2183612.4755934295 
122257.05329153598 -48829561458858.375 -2238236.1170606026 
125391.84952978049 -50051045657595.22 -2294226.181261395 
128526.645768025 -51303085598224.19 -2351616.849594559 
131661.44200626953 -52586445644348.68 -2410443.158592765 
134796.23824451404 -53901909280349.02 -2470741.021311512 
137931.03448275855 -55250279589560.83 -2532547.249250719 
141065.83072100306 -56632379744469.95 -2595899.574822715 
144200.62695924757 -58049053509149.62 -2660836.674380427 
147335.42319749208 -59501165754226.73 -2727398.191817922 
150470.2194357366 -60989602984722.625 -2795624.762757967 
153605.0156739811 -62515273881120.7 -2865558.0393445627 
156739.81191222562 -64079109854039.516 -2937240.715657332 
159874.60815047013 -65682065612862.07 -3010716.553762113 
163009.40438871464 -67325119748605.48 -3086030.410413016 
166144.20062695915 -69009275331331.52 -3163228.264422563 
169278.99686520366 -70735560522488.67 -3242357.2447175016 
172413.79310344817 -72505029202624.58 -3323465.659099189 
175548.58934169268 -74318761614886.86 -3406603.023727407 
178683.3855799372 -76177865024671.98 -3491820.0933454703 
181818.1818181817 -78083474395752.69 -3579168.8922638632 
184952.97805642622 -80036753083264.95 -3668702.7461203844 
188087.77429467073 -82038893544016.89 -3760476.31443635 
191222.57053291524 -84091118064602.02 -3854545.6239906214 
194357.36677115975 -86194679507764.16 -3950968.1030333033 
197492.16300940426 -88350862077432.61 -4049802.6163584637 
200626.95924764877 -90560982102849.5 -4151109.501254317 
203761.75548589329 -92826388842242.89 -4254950.604351316 
206896.5517241378 -95148465306561.8 -4361389.319391806 
210031.3479623823 -97528629103820.66 -4470490.625946087 
213166.14420062682 -99968333304587.03 -4582321.129098344 
216300.94043887133 -102469067329106.25 -4696949.100124508 
219435.73667711584 -105032357856553.25 -4814444.518184214 
222570.53291536035 -107659769756957.48 -4934879.113051225 
225705.32915360486 -110352907046408.53 -5058326.408909822 
228840.12539184937 -113113413866177.89 -5184861.769245897 
231974.9216300939 -115942975486365.14 -5314562.442860241 
235109.7178683384 -118843319334646.64 -5447507.611030057 
238244.5141065829 -121816216050718.31 -5583778.435845076 
241379.31034482742 -124863480567074.38 -5723458.109748058 
244514.10658307193 -127986973216828.36 -5866631.906312234 
247648.90282131644 -131188600869301.19 -6013387.232289172 
250783.69905956095 -134470318094080.03 -6163813.6809591465 
253918.49529780546 -137834128354215.64 -6318003.086814644 
257053.29153604998 -141282085229246.97 -6476049.581609263 
260188.0877742945 -144816293668804.16 -6638049.651807037 
263322.884012539 -148438911277607.1 -6804102.197470048 
266457.6802507835 -152152149632686.16 -6974308.592622784 
269592.476489028 -155958275633620.25 -7148772.74712989 
272727.27272727253 -159859612886565.03 -7327601.170123507 
275862.06896551704 -163858543122871.72 -7510903.035017542 
278996.86520376155 -167957507653175.97 -7698790.246149604 
282131.66144200607 -172159008857887.47 -7891377.507093866 
285266.4576802506 -176465611715027.22 -8088782.390688101 
288401.2539184951 -180879945366319.62 -8291125.410816692 
291536.0501567396 -185404704722436.16 -8498530.095990935 
294670.8463949841 -190042652108333.75 -8711123.06477012 
297805.6426332286 -194796618949705.94 -8929034.103070045 
300940.43887147313 -199669507501630.7 -9152396.243408216 
304075.23510971764 -204664292620488.16 -9381345.84613448 
307210.03134796215 -209784023580206.38 -9616022.682695257 
310344.82758620667 -215031825933881.22 -9856570.020978987 
313479.6238244512 -220410903421887.12 -10103134.712793462 
316614.4200626957 -225924539927672.44 -10355867.28352905 
319749.2163009402 -231576101482484.22 -10614922.024064753 
322884.0125391847 -237369038320266.4 -10880457.084973251 
326018.8087774292 -243306886983954.22 -11152634.573080698 
329153.60501567373 -249393272484404.7 -11431620.6504374 
332288.40125391824 -255631910513273.47 -11717585.635759016 
335423.19749216276 -262026609711229.75 -12010704.108401982 
338557.99373040727 -268581273992950.06 -12311155.014938565 
341692.7899686518 -275299904930321.16 -12619121.778397424 
344827.5862068963 -282186604195277.75 -12934792.410234654 
347962.3824451408 -289245576063718.9 -13258359.625102023 
351097.1786833853 -296481129982034.94 -13590020.958482666 
354231.9749216298 -303897683197854.25 -13929978.887268685 
357366.77115987433 -311499763456664.75 -14278440.95335694 
360501.56739811884 -319292011765957.5 -14635619.89033869 
363636.36363636336 -327279185228541.7 -15001733.753359018 
366771.15987460787 -335466159946722.9 -15377006.052223872 
369905.9561128524 -343857933999127.9 -15761665.887836697 
373040.7523510969 -352459630492034.5 -16155948.092050314 
376175.5485893414 -361276500687103.2 -16560093.3710219 
379310.3448275859 -370313927207401.94 -16974348.452158216 
382445.1410658304 -379577427323621.06 -17398966.234739494 
385579.93730407493 -389072656322443.9 -17834205.94431262 
388714.73354231945 -398805410959136.6 -18280333.290948894 
391849.52978056396 -408781632996507.94 -18737620.631464418 
394984.32601880847 -419007412832428.2 -19206347.13570326 
398119.122257053 -429488993218105.7 -19686798.956982896 
401253.9184952975 -440232773069354.1 -20179269.40680313 
404388.714733542 -451245311373155.3 -20684059.133923125 
407523.5109717865 -462533331191926.6 -21201476.30791654 
410658.307210031 -474103723767971.3 -21731836.807318382 
413793.10344827553 -485963552730616.4 -22275464.412479255 
416927.89968652005 -498120058408569.2 -22832691.003243722 
420062.69592476456 -510580662250057.1 -23403856.761571858 
423197.49216300907 -523352971353444.56 -23989310.379226968 
426332.2884012536 -536444783111112.7 -24589409.270657565 
429467.0846394981 -549864089969499.1 -25204519.79120427 
432601.8808777426 -563619084308231.8 -25835017.46076456 
435736.6771159871 -577718163441329.4 -26481287.19304898 
438871.4733542316 -592169934743515.4 -27143723.530566726 
442006.26959247614 -606983220904804.4 -27822730.885483224 
445141.06583072065 -622167065316600.5 -28518723.786498792 
448275.86206896516 -637730737592630.6 -29232127.13190102 
451410.65830720967 -653683739228063.0 -29963376.44894639 
454545.4545454542 -670035809400190.8 -30712918.159729164 
457680.2507836987 -686796930914187.9 -31481209.85370001 
460815.0470219432 -703977336297523.2 -32268720.567001946 
463949.8432601877 -721587514046785.2 -33075931.068796504 
467084.6394984322 -739638215030728.6 -33903334.15475567 
470219.43573667674 -758140459053440.8 -34751434.94789757 
473354.23197492125 -777105541581617.6 -35620751.20694823 
476489.02821316576 -796545040640069.0 -36511813.64241643 
479623.82445141027 -816470823879747.1 -37425166.24057673 
482758.6206896548 -836895055822678.1 -38361366.59556139 
485893.4169278993 -857830205288313.2 -39320986.24976604 
489028.2131661438 -879289053005827.8 -40304611.04277798 
492163.0094043883 -901284699417034.0 -41312841.469040595 
495297.8056426328 -923830572674640.5 -42346293.044472285 
498432.60188087734 -946940436840738.0 -43405596.68226374 
501567.39811912185 -970628400290431.9 -44491399.07808104 
504702.19435736636 -994908924325632.5 -45604363.10490396 
507836.99059561087 -1019796832004072.4 -46745168.21773312 
510971.7868338554 -1045307317188820.9 -47914510.86840727 
514106.5830720999 -1071455953823766.9 -49113104.930780455 
517241.3793103444 -1098258705440778.0 -50341682.13652163 
520376.1755485889 -1125731934904480.9 -51600992.521807164 
523510.9717868334 -1153892414400767.2 -52891804.88518562 
526645.768025078 -1182757335675288.8 -54214907.25690125 
529780.5642633225 -1212344320528382.2 -55571107.37997056 
532915.360501567 -1242671431572968.5 -56961233.20331073 
536050.1567398115 -1273757183261987.8 -58386133.387221254 
539184.952978056 -1305620553192003.2 -59846677.82152095 
542319.7492163006 -1338280993689560.8 -61343758.156643674 
545454.5454545451 -1371758443687115.5 -62878288.34800346 
548589.3416927896 -1406073340895584.5 -64451205.21395384 
551724.1379310341 -1441246634280948.5 -66063469.00768058 
554858.9341692786 -1477299796852647.8 -67716064.00338481 
557993.7304075231 -1514254838771821.2 -69409999.09712392 
561128.5266457676 -1552134320787582.8 -71146308.42268789 
564263.3228840121 -1590961368009778.0 -72926051.98289764 
567398.1191222566 -1630759684026748.2 -74750316.29671697 
570532.9153605012 -1671553565376715.8 -76620215.06257364 
573667.7115987457 -1713367916381455.0 -78536889.83828776 
576802.5078369902 -1756228264351004.2 -80501510.73800766 
579937.3040752347 -1800160775168416.2 -82515277.14656846 
583072.1003134792 -1845192269263922.2 -84579418.45170164 
586206.8965517237 -1891350237988364.8 -86695194.79454903 
589341.6927899682 -1938662860396143.5 -88863897.8389498 
592476.4890282127 -1987159020448113.8 -91086851.55998027 
595611.2852664572 -2036868324645047.0 -93365413.05223268 
598746.0815047018 -2087821120102393.2 -95700973.35832432 
601880.8777429463 -2140048513077280.0 -98094958.3181397 
605015.6739811908 -2193582387959019.8 -100548829.43932037 
608150.4702194353 -2248455426734580.0 -103064084.78952856 
611285.2664576798 -2304701128940863.0 -105642259.91102652 
614420.0626959243 -2362353832115850.0 -108284928.75812395 
617554.8589341688 -2421448732761126.5 -110993704.65806627 
620689.6551724133 -2482021907828673.0 -113770241.2959551 
623824.4514106578 -2544110336745275.5 -116616233.72431031 
626959.2476489024 -2607751923988064.0 -119533419.39789388 
630094.0438871469 -2672985522224898.5 -122523579.2344247 
633228.8401253914 -2739850956033584.5 -125588538.70182216 
636363.6363636359 -2808389046214278.5 -128730168.93263921 
639498.4326018804 -2878641634709934.0 -131950387.86636305 
642633.2288401249 -2950651610150160.5 -135251161.42028955 
645768.0250783694 -3024462934034194.0 -138634504.68969032 
648902.8213166139 -3100120667568950.0 -142102483.17800468 
652037.6175548584 -3177670999178420.0 -145657214.05780035 
655172.413793103 -3257161272701145.5 -149300867.4632744 
658307.2100313475 -3338640016293066.0 -153035667.8150826 
661442.006269592 -3422156972053506.0 -156863895.1783146 
664576.8025078365 -3507763126392417.0 -160787886.65444732 
667711.598746081 -3595510741157360.0 -164810037.80811918 
670846.3949843255 -3685453385539038.0 -168932804.12959397 
673981.19122257 -3777645968774836.0 -173158702.53380296 
677115.9874608145 -3872144773670457.0 -177490312.89688805 
680250.783699059 -3969007490960276.5 -181930279.6311909 
683385.5799373036 -4068293254527383.0 -186481313.2996497 
686520.3761755481 -4170062677504679.5 -191146192.27058512 
689655.1724137926 -4274377889278932.5 -195927764.4138775 
692789.9686520371 -4381302573420267.0 -200828948.83956656 
695924.7648902816 -4490902006560520.0 -205852737.67994782 
699059.5611285261 -4603243098244235.0 -211002197.9162559 
702194.3573667706 -4718394431776712.0 -216280473.25105187 
705329.1536050151 -4836426306093805.0 -221690786.02744886 
708463.9498432596 -4957410778678879.0 -227236439.19633836 
711598.7460815042 -5081421709553131.0 -232920818.3328193 
714733.5423197487 -5208534806366387.0 -238747393.70307058 
717868.3385579932 -5338827670615977.0 -244719722.3829335 
721003.1347962377 -5472379845021934.0 -250841450.42949772 
724137.9310344822 -5609272862087210.0 -257116315.10700443 
727272.7272727267 -5749590293872345.0 -263548147.16841638 
730407.5235109712 -5893417803015109.0 -270140873.1940544 
733542.3197492157 -6040843195026499.0 -276898517.98873466 
736677.1159874602 -6191956471895194.0 -283825207.03888327 
739811.9122257048 -6346849887033059.0 -290925169.0311163 
742946.7084639493 -6505618001595016.0 -298202738.4338186 
746081.5047021938 -6668357742207560.0 -305662358.14328337 
749216.3009404383 -6835168460141206.0 -313308582.19604033 
752351.0971786828 -7006151991963348.0 -321146078.5490386 
755485.8934169273 -7181412721708716.0 -329179631.92938983 
758620.6896551718 -7361057644605200.0 -337414146.7554038 
761755.4858934163 -7545196432393627.0 -345854650.1306869 
764890.2821316608 -7733941500281273.0 -354506294.9131241 
768025.0783699054 -7927408075570146.0 -363374362.86063176 
771159.8746081499 -8125714268002313.0 -372464267.8556092 
774294.6708463944 -8328981141865270.0 -381781559.21007615 
777429.4670846389 -8537332789901184.0 -391331925.053488 
780564.2633228834 -8750896409064714.0 -401121195.805294 
783699.0595611279 -8969802378175681.0 -411155347.7343463 
786833.8557993724 -9194184337514050.0 -421440506.6073506 
789968.6520376169 -9424179270406418.0 -431982951.428598 
793103.4482758614 -9659927586853706.0 -442789118.2732677 
796238.244514106 -9901573209250846.0 -453865604.21662396 
799373.0407523505 -1.0149263660250364e+16 -465219171.3614875 
802507.836990595 -1.0403150152823538e+16 -476856750.96644056 
805642.6332288395 -1.0663387682574442e+16 -488785447.67730033 
808777.429467084 -1.0930135122363528e+16 -501012543.8644629 
811912.2257053285 -1.1203555319298654e+16 -513545504.0687609 
815047.021943573 -1.1483815194152174e+16 -526391979.5585329 
818181.8181818175 -1.177108584326464e+16 -539559813.0006689 
821316.614420062 -1.2065542642997086e+16 -553057043.2484822 
824451.4106583066 -1.2367365356796482e+16 -566891910.2493595 
827586.2068965511 -1.2676738244939756e+16 -581072860.0751878 
830721.0031347956 -1.2993850177023452e+16 -595608550.0786377 
833855.7993730401 -1.3318894747267188e+16 -610507854.1784202 
836990.5956112846 -1.36520703927009e+16 -625779868.2767286 
840125.3918495291 -1.39935805143084e+16 -641433915.8121849 
843260.1880877736 -1.4343633601201424e+16 -657479553.4517 
846394.9843260181 -1.4702443357900568e+16 -673926576.9247416 
849529.7805642626 -1.5070228834800566e+16 -690785027.003558 
852664.5768025072 -1.544721456189882e+16 -708065195.6329875 
855799.3730407517 -1.583363068586875e+16 -725777632.2135767 
858934.1692789962 -1.6229713110561772e+16 -743933150.0418609 
862068.9655172407 -1.6635703641024398e+16 -762542832.9117713 
865203.7617554852 -1.7051850131118598e+16 -781618041.8812006 
868338.5579937297 -1.7478406634835216e+16 -801170422.2078489 
871473.3542319742 -1.791563356139207e+16 -821211910.4585605 
874608.1504702187 -1.836379783421143e+16 -841754741.7964715 
877742.9467084632 -1.8823173053873984e+16 -862811457.4504391 
880877.7429467078 -1.9294039665149852e+16 -884394912.3713498 
884012.5391849523 -1.977668512820841e+16 -906518283.0799841 
887147.3354231968 -2.0271404094111188e+16 -929195075.7112023 
890282.1316614413 -2.077849858469426e+16 -952439134.2593387 
893416.9278996858 -2.12982781769497e+16 -976264649.0298332 
896551.7241379303 -2.1831060192019428e+16 -1000686165.3022758 
899686.5203761748 -2.237716988891714e+16 -1025718592.2101845 
902821.3166144193 -2.2936940663096988e+16 -1051377211.8429503 
905956.1128526638 -2.3510714249989476e+16 -1077677688.575471 
909090.9090909084 -2.409884093362815e+16 -1104636078.6311302 
912225.7053291529 -2.470167976049458e+16 -1132268839.883982 
915360.5015673974 -2.5319598758712572e+16 -1160592841.9061296 
918495.2978056419 -2.5952975162726324e+16 -1189625376.2664697 
921630.0940438864 -2.6602195643599508e+16 -1219384167.0871005 
924764.8902821309 -2.7267656545075268e+16 -1249887381.8637815 
927899.6865203754 -2.794976412554041e+16 -1281153642.5570436 
931034.4827586199 -2.8648934806041988e+16 -1313202036.9607031 
934169.2789968645 -2.9365595424508056e+16 -1346052130.3547816 
937304.075235109 -3.0100183496328696e+16 -1379723977.4499543 
940438.8714733535 -3.0853147481456156e+16 -1414238134.630812 
943573.667711598 -3.162494705818643e+16 -1449615672.5053902 
946708.4639498425 -3.2416053403788468e+16 -1485878188.7685716 
949843.260188087 -3.322694948215302e+16 -1523047821.3872483 
952978.0564263315 -3.405813033863726e+16 -1561147262.1153302 
956112.852664576 -3.4910103402286316e+16 -1600199770.346873 
959247.6489028205 -3.578338879561538e+16 -1640229187.31578 
962382.445141065 -3.667851965214088e+16 -1681259950.6506963 
965517.2413793096 -3.75960424418536e+16 -1723317109.2939408 
968652.0376175541 -3.8536517304832744e+16 -1766426338.7936082 
971786.8338557986 -3.9500518393206664e+16 -1810613956.978248 
974921.6300940431 -4.048863422166845e+16 -1855906940.0236993 
978056.4263322876 -4.1501468026761176e+16 -1902332938.9218829 
981191.2225705321 -4.253963813514939e+16 -1949920296.3615365 
984326.0188087766 -4.360377834110158e+16 -1998698064.0311272 
987460.8150470211 -4.469453829341505e+16 -2048696020.3546195 
990595.6112852657 -4.581258389202123e+16 -2099944688.6709309 
993730.4075235102 -4.6958597694513256e+16 -2152475355.868273 
996865.2037617547 -4.813327933284614e+16 -2206320091.4844713 
999999.9999999992 -4.933734594036613e+16 -2261511767.289281 
