#x u 
0.0 2112645235.6344283 96.83517835688735 
3134.796238244514 -52112863.984062 -2.401877217614348 
6269.592476489028 2099233.8990905527 0.07412433787673911 
9404.38871473354 771084.8788709642 0.0051418460359391365 
12539.184952978056 799690.6393749384 -0.0004821447401256524 
15673.98119122257 761864.2315388215 -0.007715103988050996 
18808.777429467085 694516.9880969421 -0.014652450754079244 
21943.5736677116 599281.4771290956 -0.021070460744919375 
25078.369905956115 479887.92894498486 -0.026718773510442904 
28213.16614420063 341038.0540714372 -0.031375083502476656 
31347.962382445145 188135.54359188234 -0.03485775588903891 
34482.75862068966 27018.491858594356 -0.037035537224602386 
37617.55485893417 -136207.25032991864 -0.037829921451665055 
40752.35109717868 -295285.7267803285 -0.03721275569756231 
43887.14733542319 -443995.7844632731 -0.03520471577781634 
47021.943573667704 -576453.0853179207 -0.03187732293208813 
50156.739811912215 -687448.7822328954 -0.02735527199066555 
53291.53605015673 -772687.4439264769 -0.021813282455439217 
56426.33228840124 -828866.2033250139 -0.015465356243744732 
59561.12852664575 -853673.3796699666 -0.008550584604450882 
62695.92476489026 -845836.9918040007 -0.0013220286494586384 
65830.72100313478 -805266.9553699084 0.005958803158500411 
68965.51724137929 -733200.3765650322 0.013025567274165616 
72100.3134796238 -632220.1273350737 0.01961434029808625 
75235.10971786831 -506116.70321585494 0.025475578756589148 
78369.90595611282 -359697.9826618478 0.030385770322263733 
81504.70219435733 -198675.6533803266 0.03415276081385534 
84639.49843260185 -29637.90657545717 0.03661431221128418 
87774.29467084636 140026.43359871372 0.037636176272420635 
90909.09090909087 302407.6427555982 0.03711701120744529 
94043.88714733538 449584.7308223049 0.03500164072032671 
97178.68338557989 574237.093232705 0.03129718407412712 
100313.4796238244 670197.0933671442 0.026085133820877588 
103448.27586206891 732883.640761473 0.019527146321001415 
106583.07210031342 759661.9133536475 0.011867159163327883 
109717.86833855794 750152.1083014454 0.00343144020350695 
112852.66457680245 706376.7888321872 -0.005377948377715629 
115987.46081504696 632549.3488336735 -0.014104809028830496 
119122.25705329147 534402.1595955936 -0.022279777775924867 
122257.05329153598 418196.7911711524 -0.029473682839085063 
125391.84952978049 289761.3808265369 -0.03534716662904233 
128526.645768025 153894.68451125425 -0.0396807949940083 
131661.44200626953 14273.882627610015 -0.04237926270196094 
134796.23824451404 -126226.56927793658 -0.04345394553786416 
137931.03448275855 -264998.57736773405 -0.042992779637228654 
141065.83072100306 -399111.41266996844 -0.04112523976177462 
144200.62695924757 -524799.257356284 -0.037988647955301345 
147335.42319749208 -637192.7697571776 -0.033703883778073186 
150470.2194357366 -730505.0623047254 -0.028370603582887025 
153605.0156739811 -798784.8452199468 -0.02208765169010531 
156739.81191222562 -837075.2765432404 -0.014991808210240943 
159874.60815047013 -842530.6255136926 -0.007294898852548139 
163009.40438871464 -814987.9226756364 0.0007032374102344844 
166144.20062695915 -756759.7147096503 0.008636131624735992 
169278.99686520366 -671836.6294111887 0.016117309719968324 
172413.79310344817 -564962.8323455215 0.022790542852251253 
175548.58934169268 -440997.9020324807 0.02836446371520167 
178683.3855799372 -304696.13782054896 0.03262533591589134 
181818.1818181817 -160770.75934170518 0.035433949195245076 
184952.97805642622 -14040.226277023374 0.03671594133209673 
188087.77429467073 130460.34268755991 0.03645102560655776 
191222.57053291524 267438.60168111196 0.03466299076613578 
194357.36677115975 391422.6352474194 0.03141295984925662 
197492.16300940426 497036.806682888 0.026799971610674926 
200626.95924764877 579488.8145659879 0.02096994770875495 
203761.75548589329 635116.1740922446 0.014126604817361235 
206896.5517241378 661731.3387411009 0.006532904585936563 
210031.3479623823 658597.8867161869 -0.0015040841615405651 
213166.14420062682 626125.7584855232 -0.00966033472776738 
216300.94043887133 565572.1023206474 -0.01762037856876115 
219435.73667711584 478984.11961820966 -0.025089895944301957 
222570.53291536035 369358.68799181667 -0.031796151740917586 
225705.32915360486 240766.1155929396 -0.03748755741829551 
228840.12539184937 98209.38535846549 -0.041942637056184014 
231974.9216300939 -52763.56770879044 -0.04498749614459638 
235109.7178683384 -206457.67583412412 -0.04651094725485837 
238244.5141065829 -357227.16914826434 -0.04646771883392275 
241379.31034482742 -499494.6643980318 -0.044871073463677295 
244514.10658307193 -627812.7502370484 -0.04178523177170269 
247648.90282131644 -737138.3707369854 -0.03732581036327509 
250783.69905956095 -823248.4445307972 -0.03166546293018682 
253918.49529780546 -883047.6707042594 -0.025033827263326737 
257053.29153604998 -914597.7069977736 -0.017704496071935864 
260188.0877742945 -916953.8007764403 -0.009973512899729484 
263322.884012539 -890062.5229146808 -0.002141561867516035 
266457.6802507835 -834873.9167007008 0.005492613828321207 
269592.476489028 -753554.5835728314 0.012632312948303675 
272727.27272727253 -649534.7224617025 0.01898835306669016 
275862.06896551704 -527248.0217051286 0.02429609583402773 
278996.86520376155 -391703.49226768134 0.028337447820660954 
282131.66144200607 -248172.68672379496 0.030954752663909964 
285266.4576802506 -102131.41672129899 0.03205021511730079 
288401.2539184951 40690.259018587734 0.03157768533868465 
291536.0501567396 174424.28006470427 0.02953961514736672 
294670.8463949841 293455.14473568357 0.025994464222585317 
297805.6426332286 392901.77078714664 0.02106657314581344 
300940.43887147313 468895.7259571073 0.01494545667811395 
304075.23510971764 518548.7214202801 0.007870128238235964 
307210.03134796215 539797.7834152087 0.00010764066152015901 
310344.82758620667 531412.2593016613 -0.00806057629536039 
313479.6238244512 493241.01255997905 -0.016340449364283974 
316614.4200626957 426484.3119587166 -0.02442443868583645 
319749.2163009402 333701.7807726626 -0.03200093846454044 
322884.0125391847 218496.5017313117 -0.03877626962356765 
326018.8087774292 85111.47741992978 -0.04449814708308211 
329153.60501567373 -61769.89200183887 -0.048967060357962895 
332288.40125391824 -216972.18874764425 -0.052033320945849365 
335423.19749216276 -374768.2898398072 -0.05359094118131195 
338557.99373040727 -529085.8313419868 -0.053581045051580026 
341692.7899686518 -673990.0573736037 -0.05200551410128287 
344827.5862068963 -804167.3715432149 -0.04893855995765239 
347962.3824451408 -915125.2498831382 -0.04452359954176639 
351097.1786833853 -1003104.5940048712 -0.03895572841315081 
354231.9749216298 -1064979.4930670424 -0.03246291858026916 
357366.77115987433 -1098405.5069680023 -0.025298458980094144 
360501.56739811884 -1102184.260319722 -0.0177437173381554 
363636.36363636336 -1076545.6606871532 -0.010108071755932277 
366771.15987460787 -1023090.1242713273 -0.0027147063458484552 
369905.9561128524 -944442.6175260775 0.004124907427829421 
373040.7523510969 -843927.7402679223 0.010133295926052032 
376175.5485893414 -725512.494668553 0.015074443574123601 
379310.3448275859 -593946.0776287013 0.018749480128527847 
382445.1410658304 -454786.112994338 0.02099475039993983 
385579.93730407493 -314090.8837589044 0.02169239904026843 
388714.73354231945 -177885.60542655303 0.020788654250329046 
391849.52978056396 -51735.79272265916 0.01830478307641452 
394984.32601880847 59352.953295535364 0.014330997427413502 
398119.122257053 150823.97437010758 0.009009006284024328 
401253.9184952975 218569.0921409167 0.002518437722269585 
404388.714733542 259223.0765019518 -0.0049238914648685305 
407523.5109717865 270600.1295180954 -0.013058317653876904 
410658.307210031 251935.497553362 -0.021585171047656795 
413793.10344827553 203758.56915159256 -0.030183536362352048 
416927.89968652005 127565.48229165032 -0.038537731187525306 
420062.69592476456 25624.02558007359 -0.04635580433237092 
423197.49216300907 -98938.93995256271 -0.053372798599732006 
426332.2884012536 -241954.51762913354 -0.05934706755798212 
429467.0846394981 -398258.00762909587 -0.06406434964353984 
432601.8808777426 -562082.3040710011 -0.06735493142175944 
435736.6771159871 -727580.5502153133 -0.06911394528019701 
438871.4733542316 -889145.280741133 -0.06930968960396156 
442006.26959247614 -1041415.9592302658 -0.06797526070039883 
445141.06583072065 -1179194.7437949106 -0.0651939100688738 
448275.86206896516 -1297578.5280006572 -0.06109266412160885 
451410.65830720967 -1392373.0738641461 -0.05584770402062895 
454545.4545454542 -1460537.608404003 -0.049690497582146984 
457680.2507836987 -1500348.3391380296 -0.04290095369812873 
460815.0470219432 -1511229.010692209 -0.035785775869743436 
463949.8432601877 -1493503.9529259545 -0.02865426084093405 
467084.6394984322 -1448364.4561599565 -0.02180537170737067 
470219.43573667674 -1378069.7301814826 -0.015527500139586316 
473354.23197492125 -1286114.9555681644 -0.010099021923403952 
476489.02821316576 -1177094.264862985 -0.0057774469045008365 
479623.82445141027 -1056269.4953598094 -0.0027778369982123857 
482758.6206896548 -929129.2353493096 -0.0012536042697697649 
485893.4169278993 -801202.8171613642 -0.0012917811201406757 
489028.2131661438 -678105.8590405155 -0.002921543264361011 
492163.0094043883 -565542.5403885343 -0.006123139727822904 
495297.8056426328 -469037.271398871 -0.010826467869009891 
498432.60188087734 -393460.9537412948 -0.016901861371815922 
501567.39811912185 -342645.30956219404 -0.024156060042538077 
504702.19435736636 -319305.00312330166 -0.03234290530410679 
507836.99059561087 -325192.7198916001 -0.0411847794754418 
510971.7868338554 -361207.2148495128 -0.050391400640095604 
514106.5830720999 -427269.63593225303 -0.059666971870145386 
517241.3793103444 -522072.1857215079 -0.0687099591401821 
520376.1755485889 -642978.2710089139 -0.07721785659496071 
523510.9717868334 -786232.65314292 -0.08490384378025415 
526645.768025078 -947354.7517757008 -0.0915192488072472 
529780.5642633225 -1121438.5099068666 -0.09686896759539604 
532915.360501567 -1303219.6855901284 -0.1008133968406395 
536050.1567398115 -1487043.7404156225 -0.10326302945381796 
539184.952978056 -1666985.3735702608 -0.10417737205081633 
542319.7492163006 -1837214.6257331863 -0.10357278934652499 
545454.5454545451 -1992445.358430376 -0.10153209474836196 
548589.3416927896 -2128214.0658240085 -0.09820475815138621 
551724.1379310341 -2240907.15972593 -0.09379446486553114 
554858.9341692786 -2327696.8079960714 -0.08854189284540896 
557993.7304075231 -2386603.9269467625 -0.0827132806529744 
561128.5266457676 -2416728.471873298 -0.07659718000161447 
564263.3228840121 -2418469.4255560995 -0.07050178587341195 
567398.1191222566 -2393531.8100083624 -0.06474404724443916 
570532.9153605012 -2344705.920683627 -0.0596303135003135 
573667.7115987457 -2275599.6950703287 -0.05543716621902803 
576802.5078369902 -2190503.5799057214 -0.05240092481576717 
579937.3040752347 -2094380.5653298076 -0.05071565626986759 
583072.1003134792 -1992809.9166517693 -0.05053188846869666 
586206.8965517237 -1891745.8976833331 -0.051949619215736556 
589341.6927899682 -1797138.9619603497 -0.055007639777553866 
592476.4890282127 -1714600.9193535487 -0.05967723426389815 
595611.2852664572 -1649237.0884384986 -0.06586554349462857 
598746.0815047018 -1605590.2557016485 -0.07342563647917227 
601880.8777429463 -1587541.4639040148 -0.0821656968854539 
605015.6739811908 -1598094.563008126 -0.09185344419424396 
608150.4702194353 -1639135.4091980301 -0.1022194026661981 
611285.2664576798 -1711317.55391285 -0.11296542496899699 
614420.0626959243 -1814120.6706724637 -0.123780058128136 
617554.8589341688 -1945979.2564491052 -0.13435556448235145 
620689.6551724133 -2104353.753182403 -0.1444003070172372 
623824.4514106578 -2285736.0285468833 -0.15364577670910776 
626959.2476489024 -2485703.0364012634 -0.16185321711603978 
630094.0438871469 -2699114.7075555576 -0.16882408790176526 
633228.8401253914 -2920416.323914941 -0.17441249153011376 
636363.6363636359 -3143910.2395419558 -0.1785334242154758 
639498.4326018804 -3363918.172176413 -0.18116340277010579 
642633.2288401249 -3574897.577393131 -0.18233664202904556 
645768.0250783694 -3771635.474664617 -0.1821427919106394 
648902.8213166139 -3949545.6230150484 -0.18072785226920143 
652037.6175548584 -4104950.4593773847 -0.17829332116367907 
655172.413793103 -4235210.149916621 -0.17508779968615043 
658307.2100313475 -4338700.116016391 -0.17139166918132043 
661442.006269592 -4414781.20675937 -0.16750200208594032 
664576.8025078365 -4463883.233917836 -0.16372377036289276 
667711.598746081 -4487647.927451227 -0.16036536694336873 
670846.3949843255 -4488948.153986234 -0.1577304711453063 
673981.19122257 -4471676.831582287 -0.1561017218463781 
677115.9874608145 -4440413.063757712 -0.1557213842421173 
680250.783699059 -4400187.672740421 -0.15677935041952146 
683385.5799373036 -4356442.307502062 -0.1594128392548619 
686520.3761755481 -4315031.848796799 -0.16371084659467008 
689655.1724137926 -4282032.657412558 -0.16971229343509633 
692789.9686520371 -4263307.042222406 -0.17739532856604412 
695924.7648902816 -4264048.485457984 -0.18666771866430518 
699059.5611285261 -4288586.251405615 -0.19737066224491678 
702194.3573667706 -4340478.269061433 -0.2092968583372097 
705329.1536050151 -4422622.467386998 -0.22220992978662454 
708463.9498432596 -4537102.856376573 -0.23585164592138963 
711598.7460815042 -4684798.516276225 -0.2499376854913265 
714733.5423197487 -4865097.342805122 -0.26415707910893105 
717868.3385579932 -5076017.15398162 -0.2781887105242047 
721003.1347962377 -5314655.787937325 -0.29173085235089685 
724137.9310344822 -5577564.4870907795 -0.30452478857447085 
727272.7272727267 -5860733.6839978965 -0.31635802354335485 
730407.5235109712 -6159324.924490149 -0.3270530722749754 
733542.3197492157 -6467609.318442361 -0.33646291701707454 
736677.1159874602 -6779408.020861638 -0.34448676285173435 
739811.9122257048 -7088816.893387692 -0.35109627995350584 
742946.7084639493 -7390676.237431732 -0.356347861061723 
746081.5047021938 -7680486.701361965 -0.36036749425593007 
749216.3009404383 -7954051.239810599 -0.3633214547935312 
752351.0971786828 -8207427.928078472 -0.36540009605434814 
755485.8934169273 -8437454.600751767 -0.36682729195744224 
758620.6896551718 -8642465.209109433 -0.36787879622926417 
761755.4858934163 -8822541.544717476 -0.36888015103087635 
764890.2821316608 -8979061.950983798 -0.37017385507879325 
768025.0783699054 -9114012.651447823 -0.3720775757027128 
771159.8746081499 -9229769.516391544 -0.37486603422365866 
774294.6708463944 -9329546.540854685 -0.3787855288282812 
777429.4670846389 -9417953.85790347 -0.3840754512554186 
780564.2633228834 -9500919.909579417 -0.390962653526718 
783699.0595611279 -9584849.526201202 -0.3996230860388055 
786833.8557993724 -9675688.756869128 -0.4101420335288111 
789968.6520376169 -9778688.92708831 -0.4225099245160696 
793103.4482758614 -9898933.64597895 -0.43665699934177954 
796238.244514106 -10041856.767252875 -0.45249115467192685 
799373.0407523505 -10212942.081914853 -0.46990071824539054 
802507.836990595 -10416648.75524118 -0.48872228814049157 
805642.6332288395 -10655479.814384023 -0.5087135497314269 
808777.429467084 -10930058.83749973 -0.5295690341944075 
811912.2257053285 -11240101.409545898 -0.5509730077528365 
815047.021943573 -11585260.607444545 -0.572643471161269 
818181.8181818175 -11964963.276845569 -0.5943287003194119 
821316.614420062 -12377434.540258527 -0.6157677039967544 
824451.4106583066 -12819011.083944784 -0.6366667716382836 
827586.2068965511 -13284588.975373015 -0.6567311093863991 
830721.0031347956 -13768864.872483538 -0.6757342541325838 
833855.7993730401 -14267157.32061108 -0.6935663652366811 
836990.5956112846 -14775006.178391125 -0.7102206812929189 
840125.3918495291 -15287069.273524705 -0.7257386123392651 
843260.1880877736 -15796682.838874614 -0.7401746117966496 
846394.9843260181 -16296875.329895774 -0.7536180331617651 
849529.7805642626 -16782154.683476444 -0.7662442326407787 
852664.5768025072 -17249546.588565674 -0.7783301403317285 
855799.3730407517 -17698070.28182521 -0.7902022876887327 
858934.1692789962 -18127408.137538064 -0.8021561394219966 
862068.9655172407 -18537317.882565886 -0.8144198155779603 
865203.7617554852 -18928481.677824926 -0.8271936650848303 
868338.5579937297 -19303849.191862088 -0.8407199888068272 
871473.3542319742 -19668855.82922034 -0.8553049640454368 
874608.1504702187 -20029966.099438503 -0.8712636430357682 
877742.9467084632 -20392741.044081945 -0.8888398844552405 
880877.7429467078 -20761205.65305886 -0.9081809853101971 
884012.5391849523 -21139014.57463869 -0.9293898504122202 
887147.3354231968 -21531057.312239733 -0.952593785450402 
890282.1316614413 -21943661.282361995 -0.9779476950272062 
893416.9278996858 -22383010.465733107 -1.0055565421644916 
896551.7241379303 -22853313.211258173 -1.0353893586597083 
899686.5203761748 -23356591.55969599 -1.0672718721293926 
902821.3166144193 -23894301.316700816 -1.100967694996557 
905956.1128526638 -24469032.0824945 -1.1362673688280935 
909090.9090909084 -25084373.7373435 -1.1729965073778164 
912225.7053291529 -25742923.88043099 -1.2109405049767148 
915360.5015673974 -26444413.92725748 -1.2497750395891793 
918495.2978056419 -27185909.76005258 -1.2890907372939024 
921630.0940438864 -27963935.753342822 -1.3285040363841434 
924764.8902821309 -28776347.398129612 -1.367753830610214 
927899.6865203754 -29622002.969277438 -1.4066940820694467 
931034.4827586199 -30498602.97916219 -1.4451991047986428 
934169.2789968645 -31401076.33344088 -1.4830905541755033 
937304.075235109 -32322429.597133733 -1.5201741004337217 
940438.8714733535 -33256438.078860354 -1.5563575478630172 
943573.667711598 -34199577.694369435 -1.591731494191318 
946708.4639498425 -35150312.569171734 -1.6265265083762699 
949843.260188087 -36106602.09751582 -1.660986855388655 
952978.0564263315 -37064411.76019509 -1.6952888767244192 
956112.852664576 -38019021.7027429 -1.7295867773707214 
959247.6489028205 -38967976.93043857 -1.7641333647842863 
962382.445141065 -39912693.831157364 -1.7993394490994634 
965517.2413793096 -40857026.15874415 -1.8356946620289831 
968652.0376175541 -41804238.57434817 -1.87361658098552 
971786.8338557986 -42755547.338298395 -1.9133734480689821 
974921.6300940431 -43711788.00847864 -1.9551523795240053 
978056.4263322876 -44676450.088920936 -1.9991927026616427 
981191.2225705321 -45656763.10179286 -2.0458326640284694 
984326.0188087766 -46661451.73529861 -2.09540626216447 
987460.8150470211 -47697259.936889395 -2.148086470734711 
990595.6112852657 -48767715.4550857 -2.20383372761182 
993730.4075235102 -49875255.91840485 -2.262507444918107 
996865.2037617547 -51027264.924625665 -2.3238925646366986 
999999.9999999992 -52123829.99599394 -2.3929139154437515 
