#x u 
0.0 -211760.68642305196 0.003207934667835097 
3134.796238244514 -304709.9054833569 0.008122866622929376 
6269.592476489028 -502368.67891055864 0.007383928025748974 
9404.38871473354 -677930.6193202091 0.0064818513062588085 
12539.184952978056 -827333.7936008272 0.005326518323223293 
15673.98119122257 -944742.782753889 0.003965264464054754 
18808.777429467085 -1025618.620641174 0.0024506727090033644 
21943.5736677116 -1066833.8134899165 0.0008413135317143418 
25078.369905956115 -1066794.5714661644 -0.000800579217611366 
28213.16614420063 -1025502.4120494531 -0.0024115135901189313 
31347.962382445145 -944554.1019341003 -0.003929194796940922 
34482.75862068966 -827079.910095607 -0.005294934146619543 
37617.55485893417 -677622.5603735383 -0.006455918535226898 
40752.35109717868 -501961.56446280214 -0.007367252727673884 
43887.14733542319 -306889.7283518186 -0.00799369545524398 
47021.943573667704 -99950.47469760317 -0.008311022194506794 
50156.739811912215 110853.86112554363 -0.008306961928987801 
53291.53605015673 317371.48111977824 -0.007981671669045494 
56426.33228840124 511616.3544730926 -0.0073477303802848976 
59561.12852664575 686077.0371560757 -0.006429652555295945 
62695.92476489026 834007.1392605478 -0.005262940238884279 
65830.72100313478 949686.2077159063 -0.003892710164953149 
68965.51724137929 1028640.9360555415 -0.002371949093616562 
72100.3134796238 1067818.147057619 -0.000759464814610545 
75235.10971786831 1065702.859026146 0.0008823879483548006 
78369.90595611282 1022376.8700924206 0.0024901187930842952 
81504.70219435733 939515.5950834934 0.004001556811043439 
84639.49843260185 820323.2772758559 0.005358254734719653 
87774.29467084636 669409.0803940989 0.006507749091885398 
90909.09090909087 492608.8523736227 0.007405588966658527 
94043.88714733538 296759.4532778976 0.008017054915224055 
97178.68338557989 89434.37410364959 0.008318501565792998 
100313.4796238244 -121349.12991233551 0.008298271984493634 
103448.27586206891 -327440.0663376358 0.007957148448690823 
106583.07210031342 -520868.9042023817 0.007308322196341428 
109717.86833855794 -694155.7555475609 0.006376883321177136 
112852.66457680245 -840599.6224912632 0.005198850539454576 
115987.46081504696 -954537.5246365897 0.003819778347166157 
119122.25705329147 -1031563.4863713197 0.0022929954289050026 
122257.05329153598 -1068698.9158263667 0.0006775424390657181 
125391.84952978049 -1064507.7869432603 -0.0009641110986733888 
128526.645768025 -1019152.1705632125 -0.00256848248615136 
131661.44200626953 -934385.9671520459 -0.004073530724955209 
134796.23824451404 -813487.0835163441 -0.005421055640160535 
137931.03448275855 -661130.6762353803 -0.0065589484795306905 
141065.83072100306 -483208.3634819123 -0.007443206957564671 
144200.62695924757 -286600.3963058626 -0.008039636822694244 
147335.42319749208 -78909.59951122604 -0.00832517414807258 
150470.2194357366 131832.62937466436 -0.008288777213005319 
153605.0156739811 337476.8940275586 -0.007931853485992775 
156739.81191222562 530070.9362630148 -0.007268205197960996 
159874.60815047013 702167.1496465586 -0.006323495610362917 
163009.40438871464 847110.5782342409 -0.005134256617548187 
166144.20062695915 959296.2635400419 -0.0037464760593907834 
169278.99686520366 1034385.988129811 -0.002213819372757899 
172413.79310344817 1069476.0343727926 -0.0005955543505090937 
175548.58934169268 1063209.4711243259 0.0010457407424597056 
178683.3855799372 1015828.6262167243 0.002646597069037101 
181818.1818181817 929165.7156485145 0.0041451095581207026 
184952.97805642622 806571.9918410408 0.005483330772051971 
188087.77429467073 652788.1507974461 0.006609511732472387 
191222.57053291524 473761.00951570476 0.007480103051925001 
194357.36677115975 276413.5427352199 0.008061438987496417 
197492.16300940426 68377.17168980456 0.008331039294189935 
200626.95924764877 -142303.3427462229 0.008278478535395178 
203761.75548589329 -347480.9907447288 0.007905789234241388 
206896.5517241378 -539221.5581747498 0.007227383275982749 
210031.3479623823 -710110.4424495877 0.00626949460078307 
213166.14420062682 -853539.3750094634 0.005069164737955122 
216300.94043887133 -963961.9628890273 0.0036728104110180845 
219435.73667711584 -1037108.1675841926 0.002134428604247266 
222570.53291536035 -1070149.427326267 0.0005135085007440624 
225705.32915360486 -1061808.0374894897 -0.001127268962674889 
228840.12539184937 -1012406.5593945531 -0.002724454965618975 
231974.9216300939 -923855.3468710036 -0.004216286368302021 
235109.7178683384 -799578.6729260233 -0.005545074090496926 
238244.5141065829 -644382.3131993181 -0.006659433946716941 
241379.31034482742 -464267.7067483569 -0.007516273671286749 
244514.10658307193 -266199.8805613947 -0.008082459295097221 
247648.90282131644 -57838.112151122674 -0.008336096435300097 
250783.69905956095 152760.2545007913 -0.008267376950503955 
253918.49529780546 357451.3862188168 -0.00787895822133802 
257053.29153604998 548319.8824434738 -0.007185860389614722 
260188.0877742945 717984.8635581263 -0.006214885529849718 
263322.884012539 859885.389305288 -0.00500358121376099 
266457.6802507835 968534.1701699602 -0.003598788546680264 
269592.476489028 1039729.7607176255 -0.002054830823269278 
272727.27272727253 1070719.0293762241 -0.0004314128471759874 
275862.06896551704 1060303.621960015 0.0012086878521170932 
278996.86520376155 1008886.3019937185 0.002802048624669921 
282131.66144200607 918455.3758578406 0.004287054252252623 
285266.4576802506 792507.8050344085 0.005606279607177775 
288401.2539184951 635913.9787004871 0.006708710280443761 
291536.0501567396 454729.37590967014 0.007551715307559312 
294670.8463949841 255960.4003799026 0.008102695706793901 
297805.6426332286 47293.44305010839 0.00834034508092474 
300940.43887147313 -163202.35045073347 0.008255473535044498 
304075.23510971764 -367387.1134480856 0.00785136304955021 
307210.03134796215 -557365.0266472811 0.007143640566049571 
310344.82758620667 -725789.6492533312 0.00615967369394921 
313479.6238244512 -866148.0056389249 0.004937512405734814 
316614.4200626957 -973012.4419368053 0.0035244176455581774 
319749.2163009402 -1042250.5134216237 0.001975033742796164 
322884.0125391847 -1071184.782653862 0.0003492754723481617 
326018.8087774292 -1058696.2574589497 -0.001289984335159658 
329153.60501567373 -1005266.6330837131 -0.002879298905983231 
332288.40125391824 -912953.246925134 -0.004356806815854061 
335423.19749216276 -785282.0875318781 -0.005663366665808756 
338557.99373040727 -627026.614855955 -0.00674095567030468 
341692.7899686518 -443832.2243091133 -0.007526160849043484 
344827.5862068963 -241703.39102457062 -0.007939129773957393 
347962.3824451408 -26550.49352894796 -0.007876529082159097 
351097.1786833853 195767.32277346312 -0.007227981542896493 
354231.9749216298 418464.01327892387 -0.005935555294879928 
357366.77115987433 632078.0908631283 -0.004088181880519518 
360501.56739811884 823244.1898890787 -0.0019912968774652463 
363636.36363636336 975958.9601956143 -0.00012069370464645995 
366771.15987460787 1076251.8754142954 0.0010816078937062098 
369905.9561128524 1118280.0588397433 0.0014790643329355784 
373040.7523510969 1107345.5249032525 0.0013738350600271518 
376175.5485893414 1056275.1434350584 0.001338561900019407 
379310.3448275859 976586.7954689512 0.0018120378648989466 
382445.1410658304 871061.7790483147 0.0027621909556142243 
385579.93730407493 734315.0281340872 0.003718391895924219 
388714.73354231945 561413.9263533102 0.004175174916233286 
391849.52978056396 356998.0107513181 0.004021067309441262 
394984.32601880847 136324.60611548147 0.0035990533595616197 
398119.122257053 -82962.04862961423 0.0033430708900443022 
401253.9184952975 -290553.4305616257 0.003346842822695581 
404388.714733542 -485385.92861083325 0.0032910120245117826 
407523.5109717865 -668270.1969306724 0.0027952298204830493 
410658.307210031 -833194.6927227756 0.001830053201073982 
413793.10344827553 -966561.8570919596 0.0007637508376530759 
416927.89968652005 -1055346.847149408 -1.8133208369883018e-06 
420062.69592476456 -1095854.8706419605 -0.0004250493226578049 
423197.49216300907 -1094109.0526604266 -0.0008374792431231594 
426332.2884012536 -1057624.4925360663 -0.0015645349571637617 
429467.0846394981 -987291.363837553 -0.0025542342970535483 
432601.8808777426 -877897.8635643263 -0.0034047398750197966 
435736.6771159871 -726676.356993906 -0.0037623958256826004 
438871.4733542316 -540765.5708235923 -0.0036725478835041778 
442006.26959247614 -335570.975515736 -0.0035152872235785816 
445141.06583072065 -125526.95218188074 -0.0035946179475296516 
448275.86206896516 83292.47964884655 -0.003813579384383276 
451410.65830720967 291249.25661732437 -0.0037769723907359123 
454545.4545454542 496253.78483579523 -0.0032133823266891574 
457680.2507836987 687590.5708764503 -0.002272397586840197 
460815.0470219432 849269.3925082076 -0.0013842086533699793 
463949.8432601877 969678.8569038187 -0.0008288188481036882 
467084.6394984322 1047666.9112874003 -0.0004670815284242599 
470219.43573667674 1088895.6337636923 8.478895112124971e-05 
473354.23197492125 1096496.4239415843 0.0010220677228306527 
476489.02821316576 1065983.9190068142 0.0021163841404269255 
479623.82445141027 989841.6958137085 0.0029268005225297263 
482758.6206896548 866957.7380341897 0.0032360403749915508 
485893.4169278993 706928.4015628063 0.0032542033585180536 
489028.2131661438 524588.6447746701 0.0033769288909198687 
492163.0094043883 330346.29794733896 0.003753337278478817 
495297.8056426328 126254.58696153495 0.0041186849869060144 
498432.60188087734 -88323.53380165932 0.004067881841092335 
501567.39811912185 -307722.56091106933 0.003482237108555176 
504702.19435736636 -517430.57493725885 0.0026606966963091273 
507836.99059561087 -700992.856917956 0.0020175598481886083 
510971.7868338554 -849422.4858071317 0.001664264520162881 
514106.5830720999 -963528.6896048374 0.001314281465295197 
517241.3793103444 -1046995.339364175 0.0006100260185845936 
520376.1755485889 -1097726.4428385317 -0.000473141041244785 
523510.9717868334 -1106742.3946453782 -0.0015716520739375312 
526645.768025078 -1065910.0785335451 -0.00228620530020048 
529780.5642633225 -976441.0290180345 -0.0025723258919665877 
532915.360501567 -849225.7234490234 -0.002759556488345156 
536050.1567398115 -696595.8086098197 -0.0031804168324815283 
539184.952978056 -524055.422406788 -0.0038003862583121054 
542319.7492163006 -330492.1873892527 -0.0042386664787240555 
545454.5454545451 -116408.4965905751 -0.004158238669061398 
548589.3416927896 108758.17832581584 -0.003615332279263802 
551724.1379310341 328224.0595013085 -0.003001152694187036 
554858.9341692786 527003.0723107778 -0.002637363766822852 
557993.7304075231 699317.4731588152 -0.0024505302984450346 
561128.5266457676 846808.7288467657 -0.0020672111860412165 
564263.3228840121 969739.4568515521 -0.001228763452122473 
567398.1191222566 1060713.0170087318 -8.872961331582267e-05 
570532.9153605012 1107743.327487666 0.0009207143038721004 
573667.7115987457 1103624.2471157275 0.00151361880332311 
576802.5078369902 1051870.9708738264 0.001820712293442555 
579937.3040752347 963052.7637018767 0.002222430330483985 
583072.1003134792 845373.7760007365 0.0029216432049794802 
586206.8965517237 699337.0255659246 0.0037066890195533338 
589341.6927899682 521972.716871168 0.00415452195358405 
592476.4890282127 316011.6556145337 0.004060146881655232 
595611.2852664572 94145.52147177368 0.0036403315440486795 
598746.0815047018 -126378.47534307119 0.0032981269446045527 
601880.8777429463 -333501.29513348645 0.003198815812307094 
605015.6739811908 -524600.3860945503 0.0031072075235656256 
608150.4702194353 -701137.6538219077 0.0026581520372047467 
611285.2664576798 -859531.243269661 0.001769128562617489 
614420.0626959243 -987883.0019305042 0.0007480725925038539 
617554.8589341688 -1072057.7427153161 -2.724891455532742e-05 
620689.6551724133 -1105047.6360649164 -0.0005173635853291438 
623824.4514106578 -1090447.556370056 -0.0010661465557473483 
626959.2476489024 -1037169.8158088692 -0.002006785806853817 
630094.0438871469 -951418.1003234362 -0.003226096787465385 
633228.8401253914 -834171.844237862 -0.004154736179888496 
636363.6363636359 -685983.2934683312 -0.0042296323453563335 
639498.4326018804 -512867.16232840647 -0.0033908824508901807 
642633.2288401249 -326054.22488267755 -0.0021304708763055565 
645768.0250783694 -135382.60907192845 -0.0010541032749331169 
648902.8213166139 56493.34621206889 -0.0003943435229643733 
652037.6175548584 252222.015508117 6.216036683596472e-05 
655172.413793103 451351.5376157767 0.0006102013411038807 
658307.2100313475 643858.8455525138 0.0012406931993808974 
661442.006269592 812711.479159295 0.001641061945662898 
664576.8025078365 943577.8957088223 0.0015578238235704435 
667711.598746081 1032399.3645524974 0.001110752331913494 
670846.3949843255 1083557.8374318979 0.0007080987186747303 
673981.19122257 1100922.4648572002 0.0006454070381024435 
677115.9874608145 1081284.6490027537 0.0008122171284422779 
680250.783699059 1017052.0160615676 0.0008199913815534043 
683385.5799373036 905294.717805728 0.0004203911305647994 
686520.3761755481 753540.6724843136 -0.0002241517284287363 
689655.1724137926 576106.9006058512 -0.0007014431938459579 
692789.9686520371 384660.7781089999 -0.0007727295363637466 
695924.7648902816 182719.23034403278 -0.0006133928615172281 
699059.5611285261 -30395.94617090769 -0.0006186322279875603 
702194.3573667706 -250606.75358823882 -0.0009790748325345343 
705329.1536050151 -464863.3149085508 -0.0014729389453839725 
708463.9498432596 -656421.0641925464 -0.0016933731285470564 
711598.7460815042 -814383.453799445 -0.0014719247000182338 
714733.5423197487 -937787.5812272204 -0.001053015033643104 
717868.3385579932 -1030226.4495151246 -0.0008362776478246497 
721003.1347962377 -1090914.377050618 -0.0009579318415598535 
724137.9310344822 -1111789.4811828916 -0.001151306879330163 
727272.7272727267 -1083839.0683434089 -0.0010328056044547054 
730407.5235109712 -1006075.5436184682 -0.0005121980257619856 
733542.3197492157 -887744.7243175678 0.0001044159728931281 
736677.1159874602 -741404.3659240078 0.0004273195263041164 
739811.9122257048 -574046.6776384626 0.00038291366301434256 
742946.7084639493 -385431.0202836065 0.00028059471691785354 
746081.5047021938 -175154.87867200628 0.00047709922561039834 
749216.3009404383 49239.47724473966 0.0009918314975808275 
752351.0971786828 271942.29173341964 0.001477952381635908 
755485.8934169273 476990.7172805632 0.0015797134180212252 
758620.6896551718 656613.636991244 0.0013004264642518795 
761755.4858934163 811360.78734533 0.0009944796753499534 
764890.2821316608 942196.8100189301 0.0009922170653359026 
768025.0783699054 1043159.763212994 0.0012523568330614562 
771159.8746081499 1102545.8312087366 0.0014073243188076844 
774294.6708463944 1111565.6867504718 0.0011535085532791668 
777429.4670846389 1071508.8506004345 0.0005758213729235486 
780564.2633228834 991965.9873243434 6.521369383529797e-05 
783699.0595611279 882000.1152101855 -8.413434277341862e-05 
786833.8557993724 743503.8529744347 2.5386578389355145e-05 
789968.6520376169 573612.6061187087 1.2744117112108502e-05 
793103.4482758614 373460.60336665274 -0.0003707220277177174 
796238.244514106 153848.93120270758 -0.0009698641442993927 
799373.0407523505 -68395.99919663617 -0.0013795002651947816 
802507.836990595 -279837.60532625223 -0.0013618262192591768 
805642.6332288395 -476036.67529430834 -0.001088831557182722 
808777.429467084 -657788.4841576973 -0.0009552979912374505 
811912.2257053285 -822277.2727308646 -0.0011594842761027879 
815047.021943573 -958759.7034648018 -0.0014926079234332292 
818181.8181818175 -1053593.2432242415 -0.0015583654145820696 
821316.614420062 -1099559.6053411379 -0.0011914406480212645 
824451.4106583066 -1099873.4862855112 -0.0006348543553034939 
827586.2068965511 -1062804.4758023971 -0.0002897452737186455 
830721.0031347956 -992649.151119526 -0.0003006976547106411 
833855.7993730401 -886558.9287294112 -0.0004123620031487741 
836990.5956112846 -740502.3416083312 -0.0002475774290546951 
840125.3918495291 -557973.2402151519 0.0002860253668809324 
843260.1880877736 -352116.02424709627 0.000888843380656517 
846394.9843260181 -138813.97643578405 0.0011744029876751376 
849529.7805642626 72254.74104475541 0.0010661238455535772 
852664.5768025072 279489.85250563687 0.0008689686213070313 
855799.3730407517 482527.5454091456 0.0009412182433490204 
858934.1692789962 674212.0567587941 0.0013119680870860486 
862068.9655172407 840145.8652671945 0.0016467007869090987 
865203.7617554852 966594.5546931665 0.001597042742123903 
868338.5579937297 1048710.66746607 0.001166853615286183 
871473.3542319742 1090671.5927244057 0.0007098052232163252 
874608.1504702187 1097783.6084262803 0.0005611769040876661 
877742.9467084632 1068993.2348313315 0.000691033353105561 
880877.7429467078 997751.6232989526 0.0007431364984005926 
884012.5391849523 880327.1206356018 0.0004181421483247039 
887147.3354231968 722767.5110266305 -0.0002023055536807799 
890282.1316614413 539076.4674804109 -0.0007315986643497245 
893416.9278996858 342351.63064896746 -0.000874503756601544 
896551.7241379303 137978.1568753067 -0.0007273547312134972 
899686.5203761748 -74237.85788064975 -0.0006669908604573175 
902821.3166144193 -291546.137986997 -0.0009458421807792584 
905956.1128526638 -502624.8783805085 -0.001419348127527767 
909090.9090909084 -691092.3066314054 -0.0016924413157962895 
912225.7053291529 -844784.1185594614 -0.0015310439348766944 
915360.5015673974 -961347.5565609714 -0.0011059776029085757 
918495.2978056419 -1044552.1636947817 -0.0008130806889139284 
921630.0940438864 -1095439.8481909768 -0.0008589220111108283 
924764.8902821309 -1107809.8093038395 -0.0010476989204005304 
927899.6865203754 -1072913.9436623044 -0.0009930445454544462 
931034.4827586199 -988491.1883774112 -0.0005315759422389842 
934169.2789968645 -862647.119973233 9.696373003943021e-05 
937304.075235109 -708445.8078572546 0.0004925057235232334 
940438.8714733535 -534784.808588539 0.000505239232812411 
943573.667711598 -342969.85364163585 0.00038264179271269017 
946708.4639498425 -132356.89904598912 0.0004989761345595596 
949843.260188087 91146.77059337209 0.0009522877718307881 
952978.0564263315 312963.32307356986 0.0014530024811197067 
956112.852664576 516652.63993277197 0.0016213595065708106 
959247.6489028205 692814.515551463 0.001381012637787585 
962382.445141065 841049.3504606944 0.0010351939644893575 
965517.2413793096 963227.1458441282 0.0009457456034607601 
968652.0376175541 1055422.807782334 0.001152774614341648 
971786.8338557986 1107232.1690573122 0.0013347926549817821 
974921.6300940431 1109368.7942389273 0.0011509263599530928 
978056.4263322876 1061679.3337176852 0.0006050438978840128 
981191.2225705321 973218.817850368 4.878488365640029e-05 
984326.0188087766 854315.3068911674 -0.00017972553059585408 
987460.8150470211 708909.659839223 -0.00010177003318869414 
990595.6112852657 535100.5108460179 -6.537687845694154e-05 
993730.4075235102 333070.26570367446 -0.00036612888508378953 
996865.2037617547 114621.58212456576 -0.0010489402915202783 
999999.9999999992 -211760.68642839228 0.0032079346675903102 
