#x u 
0.0 -207125.33878583525 -0.013209871197574764 
3134.796238244514 -304012.756425226 -0.007859182537345844 
6269.592476489028 -501668.4364014325 -0.007362443425017502 
9404.38871473354 -677034.826974273 -0.006448537673940828 
12539.184952978056 -826290.1388871053 -0.00528846844636422 
15673.98119122257 -943591.2014612458 -0.00392381948420383 
18808.777429467085 -1024403.6552663101 -0.0024074382524534297 
21943.5736677116 -1065602.4464261897 -0.0007979614096290689 
25078.369905956115 -1065594.4196535505 0.0008423725786607445 
28213.16614420063 -1024379.8853259947 0.0024501320419978794 
31347.962382445145 -943552.6083780169 0.003963144965153834 
34482.75862068966 -826238.1774357838 0.005322903179074517 
37617.55485893417 -676973.138389296 0.006476824870190949 
40752.35109717868 -501529.56628480845 0.007380287917736157 
43887.14733542319 -306691.85933800077 0.007998355429955264 
47021.943573667704 -99994.38643740444 0.008307126752770306 
50156.739811912215 110569.866697921 0.008294661707430755 
53291.53605015673 316858.38606121374 0.00796144231690473 
56426.33228840124 510894.0001557043 0.007320354166063747 
59561.12852664575 685173.357001892 0.006396188116462215 
62695.92476489026 832957.0785568319 0.0052246816443878435 
65830.72100313478 948530.3722818351 0.0038511368736143855 
68965.51724137929 1027424.0220162708 0.002328668743493692 
72100.3134796238 1066587.212446325 0.0007161510556789908 
75235.10971786831 1064505.5040511487 -0.0009240601742018229 
78369.90595611282 1021259.3964384075 -0.0025285380219938433 
81504.70219435733 938521.2154266161 -0.004035237372466622 
84639.49843260185 819490.4442507062 -0.005385894202251941 
87774.29467084636 668769.9996313659 -0.006528278648060522 
90909.09090909087 492188.2371092166 -0.007418214734091209 
94043.88714733538 296573.5686927824 -0.008021288655827167 
97178.68338557989 89490.40834973332 -0.008314179560931275 
100313.4796238244 -121053.34367784164 -0.008285561365978857 
103448.27586206891 -326915.9661612394 -0.007936540735834632 
106583.07210031342 -520136.7570146258 -0.007280614288424818 
109717.86833855794 -693243.8728267328 -0.006343146653203318 
112852.66457680245 -839543.2556391036 -0.005160389199651169 
115987.46081504696 -953377.4088178687 -0.003778074385493743 
119122.25705329147 -1030343.6461510939 -0.002249623166483274 
122257.05329153598 -1067461.834255112 -0.0006339641865272341 
125391.84952978049 -1063280.2573261939 0.0010071748083624458 
128526.645768025 -1017903.7846509133 0.002612936075341482 
131661.44200626953 -932923.0779023541 0.004128744333216514 
134796.23824451404 -811228.2995660196 0.005514136852068198 
137931.03448275855 -656727.5663759551 0.0067521106611494195 
141065.83072100306 -474075.571456621 0.007855292089835614 
144200.62695924757 -268622.1454304629 0.008859555702949351 
147335.42319749208 -46805.64027008755 0.009795122402599136 
150470.2194357366 183003.24117746818 0.010635299299895234 
153605.0156739811 409677.75215285167 0.011244918275917075 
156739.81191222562 619458.1451828144 0.01137148030540054 
159874.60815047013 797856.0451936407 0.010717821968097419 
163009.40438871464 933188.3987969487 0.00908991367369151 
166144.20062695915 1020106.9688281188 0.006545438063931028 
169278.99686520366 1060708.2189938524 0.00343295403147425 
172413.79310344817 1061851.4018552592 0.0002592012809006861 
175548.58934169268 1029951.1611913634 -0.002557032225884471 
178683.3855799372 966805.9893626262 -0.004880948583054861 
181818.1818181817 869724.054877904 -0.006857997016449597 
184952.97805642622 735992.1917496715 -0.008708172443133589 
188087.77429467073 568061.5090931038 -0.010484620924697517 
191222.57053291524 375049.5792437207 -0.011998382924565522 
194357.36677115975 169306.78332197876 -0.012966929986008435 
197492.16300940426 -38815.91207372634 -0.013243031731050705 
200626.95924764877 -243340.36595906003 -0.012910893483521826 
203761.75548589329 -440405.6335619534 -0.012168910612103056 
206896.5517241378 -624152.456060253 -0.01112650725998296 
210031.3479623823 -785238.4975360627 -0.009721460961826628 
213166.14420062682 -913672.3955451134 -0.007835655521397315 
216300.94043887133 -1003190.1630699022 -0.005482542751230906 
219435.73667711584 -1052835.7374589925 -0.0028679678709291516 
222570.53291536035 -1064329.5738924118 -0.0002598971223421019 
225705.32915360486 -1038161.0752592318 0.0021980090262771796 
228840.12539184937 -972592.5554301544 0.004536739797785846 
231974.9216300939 -866626.3214498566 0.006827811576342751 
235109.7178683384 -723761.5377324999 0.009010064711739431 
238244.5141065829 -552485.946234864 0.010863286804978778 
241379.31034482742 -362828.96401770256 0.012159681593824133 
244514.10658307193 -162392.1642711151 0.012836853973538868 
247648.90282131644 44223.766049168815 0.013013015652740408 
250783.69905956095 252282.82115248608 0.012830502481280981 
253918.49529780546 453676.15516698227 0.01229347493648892 
257053.29153604998 637304.3850231866 0.011270907849368142 
260188.0877742945 792990.1804769001 0.00966132723459305 
263322.884012539 915105.658875485 0.007544966053746618 
266457.6802507835 1002375.0351289784 0.0051616398645569165 
269592.476489028 1054298.9266867246 0.002735310044595201 
272727.27272727253 1068151.4851576556 0.00032689337408344367 
275862.06896551704 1039843.0086610693 -0.0021333851106407455 
278996.86520376155 967816.0821139078 -0.004671952883527442 
282131.66144200607 855893.1008442547 -0.007143104556847863 
285266.4576802506 712035.6807111829 -0.00928472676162672 
288401.2539184951 544215.3508884886 -0.010903599807576148 
291536.0501567396 357574.2285436942 -0.011998887817295164 
294670.8463949841 155645.26661747575 -0.012697123038572967 
297805.6426332286 -55909.60945512987 -0.013069702843985863 
300940.43887147313 -267262.9149918274 -0.013026740279960886 
304075.23510971764 -466535.24763428397 -0.012400004871458207 
307210.03134796215 -644152.2719290172 -0.011128085598101734 
310344.82758620667 -795177.8559445319 -0.009348740407221761 
313479.6238244512 -917471.0542929028 -0.007300339900315758 
316614.4200626957 -1007879.0251849623 -0.0051343466025244675 
319749.2163009402 -1060703.4636486133 -0.002833574146524006 
322884.0125391847 -1070238.5769088748 -0.0003190863958213233 
326018.8087774292 -1034843.4016349664 0.0023701980997022833 
329153.60501567373 -958341.0018714311 0.00501778371017379 
332288.40125391824 -847288.0320788235 0.007356350080468972 
335423.19749216276 -706937.8171980653 0.009251510676668007 
338557.99373040727 -540031.0139217218 0.010753131099786638 
341692.7899686518 -349516.4204998877 0.011963827115086879 
344827.5862068963 -142122.51724705356 0.012866058332798736 
347962.3824451408 71233.28136209905 0.013292120783849783 
351097.1786833853 278915.12981034827 0.013070360406717389 
354231.9749216298 472577.79976441886 0.012194951517251165 
357366.77115987433 647817.5336975714 0.010841163456552085 
360501.56739811884 801096.8196405492 0.009209815744068109 
363636.36363636336 926476.2021122122 0.007363435641230289 
366771.15987460787 1015858.979333298 0.0052245286437889995 
369905.9561128524 1062721.1730282 0.002735196770354241 
373040.7523510969 1065588.32820788 7.182036911198056e-06 
376175.5485893414 1027735.1778269373 -0.002698834829055413 
379310.3448275859 953497.9146946023 -0.005146547369571481 
382445.1410658304 845087.352461795 -0.007271552724458738 
385579.93730407493 703199.6104986444 -0.009151930918142235 
388714.73354231945 530666.310605089 -0.010836674886902434 
391849.52978056396 335135.64603589464 -0.012215882641527205 
394984.32601880847 127747.78157231817 -0.013072167067074977 
398119.122257053 -81060.02036104779 -0.013261599330002856 
401253.9184952975 -284497.5929934438 -0.012835729226051817 
404388.714733542 -478331.67965248023 -0.011977584256764328 
407523.5109717865 -657228.2555460761 -0.010819428675063782 
410658.307210031 -812687.5820732261 -0.009333541622727572 
413793.10344827553 -935038.29836301 -0.007409627560044311 
416927.89968652005 -1017660.0230971178 -0.005035492949351187 
420062.69592476456 -1059223.9660555127 -0.0023884874030700234 
423197.49216300907 -1061779.957069552 0.00026139600326861715 
426332.2884012536 -1026831.5489946523 0.002738236299455861 
429467.0846394981 -953594.8413433455 0.0050441339327473205 
432601.8808777426 -841276.0860979392 0.0072561187692382215 
435736.6771159871 -692914.9048289482 0.009348413969032254 
438871.4733542316 -516635.6501840674 0.01113068534840571 
442006.26959247614 -322821.2031203281 0.012370547537265388 
445141.06583072065 -119961.85656142674 0.012974423940862588 
448275.86206896516 86717.70169055002 0.013039051911104068 
451410.65830720967 292703.88328980573 0.012721388196651702 
454545.4545454542 490711.2916803613 0.012064890328423391 
457680.2507836987 670251.4705784298 0.010965154845542627 
460815.0470219432 821017.4405157715 0.009310502788041138 
463949.8432601877 936819.0872918678 0.007148418007607218 
467084.6394984322 1016198.8916617662 0.004700962369704679 
470219.43573667674 1059310.7421226823 0.002210536985016797 
473354.23197492125 1064525.2597579903 -0.00022482285211793932 
476489.02821316576 1028455.3192067298 -0.0026569570079338217 
479623.82445141027 949437.8697238311 -0.005131980929223453 
482758.6206896548 830812.6299993504 -0.00754116227402828 
485893.4169278993 680491.9656691017 -0.00963892162823356 
489028.2131661438 507157.4008332483 -0.011212647306040177 
492163.0094043883 316908.68427820277 -0.012229127843620789 
495297.8056426328 113664.29116552383 -0.012806666127696799 
498432.60188087734 -97373.61951479148 -0.013044733185898272 
501567.39811912185 -307127.5316273715 -0.012892104178351824 
504702.19435736636 -503961.6998208115 -0.012193123117015484 
507836.99059561087 -677838.9715249856 -0.010863636481662817 
510971.7868338554 -823257.9622128094 -0.009011089579403787 
514106.5830720999 -938178.2245088263 -0.006871352388953054 
517241.3793103444 -1020331.1339456639 -0.0046268810832947975 
520376.1755485889 -1065021.8478749043 -0.0022948880123026677 
523510.9717868334 -1066909.137873364 0.0002000622409109986 
526645.768025078 -1024011.4518516654 0.002848974555873681 
529780.5642633225 -939788.6741978829 0.005466860351378436 
532915.360501567 -821112.5028278745 0.007786791594422293 
536050.1567398115 -674199.5421731692 0.009644460286708382 
539184.952978056 -502661.53895093314 0.011062885807246903 
542319.7492163006 -309543.62014616246 0.012151694579798875 
545454.5454545451 -100979.5901862019 0.012929932689514546 
548589.3416927896 112644.44133462686 0.013261118885908488 
551724.1379310341 319534.0194653192 0.012970473128379444 
554858.9341692786 510657.8547520991 0.01202198171289046 
557993.7304075231 681179.0011007163 0.010569383505530274 
561128.5266457676 827954.8311131158 0.008827055719960276 
564263.3228840121 946029.7677110371 0.006895388303641591 
567398.1191222566 1028071.6786899804 0.004722283492321951 
570532.9153605012 1067565.657311652 0.0022385695459609086 
573667.7115987457 1062579.8668510264 -0.00047825458628225626 
576802.5078369902 1016263.5405665018 -0.0031876132268398565 
579937.3040752347 933615.0417811386 -0.0056377196492262156 
583072.1003134792 817916.8402517671 -0.007729865424818683 
586206.8965517237 670519.8539185289 -0.009526304438108618 
589341.6927899682 494076.49569323816 -0.011097255455339634 
592476.4890282127 295641.5403435034 -0.01237134856102926 
595611.2852664572 86153.46906031122 -0.013149654120304758 
598746.0815047018 -123422.83044779797 -0.013270796305108716 
601880.8777429463 -325530.45771866525 -0.012755182552951118 
605015.6739811908 -515734.92402619205 -0.011777729343800416 
608150.4702194353 -689339.5212393784 -0.010498094063280004 
611285.2664576798 -838772.8036655531 -0.008926424043054715 
614420.0626959243 -954785.9142729745 -0.006964426157678994 
617554.8589341688 -1030460.0371790364 -0.00457646632526054 
620689.6551724133 -1064030.3997839552 -0.001908129410611074 
623824.4514106578 -1057731.00447988 0.0007754935459277242 
626959.2476489024 -1013993.546346248 0.0032703294960526835 
630094.0438871469 -933054.1549146549 0.0055466061134410325 
633228.8401253914 -814476.5005508515 0.007679768805204611 
636363.6363636359 -660919.0133464063 0.009675655904289173 
639498.4326018804 -480056.596283413 0.011377473755547807 
642633.2288401249 -282455.5196424776 0.012555665830446002 
645768.0250783694 -77408.28532506645 0.013088980846409713 
648902.8213166139 129160.2242093265 0.013048667557687634 
652037.6175548584 332812.4033825539 0.012599026827223697 
655172.413793103 527036.2428173638 0.011819932922361612 
658307.2100313475 702065.6328139632 0.010638127351663904 
661442.006269592 847631.5050048027 0.008938846991692843 
664576.8025078365 957039.7596576818 0.006738982518216376 
667711.598746081 1028548.058451927 0.004237668710922878 
670846.3949843255 1062814.8301942328 0.0016885637679296779 
673981.19122257 1059274.1797290558 -0.000774958489863489 
677115.9874608145 1015361.5326466673 -0.0031814639407590994 
680250.783699059 929455.0377647335 -0.005590072138249676 
683385.5799373036 804428.6834486265 -0.007928178187528757 
686520.3761755481 648010.1327619695 -0.00997276375524807 
689655.1724137926 469438.53902695974 -0.011498521698496713 
692789.9686520371 275753.2221892988 -0.012440310520985192 
695924.7648902816 71382.7492113877 -0.012902031511613142 
699059.5611285261 -138806.10050518555 -0.013005003413161876 
702194.3573667706 -346504.8397310051 -0.012736971050848683 
705329.1536050151 -540476.5186369277 -0.011961378077771274 
708463.9498432596 -710361.7384523015 -0.010577188634020669 
711598.7460815042 -850083.9178975413 -0.008660521585008425 
714733.5423197487 -957563.8418090562 -0.006437851558891271 
717868.3385579932 -1031304.051250042 -0.004117001888306673 
721003.1347962377 -1067652.2623436134 -0.001751015121171613 
724137.9310344822 -1061786.7504697952 0.0007252041919598999 
727272.7272727267 -1011495.6998202021 0.0033276821961486774 
730407.5235109712 -919825.5802817033 0.005905280996569307 
733542.3197492157 -793802.757371641 0.008198741657708862 
736677.1159874602 -640500.3612568743 0.010018540876754016 
739811.9122257048 -464453.1647645629 0.011358178314045623 
742946.7084639493 -268949.4905265891 0.01232717181366364 
746081.5047021938 -59605.17644454314 0.01297717202565613 
749216.3009404383 153810.8080341093 0.013206330020187253 
752351.0971786828 359515.9503622653 0.012843993234430385 
755485.8934169273 547881.6129023931 0.011827439029253938 
758620.6896551718 713563.9398332939 0.010284900886531294 
761755.4858934163 853668.5085109557 0.008437013098095707 
764890.2821316608 964168.6690516248 0.0064190055147081765 
768025.0783699054 1038599.7636333513 0.004208527378939966 
771159.8746081499 1070614.8316243126 0.001732181293397962 
774294.6708463944 1057877.6768373523 -0.0009646034632913383 
777429.4670846389 1003308.4411744023 -0.00366660686798404 
780564.2633228834 912419.7190637859 -0.006114024162503494 
783699.0595611279 789525.7210743976 -0.008175799812995604 
786833.8557993724 636727.3822590278 -0.009892462636614332 
789968.6520376169 456604.3727263901 -0.011347287622863791 
793103.4482758614 255608.1240247903 -0.012505402405507626 
796238.244514106 44375.478509792185 -0.013193881816757458 
799373.0407523505 -165634.01829085613 -0.013246081656705582 
802507.836990595 -365981.24965143995 -0.012658034288761758 
805642.6332288395 -551925.6523776123 -0.011589661892995528 
808777.429467084 -719603.2490003475 -0.010207052580176554 
811912.2257053285 -862933.9221950959 -0.00853319744268006 
815047.021943573 -973611.5307059324 -0.006471101312948489 
818181.8181818175 -1044202.7567027431 -0.003983570647240716 
821316.614420062 -1071197.654636009 -0.0012428499057388514 
824451.4106583066 -1055142.8769509778 0.001418486042150758 
827586.2068965511 -998286.7373544656 0.0037284317141656367 
830721.0031347956 -902802.4584016253 0.005664745143064304 
833855.7993730401 -771751.8387985588 0.0074318737841544925 
836990.5956112846 -611531.4592173912 0.009246424695509571 
840125.3918495291 -432431.896227828 0.011130314817264782 
843260.1880877736 -245619.42988068445 0.01289054313356586 
846394.9843260181 -58709.9812717726 0.014274350888191118 
849529.7805642626 125949.51499314 0.015126672279441708 
852664.5768025072 308413.38100677583 0.015403086939324764 
855799.3730407517 486167.3960239984 0.015064461235572797 
858934.1692789962 651655.169500606 0.01400746056879127 
862068.9655172407 794550.3643021567 0.012133297345463286 
865203.7617554852 906496.8727610745 0.009488728658348648 
868338.5579937297 983838.984153586 0.006317216388948113 
871473.3542319742 1026135.9978058749 0.002942984474284994 
874608.1504702187 1032601.7881886675 -0.0004124193088961296 
877742.9467084632 1000568.7848368842 -0.0037034224286653862 
880877.7429467078 927717.252924412 -0.006954440727551688 
884012.5391849523 815689.3756656734 -0.010089489960971709 
887147.3354231968 671163.7501685212 -0.012878537166918514 
890282.1316614413 503092.5625514845 -0.015059251771231349 
893416.9278996858 318808.0419022384 -0.016509064946276568 
896551.7241379303 122862.26729466577 -0.01728989836965772 
899686.5203761748 -80441.06273550999 -0.01752160684971544 
902821.3166144193 -283771.5027326465 -0.0172195832209698 
905956.1128526638 -476498.7374282692 -0.016268649323005986 
909090.9090909084 -648015.1985921004 -0.014560968369127823 
912225.7053291529 -791462.9011179681 -0.012152242304586915 
915360.5015673974 -904233.610409075 -0.00927032827169761 
918495.2978056419 -984978.1268940112 -0.006164716572334853 
921630.0940438864 -1030492.5377284469 -0.002951764226784254 
924764.8902821309 -1035929.949212543 0.00038577829183830887 
927899.6865203754 -998234.928149399 0.003849264365973029 
931034.4827586199 -919252.3624921063 0.007287011683131821 
934169.2789968645 -805246.8329599192 0.010418928554803503 
937304.075235109 -663283.6780053774 0.013002124565847803 
940438.8714733535 -498163.3560638678 0.014968301384131666 
943573.667711598 -312962.67498080636 0.016393076106648516 
946708.4639498425 -112395.44036307847 0.01733355889235308 
949843.260188087 94797.16132381737 0.017708219361122973 
952978.0564263315 297222.6702280649 0.017347622874697273 
956112.852664576 484832.9937620719 0.01616394002037798 
959247.6489028205 651646.1732019699 0.01426129188221829 
962382.445141065 794637.1757251435 0.011870276827387016 
965517.2413793096 910252.32456054 0.009173920673475664 
968652.0376175541 992470.7572453357 0.006205441691704687 
971786.8338557986 1034669.0959363391 0.0029217660634116775 
974921.6300940431 1033499.247650747 -0.0006287971361837906 
978056.4263322876 990820.8588943247 -0.0042257793629635505 
981191.2225705321 911719.6359812474 -0.007572617501550181 
984326.0188087766 800698.2985789442 -0.010473705424321304 
987460.8150470211 659985.976197598 -0.012911466574156247 
990595.6112852657 491625.9093852588 -0.014947547468892925 
993730.4075235102 300897.94661389734 -0.01655321309849204 
996865.2037617547 100276.30821802132 -0.017689514729058713 
999999.9999999992 -207125.3388128071 -0.01320987119881109 
