#x u 
0.0 -182467.59252537938 0.019684460095681977 
3134.796238244514 -270471.35901659 0.023157126828225422 
6269.592476489028 -445409.8252373555 0.021269996813403094 
9404.38871473354 -601009.9695449701 0.018657272946574086 
12539.184952978056 -733411.9575004436 0.015321107176938811 
15673.98119122257 -837452.1188176123 0.011392511548255812 
18808.777429467085 -909108.0408101027 0.007023367273023844 
21943.5736677116 -945608.7639291292 0.00238263027922298 
25078.369905956115 -945542.6965303611 -0.002350237231690187 
28213.16614420063 -908911.7329514843 -0.006992185125117921 
31347.962382445145 -837129.2087491885 -0.011363563507612756 
34482.75862068966 -732958.3164000039 -0.015294752098132955 
37617.55485893417 -600385.259278163 -0.01863180298576105 
40752.35109717868 -444417.7690104381 -0.0212402240043816 
43887.14733542319 -270800.965989483 -0.023006031655956907 
47021.943573667704 -85662.61607382266 -0.023834081699650594 
50156.739811912215 104847.36149327198 -0.023646085972116527 
53291.53605015673 294780.84811664326 -0.022384275245272575 
56426.33228840124 478291.7944187969 -0.02002874792266799 
59561.12852664575 649114.0572148378 -0.016632536777290506 
62695.92476489026 799806.2063318542 -0.0123652815264053 
65830.72100313478 921344.3612895 -0.007538522568905148 
68965.51724137929 1003824.9876714039 -0.0025774343606742747 
72100.3134796238 1038646.9882416181 0.002078083718849553 
75235.10971786831 1021544.618055546 0.006114194376785963 
78369.90595611282 954817.692229457 0.0094499249210573 
81504.70219435733 847003.1961375687 0.012229322352935936 
84639.49843260185 709573.7823027114 0.014679681856168053 
87774.29467084636 552376.5800907651 0.01691401848215895 
90909.09090909087 380784.58793649223 0.01881357762366318 
94043.88714733538 196576.8982729387 0.020082298636041905 
97178.68338557989 1785.006092462753 0.020437723053112974 
100313.4796238244 -197681.0507227919 0.01979173219055263 
103448.27586206891 -391676.01392497733 0.018280779777739644 
106583.07210031342 -568993.2762527701 0.016133115161937224 
109717.86833855794 -721280.7430114055 0.013500326920757762 
112852.66457680245 -844396.5116233418 0.010404144119947577 
115987.46081504696 -936429.8194582905 0.006833653006120472 
119122.25705329147 -994772.627387152 0.0028833379034796224 
122257.05329153598 -1015365.0935526319 -0.0012113638623556184 
125391.84952978049 -994877.2805161148 -0.005175974567905577 
128526.645768025 -933542.710108791 -0.008831571390722543 
131661.44200626953 -835712.3608544368 -0.012127513260085735 
134796.23824451404 -707568.4630801546 -0.01504631701085786 
137931.03448275855 -554345.4624659223 -0.017487907017488175 
141065.83072100306 -379836.96370685083 -0.01926016281767313 
144200.62695924757 -188499.27136819047 -0.020189494265681073 
147335.42319749208 12306.497952142414 -0.020238226576968554 
150470.2194357366 212560.2958055622 -0.019507834523041147 
153605.0156739811 402344.0672759586 -0.01812622483553341 
156739.81191222562 574511.9519249926 -0.016137974301078075 
159874.60815047013 724762.2157065908 -0.013511975132286164 
163009.40438871464 849325.1982867073 -0.010256242154724121 
166144.20062695915 942964.0737031925 -0.00651592534730518 
169278.99686520366 999620.5003808292 -0.0025473842703347817 
172413.79310344817 1015212.4821449493 0.0014092342647133022 
175548.58934169268 989779.81831254 0.0052303897039453215 
178683.3855799372 926805.164459689 0.00888287457614838 
181818.1818181817 830450.9065413257 0.012304616375569599 
184952.97805642622 703583.121123435 0.015323878744492326 
188087.77429467073 548566.5100836668 0.017707420758744596 
191222.57053291524 369845.5351484994 0.01929202122412397 
194357.36677115975 175401.27214986042 0.020065447324899496 
197492.16300940426 -24683.761346403393 0.02011528943316489 
200626.95924764877 -221311.16592127385 0.019502010644207972 
203761.75548589329 -408148.4858567419 0.01819106114800649 
206896.5517241378 -580536.0491392717 0.016115546792516446 
210031.3479623823 -732969.5661703157 0.013302467302458279 
213166.14420062682 -858092.5131188419 0.009927615650521089 
216300.94043887133 -948519.2130200877 0.006238254014722045 
219435.73667711584 -999798.8105190238 0.0024207817279169293 
222570.53291536035 -1011589.2014115221 -0.0014523937051820286 
225705.32915360486 -985943.5602054329 -0.00534650852868558 
228840.12539184937 -924592.739937873 -0.00914485777667418 
231974.9216300939 -828102.5742055259 -0.01261774890463051 
235109.7178683384 -697752.875526772 -0.015518515971643932 
238244.5141065829 -538065.3933298073 -0.01771120257601847 
241379.31034482742 -357173.0644954597 -0.01920075988927969 
244514.10658307193 -164445.7117422729 -0.020038438592174822 
247648.90282131644 32368.909667763823 -0.020205367512927987 
250783.69905956095 227753.38095450375 -0.01959913494013991 
253918.49529780546 416431.7242110528 -0.018138695199391833 
257053.29153604998 591177.0228495202 -0.01587734828272689 
260188.0877742945 743019.5964551487 -0.01300394650247584 
263322.884012539 863921.0137680566 -0.00972892005187592 
266457.6802507835 949362.5493175699 -0.0061717391782889494 
269592.476489028 998353.7717006461 -0.0023639102429284676 
272727.27272727253 1011037.279786122 0.0016406935997264433 
275862.06896551704 986541.968935009 0.005669767042315844 
278996.86520376155 923418.5140049064 0.00945765314603835 
282131.66144200607 822216.0975073526 0.012771158655683956 
285266.4576802506 687449.5057075546 0.01550971223944918 
288401.2539184951 526790.7344148365 0.017680201282710473 
291536.0501567396 348184.4429765617 0.019278083469689247 
294670.8463949841 157720.55119751347 0.02020412936968237 
297805.6426332286 -39740.88699485919 0.020307697073292705 
300940.43887147313 -238122.98109175832 0.019513323446762345 
304075.23510971764 -428728.8774910953 0.01789872997224467 
307210.03134796215 -601657.789480645 0.015642325217780216 
310344.82758620667 -748848.5304463835 0.0128943467167143 
313479.6238244512 -865834.837291602 0.00970488005673419 
316614.4200626957 -950627.9204297956 0.006081060085584325 
319749.2163009402 -1001127.5727591593 0.0021089891017008543 
322884.0125391847 -1013965.2177417781 -0.0019928379649228932 
326018.8087774292 -986124.2246009324 -0.005950283361641502 
329153.60501567373 -917706.5873327493 -0.009565638578684272 
332288.40125391824 -812952.4405607134 -0.0127721828095793 
335423.19749216276 -678398.2387375656 -0.015559853988719785 
338557.99373040727 -520010.4691505109 -0.017855839962787556 
341692.7899686518 -342153.7496204636 -0.019490669938522838 
344827.5862068963 -149274.1700402514 -0.020289664938304884 
347962.3824451408 51716.02186614148 -0.020196882093441927 
351097.1786833853 251132.63737430243 -0.019303546619474414 
354231.9749216298 438905.5479209709 -0.017752320918197256 
357366.77115987433 607447.89123382 -0.015618119683128557 
360501.56739811884 752290.4180225434 -0.01288958398476138 
363636.36363636336 870099.5029971446 -0.009568292328294061 
366771.15987460787 956422.3546057908 -0.005777963068467743 
369905.9561128524 1005752.5488712671 -0.0017645590694341008 
373040.7523510969 1014023.896995364 0.0022177765168042833 
376175.5485893414 981036.8143861612 0.006020559701871871 
379310.3448275859 910338.0363695909 0.009600840202146358 
382445.1410658304 806694.5460023101 0.012913359662326835 
385579.93730407493 673772.2199457973 0.015814345884928138 
388714.73354231945 514355.2398974369 0.018083627744847536 
391849.52978056396 332716.39159257145 0.019546733401715657 
394984.32601880847 136440.2655179323 0.020172782196070892 
398119.122257053 -64461.065253082095 0.020048587503845944 
401253.9184952975 -260482.61714540728 0.01925853238949981 
404388.714733542 -444818.6241608772 0.017797672346235666 
407523.5109717865 -612809.942237061 0.015609319745086812 
410658.307210031 -759527.4749464404 0.012706264751987946 
413793.10344827553 -878316.0267320792 0.00924576422803714 
416927.89968652005 -962085.3239799109 0.005476079764765268 
420062.69592476456 -1006209.8273647681 0.0016065244294419258 
423197.49216300907 -1010164.0052892768 -0.0022673896118251408 
426332.2884012536 -976299.6517993059 -0.006110668052354229 
429467.0846394981 -907121.0561362633 -0.009829456298686458 
432601.8808777426 -803933.1263253506 -0.013217140846017505 
435736.6771159871 -668233.0988643205 -0.0160284448313266 
438871.4733542316 -504274.12690766953 -0.018109075854054517 
442006.26959247614 -319945.06138831074 -0.019449558525096035 
445141.06583072065 -124835.76583540106 -0.02011090264230448 
448275.86206896516 72722.29393776358 -0.02010358975458852 
451410.65830720967 266803.94697755965 -0.01934931873223766 
454545.4545454542 452315.524319958 -0.017766721218453428 
457680.2507836987 622656.3911727797 -0.015390726940251644 
460815.0470219432 769373.0218559261 -0.012398769308405489 
463949.8432601877 884449.6160274061 -0.009013911675496889 
467084.6394984322 963080.6218787523 -0.00538334367823555 
470219.43573667674 1004228.9446176356 -0.001555620460774116 
473354.23197492125 1008558.2508369958 0.0024245981888990605 
476489.02821316576 976036.7842887224 0.006409615572659218 
479623.82445141027 905797.4532879328 0.010147939944963894 
482758.6206896548 798406.4281187961 0.013396460081359286 
485893.4169278993 658101.3514369921 0.016033444420715193 
489028.2131661438 492536.74518800504 0.018059089859961762 
492163.0094043883 310143.45341230754 0.019488044975965766 
495297.8056426328 117670.41424549982 0.02025110802189538 
498432.60188087734 -79754.92487866123 0.020212635039892846 
501567.39811912185 -276389.4363900787 0.019287420658582043 
504702.19435736636 -464108.5306564891 0.01753511235568951 
507836.99059561087 -633269.4067466831 0.015132735629094177 
510971.7868338554 -775591.0087761843 0.012252930059958294 
514106.5830720999 -886302.5064448087 0.008973470414607384 
517241.3793103444 -963555.8072262367 0.005309644706910137 
520376.1755485889 -1005938.125083748 0.0013309570306526304 
523510.9717868334 -1010871.9715875951 -0.0027657151674917763 
526645.768025078 -975703.1948529568 -0.0067090388539957 
529780.5642633225 -900394.1819582403 -0.010282463525262568 
532915.360501567 -788993.7381561579 -0.013399904460434157 
536050.1567398115 -648283.9531465279 -0.016054223725623595 
539184.952978056 -484916.0663532356 -0.018198242323684957 
542319.7492163006 -303882.1757808187 -0.0196883008255883 
545454.5454545451 -109717.15202850655 -0.020353756394093293 
548589.3416927896 91083.95927137174 -0.02012242802546632 
551724.1379310341 289252.9005898456 -0.019072168300193093 
554858.9341692786 474688.61440739123 -0.017355337146645368 
557993.7304075231 639411.2137071261 -0.015075411360678989 
561128.5266457676 778719.966230412 -0.012244048493226807 
564263.3228840121 889618.7963137497 -0.00886113972233786 
567398.1191222566 968418.2077905177 -0.005030047138262285 
570532.9153605012 1010249.5629369617 -0.000982410876008755 
573667.7115987457 1011169.772012215 0.003018652712980367 
576802.5078369902 970758.6841595627 0.006800794958017638 
579937.3040752347 892538.2539430154 0.010307568492942117 
583072.1003134792 781775.1321061146 0.013506128648735998 
586206.8965517237 642920.1306246663 0.016280469823826367 
589341.6927899682 479261.35506682657 0.018427901052086578 
592476.4890282127 294986.6139281775 0.01976724852263296 
595611.2852664572 97272.02661650024 0.02024902168105539 
598746.0815047018 -104049.78309090184 0.019954837755170565 
601880.8777429463 -299170.39701907715 0.018988816723450798 
605015.6739811908 -480811.70675207075 0.01737606673079997 
608150.4702194353 -644224.8907295226 0.015074660809684733 
611285.2664576798 -784980.9015918194 0.012086954725016709 
614420.0626959243 -897155.0705851326 0.008550560163250212 
617554.8589341688 -974064.1564421295 0.004709740381163048 
620689.6551724133 -1010991.6584944219 0.0007928887321945037 
623824.4514106578 -1007201.4477291506 -0.0030802433646395463 
626959.2476489024 -965237.2630418113 -0.006869762888948061 
630094.0438871469 -888303.2319795131 -0.010501615795586434 
633228.8401253914 -778478.1727409428 -0.01379427780206673 
636363.6363636359 -637579.0340198852 -0.01650903684303619 
639498.4326018804 -469646.12022713874 -0.018476361754199803 
642633.2288401249 -282266.5276895065 -0.01967028296028267 
645768.0250783694 -85129.90695594411 -0.020156644604870672 
648902.8213166139 112916.0008125746 -0.019972766170172185 
652037.6175548584 305493.84370093077 -0.019067036526786606 
655172.413793103 487594.8555153496 -0.01736271803789397 
658307.2100313475 653208.6664287705 -0.014878436349604254 
661442.006269592 794472.4013374102 -0.011777117177364751 
664576.8025078365 903509.7481984344 -0.00828932455085954 
667711.598746081 975273.4486644926 -0.004588012707913042 
670846.3949843255 1008612.7145161052 -0.0007418565020519815 
673981.19122257 1004608.536237487 0.0032090587597473296 
677115.9874608145 964039.7640622181 0.007140554433727748 
680250.783699059 886698.2314038686 0.010819147885358196 
683385.5799373036 773266.4247145865 0.013996780389525803 
686520.3761755481 627717.9795631818 0.01653165257438021 
689655.1724137926 457596.6181870378 0.01841353710492602 
692789.9686520371 271709.36828300037 0.019671808144679115 
695924.7648902816 77443.21806042563 0.020266917866901032 
699059.5611285261 -119728.04639369372 0.020082414073079258 
702194.3573667706 -314311.09169143625 0.019027738760453883 
705329.1536050151 -498764.9801029799 0.017144428694643346 
708463.9498432596 -663811.5189665125 0.014603650113962014 
711598.7460815042 -801050.7527006404 0.011596137529654372 
714733.5423197487 -905406.6358966823 0.00822760322118878 
717868.3385579932 -975078.9483566645 0.004525850962642106 
721003.1347962377 -1009261.8364350476 0.0005474686982836074 
724137.9310344822 -1006190.1357654484 -0.003533379176509339 
727272.7272727267 -963675.2572573335 -0.007453121712577487 
730407.5235109712 -881616.6437587471 -0.01098021378231682 
733542.3197492157 -763839.2200466512 -0.01400813621163072 
736677.1159874602 -617258.7310156112 -0.016528035719860387 
739811.9122257048 -449130.90787271335 -0.018515233768119293 
742946.7084639493 -265102.6596614274 -0.019853713028156375 
746081.5047021938 -69893.74930894315 -0.020381859642274108 
749216.3009404383 130365.31549558375 -0.020014242415226632 
752351.0971786828 326880.18036317243 -0.01881322237256531 
755485.8934169273 509638.5589999999 -0.01693585219162933 
758620.6896551718 670334.9881985653 -0.0145114860739855 
761755.4858934163 803992.7998018755 -0.011577151910781892 
764890.2821316608 907854.0268330707 -0.00813582495590149 
768025.0783699054 978951.2168826719 -0.004272503943566312 
771159.8746081499 1013120.5523538595 -0.00020142045273783746 
774294.6708463944 1006651.4970153553 0.0038104809212812364 
777429.4670846389 958942.5200002453 0.00756902056994074 
780564.2633228834 873418.5998199381 0.011001282849992284 
783699.0595611279 755736.1083076164 0.014082222614616849 
786833.8557993724 611094.0788791487 0.016722414524547032 
789968.6520376169 443352.88275853754 0.018740328758990038 
793103.4482758614 256708.2724390159 0.019952927791612222 
796238.244514106 57937.62780148342 0.02029314441671881 
799373.0407523505 -143400.70036066457 0.01983362589281539 
802507.836990595 -337306.3673222031 0.018693653881969037 
805642.6332288395 -516051.9942497279 0.016927810289143447 
808777.429467084 -674721.3954920743 0.014512892576012654 
811912.2257053285 -809300.0334225674 0.011445054368634387 
815047.021943573 -914600.3400795057 0.007842168710475321 
818181.8181818175 -984446.3416595093 0.003940002379286052 
821316.614420062 -1014125.7127532455 -1.83506622434094e-05 
824451.4106583066 -1002686.3248779267 -0.003888785694649244 
827586.2068965511 -952765.948642276 -0.007622266252460049 
830721.0031347956 -868181.0268111391 -0.011160870381321967 
833855.7993730401 -751796.7062601915 -0.01434916089518751 
836990.5956112846 -605844.1796202095 -0.016959819587329845 
840125.3918495291 -434221.3114786567 -0.0188118505148035 
843260.1880877736 -244177.03147728648 -0.019861705821025036 
846394.9843260181 -45385.617648734566 -0.020175393662826495 
849529.7805642626 152873.03521853627 -0.01981381013311352 
852664.5768025072 343745.7214263135 -0.018753630488766628 
855799.3730407517 522213.46352193377 -0.016927472909046407 
858934.1692789962 682800.8849742349 -0.014340454421271796 
862068.9655172407 818290.4036754259 -0.01113885516025661 
865203.7617554852 921065.4035375742 -0.007555918858360645 
868338.5579937297 985908.314522788 -0.003787912973139236 
871473.3542319742 1011507.3206699674 7.415154494380552e-05 
874608.1504702187 999237.4242800751 0.003990971362064928 
877742.9467084632 950602.8611154254 0.007861560116627163 
880877.7429467078 866090.5059315371 0.011474446920644626 
884012.5391849523 746644.6083416366 0.014579668252434275 
887147.3354231968 596138.1081866082 0.017011417931728938 
890282.1316614413 422069.470850331 0.018739574644933178 
893416.9278996858 233494.08668180474 0.019804182082574708 
896551.7241379303 38082.196642485294 0.020208322681438233 
899686.5203761748 -158827.19200618635 0.019883141222643976 
902821.3166144193 -352303.17682443676 0.01875584823610909 
905956.1128526638 -535125.704242207 0.01683923989980237 
909090.9090909084 -697317.7596576702 0.014241828919363798 
912225.7053291529 -828803.3550680731 0.011091407910267647 
915360.5015673974 -923060.085548882 0.00746759986554876 
918495.2978056419 -978689.1270719068 0.003434387542319715 
921630.0940438864 -997828.9032007684 -0.0008491366734294091 
924764.8902821309 -983206.2640104262 -0.005062883226460032 
927899.6865203754 -936513.4505386838 -0.00880313470480412 
931034.4827586199 -859027.3334042351 -0.011765715309825767 
934169.2789968645 -752997.1421520035 -0.013885064027238568 
937304.075235109 -621848.8445813532 -0.015307768013474927 
940438.8714733535 -469024.0834013911 -0.016226156429743024 
943573.667711598 -297162.2251119057 -0.016720795871161938 
946708.4639498425 -109136.639384376 -0.016740896055928545 
949843.260188087 89680.0856222227 -0.01621253009414032 
952978.0564263315 290254.44447493355 -0.015147058057225472 
956112.852664576 481435.51267898467 -0.013639993287123162 
959247.6489028205 653228.1432923117 -0.01177680255976883 
962382.445141065 799048.5059082141 -0.009561349452287305 
965517.2413793096 915166.4878847918 -0.006953205365964005 
968652.0376175541 998317.0380842166 -0.003977740771187925 
971786.8338557986 1044227.6372062345 -0.0007901926073916174 
974921.6300940431 1048738.1608762627 0.0023799014999189585 
978056.4263322876 1010400.3724179935 0.005352514242120724 
981191.2225705321 931846.1911758455 0.008065630486414038 
984326.0188087766 818467.6268886734 0.010522305414622176 
987460.8150470211 675730.2703263969 0.012677112054904013 
990595.6112852657 507826.5307538377 0.014385811954502788 
993730.4075235102 318865.3209221935 0.015477106663878772 
996865.2037617547 117384.8662470506 0.015770667060152555 
999999.9999999992 -182467.59257992127 0.0196844600931819 
