#x u 
0.0 -53668.70899166484 0.047548139010438036 
3134.796238244514 -30892.449143667647 0.04762221188793754 
6269.592476489028 -47979.476337306405 0.043972734450643244 
9404.38871473354 -64652.861810412986 0.038556747234498 
12539.184952978056 -78755.34078006068 0.03165301612899471 
15673.98119122257 -89813.71331797549 0.023525201379676116 
18808.777429467085 -97398.98164156184 0.014487668199338007 
21943.5736677116 -101217.83413174102 0.00488989727161364 
25078.369905956115 -101122.59567532229 -0.0048969658510887755 
28213.16614420063 -97116.9491644488 -0.014494463436060345 
31347.962382445145 -89355.79284078573 -0.02353146050970776 
34482.75862068966 -78139.25041070828 -0.03165849663819556 
37617.55485893417 -63901.06526837993 -0.038561299552967644 
40752.35109717868 -47191.82765039544 -0.0439729380509231 
43887.14733542319 -28657.683326134073 -0.047684144216862866 
47021.943573667704 -9015.347158168875 -0.049551405808145946 
50156.739811912215 10975.612242239535 -0.049502515869255574 
53291.53605015673 30542.14501143853 -0.04753936497275971 
56426.33228840124 48927.613845327534 -0.043737868110668425 
59561.12852664575 65421.05315962926 -0.03824502906447098 
62695.92476489026 79384.66224822935 -0.031273255779198365 
65830.72100313478 90278.46905731646 -0.02309214655564176 
68965.51724137929 97681.20888823539 -0.014018064599545299 
72100.3134796238 101306.61024737859 -0.004401904061213138 
75235.10971786831 101014.48203983597 0.005384478248815795 
78369.90595611282 96816.21763460073 0.014962638753632117 
81504.70219435733 88874.31461437463 0.023962183331231908 
84639.49843260185 77495.19803531884 0.03203513137665311 
87774.29467084636 63116.25789288322 0.03886942322392043 
90909.09090909087 46294.66923338911 0.044200724652745736 
94043.88714733538 27703.50981002491 0.04782183902645138 
97178.68338557989 8092.578345682796 0.04959132252239194 
100313.4796238244 -11873.75345929655 0.04944505720512265 
103448.27586206891 -31763.07531251799 0.04740426964047467 
106583.07210031342 -50875.43407600759 0.04355104745937029 
109717.86833855794 -66990.82975734593 0.037966512397708596 
112852.66457680245 -76807.96904287266 0.030743859738567882 
115987.46081504696 -80986.36369005992 0.02221002109349421 
119122.25705329147 -89041.44202087846 0.013138571760859358 
122257.05329153598 -112438.080850487 0.004420106307683917 
125391.84952978049 -148119.75868895953 -0.0037068648737801965 
128526.645768025 -176314.21200945106 -0.011771140301993225 
131661.44200626953 -181228.77663483022 -0.02013479858438014 
134796.23824451404 -165486.46251776483 -0.028345473187035685 
137931.03448275855 -139385.58720525386 -0.035641510020089945 
141065.83072100306 -107894.67498353371 -0.04155929061905209 
144200.62695924757 -72231.47858144192 -0.045869974567286864 
147335.42319749208 -33775.09284487774 -0.048406867832428396 
150470.2194357366 5987.374823799078 -0.04907186882012968 
153605.0156739811 45518.310869037436 -0.04783926196007787 
156739.81191222562 83289.05505693797 -0.04475671212640689 
159874.60815047013 117839.01372539354 -0.03994342143829639 
163009.40438871464 147832.14090172836 -0.0335855197172283 
166144.20062695915 172108.6031645357 -0.02592886685179508 
169278.99686520366 189729.63037089573 -0.017269545402418974 
172413.79310344817 200013.81787256087 -0.007942411096701942 
175548.58934169268 202563.47641537923 0.001691856032556551 
178683.3855799372 197280.01077205918 0.011260699134529375 
181818.1818181817 184367.73241695855 0.02039409130376527 
184952.97805642622 164325.95880686285 0.028738844510672906 
188087.77429467073 137929.70478835894 0.03597226737312788 
191222.57053291524 106199.7127945587 0.04181464362354271 
194357.36677115975 70362.98076265774 0.04604004872941279 
197492.16300940426 31805.314156695655 0.048485086388913495 
200626.95924764877 -7982.263092475084 0.049055207061497914 
203761.75548589329 -47461.166442500195 0.04772836419608755 
206896.5517241378 -85104.74776240348 0.0445558667706095 
210031.3479623823 -119457.3307747642 0.03966039517519998 
213166.14420062682 -149190.5020182215 0.03323125716481635 
216300.94043887133 -173154.4805603012 0.025517067333443416 
219435.73667711584 -190422.57999516293 0.01681613319442913 
222570.53291536035 -200327.0433819934 0.007464919636964805 
225705.32915360486 -202484.86538794995 -0.002174962162132503 
228840.12539184937 -196812.60309408497 -0.011730738232903947 
231974.9216300939 -183529.60273077697 -0.020832886971643462 
235109.7178683384 -163149.51756490153 -0.029129428531376823 
238244.5141065829 -136460.4449418109 -0.03629953587307957 
241379.31034482742 -104494.45058218343 -0.04206594113864918 
244514.10658307193 -68487.6586283535 -0.04620565759152217 
247648.90282131644 -29832.450756968323 -0.048558602507781164 
250783.69905956095 9976.377183007118 -0.04903378757078404 
253918.49529780546 49399.418885575644 -0.04761283738692207 
257053.29153604998 86912.18638816878 -0.04435070006159643 
260188.0877742945 121064.06198016148 -0.03937352235745997 
263322.884012539 150534.3935507419 -0.03287377160249753 
266457.6802507835 174183.5641705206 -0.02510279298362799 
269592.476489028 191097.06104754584 -0.01636109003508479 
272727.27272727253 200620.83971237924 -0.006986704174827529 
275862.06896551704 202386.61590014267 0.0026578573480008547 
278996.86520376155 196326.10709313586 0.012199639598650672 
282131.66144200607 182673.67300396165 0.021269662114063694 
285266.4576802506 161957.2528917403 0.029517187367457915 
288401.2539184951 134977.9501651564 0.03662328377905695 
291536.0501567396 102779.05373518467 0.04231315879170411 
294670.8463949841 66605.694060957 0.046366785091658605 
297805.6426332286 27856.693988390703 0.04862740905890145 
300940.43887147313 -11969.523691652586 0.049007612425406556 
304075.23510971764 -51332.88021239413 0.04749269273721471 
307210.03134796215 -88711.19563564233 0.044141231897932745 
310344.82758620667 -122659.05150906576 0.03908283080809634 
313479.6238244512 -151863.68515888203 0.03251309770183124 
316614.4200626957 -175195.75418715313 0.02468608398169948 
319749.2163009402 -191753.0081119451 0.01590446005779355 
322884.0125391847 -200895.17836920338 0.00650781109111678 
326018.8087774292 -202268.7374809089 -0.0031404947554612614 
329153.60501567373 -195820.56995314718 -0.012667357754292142 
332288.40125391824 -181800.0262508282 -0.021704374369384334 
335423.19749216276 -160749.28042191282 -0.02990208341123368 
338557.99373040727 -133482.36424156174 -0.036943479691624724 
341692.7899686518 -101053.68862527068 -0.0425562726057348 
344827.5862068963 -64717.269587131144 -0.04652341560250088 
347962.3824451408 -25878.2354742768 -0.04869149936891276 
351097.1786833853 13961.509308512828 -0.048976684164022136 
354231.9749216298 53261.36290176185 -0.047367941899470634 
357366.77115987433 90501.60102377422 -0.04392748259537009 
360501.56739811884 124242.14466774686 -0.03878834872049759 
363636.36363636336 153178.24791823435 -0.03214927044360538 
366771.15987460787 176190.95244062121 -0.02426698074313892 
369905.9561128524 192390.3575698273 -0.015446287549863866 
373040.7523510969 201150.03274510213 -0.006028286832379561 
376175.5485893414 202131.24156296122 0.003622827574814825 
379310.3448275859 195296.04070480232 0.013133847337107388 
382445.1410658304 180908.74720401474 0.022136981576037464 
385579.93730407493 159525.71731340614 0.03028407933267603 
388714.73354231945 131973.83222386465 0.037260092555845795 
391849.52978056396 99318.5225909461 0.04279525900178883 
394984.32601880847 62822.56836006787 0.046675533932878654 
398119.122257053 23897.267099976896 0.04875086722186899 
401253.9184952975 -15952.140836282857 0.04894100578627936 
404388.714733542 -55184.67991534949 0.04723859697293679 
407523.5109717865 -92283.22890598212 0.04370947288487619 
410658.307210031 -125813.18791627664 0.038490104655686246 
413793.10344827553 -154477.95433291007 0.031782325114443184 
416927.89968652005 -177169.06240933493 0.023845523915637573 
420062.69592476456 -193009.0476063912 0.014986616948210109 
423197.49216300907 -201385.37812243862 0.0055481779063789784 
426332.2884012536 -201974.141481657 -0.004104809025903723 
429467.0846394981 -194752.57022077698 -0.013599063103531263 
432601.8808777426 -179999.92230627162 -0.02256744177661817 
435736.6771159871 -158286.68223630183 -0.030663138083031977 
438871.4733542316 -130452.50042051454 -0.03757309166429347 
442006.26959247614 -97573.72392127845 -0.04303009480122095 
445141.06583072065 -60921.77414172147 -0.046823125329245825 
448275.86206896516 -21913.980994264857 -0.04880550685984236 
451410.65830720967 17941.225208983124 -0.04890058075252774 
454545.4545454542 57102.644715831695 -0.04710467050242837 
457680.2507836987 94055.90648698347 -0.0434872239106243 
460815.0470219432 127372.0288834077 -0.03818812753954903 
463949.8432601877 155762.67834788823 -0.03141229730338163 
467084.6394984322 178129.9892290474 -0.023421754375155538 
470219.43573667674 193609.01821655867 -0.014525492835043037 
473354.23197492125 201601.19167569757 -0.005067530877583629 
476489.02821316576 201797.45247370566 0.004586392362648227 
479623.82445141027 194190.2112108011 0.014062959933542573 
482758.6206896548 179073.63970206617 0.022995713221953734 
485893.4169278993 157032.2953612652 0.031039222898416728 
489028.2131661438 128918.51638137524 0.0378824466600292 
492163.0094043883 95819.46183958043 0.04326075722794098 
495297.8056426328 59015.07128499286 0.04696617547711134 
498432.60188087734 19928.569510704463 0.04885541298348195 
501567.39811912185 -19928.56951069244 0.04885541298348222 
504702.19435736636 -59015.07128498211 0.04696617547711215 
507836.99059561087 -95819.46183957045 0.043260757227942294 
510971.7868338554 -128918.5163813666 0.03788244666003099 
514106.5830720999 -157032.2953612593 0.031039222898418845 
517241.3793103444 -179073.63970206218 0.022995713221956145 
520376.1755485889 -194190.21121079792 0.014062959933545175 
523510.9717868334 -201797.45247370325 0.004586392362650931 
526645.768025078 -201601.19167569684 -0.005067530877580895 
529780.5642633225 -193609.01821656033 -0.014525492835040378 
532915.360501567 -178129.9892290527 -0.02342175437515309 
536050.1567398115 -155762.67834789585 -0.03141229730337949 
539184.952978056 -127372.02888341696 -0.038188127539547305 
542319.7492163006 -94055.90648699479 -0.04348722391062304 
545454.5454545451 -57102.644715842485 -0.04710467050242759 
548589.3416927896 -17941.22520899453 -0.04890058075252751 
551724.1379310341 21913.980994253117 -0.04880550685984267 
554858.9341692786 60921.77414171102 -0.04682312532924665 
557993.7304075231 97573.72392126951 -0.04303009480122228 
561128.5266457676 130452.50042050704 -0.03757309166429524 
564263.3228840121 158286.68223629458 -0.030663138083034114 
567398.1191222566 179999.92230626466 -0.022567441776620584 
570532.9153605012 194752.57022077194 -0.013599063103533898 
573667.7115987457 201974.14148165486 -0.004104809025906471 
576802.5078369902 201385.3781224397 0.005548177906376228 
579937.3040752347 193009.04760639556 0.014986616948207491 
583072.1003134792 177169.06240934177 0.02384552391563519 
586206.8965517237 154477.95433291743 0.0317823251144411 
589341.6927899682 125813.18791628457 0.03849010465568456 
592476.4890282127 92283.2289059917 0.04370947288487495 
595611.2852664572 55184.67991535975 0.04723859697293604 
598746.0815047018 15952.140836293618 0.048941005786279135 
601880.8777429463 -23897.267099965877 0.04875086722186929 
605015.6739811908 -62822.56836005726 0.046675533932879515 
608150.4702194353 -99318.52259093628 0.042795259001790195 
611285.2664576798 -131973.83222385624 0.03726009255584764 
614420.0626959243 -159525.71731339995 0.030284079332678234 
617554.8589341688 -180908.74720401174 0.02213698157603996 
620689.6551724133 -195296.04070480162 0.013133847337110054 
623824.4514106578 -202131.24156296285 0.0036228275748176114 
626959.2476489024 -201150.03274510577 -0.006028286832376773 
630094.0438871469 -192390.35756983253 -0.015446287549861165 
633228.8401253914 -176190.95244062814 -0.02426698074313644 
636363.6363636359 -153178.2479182427 -0.032149270443603224 
639498.4326018804 -124242.14466775635 -0.03878834872049587 
642633.2288401249 -90501.60102378472 -0.04392748259536885 
645768.0250783694 -53261.36290177365 -0.047367941899469905 
648902.8213166139 -13961.509308524732 -0.048976684164021934 
652037.6175548584 25878.23547426559 -0.048691499368913094 
655172.413793103 64717.26958712045 -0.04652341560250175 
658307.2100313475 101053.6886252607 -0.042556272605736134 
661442.006269592 133482.36424155248 -0.03694347969162648 
664576.8025078365 160749.2804219064 -0.029902083411235836 
667711.598746081 181800.0262508233 -0.021704374369386777 
670846.3949843255 195820.56995314482 -0.012667357754294822 
673981.19122257 202268.7374809088 -0.003140494755464036 
677115.9874608145 200895.1783692048 0.006507811091114038 
680250.783699059 191753.0081119481 0.015904460057790965 
683385.5799373036 175195.754187158 0.02468608398169716 
686520.3761755481 151863.6851588893 0.03251309770182924 
689655.1724137926 122659.05150907442 0.039082830808094667 
692789.9686520371 88711.19563565255 0.044141231897931545 
695924.7648902816 51332.880212405544 0.04749269273721401 
699059.5611285261 11969.52369166412 0.04900761242540638 
702194.3573667706 -27856.69398837947 0.04862740905890182 
705329.1536050151 -66605.69406094609 0.04636678509165948 
708463.9498432596 -102779.053735175 0.042313158791705496 
711598.7460815042 -134977.95016514813 0.03662328377905879 
714733.5423197487 -161957.25289173407 0.02951718736746015 
717868.3385579932 -182673.6730039572 0.02126966211406623 
721003.1347962377 -196326.10709313286 0.012199639598653375 
724137.9310344822 -202386.61590014087 0.0026578573480035834 
727272.7272727267 -200620.83971237997 -0.00698670417482486 
730407.5235109712 -191097.0610475491 -0.016361090035082272 
733542.3197492157 -174183.5641705265 -0.025102792983625655 
736677.1159874602 -150534.39355074996 -0.032873771602495466 
739811.9122257048 -121064.06198017084 -0.03937352235745829 
742946.7084639493 -86912.18638817867 -0.04435070006159519 
746081.5047021938 -49399.41888558676 -0.047612837386921375 
749216.3009404383 -9976.377183018396 -0.049033787570783915 
752351.0971786828 29832.450756956845 -0.048558602507781545 
755485.8934169273 68487.65862834263 -0.04620565759152309 
758620.6896551718 104494.45058217317 -0.04206594113865062 
761755.4858934163 136460.44494180242 -0.03629953587308146 
764890.2821316608 163149.5175648932 -0.029129428531379058 
768025.0783699054 183529.60273077103 -0.020832886971645963 
771159.8746081499 196812.60309408093 -0.011730738232906594 
774294.6708463944 202484.8653879493 -0.0021749621621352435 
777429.4670846389 200327.04338199532 0.007464919636962057 
780564.2633228834 190422.5799951674 0.016816133194426486 
783699.0595611279 173154.48056030684 0.025517067333441 
786833.8557993724 149190.5020182281 0.03323125716481428 
789968.6520376169 119457.33077477316 0.03966039517519836 
793103.4482758614 85104.74776241314 0.04455586677060836 
796238.244514106 47461.16644251132 0.047728364196086906 
799373.0407523505 7982.263092487462 0.04905520706149785 
802507.836990595 -31805.314156684042 0.04848508638891399 
805642.6332288395 -70362.98076264701 0.046040048729413814 
808777.429467084 -106199.7127945482 0.041814643623544166 
811912.2257053285 -137929.7047883487 0.035972267373129765 
815047.021943573 -164325.95880685456 0.02873884451067513 
818181.8181818175 -184367.73241695302 0.02039409130376781 
821316.614420062 -197280.01077205708 0.011260699134532101 
824451.4106583066 -202563.47641537918 0.001691856032559376 
827586.2068965511 -200013.81787256277 -0.007942411096699157 
830721.0031347956 -189729.63037089948 -0.017269545402416382 
833855.7993730401 -172108.6031645412 -0.02592886685179276 
836990.5956112846 -147832.14090173578 -0.03358551971722632 
840125.3918495291 -117839.01372540268 -0.03994342143829481 
843260.1880877736 -83289.05505694792 -0.044756712126405765 
846394.9843260181 -45518.3108690484 -0.04783926196007721 
849529.7805642626 -5987.374823810496 -0.04907186882012956 
852664.5768025072 33775.09284486705 -0.04840686783242885 
855799.3730407517 72231.47858143043 -0.045869974567287836 
858934.1692789962 107894.67498352312 -0.04155929061905359 
862068.9655172407 139385.5872052444 -0.035641510020091895 
865203.7617554852 165486.46251775665 -0.028345473187038034 
868338.5579937297 185086.46271970126 -0.01995797102486823 
871473.3542319742 201342.69269350547 -0.01062389165077281 
874608.1504702187 227802.38076474005 -5.439463971920592e-05 
877742.9467084632 276269.60969797533 0.011929771111978179 
880877.7429467078 327350.9031254968 0.024062135651017863 
884012.5391849523 330098.9621545923 0.0336287762388309 
887147.3354231968 253349.52758038417 0.03883612340705054 
890282.1316614413 132059.24259880066 0.04094910050650593 
893416.9278996858 42205.07746163756 0.04315361802459701 
896551.7241379303 23712.561443793507 0.04703525238792296 
899686.5203761748 37864.26568677698 0.05063640319507527 
902821.3166144193 8942.184014062295 0.050372157299693104 
905956.1128526638 -93648.9307787172 0.044799050859015935 
909090.9090909084 -220567.69719264618 0.03621244526836652 
912225.7053291529 -292132.6408670224 0.02837183290704652 
915360.5015673974 -280063.4080556511 0.022749865176916184 
918495.2978056419 -235377.15906004974 0.017246826022402306 
921630.0940438864 -233222.49590673347 0.008710085083217786 
924764.8902821309 -292774.7088958402 -0.0034053745750850573 
927899.6865203754 -356461.8921190156 -0.01609764207562906 
931034.4827586199 -350342.2886741278 -0.025599474061027108 
934169.2789968645 -262114.39394147525 -0.03096871467591628 
937304.075235109 -154732.15590968324 -0.034727013582849055 
940438.8714733535 -101329.30341542102 -0.03989098161723334 
943573.667711598 -109870.84590709295 -0.046531367311302314 
946708.4639498425 -116686.59480018803 -0.05148803069793976 
949843.260188087 -55564.75984126338 -0.05154638101983733 
952978.0564263315 70360.30360497397 -0.046739492475038065 
956112.852664576 189585.6565736638 -0.04030757179990919 
959247.6489028205 235096.13091998082 -0.035359831997612855 
962382.445141065 212553.45174450835 -0.03174741212453815 
965517.2413793096 192227.35659267494 -0.026428957235063617 
968652.0376175541 233283.44292758912 -0.016934144255473065 
971786.8338557986 320133.55332386494 -0.004271889339297557 
974921.6300940431 377806.0977456693 0.007785576831890865 
978056.4263322876 350165.53466967685 0.016301093871063856 
981191.2225705321 258736.81583807457 0.021883027706150884 
984326.0188087766 180317.94592833807 0.027673709729202498 
987460.8150470211 166959.40091052945 0.03569608621433623 
990595.6112852657 192438.85356729486 0.04441436406178682 
993730.4075235102 181458.72106658836 0.05008307963032376 
996865.2037617547 90368.16291436582 0.05049192925492539 
999999.9999999992 -53668.708991752705 0.047548139010434004 
