#x u 
0.0 19747038.907903235 0.9160400514736159 
3134.796238244514 32464.854202975548 0.002802005270020867 
6269.592476489028 560756.7599481945 0.017400103518201614 
9404.38871473354 560271.7090606332 0.008081372570256169 
12539.184952978056 550820.1727615374 -0.0009677620833461064 
15673.98119122257 519733.70098783285 -0.009994816858185087 
18808.777429467085 468535.3102322956 -0.018636006303629705 
21943.5736677116 399202.9945353996 -0.026557260488794445 
25078.369905956115 314430.845660871 -0.03345166824178546 
28213.16614420063 217505.55618492185 -0.03905223081887857 
31347.962382445145 112171.38365651271 -0.04314255066878042 
34482.75862068966 2487.161336036039 -0.04556511696307393 
37617.55485893417 -107318.80646996383 -0.04622685334460054 
40752.35109717868 -212999.61701620877 -0.04510213799058234 
43887.14733542319 -310452.75217937626 -0.042233737359291965 
47021.943573667704 -395892.40562963457 -0.03773177960472147 
50156.739811912215 -466013.4557901548 -0.031770301565090676 
53291.53605015673 -518123.2630802472 -0.024580701579604722 
56426.33228840124 -550229.5103401088 -0.016442044909326912 
59561.12852664575 -561094.3174601368 -0.007669221315348599 
62695.92476489026 -550275.7836373062 0.0013995217192407001 
65830.72100313478 -518164.77547428885 0.010414756030373255 
68965.51724137929 -465998.4492505244 0.019028072508013433 
72100.3134796238 -395820.5695467371 0.026905180057404603 
75235.10971786831 -310378.5099028415 0.03373993118803474 
78369.90595611282 -212982.37943033245 0.039267748144257375 
81504.70219435733 -107367.63949940432 0.04327628409637439 
84639.49843260185 2420.2313945783717 0.04561230004773764 
87774.29467084636 112141.34084059329 0.046185718937048884 
90909.09090909087 217515.4503527536 0.04497265587370241 
94043.88714733538 314422.65084128495 0.04201795350231303 
97178.68338557989 399109.82925662975 0.03743560899060021 
100313.4796238244 468345.3745254876 0.03140480394442142 
103448.27586206891 519502.04181839025 0.02416104477489442 
106583.07210031342 550605.0809097379 0.01598460450144724 
109717.86833855794 560400.2733843586 0.007189303815491544 
112852.66457680245 548452.3661221808 -0.0018873332246068242 
115987.46081504696 515221.5574795731 -0.010894394025387177 
119122.25705329147 462051.7229547483 -0.01948087027022969 
122257.05329153598 391059.80036969885 -0.027311922895504097 
125391.84952978049 304988.34904310125 -0.03408484414204491 
128526.645768025 207096.9792833918 -0.03954088758229268 
131661.44200626953 101104.58202127813 -0.043472147162471504 
134796.23824451404 -8883.321402594378 -0.045726325072267496 
137931.03448275855 -118535.63801287078 -0.04621270209337424 
141065.83072100306 -223542.09311434912 -0.044909234095245575 
144200.62695924757 -319856.3938412909 -0.04186689835569479 
147335.42319749208 -403844.4269478202 -0.03720736880160013 
150470.2194357366 -472334.37951250013 -0.031114235369704913 
153605.0156739811 -522657.68738047173 -0.023822245954515472 
156739.81191222562 -552767.0285761333 -0.015608956757792447 
159874.60815047013 -561417.3729031811 -0.006788621129156747 
163009.40438871464 -548300.3194926337 0.0022961823543818393 
166144.20062695915 -514034.53938203806 0.011289026011472887 
169278.99686520366 -460030.327579707 0.019838715832384394 
172413.79310344817 -388347.84358454717 0.02761684002296676 
175548.58934169268 -301648.09541998757 0.0343287153614776 
178683.3855799372 -203209.6037856391 0.03971869506019508 
181818.1818181817 -96883.27307547265 0.04357570420084095 
184952.97805642622 13105.270819579444 0.04574341150170532 
188087.77429467073 122452.86456826274 0.046132890116072495 
191222.57053291524 227020.05706605397 0.04473072202164248 
194357.36677115975 322914.0002606896 0.04159758234108113 
197492.16300940426 406473.7138502703 0.03685953308375807 
200626.95924764877 474324.96628738556 0.030699161600726874 
203761.75548589329 523604.2939155222 0.02335107518183189 
206896.5517241378 552269.5531313501 0.015098784770278172 
210031.3479623823 559301.5416784852 0.006265788801133599 
213166.14420062682 544677.3127978289 -0.0028022600134095413 
216300.94043887133 509187.8198526519 -0.011758790750045699 
219435.73667711584 454285.01489218534 -0.020271318100655022 
222570.53291536035 382061.67145829124 -0.02802594910526349 
225705.32915360486 295281.4151591301 -0.03472723049590405 
228840.12539184937 197291.49757895636 -0.04010391049327665 
231974.9216300939 91767.66712396464 -0.0439254410046331 
235109.7178683384 -17559.997166741316 -0.046023259606665104 
238244.5141065829 -126991.33624978075 -0.04630577985931853 
241379.31034482742 -232709.39198475756 -0.044761547845147624 
244514.10658307193 -330604.9532019853 -0.041455122234248756 
247648.90282131644 -416344.67779097625 -0.036524067610404796 
250783.69905956095 -485764.572556691 -0.030178952293589446 
253918.49529780546 -535394.5035718952 -0.02269875622936222 
257053.29153604998 -562825.0272301151 -0.014412820851284036 
260188.0877742945 -566801.1271589028 -0.005670317121033548 
263322.884012539 -547180.934038414 0.0031900573583815393 
266457.6802507835 -504963.5246509884 0.011856102763477679 
269592.476489028 -442403.5472708144 0.0200412681564541 
272727.27272727253 -363003.7548174779 0.027477924032882104 
275862.06896551704 -271177.0713859531 0.03391825721561779 
278996.86520376155 -171629.6917666127 0.0391455802292639 
282131.66144200607 -68782.49843043348 0.042986354349054144 
285266.4576802506 33463.17712006882 0.04531220304334466 
288401.2539184951 131608.16919641342 0.046032717906211836 
291536.0501567396 222376.69219848933 0.045091378672148595 
294670.8463949841 302764.91690025537 0.04247532388698639 
297805.6426332286 370310.67537355295 0.03823554997484494 
300940.43887147313 423301.3149087193 0.03250166598409391 
304075.23510971764 460675.3273996749 0.0254779741490104 
307210.03134796215 481693.73978995765 0.017423501010124243 
310344.82758620667 485720.52560623374 0.008631807325581123 
313479.6238244512 472365.6113974614 -0.0005766589666091257 
316614.4200626957 441879.73652701883 -0.009853119196565303 
319749.2163009402 395420.2865972215 -0.018825654541963287 
322884.0125391847 334921.08597239276 -0.027121710676184137 
326018.8087774292 262691.42891226296 -0.0344009542657067 
329153.60501567373 181136.12353218993 -0.040379696243096584 
332288.40125391824 92844.60692631424 -0.044835048790526945 
335423.19749216276 885.1154378139254 -0.0475961645668125 
338557.99373040727 -91108.53152409542 -0.04854150547717573 
341692.7899686518 -179282.39456676165 -0.047612631265533674 
344827.5862068963 -260124.43050368433 -0.044834895943811626 
347962.3824451408 -330793.45747300505 -0.04032478103124165 
351097.1786833853 -388994.6348845863 -0.03427414851915601 
354231.9749216298 -432646.1842673023 -0.026923062327761173 
357366.77115987433 -459797.30629986426 -0.018542733278676424 
360501.56739811884 -468985.9374928263 -0.009437741441951947 
363636.36363636336 -459740.1960277781 4.550660319491823e-05 
366771.15987460787 -432738.6201176434 0.009525768160727784 
369905.9561128524 -389463.4021057283 0.018616463971258 
373040.7523510969 -331686.40765443945 0.02696159854061589 
376175.5485893414 -261289.36928455558 0.03425465014569187 
379310.3448275859 -180555.07231509336 0.04023375377758778 
382445.1410658304 -92547.01969048708 0.04467038487011796 
385579.93730407493 -1069.0350015735748 0.04737462134291983 
388714.73354231945 89888.987695921 0.04822115276006442 
391849.52978056396 176780.45491324365 0.04717590360737017 
394984.32601880847 256679.5323550188 0.04429919919910517 
398119.122257053 326943.3570902237 0.03972276348605705 
401253.9184952975 384835.86103286466 0.03362269770743083 
404388.714733542 427635.14150117146 0.026212742416876465 
407523.5109717865 453233.3344840957 0.01775868429043268 
410658.307210031 460695.432868236 0.008589956844567242 
413793.10344827553 450247.8770412145 -0.000915279068605935 
416927.89968652005 422732.0062501057 -0.010369409902156556 
420062.69592476456 379099.99224776006 -0.019411972364578485 
423197.49216300907 320475.55388162076 -0.02771912174076906 
426332.2884012536 248690.4296973559 -0.034989572433255636 
429467.0846394981 166674.2182341282 -0.040935132438793854 
432601.8808777426 78189.77288348082 -0.04529878378217138 
435736.6771159871 -12932.818754369298 -0.04789306421724037 
438871.4733542316 -103388.77422878187 -0.0486276880465001 
442006.26959247614 -190317.75629340243 -0.04750347315939242 
445141.06583072065 -270755.5182882948 -0.04458210400294193 
448275.86206896516 -341326.0477173395 -0.0399643805507687 
451410.65830720967 -398641.40013380884 -0.03379866371758307 
454545.4545454542 -440127.44404873776 -0.026306983236422145 
457680.2507836987 -464518.01119996293 -0.017794539739280447 
460815.0470219432 -471571.03518528293 -0.008622646758680269 
463949.8432601877 -461350.71363056405 0.0008385743843580456 
467084.6394984322 -433864.45824761305 0.010241034752690954 
470219.43573667674 -389461.507619291 0.019253853741501997 
473354.23197492125 -329575.21004657174 0.027541510623663824 
476489.02821316576 -256987.82895573822 0.034762140376986314 
479623.82445141027 -175255.94031083648 0.040602160388293854 
482758.6206896548 -87793.03732413484 0.044824143812840105 
485893.4169278993 2535.938123989443 0.04728853605615605 
489028.2131661438 92988.7064548947 0.047934451327064254 
492163.0094043883 180252.83960547115 0.04674540940802949 
495297.8056426328 260353.58370009655 0.043739876322251785 
498432.60188087734 329414.8399913922 0.038998386464506256 
501567.39811912185 384621.18597679876 0.03269765464483027 
504702.19435736636 424487.3638894588 0.02511110481202162 
507836.99059561087 448237.48824169475 0.01656720835786004 
510971.7868338554 455015.8894389877 0.007399233711771324 
514106.5830720999 443825.5584415427 -0.0020719794088479354 
517241.3793103444 414315.50749153504 -0.011516103278278624 
520376.1755485889 367613.6824772133 -0.02056853925876332 
523510.9717868334 306305.8164293959 -0.028843486794346385 
526645.768025078 233517.1001007158 -0.035986373116121316 
529780.5642633225 151979.13319189928 -0.04172479385910846 
532915.360501567 63979.90815472604 -0.045876497680779844 
536050.1567398115 -27838.651982519314 -0.0483158210284015 
539184.952978056 -119785.65621418032 -0.04894200568709411 
542319.7492163006 -207403.32071065973 -0.0476894825156033 
545454.5454545451 -286590.44121242175 -0.044574002807088474 
548589.3416927896 -354534.95374179335 -0.03972750608628618 
551724.1379310341 -409594.39991015394 -0.03338255430693954 
554858.9341692786 -450346.7563749689 -0.025816919538404728 
557993.7304075231 -474903.3669000084 -0.017308828296472123 
561128.5266457676 -481303.96064237587 -0.008140961546050596 
564263.3228840121 -468662.470489927 0.0013614295222585024 
567398.1191222566 -437902.5130080375 0.010810958810974521 
570532.9153605012 -391301.82626609807 0.019792330309325982 
573667.7115987457 -331282.0342657504 0.027929834635756486 
576802.5078369902 -259663.8798024251 0.0349317237077279 
579937.3040752347 -178118.11218082183 0.040577597618382935 
583072.1003134792 -89269.1941871706 0.044673374600663944 
586206.8965517237 2814.5067384619833 0.04703167494031338 
589341.6927899682 93403.58432688544 0.0475077403750413 
592476.4890282127 178498.03364056867 0.04606038342933151 
595611.2852664572 255504.64417375223 0.0427775401092889 
598746.0815047018 322605.4041670986 0.03783932193057771 
601880.8777429463 377588.6959320493 0.03145425315675163 
605015.6739811908 417490.5151162193 0.023830841289529545 
608150.4702194353 439548.44110179576 0.015207988096388382 
611285.2664576798 442570.5366671724 0.005903602022751966 
614420.0626959243 427337.9349230532 -0.0036813544099456733 
617554.8589341688 395627.5890442828 -0.01312178015211988 
620689.6551724133 348867.9887606633 -0.022043343444900446 
623824.4514106578 287824.740292746 -0.03014883745967835 
626959.2476489024 213625.57951895404 -0.037181331934562994 
630094.0438871469 128996.91506287506 -0.04287542937584365 
633228.8401253914 38313.518393971346 -0.046960417612399344 
636363.6363636359 -53727.32080283716 -0.04922375745818355 
639498.4326018804 -143555.22298677827 -0.04957741394649861 
642633.2288401249 -228897.68771213127 -0.0480627688142136 
645768.0250783694 -307597.75282238005 -0.04479079635044165 
648902.8213166139 -376433.20100954536 -0.03987982382745602 
652037.6175548584 -431311.86619410885 -0.03345419666784459 
655172.413793103 -468777.44530030014 -0.025701239455615785 
658307.2100313475 -487357.21655360237 -0.01691966199416604 
661442.006269592 -487407.0133450622 -0.007498291696984507 
664576.8025078365 -469662.60151201213 0.002164733199699141 
667711.598746081 -434074.85783646966 0.011729448224102393 
670846.3949843255 -380234.3860754861 0.02090783272547235 
673981.19122257 -309029.94210802566 0.0293996548593844 
677115.9874608145 -223859.45756072513 0.03684699561681361 
680250.783699059 -130125.27307128103 0.04286520392006052 
683385.5799373036 -33485.375449715095 0.04712835449763223 
686520.3761755481 61423.10396882944 0.04943033431046395 
689655.1724137926 150650.6143886219 0.049669316854570544 
692789.9686520371 229667.12057834922 0.047786573822582674 
695924.7648902816 292957.66872104746 0.04374217809869211 
699059.5611285261 335471.4953846467 0.037573196103378025 
702194.3573667706 354951.1302755334 0.02949006251218473 
705329.1536050151 353078.3497560234 0.019916969191709804 
708463.9498432596 334330.23806759407 0.009426007180807336 
711598.7460815042 303508.4649251858 -0.0013902725250433765 
714733.5423197487 263996.30901913304 -0.01201315581557847 
717868.3385579932 217836.0491721871 -0.022008279682602414 
721003.1347962377 166773.3470614508 -0.030990936867953036 
724137.9310344822 112570.31159158397 -0.03862350806220779 
727272.7272727267 56028.36458462583 -0.04467018383457333 
730407.5235109712 -3996.0127030463336 -0.04904977876399212 
733542.3197492157 -69856.96716538652 -0.05180723860245078 
736677.1159874602 -142550.98136792882 -0.05299835036398481 
739811.9122257048 -219281.23128018947 -0.05257770704718038 
742946.7084639493 -293445.892100711 -0.050394969995631464 
746081.5047021938 -357381.11457841867 -0.04631471226540886 
749216.3009404383 -405761.9565956814 -0.04036396204562191 
752351.0971786828 -437041.530268872 -0.03278768601786409 
755485.8934169273 -452197.63265336654 -0.023979122976034765 
758620.6896551718 -452468.18231270707 -0.01436250804162758 
761755.4858934163 -438334.1957774823 -0.0043322437208002515 
764890.2821316608 -410328.0849032733 0.005724448493947327 
768025.0783699054 -370197.6375414171 0.015388204017634969 
771159.8746081499 -320719.89238226635 0.024229165513791635 
774294.6708463944 -264197.1115126525 0.031887624242297366 
777429.4670846389 -201386.5183444427 0.0381329075067176 
780564.2633228834 -132338.415981075 0.04283253910929807 
783699.0595611279 -58551.260667233815 0.045858489370242735 
786833.8557993724 15777.074336568861 0.04703211486168003 
789968.6520376169 84944.63441217628 0.04617841709954948 
793103.4482758614 144499.65727685377 0.04324895241095586 
796238.244514106 192982.50368430174 0.03839566044971377 
799373.0407523505 230988.04638534633 0.03191942346140085 
802507.836990595 258551.3482657767 0.02413965104254101 
805642.6332288395 273572.64411512174 0.015309795475744053 
808777.429467084 272940.94869997486 0.005655332450772595 
811912.2257053285 255225.69893017004 -0.004517093674104738 
815047.021943573 222157.0881847407 -0.01476620837682489 
818181.8181818175 177345.5809217087 -0.024588798741194816 
821316.614420062 123552.70745261226 -0.03355787354355205 
824451.4106583066 61340.94974622651 -0.041396166224099806 
827586.2068965511 -9509.419388845694 -0.04792091506659213 
830721.0031347956 -87349.96646851028 -0.05292983313748835 
833855.7993730401 -167658.7821172063 -0.056159927432057104 
836990.5956112846 -244882.3285166976 -0.057374079624582935 
840125.3918495291 -315346.0896305361 -0.05649378912825353 
843260.1880877736 -378294.5045830621 -0.05364336365243534 
846394.9843260181 -434037.09662147175 -0.04905879572874028 
849529.7805642626 -481204.9146312915 -0.04295342704630842 
852664.5768025072 -516086.0491519923 -0.03547681357371012 
855799.3730407517 -534857.5413232165 -0.026804668343874415 
858934.1692789962 -536477.4802226988 -0.017257857441041878 
862068.9655172407 -523248.46732702316 -0.007313973215146907 
865203.7617554852 -498444.15745041164 0.002515846707091617 
868338.5579937297 -463449.368437066 0.011831973274018073 
871473.3542319742 -417392.33008812985 0.02037614187673632 
874608.1504702187 -359650.2930691191 0.027928133269614852 
877742.9467084632 -292573.6257178772 0.03419052688864685 
880877.7429467078 -221487.85028172412 0.03879594262971037 
884012.5391849523 -151839.30153568694 0.04144264422614752 
887147.3354231968 -86340.8263445156 0.04202738815866576 
890282.1316614413 -25006.341528447614 0.0406430233859726 
893416.9278996858 32037.089410011395 0.03744597700609025 
896551.7241379303 81989.17679947062 0.03253263177586182 
899686.5203761748 119864.76937516354 0.025953020878485472 
902821.3166144193 141648.07216543378 0.017844638920114855 
905956.1128526638 146910.81751233016 0.008540017852320394 
909090.9090909084 138201.04645215604 -0.0014749080245372275 
912225.7053291529 117850.83380225106 -0.011721403237924687 
915360.5015673974 85547.67620844234 -0.021853632176928588 
918495.2978056419 39225.91844957424 -0.03163172551676259 
921630.0940438864 -21646.901981277566 -0.04078407885919517 
924764.8902821309 -93858.54235321708 -0.048917428774249226 
927899.6865203754 -171709.75737797568 -0.05558401667744163 
931034.4827586199 -250533.52202966542 -0.060450114654114116 
934169.2789968645 -328897.62268559984 -0.06340161997355669 
937304.075235109 -407273.52986796363 -0.06448491293022798 
940438.8714733535 -484650.29878466175 -0.06375068792033164 
943573.667711598 -556741.989968537 -0.0611680333847159 
946708.4639498425 -617790.4352510604 -0.05670066483681708 
949843.260188087 -664201.1595898339 -0.05046478376850691 
952978.0564263315 -696304.4771260363 -0.04279893741696141 
956112.852664576 -716461.8140751962 -0.0341647107950061 
959247.6489028205 -725542.2306633408 -0.024971554718457058 
962382.445141065 -721495.3849901565 -0.015497080709183438 
965517.2413793096 -701547.5664978051 -0.005973352625940409 
968652.0376175541 -665733.8385509871 0.003265098376452666 
971786.8338557986 -618045.6610392495 0.01174154359560906 
974921.6300940431 -563936.4871567691 0.018962754603278006 
978056.4263322876 -506722.05422947946 0.024593412376000462 
981191.2225705321 -446563.0202449671 0.028509830410170085 
984326.0188087766 -383008.3280916651 0.030687870957106195 
987460.8150470211 -318337.63943225896 0.031051464422360585 
990595.6112852657 -258093.0796820068 0.029447303586535443 
993730.4075235102 -208050.35845557577 0.02577299762403129 
996865.2037617547 -173650.42364944937 0.020261442690236067 
999999.9999999992 -51293.86118005734 0.008529489705310965 
