#x u 
0.0 -430857.37653521297 -0.010483809194900625 
3134.796238244514 -505306.8250843526 -0.004511807756959892 
6269.592476489028 -688392.9213340953 -0.004240670178717814 
9404.38871473354 -842236.1791548766 -0.00368532727105827 
12539.184952978056 -964187.6036591242 -0.00301852411591811 
15673.98119122257 -1049405.4062953498 -0.002260273617247663 
18808.777429467085 -1093946.4962567517 -0.0014102072585346305 
21943.5736677116 -1095540.755251631 -0.00047609104788720006 
25078.369905956115 -1054256.1725449846 0.0005000103989588997 
28213.16614420063 -972359.4189702724 0.0014496309525694777 
31347.962382445145 -853523.3035888803 0.002312861165053199 
34482.75862068966 -702153.0899313982 0.0030650348842737943 
37617.55485893417 -523416.48805807094 0.0037084998035312004 
40752.35109717868 -323765.0533655653 0.004239466948795694 
43887.14733542319 -111168.3001531425 0.004625990301077628 
47021.943573667704 105456.71968282491 0.00482122265192771 
50156.739811912215 317322.129075367 0.0047987753696954755 
53291.53605015673 516540.89681910764 0.004573533597205935 
56426.33228840124 696109.8745984271 0.004186322992547644 
59561.12852664575 849443.8189403228 0.003668558241640446 
62695.92476489026 970253.2258812529 0.0030237558405530364 
65830.72100313478 1053166.567588332 0.002244771604413455 
68965.51724137929 1094673.9147540578 0.0013478091704958988 
72100.3134796238 1093581.615850051 0.0003864133643631117 
75235.10971786831 1050625.4546284154 -0.000570448157120651 
78369.90595611282 967712.9403437495 -0.001474479367882967 
81504.70219435733 847590.839477735 -0.0023117819251934095 
84639.49843260185 694222.4339442779 -0.0030812311966774185 
87774.29467084636 513351.1691762026 -0.003761658313206873 
90909.09090909087 312475.11243919504 -0.004303659032939189 
94043.88714733538 100026.94546342705 -0.004655800821370853 
97178.68338557989 -115651.0944318866 -0.004798650815632275 
100313.4796238244 -326762.8064404454 -0.004751623623990836 
103448.27586206891 -525787.1158435866 -0.004545993555973082 
106583.07210031342 -705093.3268556171 -0.004192717891185614 
109717.86833855794 -857167.6732861096 -0.003678871956396595 
112852.66457680245 -975514.024980767 -0.0029961166787163688 
115987.46081504696 -1055552.0549064872 -0.0021706762395472786 
119122.25705329147 -1094798.0138918695 -0.0012624916320906968 
122257.05329153598 -1092317.7228682127 -0.00033342715968131815 
125391.84952978049 -1048149.3670374394 0.0005832350473843726 
128526.645768025 -963363.1397758364 0.0014812812320820308 
131661.44200626953 -840690.730875937 0.0023510578966539917 
134796.23824451404 -684994.6765697014 0.003153491974585979 
137931.03448275855 -502955.0267974533 0.003827342191247453 
141065.83072100306 -302117.56269899063 0.004323340844280125 
144200.62695924757 -90069.67375619178 0.004630483913675914 
147335.42319749208 125664.66450382993 0.004767828578656383 
150470.2194357366 337204.9376209789 0.004751223622974825 
153605.0156739811 536132.6982958708 0.004570491805515841 
156739.81191222562 714066.7679920575 0.004201274504644802 
159874.60815047013 863711.0014295403 0.0036389664309754415 
163009.40438871464 979574.7954836568 0.0029186506450792167 
166144.20062695915 1057878.371040171 0.002099480045789302 
169278.99686520366 1095966.8169055975 0.0012292603590506705 
172413.79310344817 1092019.0514527305 0.0003257372501154724 
175548.58934169268 1045471.2635705775 -0.0006067280886189858 
178683.3855799372 957770.3902567646 -0.001544176863608927 
181818.1818181817 832676.078703359 -0.002430677731201953 
184952.97805642622 675747.1426779861 -0.0032020915271975337 
188087.77429467073 493430.3846086996 -0.0038228056823666947 
191222.57053291524 292494.56894776854 -0.004296875401522534 
194357.36677115975 80101.29788718278 -0.004640013916562746 
197492.16300940426 -135910.422800659 -0.004839594904248852 
200626.95924764877 -347148.1559546 -0.0048446752434971995 
203761.75548589329 -545304.4929269267 -0.0046009499945081165 
206896.5517241378 -722783.5117153517 -0.004102442900653412 
210031.3479623823 -872781.7110787468 -0.0034144305953913425 
213166.14420062682 -988961.9118169538 -0.002646655997554288 
216300.94043887133 -1065475.775435691 -0.0018977469176005577 
219435.73667711584 -1097900.7850553235 -0.0012117091807888304 
222570.53291536035 -1084729.9108660733 -0.0005705357227204831 
225705.32915360486 -1028280.4467628148 8.50667516627923e-05 
228840.12539184937 -934109.6865775805 0.0008294702001218892 
231974.9216300939 -809141.8663526889 0.0017310465213904273 
235109.7178683384 -659732.9594847575 0.0028291322619640666 
238244.5141065829 -490892.2596235534 0.004103461263597661 
241379.31034482742 -306871.41539737576 0.005450434573240903 
244514.10658307193 -112273.85435300187 0.006692886263374635 
247648.90282131644 87339.11499596019 0.007633329385678801 
250783.69905956095 285640.0868458055 0.00812516350706288 
253918.49529780546 476016.4061571895 0.008116332618717302 
257053.29153604998 651749.0786650581 0.007638678405301695 
260188.0877742945 805902.7937511428 0.0067595388861343576 
263322.884012539 931471.7373435997 0.005540129997435031 
266457.6802507835 1022155.7154932546 0.004031789514864217 
269592.476489028 1073446.2211164653 0.0023006083037293385 
272727.27272727253 1083258.4150262265 0.0004439900451875678 
275862.06896551704 1051675.9199417594 -0.0014248970927046582 
278996.86520376155 980174.1977088375 -0.003211875860692926 
282131.66144200607 871132.1262115419 -0.00486088525872774 
285266.4576802506 728062.0742123188 -0.006338553569046489 
288401.2539184951 556175.972188506 -0.007601751878549903 
291536.0501567396 362504.59534007905 -0.008583813888255128 
294670.8463949841 155215.74016859828 -0.009215598709134376 
297805.6426332286 -57417.02136110398 -0.009460846516015411 
300940.43887147313 -267605.46079636924 -0.009329976385288034 
304075.23510971764 -467891.01234813465 -0.008858732923388951 
307210.03134796215 -650729.3668808253 -0.008074539909412258 
310344.82758620667 -808571.5326318871 -0.006985782398576531 
313479.6238244512 -934659.374240363 -0.005604567181814848 
316614.4200626957 -1023974.9662662265 -0.0039777917235537755 
319749.2163009402 -1073583.6719951099 -0.0021921620975024403 
322884.0125391847 -1082201.3851427494 -0.00034580163698694503 
326018.8087774292 -1049577.3641643503 0.001486109098260969 
329153.60501567373 -976417.579321963 0.003258197598817139 
332288.40125391824 -864941.9066954651 0.0049298620895216316 
335423.19749216276 -719438.7321506292 0.006437484986803617 
338557.99373040727 -546122.2352975768 0.007695833416667967 
341692.7899686518 -352273.99937460315 0.008629686914374256 
344827.5862068963 -145352.3253075833 0.009204666292161724 
347962.3824451408 67256.01281490091 0.009426721882198834 
351097.1786833853 277874.6447694182 0.009312257001882695 
354231.9749216298 478261.3889460582 0.008861225857558077 
357366.77115987433 660029.9827044789 0.008061856849384996 
360501.56739811884 815644.702336924 0.006921833879994825 
363636.36363636336 939244.3669312452 0.00549241228265184 
366771.15987460787 1026704.0843239052 0.003858877873993076 
369905.9561128524 1075106.1842961307 0.0021056861829509173 
373040.7523510969 1082364.9992460946 0.0002908256589925735 
376175.5485893414 1047532.9026037806 -0.0015460935713781012 
379310.3448275859 971538.3493945048 -0.00335322103514188 
382445.1410658304 857589.734537642 -0.005048313295877986 
385579.93730407493 710767.3499953386 -0.006534931041799563 
388714.73354231945 537118.2370100332 -0.007738653267631556 
391849.52978056396 343034.2152657413 -0.0086277462174997 
394984.32601880847 135344.9277900835 -0.009198795782259855 
398119.122257053 -78235.8392033265 -0.009444275395782013 
401253.9184952975 -289074.8803183998 -0.009337547092816376 
404388.714733542 -488347.0929436005 -0.008851936817909033 
407523.5109717865 -668083.3244281361 -0.007994153963049484 
410658.307210031 -821755.0422108995 -0.0068167061941773405 
413793.10344827553 -944082.8515733 -0.005395519761353424 
416927.89968652005 -1030543.4388202748 -0.0037950448715333217 
420062.69592476456 -1077327.097537643 -0.0020557987300354294 
423197.49216300907 -1081975.6718385755 -0.00021528773841649872 
426332.2884012536 -1044160.0105390063 0.0016621633338497841 
429467.0846394981 -965849.3916145512 0.003480716189408357 
432601.8808777426 -850702.007757416 0.00514117319254845 
435736.6771159871 -703261.2366681679 0.00657517017539482 
438871.4733542316 -528685.0486158518 0.007752170085391219 
442006.26959247614 -333118.38310182723 0.0086544322252011 
445141.06583072065 -124092.51425587309 0.009248500109723685 
448275.86206896516 89733.69480373155 0.009485006027206108 
451410.65830720967 299514.37751523696 0.009328346177419284 
454545.4545454542 497165.5070177893 0.00878587059755865 
457680.2507836987 675647.4568990223 0.007906221588284029 
460815.0470219432 828602.3802023632 0.006748352950298399 
463949.8432601877 950028.2016628833 0.005353037226496436 
467084.6394984322 1034602.9380186779 0.003745516194149969 
470219.43573667674 1078549.4030390217 0.0019647274309718896 
473354.23197492125 1080313.819943142 8.620942298865936e-05 
476489.02821316576 1040472.3652303024 -0.0017878574622010738 
479623.82445141027 961031.1357459056 -0.0035636689076335385 
482758.6206896548 844859.4324599083 -0.00518184514631494 
485893.4169278993 695792.3356690314 -0.006609939399940875 
489028.2131661438 519173.65319100214 -0.007812007236907942 
492163.0094043883 322091.2649486587 -0.008729736749236435 
495297.8056426328 112831.31097742752 -0.009297158676748168 
498432.60188087734 -100141.53810602249 -0.009475251975002399 
501567.39811912185 -308902.88256594306 -0.009271396984687657 
504702.19435736636 -506047.36283260904 -0.008724070521915773 
507836.99059561087 -684273.1619644283 -0.007869186195214577 
510971.7868338554 -836326.3732335694 -0.00672321277460977 
514106.5830720999 -955662.435326398 -0.005299998164212738 
517241.3793103444 -1037398.1259671598 -0.0036422706068565095 
520376.1755485889 -1078782.3724717621 -0.0018329115448372398 
523510.9717868334 -1078871.5442057184 2.80096551372891e-05 
526645.768025078 -1037875.4444788293 0.0018587562527883623 
529780.5642633225 -956925.3313908158 0.0036093464033120004 
532915.360501567 -838507.9463697386 0.005241585868194479 
536050.1567398115 -687046.039818835 0.0066995271518616025 
539184.952978056 -508891.4653859536 0.00790411001467578 
542319.7492163006 -311558.9372784476 0.008780082615030426 
545454.5454545451 -102777.83268290808 0.009289054558406241 
548589.3416927896 109909.91856978805 0.009435712617986914 
551724.1379310341 318882.1892714697 0.009242002871380243 
554858.9341692786 516097.99581300473 0.008717248133519439 
557993.7304075231 693366.8162336631 0.007855879376304518 
561128.5266457676 843258.820185266 0.006664855897190876 
564263.3228840121 959996.4764201436 0.005191095764882849 
567398.1191222566 1039657.8088126334 0.003518737366469554 
570532.9153605012 1079705.065990789 0.001737329191891277 
573667.7115987457 1078512.345041353 -8.778393423344215e-05 
576802.5078369902 1035510.1276286657 -0.0019142445120204927 
579937.3040752347 951854.8440537766 -0.0036946385316241016 
583072.1003134792 830916.4797896139 -0.005353928373558919 
586206.8965517237 678005.8614949684 -0.006798881654170524 
589341.6927899682 499502.3237351621 -0.007952248621573775 
592476.4890282127 302116.97203892 -0.008778212098978732 
595611.2852664572 92835.05400579993 -0.009274518383881346 
598746.0815047018 -120673.03966052225 -0.00944134338946856 
601880.8777429463 -329904.3703833175 -0.00926093304025215 
605015.6739811908 -526111.936942471 -0.008710192816895205 
608150.4702194353 -701332.8324060062 -0.007793204755370696 
611285.2664576798 -849090.7746100788 -0.006559157394595428 
614420.0626959243 -964331.2340101359 -0.005085990572317603 
617554.8589341688 -1042923.6154283716 -0.003445603262556088 
620689.6551724133 -1081478.7860778023 -0.0016853874834386966 
623824.4514106578 -1077848.4901037305 0.00015671970952320087 
626959.2476489024 -1031899.6252455313 0.0020220200437992934 
630094.0438871469 -945806.6159673282 0.0038201581004401845 
633228.8401253914 -823548.9208146752 0.005451794213754326 
636363.6363636359 -670073.4280421688 0.006843786049636066 
639498.4326018804 -490873.0461234841 0.007962564895225382 
642633.2288401249 -292239.3694808872 0.00879411571750473 
645768.0250783694 -81690.2747883899 0.009313766956132506 
648902.8213166139 132149.47904194743 0.009479291832628313 
652037.6175548584 340389.77418491594 0.00925582701309693 
655172.413793103 534871.7495768301 0.008647145247195995 
658307.2100313475 708594.6019927806 0.007700611129672937 
661442.006269592 855439.4444966872 0.006480282582632046 
664576.8025078365 969776.2235908097 0.0050355697190529606 
667711.598746081 1046630.9007776862 0.003397007862181073 
670846.3949843255 1082459.1536766787 0.0016017247451871842 
673981.19122257 1075885.113723135 -0.0002804156268261962 
677115.9874608145 1027744.0676805372 -0.0021499960628772 
680250.783699059 940438.9359454052 -0.0039099076353872626 
683385.5799373036 817278.3505223133 -0.005495186599227123 
686520.3761755481 662420.0405903094 -0.006872256920265659 
689655.1724137926 481346.28920631343 -0.008011065048941871 
692789.9686520371 281183.8662392884 -0.00886185950587966 
695924.7648902816 70296.96405713713 -0.009363141162219134 
699059.5611285261 -142692.4590856121 -0.009474120745027473 
702194.3573667706 -349728.8620074069 -0.00919879203308845 
705329.1536050151 -543444.1628515616 -0.008577046920851261 
708463.9498432596 -716771.623770587 -0.0076523739050201834 
711598.7460815042 -862773.1278849088 -0.006449733052742921 
714733.5423197487 -975154.7580483569 -0.004985925639890045 
717868.3385579932 -1049188.8332192742 -0.003300052254262807 
721003.1347962377 -1082288.7752204894 -0.0014699713411994708 
724137.9310344822 -1073791.9402015882 0.00040525091516140674 
727272.7272727267 -1024269.4332167228 0.00224198257429384 
730407.5235109712 -935098.8852298037 0.003993830606310682 
733542.3197492157 -808674.9429029727 0.0056413446248192965 
736677.1159874602 -648890.7006028871 0.007166456668495207 
739811.9122257048 -461211.8252159115 0.008542881495961455 
742946.7084639493 -252145.26149395577 0.009751798241261489 
746081.5047021938 -28682.699705493076 0.010796554550218673 
749216.3009404383 201491.27535006308 0.011680602973294417 
752351.0971786828 428945.0137972829 0.01234542541248513 
755485.8934169273 641575.111474659 0.012613692352439084 
758620.6896551718 825189.8583284781 0.012201410323742529 
761755.4858934163 966203.521834576 0.010827248323697115 
764890.2821316608 1055527.8064079962 0.008377711226656868 
768025.0783699054 1091565.4619471268 0.005032639446425624 
771159.8746081499 1080280.223895386 0.0012586292101827003 
774294.6708463944 1031773.5498267142 -0.0023553543356714447 
777429.4670846389 954906.7567202117 -0.005349356117942899 
780564.2633228834 853022.0736954702 -0.007590647730059276 
783699.0595611279 723605.4624774242 -0.00928839133228095 
786833.8557993724 562511.0549997767 -0.010796368983867675 
789968.6520376169 370214.9918201409 -0.012319988897895092 
793103.4482758614 155662.55637384002 -0.013731154443688788 
796238.244514106 -65518.99102976135 -0.014639281361150279 
799373.0407523505 -277604.561823709 -0.014680504045803115 
802507.836990595 -471283.60022286297 -0.013802384639967547 
805642.6332288395 -644831.9544154288 -0.012303153347896573 
808777.429467084 -798920.9286357039 -0.01057917849631134 
811912.2257053285 -929724.5679641959 -0.008794882504046232 
815047.021943573 -1026918.5974169754 -0.0067778779167922765 
818181.8181818175 -1078978.7335528235 -0.004250195955392156 
821316.614420062 -1081232.0588471305 -0.0011876649617781475 
824451.4106583066 -1038986.3451093773 0.0020439967631384233 
827586.2068965511 -962328.2895247069 0.004932352052534272 
830721.0031347956 -857288.1660433239 0.007225173986858013 
833855.7993730401 -722099.7960120875 0.009100945021360943 
836990.5956112846 -552683.9231675809 0.010913740260115254 
840125.3918495291 -352209.4173545699 0.012748502200401489 
843260.1880877736 -134886.20304981235 0.01423827982835894 
846394.9843260181 80648.90368822654 0.014856409090072084 
849529.7805642626 282485.1666072758 0.01441507125808011 
852664.5768025072 470075.09467021015 0.01326400069616244 
855799.3730407517 647347.3543882595 0.011960301748580811 
858934.1692789962 811065.4417136331 0.010720257249563733 
862068.9655172407 946680.5231062439 0.009215131690469992 
865203.7617554852 1036822.9927556535 0.006947328647699904 
868338.5579937297 1074515.7755082555 0.0038445122037077343 
871473.3542319742 1067629.1122436195 0.0004542342382364674 
874608.1504702187 1029463.0431993736 -0.0024949665959125874 
877742.9467084632 964673.6128756843 -0.004743273310928419 
880877.7429467078 865192.6777376423 -0.006688411396240635 
884012.5391849523 720985.5801017816 -0.008891462608203365 
887147.3354231968 534953.8610296533 -0.011389848345337596 
890282.1316614413 326229.70473297883 -0.01353972961420392 
893416.9278996858 117527.5063388297 -0.014586767011226217 
896551.7241379303 -81113.90480855246 -0.014400248271394352 
899686.5203761748 -275416.021561748 -0.013601746865524775 
902821.3166144193 -473157.9996403105 -0.012923128616588276 
905956.1128526638 -667749.2427120615 -0.012439044009649975 
909090.9090909084 -836719.0644018538 -0.011483128880244688 
912225.7053291529 -957726.8468186809 -0.009367811693357875 
915360.5015673974 -1026156.0663859921 -0.006177772339109563 
918495.2978056419 -1055904.0649006416 -0.002794685883895443 
921630.0940438864 -1061981.6867273657 -9.016879369725295e-05 
924764.8902821309 -1042767.600389263 0.0018947406270909343 
927899.6865203754 -980834.1801682519 0.003916186531716256 
931034.4827586199 -862241.1333953002 0.0066447706741983486 
934169.2789968645 -694483.3859209334 0.009841639770103336 
937304.075235109 -503848.69050967175 0.01247555808701724 
940438.8714733535 -314018.05937709706 0.013697096633024309 
943573.667711598 -127710.12495135643 0.013670885695518569 
946708.4639498425 69276.08862203611 0.013379118243407323 
949843.260188087 285388.7311878715 0.013569487559782536 
952978.0564263315 505756.6798098426 0.013936042695202325 
956112.852664576 698901.4321727339 0.013412317801933173 
959247.6489028205 841764.4148236285 0.011303970229337969 
962382.445141065 937390.9945112539 0.008085353281994959 
965517.2413793096 1006509.0387407116 0.005000551397991642 
968652.0376175541 1061314.994067098 0.0028504259145364563 
971786.8338557986 1088917.7877919765 0.0012243706102439715 
974921.6300940431 1062466.9365431475 -0.0009965729553122328 
978056.4263322876 969090.1893028227 -0.004363440963620109 
981191.2225705321 825497.3775036098 -0.008145610396519091 
984326.0188087766 664241.4405269042 -0.010959196711161913 
987460.8150470211 504219.3019170811 -0.01211503705615662 
990595.6112852657 336092.14254191285 -0.012280281264466154 
993730.4075235102 138249.22055079782 -0.012731355045741598 
996865.2037617547 -90148.92331041461 -0.01408517984488316 
999999.9999999992 -430857.3771616774 -0.010483809223616329 
