#x u 
0.0 1.6873188941501082e+25 7.734286191530362e+17 
3134.796238244514 -4.222544577113883e+23 -1.935518432770419e+16 
6269.592476489028 1.0391412583510309e+22 476318727501924.7 
9404.38871473354 -4.356247937034629e+20 -19968050131576.812 
12539.184952978056 -1.691783172035716e+20 -7754749426382.082 
15673.98119122257 -1.80348183708748e+20 -8266750711808.972 
18808.777429467085 -1.8468608927851387e+20 -8465590440670.221 
21943.5736677116 -1.893104016810032e+20 -8677558407653.388 
25078.369905956115 -1.9404594243166165e+20 -8894624829212.361 
28213.16614420063 -1.9890005529557746e+20 -9117126326830.723 
31347.962382445145 -2.038755922804071e+20 -9345193630171.242 
34482.75862068966 -2.0897559369858292e+20 -9578966100074.352 
37617.55485893417 -2.1420317298789037e+20 -9818586449562.877 
40752.35109717868 -2.195615215441856e+20 -10064200964953.02 
43887.14733542319 -2.25053910594685e+20 -10315959591886.525 
47021.943573667704 -2.306836931981516e+20 -10574016026895.877 
50156.739811912215 -2.364543062909496e+20 -10838527811274.498 
53291.53605015673 -2.4236927278369974e+20 -11109656427326.307 
56426.33228840124 -2.484322037141026e+20 -11387567396852.336 
59561.12852664575 -2.546468004517828e+20 -11672430382185.08 
62695.92476489026 -2.610168569571958e+20 -11964419289800.209 
65830.72100313478 -2.675462620970108e+20 -12263712376521.738 
68965.51724137929 -2.7423900201893062e+20 -12570492358314.219 
72100.3134796238 -2.8109916258552965e+20 -12884946521814.393 
75235.10971786831 -2.881309318680781e+20 -13207266838693.727 
78369.90595611282 -2.953386027035668e+20 -13537650082844.555 
81504.70219435733 -3.027265753155539e+20 -13876297950504.057 
84639.49843260185 -3.1029936000022584e+20 -14223417183399.09 
87774.29467084636 -3.1806157988010446e+20 -14579219694950.818 
90909.09090909087 -3.26017973726328e+20 -14943922699650.398 
94043.88714733538 -3.341733988515107e+20 -15317748845672.41 
97178.68338557989 -3.4253283407536344e+20 -15700926350787.043 
100313.4796238244 -3.5110138276394435e+20 -16093689141698.047 
103448.27586206891 -3.5988427594533136e+20 -16496276996847.943 
106583.07210031342 -3.6888687550328085e+20 -16908935692793.521 
109717.86833855794 -3.7811467745053245e+20 -17331917154254.127 
112852.66457680245 -3.875733152839874e+20 -17765479607913.734 
115987.46081504696 -3.97268563423759e+20 -18209887740073.402 
119122.25705329147 -4.072063407386584e+20 -18665412858228.453 
122257.05329153598 -4.173927141597204e+20 -19132333056694.598 
125391.84952978049 -4.278339023838028e+20 -19610933386392.086 
128526.645768025 -4.385362796700115e+20 -20101506028868.594 
131661.44200626953 -4.495063797312028e+20 -20604350474670.4 
134796.23824451404 -4.607508997227588e+20 -21119773706179.062 
137931.03448275855 -4.7227670433119955e+20 -21648090385019.105 
141065.83072100306 -4.8409082996506264e+20 -22189623044154.367 
144200.62695924757 -4.9620048905048254e+20 -22744702284795.676 
147335.42319749208 -5.086130744342531e+20 -23313666978233.203 
150470.2194357366 -5.2133616389713e+20 -23896864472713.145 
153605.0156739811 -5.343775247800592e+20 -24494650805488.43 
156739.81191222562 -5.4774511872610684e+20 -25107390920174.883 
159874.60815047013 -5.614471065409519e+20 -25735458889547.68 
163009.40438871464 -5.7549185317494043e+20 -26379238143911.77 
166144.20062695915 -5.898879328298302e+20 -27039121705182.55 
169278.99686520366 -6.046441341933068e+20 -27715512426820.54 
172413.79310344817 -6.197694658043791e+20 -28408823239771.613 
175548.58934169268 -6.352731615529703e+20 -29119477404559.875 
178683.3855799372 -6.511646863171841e+20 -29847908769682.28 
181818.1818181817 -6.674537417416008e+20 -30594562036466.688 
184952.97805642622 -6.841502721600093e+20 -31359893030560.234 
188087.77429467073 -7.012644706662487e+20 -32144368980211.17 
191222.57053291524 -7.188067853370258e+20 -32948468801507.207 
194357.36677115975 -7.367879256104763e+20 -33772683390745.438 
197492.16300940426 -7.55218868824211e+20 -34617515924119.094 
200626.95924764877 -7.741108669168165e+20 -35483482164906.09 
203761.75548589329 -7.934754532969978e+20 -36371110778341.63 
206896.5517241378 -8.133244498846493e+20 -37280943654362.945 
210031.3479623823 -8.336699743281326e+20 -38213536238424.305 
213166.14420062682 -8.545244474020409e+20 -39169457870589.945 
216300.94043887133 -8.759006005899177e+20 -40149292133114.68 
219435.73667711584 -8.978114838566447e+20 -41153637206719.18 
222570.53291536035 -9.202704736153622e+20 -42183106235773.445 
225705.32915360486 -9.432912808937157e+20 -43238327702613.43 
228840.12539184937 -9.668879597043424e+20 -44319945811224.17 
231974.9216300939 -9.91074915624683e+20 -45428620880522.43 
235109.7178683384 -1.0158669145914611e+21 -46565029747476.84 
238244.5141065829 -1.0412790919151705e+21 -47729866180310.67 
241379.31034482742 -1.0673269615200776e+21 -48923841302040.92 
244514.10658307193 -1.0940264254153422e+21 -50147684024612.83 
247648.90282131644 -1.1213937834030527e+21 -51402141493895.21 
250783.69905956095 -1.149445743029111e+21 -52687979545807.25 
253918.49529780546 -1.178199429783053e+21 -54005983173855.125 
257053.29153604998 -1.207672397553022e+21 -55356957008363.47 
260188.0877742945 -1.2378826393422977e+21 -56741725807694.75 
263322.884012539 -1.2688485982538737e+21 -58161134961757.19 
266457.6802507835 -1.300589178749814e+21 -59616051008108.99 
269592.476489028 -1.3331237581922477e+21 -61107362160973.32 
272727.27272727253 -1.3664721986730708e+21 -62635978853486.19 
275862.06896551704 -1.4006548591395972e+21 -64202834293508.516 
278996.86520376155 -1.4356926078235493e+21 -65808885033340.35 
282131.66144200607 -1.4716068349809598e+21 -67455111553687.336 
285266.4576802506 -1.5084194659507595e+21 -69142518862236.055 
288401.2539184951 -1.5461529745399874e+21 -70872137107203.58 
291536.0501567396 -1.584830396743847e+21 -72645022206235.38 
294670.8463949841 -1.624475344808985e+21 -74462256491034.95 
297805.6426332286 -1.6651120216485813e+21 -76324949368117.58 
300940.43887147313 -1.7067652356180423e+21 -78234237996093.06 
304075.23510971764 -1.749460415660302e+21 -80191287979891.52 
307210.03134796215 -1.793223626829982e+21 -82197294082356.12 
310344.82758620667 -1.8380815862058826e+21 -84253480953635.67 
313479.6238244512 -1.8840616792015288e+21 -86361103878824.06 
316614.4200626957 -1.9311919762837432e+21 -88521449544301.28 
319749.2163009402 -1.979501250109435e+21 -90735836823245.03 
322884.0125391847 -2.0290189930910714e+21 -93005617580791.16 
326018.8087774292 -2.0797754354015593e+21 -95332177499336.22 
329153.60501567373 -2.1318015634295234e+21 -97716936924485.05 
332288.40125391824 -2.1851291386962274e+21 -100161351732160.42 
335423.19749216276 -2.239790717245708e+21 -102666914217403.38 
338557.99373040727 -2.2958196695199795e+21 -105235154005407.25 
341692.7899686518 -2.3532502007314115e+21 -107867638985340.55 
344827.5862068963 -2.4121173717447386e+21 -110565976267530.58 
347962.3824451408 -2.4724571204814347e+21 -113331813164590.81 
351097.1786833853 -2.5343062838594975e+21 -116166838197091.69 
354231.9749216298 -2.5977026202821e+21 -119072782124388.88 
357366.77115987433 -2.662684832688764e+21 -122051419001237.28 
360501.56739811884 -2.72929259218319e+21 -125104567260836.77 
363636.36363636336 -2.797566562252146e+21 -128234090824970.53 
366771.15987460787 -2.867548423590185e+21 -131441900241914.55 
369905.9561128524 -2.9392808995453697e+21 -134729953852810.75 
373040.7523510969 -3.012807782201525e+21 -138100258987218.81 
376175.5485893414 -3.088173959112934e+21 -141554873188573.34 
379310.3448275859 -3.1654254407078306e+21 -145095905470297.66 
382445.1410658304 -3.244609388377376e+21 -148725517603338.88 
385579.93730407493 -3.325774143267308e+21 -152445925435911.12 
388714.73354231945 -3.4089692557898023e+21 -156259400246253.47 
391849.52978056396 -3.494245515873585e+21 -160168270129225.53 
394984.32601880847 -3.581654983970768e+21 -164174921417590.56 
398119.122257053 -3.6712510228393325e+21 -168281800138852.3 
401253.9184952975 -3.7630883301206424e+21 -172491413508533.94 
404388.714733542 -3.8572229717319053e+21 -176806331460812.03 
407523.5109717865 -3.953712416093967e+21 -181229188217441.2 
410658.307210031 -4.052615569215287e+21 -185762683895923.8 
413793.10344827553 -4.1539928106535873e+21 -190409586157910.2 
416927.89968652005 -4.25790603037705e+21 -195172731898831.78 
420062.69592476456 -4.3644186665476544e+21 -200055028979804.12 
423197.49216300907 -4.47359574424963e+21 -205059458002850.88 
426332.2884012536 -4.5855039151867476e+21 -210189074130537.8 
429467.0846394981 -4.7002114983726416e+21 -215447008951123.06 
432601.8808777426 -4.817788521838972e+21 -220836472390367.2 
435736.6771159871 -4.938306765386992e+21 -226360754671165.28 
438871.4733542316 -5.061839804408507e+21 -232023228322200.47 
442006.26959247614 -5.188463054803048e+21 -237827350236845.84 
445141.06583072065 -5.318253819018643e+21 -243776663783568.88 
448275.86206896516 -5.451291333244356e+21 -249874800969129.25 
451410.65830720967 -5.587656815783288e+21 -256125484655887.88 
454545.4545454542 -5.727433516635709e+21 -262532530834584.1 
457680.2507836987 -5.870706768322461e+21 -269099850953966.1 
460815.0470219432 -6.01756403797979e+21 -275831454308698.84 
463949.8432601877 -6.168094980757295e+21 -282731450487005.06 
467084.6394984322 -6.32239149455165e+21 -289804051879535.56 
470219.43573667674 -6.480547776109525e+21 -297053576250996.9 
473354.23197492125 -6.642660378533925e+21 -304484449376113.25 
476489.02821316576 -6.80882827022904e+21 -312101207741523.7 
479623.82445141027 -6.979152895319656e+21 -319908501315270.3 
482758.6206896548 -7.153738235581944e+21 -327911096385565.56 
485893.4169278993 -7.332690873923472e+21 -336113878470571.9 
489028.2131661438 -7.516120059451219e+21 -344521855300971.2 
492163.0094043883 -7.704137774167207e+21 -353140159877139.5 
495297.8056426328 -7.896858801332622e+21 -361974053602805.75 
498432.60188087734 -8.094400795542042e+21 -371028929497091.7 
501567.39811912185 -8.29688435455056e+21 -380310315486907.0 
504702.19435736636 -8.504433092897789e+21 -389823877781704.44 
507836.99059561087 -8.717173717373437e+21 -399575424332650.7 
510971.7868338554 -8.935236104370822e+21 -409570908378335.56 
514106.5830720999 -9.158753379175275e+21 -419816432079173.0 
517241.3793103444 -9.387861997236056e+21 -430318250242719.94 
520376.1755485889 -9.622701827471318e+21 -441082774142185.25 
523510.9717868334 -9.863416237656856e+21 -452116575430460.1 
526645.768025078 -1.0110152181950984e+22 -463426390152054.3 
529780.5642633225 -1.0363060290608857e+22 -475019122855399.56 
532915.360501567 -1.0622294961940934e+22 -486901850808016.44 
536050.1567398115 -1.0888014456571935e+22 -499081828317129.56 
539184.952978056 -1.11603809940576e+22 -511566491158360.75 
542319.7492163006 -1.1439560851918422e+22 -524363461115210.5 
545454.5454545451 -1.172572446715066e+22 -537480550632091.1 
548589.3416927896 -1.2019046540276773e+22 -550925767583763.5 
551724.1379310341 -1.2319706141998593e+22 -564707320164073.2 
554858.9341692786 -1.2627886822518524e+22 -578833621896991.1 
557993.7304075231 -1.2943776723595422e+22 -593313296772993.2 
561128.5266457676 -1.3267568693403594e+22 -608155184513942.1 
564263.3228840121 -1.3599460404265004e+22 -623368345969659.0 
567398.1191222566 -1.3939654473326615e+22 -638962068649502.5 
570532.9153605012 -1.4288358586256451e+22 -654945872392313.4 
573667.7115987457 -1.4645785624034046e+22 -671329515178197.2 
576802.5078369902 -1.501215379291243e+22 -688122999085693.5 
579937.3040752347 -1.5387686757631303e+22 -705336576397956.9 
583072.1003134792 -1.5772613777962425e+22 -722980755861693.9 
586206.8965517237 -1.6167169848670914e+22 -741066309102667.4 
589341.6927899682 -1.6571595842977622e+22 -759604277201684.5 
592476.4890282127 -1.6986138659610197e+22 -778605977435085.9 
595611.2852664572 -1.7411051373532704e+22 -798083010183846.6 
598746.0815047018 -1.78465933904458e+22 -818047266015515.6 
601880.8777429463 -1.8293030605151762e+22 -838510932943306.6 
605015.6739811908 -1.8750635563881125e+22 -859486503866781.0 
608150.4702194353 -1.9219687630679874e+22 -880986784198660.4 
611285.2664576798 -1.9700473157958876e+22 -903024899682423.6 
614420.0626959243 -2.019328566130965e+22 -925614304405466.5 
617554.8589341688 -2.0698425998693236e+22 -948768789012708.6 
620689.6551724133 -2.121620255411145e+22 -972502489125670.2 
623824.4514106578 -2.174693142587281e+22 -996829893972149.9 
626959.2476489024 -2.2290936619567956e+22 -1021765855231781.1 
630094.0438871469 -2.2848550245872358e+22 -1047325596102860.2 
633228.8401253914 -2.3420112723297167e+22 -1073524720595982.9 
636363.6363636359 -2.400597298601186e+22 -1100379223060159.5 
639498.4326018804 -2.4606488696865644e+22 -1127905497947236.8 
642633.2288401249 -2.5222026465737735e+22 -1156120349820574.5 
645768.0250783694 -2.5852962073349663e+22 -1185041003614092.5 
648902.8213166139 -2.649968070067626e+22 -1214685115147952.5 
652037.6175548584 -2.7162577164095474e+22 -1245070781907288.0 
655172.413793103 -2.784205615642054e+22 -1276216554090571.0 
658307.2100313475 -2.853853249396149e+22 -1308141445934349.5 
661442.006269592 -2.9252431369767165e+22 -1340864947321287.2 
664576.8025078365 -2.998418861320207e+22 -1374407035678578.0 
667711.598746081 -3.0734250956016547e+22 -1408788188173993.2 
670846.3949843255 -3.150307630507298e+22 -1444029394217032.2 
673981.19122257 -3.229113402189392e+22 -1480152168272776.0 
677115.9874608145 -3.309890520920354e+22 -1517178562996291.5 
680250.783699059 -3.392688300463675e+22 -1555131182695594.0 
683385.5799373036 -3.4775572881795805e+22 -1594033197131397.0 
686520.3761755481 -3.5645492958837753e+22 -1633908355662052.5 
689655.1724137926 -3.6537174314781208e+22 -1674781001742344.2 
692789.9686520371 -3.74511613137258e+22 -1716676087784961.0 
695924.7648902816 -3.838801193718173e+22 -1759619190393739.8 
699059.5611285261 -3.934829812471319e+22 -1803636525977971.0 
702194.3573667706 -4.033260612310247e+22 -1848754966757297.5 
705329.1536050151 -4.134153684424894e+22 -1895002057166988.2 
708463.9498432596 -4.237570623202076e+22 -1942406030673584.0 
711598.7460815042 -4.343574563828354e+22 -1990995827011197.5 
714733.5423197487 -4.452230220833535e+22 -2040801109848982.5 
717868.3385579932 -4.563603927598366e+22 -2091852284900551.8 
721003.1347962377 -4.677763676850507e+22 -2144180518486424.8 
724137.9310344822 -4.794779162173546e+22 -2197817756560798.0 
727272.7272727267 -4.914721820554331e+22 -2252796744214296.5 
730407.5235109712 -5.037664875994679e+22 -2309151045664574.0 
733542.3197492157 -5.163683384214018e+22 -2366915064746992.0 
736677.1159874602 -5.292854278470286e+22 -2426124065917875.5 
739811.9122257048 -5.425256416527052e+22 -2486814195783180.5 
742946.7084639493 -5.560970628795521e+22 -2549022505165691.0 
746081.5047021938 -5.700079767680835e+22 -2612786971724236.5 
749216.3009404383 -5.84266875816278e+22 -2678146523138745.0 
752351.0971786828 -5.9888246496417764e+22 -2745141060875263.0 
755485.8934169273 -6.13863666908184e+22 -2813811484545487.0 
758620.6896551718 -6.292196275482908e+22 -2884199716875617.0 
761755.4858934163 -6.449597215715776e+22 -2956348729299863.0 
764890.2821316608 -6.610935581753802e+22 -3030302568194111.0 
768025.0783699054 -6.7763098693362585e+22 -3106106381765900.0 
771159.8746081499 -6.94582103809917e+22 -3183806447617029.0 
774294.6708463944 -7.119572573210351e+22 -3263450200995640.0 
777429.4670846389 -7.297670548546233e+22 -3345086263755055.0 
780564.2633228834 -7.480223691449082e+22 -3428764474036999.5 
783699.0595611279 -7.667343449104115e+22 -3514535916697389.5 
786833.8557993724 -7.859144056577165e+22 -3602452954493205.5 
789968.6520376169 -8.055742606554174e+22 -3692569260049543.5 
793103.4482758614 -8.257259120825372e+22 -3784939848626284.5 
796238.244514106 -8.463816623557541e+22 -3879621111704483.0 
799373.0407523505 -8.675541216399245e+22 -3976670851412860.0 
802507.836990595 -8.892562155464844e+22 -4076148315815550.0 
805642.6332288395 -9.115011930244291e+22 -4178114235082542.0 
808777.429467084 -9.343026344486954e+22 -4282630858564977.0 
811912.2257053285 -9.57674459910858e+22 -4389761992797852.5 
815047.021943573 -9.816309377172357e+22 -4499573040453369.5 
818181.8181818175 -1.0061866930995676e+23 -4612131040268708.0 
821316.614420062 -1.0313567171436014e+23 -4727504707972648.0 
824451.4106583066 -1.0571563759410248e+23 -4845764478235944.0 
827586.2068965511 -1.083601419970345e+23 -4966982547671127.0 
830721.0031347956 -1.1107079937124204e+23 -5091232918907940.0 
833855.7993730401 -1.1384926455065331e+23 -5218591445771305.0 
836990.5956112846 -1.1669723376530092e+23 -5349135879589472.0 
840125.3918495291 -1.1961644567685643e+23 -5482945916660545.0 
843260.1880877736 -1.2260868244006922e+23 -5620103246906430.0 
846394.9843260181 -1.2567577079075755e+23 -5760691603743860.0 
849529.7805642626 -1.2881958316101537e+23 -5904796815202988.0 
852664.5768025072 -1.3204203882231697e+23 -6052506856324627.0 
855799.3730407517 -1.3534510505721516e+23 -6203911902868309.0 
858934.1692789962 -1.3873079836035175e+23 -6359104386363827.0 
862068.9655172407 -1.4220118566951095e+23 -6518179050539932.0 
865203.7617554852 -1.457583856274683e+23 -6681233009164628.0 
868338.5579937297 -1.4940456987540444e+23 -6848365805332311.0 
871473.3542319742 -1.5314196437867325e+23 -7019679472233988.0 
874608.1504702187 -1.5697285078573524e+23 -7195278595447655.0 
877742.9467084632 -1.6089956782108575e+23 -7375270376786985.0 
880877.7429467078 -1.64924512713027e+23 -7559764699747146.0 
884012.5391849523 -1.6905014265715682e+23 -7748874196587818.0 
887147.3354231968 -1.732789763164657e+23 -7942714317094175.0 
890282.1316614413 -1.7761359535895756e+23 -8141403399057991.0 
893416.9278996858 -1.82056646033739e+23 -8345062740521960.0 
896551.7241379303 -1.8661084078653226e+23 -8553816673831117.0 
899686.5203761748 -1.912789599156018e+23 -8767792641536775.0 
902821.3166144193 -1.9606385326910256e+23 -8987121274199106.0 
905956.1128526638 -2.0096844198488813e+23 -9211936470135992.0 
909090.9090909084 -2.0599572027384037e+23 -9442375477166776.0 
912225.7053291529 -2.1114875724781195e+23 -9678578976401040.0 
915360.5015673974 -2.1643069879329408e+23 -9920691168123214.0 
918495.2978056419 -2.2184476949195455e+23 -1.016885985982574e+16 
921630.0940438864 -2.2739427458921847e+23 -1.042323655644429e+16 
924764.8902821309 -2.3308260201209056e+23 -1.0683976552850148e+16 
927899.6865203754 -2.3891322443745654e+23 -1.0951239028656472e+16 
931034.4827586199 -2.448897014121253e+23 -1.1225187145396208e+16 
934169.2789968645 -2.5101568152590442e+23 -1.150598814613091e+16 
937304.075235109 -2.5729490463903425e+23 -1.179381345755125e+16 
940438.8714733535 -2.6373120416534005e+23 -1.208883879463155e+16 
943573.667711598 -2.703285094124971e+23 -1.2391244267902196e+16 
946708.4639498425 -2.770908479808407e+23 -1.2701214493405658e+16 
949843.260188087 -2.8402234822218584e+23 -1.3018938705403102e+16 
952978.0564263315 -2.9112724176015325e+23 -1.3344610871900544e+16 
956112.852664576 -2.9840986607354117e+23 -1.367842981306466e+16 
959247.6489028205 -3.0587466714431565e+23 -1.4020599322600644e+16 
962382.445141065 -3.135262021718456e+23 -1.4371328292166548e+16 
965517.2413793096 -3.2136914235503455e+23 -1.4730830838899954e+16 
968652.0376175541 -3.2940827574405416e+23 -1.5099326436134904e+16 
971786.8338557986 -3.376485101634109e+23 -1.5477040047388604e+16 
974921.6300940431 -3.46094876208129e+23 -1.586420226369971e+16 
978056.4263322876 -3.547525303148862e+23 -1.6261049444402118e+16 
981191.2225705321 -3.636267579099705e+23 -1.6667823861420236e+16 
984326.0188087766 -3.727229766359934e+23 -1.7084773847174148e+16 
987460.8150470211 -3.820467396593224e+23 -1.7512153946184762e+16 
990595.6112852657 -3.916037390602423e+23 -1.7950225070471122e+16 
993730.4075235102 -4.0139980930791753e+23 -1.839925465883488e+16 
996865.2037617547 -4.114409308222862e+23 -1.885951684012915e+16 
999999.9999999992 -4.2173323362505546e+23 -1.9331292600612204e+16 
