#x u 
0.0 -169205.33094321407 0.0015485707589533333 
3134.796238244514 -308351.4723786547 0.004599225856673385 
6269.592476489028 -508457.1068208229 0.004131218004618168 
9404.38871473354 -686118.9260731636 0.0036309671089765645 
12539.184952978056 -837338.7451690978 0.002986172237774168 
15673.98119122257 -956176.6724673758 0.002225994989555502 
18808.777429467085 -1038039.3006628804 0.001379737332269379 
21943.5736677116 -1079760.976908585 0.00048012527428513896 
25078.369905956115 -1079728.3252109652 -0.0004380532151190092 
28213.16614420063 -1037942.6082107218 -0.0013392921984670039 
31347.962382445145 -956019.6784608036 -0.0021887407885135173 
34482.75862068966 -837127.4934517608 -0.0029535508311225016 
37617.55485893417 -685863.6107809354 -0.0036041471425116876 
40752.35109717868 -508077.4007237868 -0.0041153711808138965 
43887.14733542319 -310643.8512426313 -0.00446745392621456 
47021.943573667704 -101197.71238700171 -0.0046467803484164325 
50156.739811912215 112161.73928547045 -0.004646415899494971 
53291.53605015673 321183.8995157541 -0.004466374672680148 
56426.33228840124 517785.8869882595 -0.00411361885737168 
59561.12852664575 694365.1081339682 -0.003601789511462058 
62695.92476489026 844093.2492193136 -0.002950679061994768 
65830.72100313478 961180.3270546502 -0.0021854659325425928 
68965.51724137929 1041098.5874885066 -0.0013357408942452757 
72100.3134796238 1080757.5935388731 -0.00043436279148496696 
75235.10971786831 1078623.7325081953 0.0004838121087422343 
78369.90595611282 1034779.5207451512 0.0013832780077338807 
81504.70219435733 950920.4127396664 0.0022292525833622154 
84639.49843260185 830289.2379433779 0.0029890220215355486 
87774.29467084636 677550.8006419368 0.0036332060585095765 
90909.09090909087 498611.4920987197 0.004136894114896414 
94043.88714733538 300390.8905634926 0.0044806085870995205 
97178.68338557989 90554.18136755646 0.004651058045721121 
100313.4796238244 -122784.2555869002 0.004641651214779628 
103448.27586206891 -331374.62867942726 0.004452751856174568 
106583.07210031342 -527150.7537914416 0.00409166470302379 
109717.86833855794 -702541.9734291963 0.0035723529858301805 
112852.66457680245 -850765.9138454933 0.0029148984747335684 
115987.46081504696 -966090.7592501128 0.002144724917999383 
119122.25705329147 -1044056.9009722932 0.0012916149063568667 
122257.05329153598 -1081649.3904081134 0.0003885581810164873 
125391.84952978049 -1077414.5270019365 -0.0005295240787356157 
128526.645768025 -1031516.0728078054 -0.0014271296566016876 
131661.44200626953 -945728.9198152174 -0.002269548169021891 
134796.23824451404 -823370.4549236158 -0.0030242033147731854 
137931.03448275855 -669172.2766801938 -0.003661912599661708 
141065.83072100306 -489097.22449130827 -0.004158015822788248 
144200.62695924757 -290108.7957829599 -0.004493328685854666 
147335.42319749208 -79901.86774251076 -0.004654884649466151 
150470.2194357366 133394.8633751878 -0.004636436348858524 
153605.0156739811 341533.21871257416 -0.004438697179288319 
156739.81191222562 536464.4936632254 -0.004069313709021362 
159874.60815047013 710650.7010696402 -0.0035425699870679454 
163009.40438871464 857356.0650033018 -0.002878835180280084 
166144.20062695915 970907.4930038637 -0.002103775896619471 
169278.99686520366 1046913.9541799607 -0.001247363647479688 
172413.79310344817 1082436.2801771322 -0.00034271584654500776 
175548.58934169268 1076100.8245302292 0.0005751847576031255 
178683.3855799372 1028152.5850751263 0.0014708427011747081 
181818.1818181817 940445.7221188856 0.002309622769965724 
184952.97805642622 816371.8200035909 0.0030590910888960285 
188087.77429467073 660728.7262742926 0.0036902697221404043 
191222.57053291524 479535.2543943152 0.004178746461179942 
194357.36677115975 279798.86735290283 0.004505599089910509 
197492.16300940426 69244.00731253327 0.004658158823522836 
200626.95924764877 -143990.11478488642 0.004630660936532933 
203761.75548589329 -351666.2205079128 0.004424557444988639 
206896.5517241378 -545753.2618515595 0.004047808346109925 
210031.3479623823 -718705.387380136 0.003513125596016341 
213166.14420062682 -863766.0022194351 0.0028380436064313133 
216300.94043887133 -975376.1510503775 0.002050984178067903 
219435.73667711584 -1049570.5736759389 0.0011984582261491197 
222570.53291536035 -1083897.0583547363 0.0003325419479512853 
225705.32915360486 -1076582.5070011169 -0.0005337092899350799 
228840.12539184937 -1025906.9924655799 -0.0014586004871892642 
231974.9216300939 -931698.993295279 -0.0025040528409967693 
235109.7178683384 -798970.3328197639 -0.003566895940782038 
238244.5141065829 -639660.5078527415 -0.004294017627714094 
241379.31034482742 -468127.64088778046 -0.004281540052971127 
244514.10658307193 -292790.7569481982 -0.0034480862520053007 
247648.90282131644 -112715.62597450828 -0.002179501122957733 
250783.69905956095 76368.98189197044 -0.0010398153143977018 
253918.49529780546 273218.702032843 -0.00035122232180270774 
257053.29153604998 468763.08491647075 -7.350595455613528e-05 
260188.0877742945 650814.466370184 -5.361634699170559e-06 
263322.884012539 809027.8008314586 2.074847345990595e-06 
266457.6802507835 936127.2366926579 1.5843774796523574e-06 
269592.476489028 1027026.657483008 1.0326397787844069e-06 
272727.27272727253 1078210.9850447932 4.4096992545894845e-07 
275862.06896551704 1087700.922807523 -1.6775222298347388e-07 
278996.86520376155 1055129.4951330929 -7.699873975260119e-07 
282131.66144200607 981756.2382538415 -1.3424471801181184e-06 
285266.4576802506 870418.4940403154 -1.862994566346858e-06 
288401.2539184951 725421.6900674267 -2.311500002800948e-06 
291536.0501567396 552372.8488459061 -2.670619796281762e-06 
294670.8463949841 357963.7644125817 -2.9264667940395034e-06 
297805.6426332286 149712.23083491315 -3.0691473995696217e-06 
300940.43887147313 -64328.670683444325 -3.093144157707492e-06 
304075.23510971764 -275881.9842362432 -2.997529114447811e-06 
307210.03134796215 -476766.94887697435 -2.7859997009226783e-06 
310344.82758620667 -659215.3484246895 -2.466735753890552e-06 
313479.6238244512 -816171.908174837 -2.0520832015513343e-06 
316614.4200626957 -941567.1221823731 -1.5580766469852278e-06 
319749.2163009402 -1030551.9608934495 -1.00381931039846e-06 
322884.0125391847 -1079685.382987873 -4.107443080663027e-07 
326018.8087774292 -1087067.4003544284 1.9821416560145914e-07 
329153.60501567373 -1052412.5505800506 7.995077028078584e-07 
332288.40125391824 -977060.9357736603 1.3698842986822196e-06 
335423.19749216276 -863926.4008536483 1.887287505522757e-06 
338557.99373040727 -717383.855243233 2.3317093552849624e-06 
341692.7899686518 -543100.0952407031 2.685964066989968e-06 
344827.5862068963 -347814.66915894236 2.9363526204417845e-06 
347962.3824451408 -139079.2591733914 3.0731924970349433e-06 
351097.1786833853 75034.34202461419 3.0911921023793476e-06 
354231.9749216298 286246.3672341688 2.989655392245799e-06 
357366.77115987433 486389.2531198184 2.7725087884903493e-06 
360501.56739811884 667723.4796661213 2.448149344425228e-06 
363636.36363636336 823236.8572085312 2.029120031043878e-06 
366771.15987460787 946915.68761917 1.5316247006409711e-06 
369905.9561128524 1033977.3138517289 9.749014842313879e-07 
373040.7523510969 1081055.0651608442 3.804788536807945e-07 
376175.5485893414 1086328.446169293 -2.2865688394471152e-07 
379310.3448275859 1049593.5353752773 -8.2895046600584e-07 
382445.1410658304 972270.8707914151 -1.397188555849957e-06 
385579.93730407493 857350.5177779922 -1.9113974017940377e-06 
388714.73354231945 709276.4432958792 -2.3516925616228965e-06 
391849.52978056396 533774.6678236511 -2.7010478333058113e-06 
394984.32601880847 337631.8402996522 -2.9459536579293927e-06 
398119.122257053 128432.79859004014 -3.076939533814757e-06 
401253.9184952975 -85732.73598754621 -3.088940240654481e-06 
404388.714733542 -296582.9879698099 -2.9814917114241724e-06 
407523.5109717865 -495964.38378226914 -2.7587489778990726e-06 
410658.307210031 -676166.850210137 -2.4293254955939925e-06 
413793.10344827553 -830221.9627222131 -2.005960061705718e-06 
416927.89968652005 -952172.4142601304 -1.5050242061767291e-06 
420062.69592476456 -1037302.3841421128 -9.458891050287757e-07 
423197.49216300907 -1082319.8987219324 -3.501764976388596e-07 
426332.2884012536 -1085484.1319212879 2.590774255008645e-07 
429467.0846394981 -1046672.7229274459 8.583128315482746e-07 
432601.8808777426 -967386.507882577 1.4243573034965554e-06 
435736.6771159871 -850691.4825904929 1.9353219168367214e-06 
438871.4733542316 -701100.2405413609 2.371447683648109e-06 
442006.26959247614 -524397.4710427771 2.715869632324841e-06 
445141.06583072065 -327416.26543978986 2.955268975333991e-06 
448275.86206896516 -117773.88165632807 3.0803881465226585e-06 
451410.65830720967 96422.81496389495 3.086388790929373e-06 
454545.4545454542 306890.8439222322 2.9730388638078697e-06 
457680.2507836987 505491.4121982592 2.744721603767028e-06 
460815.0470219432 684544.6411570251 2.4102660330831485e-06 
463949.8432601877 837126.5472493584 1.982605539727067e-06 
467084.6394984322 957336.7922695292 1.4782777434411629e-06 
470219.43573667674 1040526.849275009 9.16784986588863e-07 
473354.23197492125 1083479.7609983413 3.198401789389349e-07 
476489.02821316576 1084534.5394981704 -2.8947283981330726e-07 
479623.82445141027 1043650.3965182696 -8.875919516632309e-07 
482758.6206896548 962408.3207683152 -1.4513879065874633e-06 
485893.4169278993 843949.9411329938 -1.959058730182338e-06 
489028.2131661438 692856.0399675082 -2.3909728053715315e-06 
492163.0094043883 514969.41436707746 -2.730428026460896e-06 
495297.8056426328 317168.935360377 -2.9642976692063894e-06 
498432.60188087734 107103.54215182643 -3.083538000801106e-06 
501567.39811912185 -107103.54215176696 -3.08353800080631e-06 
504702.19435736636 -317168.9353603197 -2.9642976692237366e-06 
507836.99059561087 -514969.4143670242 -2.7304280264713043e-06 
510971.7868338554 -692856.0399674607 -2.3909728053671947e-06 
514106.5830720999 -843949.9411329546 -1.9590587301571843e-06 
517241.3793103444 -962408.3207682865 -1.4513879065614424e-06 
520376.1755485889 -1043650.3965182523 -8.875919516463174e-07 
523510.9717868334 -1084534.539498165 -2.8947283980474206e-07 
526645.768025078 -1083479.7609983482 3.198401789614863e-07 
529780.5642633225 -1040526.8492750276 9.167849865897304e-07 
532915.360501567 -957336.7922695583 1.4782777434333566e-06 
536050.1567398115 -837126.547249397 1.9826055397001788e-06 
539184.952978056 -684544.6411570717 2.4102660330883527e-06 
542319.7492163006 -505491.4121983124 2.7447216037652933e-06 
545454.5454545451 -306890.8439222907 2.9730388638390948e-06 
548589.3416927896 -96422.81496395626 3.0863887909831494e-06 
551724.1379310341 117773.88165626698 3.080388146562557e-06 
554858.9341692786 327416.2654397314 2.955268975328787e-06 
557993.7304075231 524397.4710427237 2.7158696323144327e-06 
561128.5266457676 701100.240541315 2.3714476836437723e-06 
564263.3228840121 850691.4825904556 1.935321916809833e-06 
567398.1191222566 967386.5078825486 1.4243573034974227e-06 
570532.9153605012 1046672.7229274288 8.583128315794997e-07 
573667.7115987457 1085484.1319212816 2.59077425492733e-07 
576802.5078369902 1082319.898721938 -3.501764976373417e-07 
579937.3040752347 1037302.3841421308 -9.458891050309441e-07 
583072.1003134792 952172.4142601596 -1.5050242061533103e-06 
586206.8965517237 830221.9627222528 -2.005960061698779e-06 
589341.6927899682 676166.850210186 -2.4293254956113397e-06 
592476.4890282127 495964.3837823253 -2.758748977933767e-06 
595611.2852664572 296582.98796986975 -2.981491711451928e-06 
598746.0815047018 85732.73598760742 -3.088940240645807e-06 
601880.8777429463 -128432.79858997995 -3.076939533778328e-06 
605015.6739811908 -337631.8402995947 -2.9459536578999024e-06 
608150.4702194353 -533774.6678235983 -2.701047833307546e-06 
611285.2664576798 -709276.4432958335 -2.3516925616376416e-06 
614420.0626959243 -857350.517777955 -1.911397401828732e-06 
617554.8589341688 -972270.8707913873 -1.3971885558516917e-06 
620689.6551724133 -1049593.53537526 -8.289504659976001e-07 
623824.4514106578 -1086328.446169288 -2.2865688393939893e-07 
626959.2476489024 -1081055.0651608522 3.8047885366431465e-07 
630094.0438871469 -1033977.3138517488 9.749014842643476e-07 
633228.8401253914 -946915.6876192007 1.5316247006713288e-06 
636363.6363636359 -823236.8572085716 2.029120031053419e-06 
639498.4326018804 -667723.4796661701 2.448149344407881e-06 
642633.2288401249 -486389.2531198734 2.7725087884278993e-06 
645768.0250783694 -286246.3672342276 2.989655392178145e-06 
648902.8213166139 -75034.34202467524 3.0911921023307753e-06 
652037.6175548584 139079.25917333047 3.073192497005453e-06 
655172.413793103 347814.66915888456 2.9363526204487234e-06 
658307.2100313475 543100.0952406498 2.685964066989968e-06 
661442.006269592 717383.8552431861 2.331709355286697e-06 
664576.8025078365 863926.4008536101 1.8872875055166854e-06 
667711.598746081 977060.9357736323 1.369884298676148e-06 
670846.3949843255 1052412.5505800343 7.995077028130626e-07 
673981.19122257 1087067.400354425 1.9821416559885705e-07 
677115.9874608145 1079685.3829878822 -4.1074430806760376e-07 
680250.783699059 1030551.9608934703 -1.0038193103733065e-06 
683385.5799373036 941567.1221824043 -1.5580766469505333e-06 
686520.3761755481 816171.9081748776 -2.0520832014767412e-06 
689655.1724137926 659215.348424738 -2.466735753795142e-06 
692789.9686520371 476766.94887702924 -2.7859997008654325e-06 
695924.7648902816 275881.9842363031 -2.9975291144009736e-06 
699059.5611285261 64328.670683506076 -3.0931441576970836e-06 
702194.3573667706 -149712.23083485197 -3.069147399573091e-06 
705329.1536050151 -357963.76441252336 -2.9264667940186867e-06 
708463.9498432596 -552372.8488458534 -2.670619796224516e-06 
711598.7460815042 -725421.6900673814 -2.3115000027567126e-06 
714733.5423197487 -870418.4940402792 -1.8629945663390518e-06 
717868.3385579932 -981756.2382538157 -1.3424471801224552e-06 
721003.1347962377 -1055129.4951330775 -7.699873975277466e-07 
724137.9310344822 -1087700.9228075193 -1.6775222298325704e-07 
727272.7272727267 -1078210.9850448016 4.4096992552486794e-07 
730407.5235109712 -1027026.6574830285 1.0326397788329791e-06 
733542.3197492157 -936127.2366926898 1.584377479677511e-06 
736677.1159874602 -809027.8008315011 2.0748473459819214e-06 
739811.9122257048 -650647.6710179421 2.283885033520054e-06 
742946.7084639493 -466961.07111470954 9.094261162920572e-06 
746081.5047021938 -263762.94468766643 8.220809682948395e-05 
749216.3009404383 -44386.18297405818 0.0004262034737247296 
752351.0971786828 190584.92984495126 0.0013898507272335544 
755485.8934169273 436700.058870064 0.003148388964069101 
758620.6896551718 674667.2576455019 0.005185766402447061 
761755.4858934163 869577.9005656731 0.006244872927105072 
764890.2821316608 991143.8584179985 0.0052419015578144875 
768025.0783699054 1040624.5381232741 0.002488846486979 
771159.8746081499 1053033.1659593838 -0.00021519836676211725 
774294.6708463944 1063976.2355199251 -0.0011115521137289154 
777429.4670846389 1071710.5939980948 -0.0002260578717033639 
780564.2633228834 1036434.0450378205 0.0005963096198433509 
783699.0595611279 921382.1611542447 -0.0004239775610992043 
786833.8557993724 733926.6242492145 -0.003113498284279889 
789968.6520376169 522618.87791865395 -0.005475034186533901 
793103.4482758614 332201.9123597818 -0.00574089999635964 
796238.244514106 163474.16704165094 -0.004201738423128576 
799373.0407523505 -19879.659383231272 -0.002880756946312053 
802507.836990595 -244860.9223642251 -0.0033917212897918627 
805642.6332288395 -492279.21417068085 -0.005234016924953807 
808777.429467084 -708544.8012080957 -0.006318530501649293 
811912.2257053285 -854038.46158496 -0.005170609046452446 
815047.021943573 -937492.4828512071 -0.0024928047229709994 
818181.8181818175 -1000528.2230716166 -0.0004444224735421726 
821316.614420062 -1068880.2834996826 -0.0003960223984224491 
824451.4106583066 -1121797.8554795368 -0.001519463246935512 
827586.2068965511 -1111914.0686214315 -0.001693910649803366 
830721.0031347956 -1014737.9647685051 0.00022751055363779814 
833855.7993730401 -855734.393995777 0.0031754971108871747 
836990.5956112846 -686488.3941879465 0.004953350374852597 
840125.3918495291 -534930.758081221 0.004512032692627501 
843260.1880877736 -381793.3033145704 0.0030204620049177197 
846394.9843260181 -187801.92096424816 0.0026079959947382875 
849529.7805642626 57280.3437030103 0.0041036816352725825 
852664.5768025072 315629.38637104275 0.0061503288677519745 
855799.3730407517 532653.0119494051 0.006624346748444386 
858934.1692789962 685999.2212412729 0.0048675240430204715 
862068.9655172407 801073.9853613835 0.0023841618420423673 
865203.7617554852 917086.8712910913 0.0012715441431846949 
868338.5579937297 1039630.9161782098 0.002034705854005863 
871473.3542319742 1129894.1249420382 0.0030822965864726144 
874608.1504702187 1142009.0048071232 0.002431339925513101 
877742.9467084632 1069379.208467675 -0.0001738790623439599 
880877.7429467078 951351.2462537389 -0.00295780153562414 
884012.5391849523 833254.3904212534 -0.0039441922198830155 
887147.3354231968 721792.092025364 -0.002996968289936836 
890282.1316614413 582563.3841797793 -0.0019271927688496787 
893416.9278996858 382115.06801889755 -0.002556441387882996 
896551.7241379303 130061.51512423018 -0.004774983575121374 
899686.5203761748 -123273.69694372686 -0.006637085905822064 
902821.3166144193 -331485.21832190006 -0.006392672921128155 
905956.1128526638 -492361.3603050426 -0.004318881292683825 
909090.9090909084 -641801.3729490938 -0.0024266044748953424 
912225.7053291529 -808124.7757118489 -0.002352008093113341 
915360.5015673974 -975137.1954341443 -0.0036504790317420533 
918495.2978056419 -1093049.5260925812 -0.004285622836045549 
921630.0940438864 -1125976.2453211646 -0.00279697250713055 
924764.8902821309 -1086244.9117238007 0.00013447458057969054 
927899.6865203754 -1019591.056677871 0.0023693721934548895 
931034.4827586199 -956905.8191109716 0.00252346419227895 
934169.2789968645 -883288.7426879754 0.0013849072049388431 
937304.075235109 -756867.2227503983 0.0010475636791956993 
940438.8714733535 -557444.1746775127 0.0026743547825156828 
943573.667711598 -313635.9704859729 0.005244149171424468 
946708.4639498425 -79758.81159669232 0.006600002467145557 
949843.260188087 113475.18815831316 0.005696267859210225 
952978.0564263315 282907.3391741421 0.003682375818807486 
956112.852664576 466690.54137902614 0.0026853715707362436 
959247.6489028205 675805.5797983139 0.0035729072106899214 
962382.445141065 874640.9179850962 0.00504897542635031 
965517.2413793096 1011335.9821613028 0.005031770220785204 
968652.0376175541 1066231.8261100943 0.0028631334876431337 
971786.8338557986 1067719.761741784 2.5624819750094002e-05 
974921.6300940431 1059035.6382629785 -0.0013865589390949502 
978056.4263322876 1051068.5722021358 -0.0008350693240541925 
981191.2225705321 1010868.738948591 0.00013430055744125154 
984326.0188087766 897912.919468879 -0.0004446830419338214 
987460.8150470211 709910.2092590721 -0.0028548570844031396 
990595.6112852657 489867.4961835516 -0.005365055555922874 
993730.4075235102 286765.3482414859 -0.0060172749027114 
996865.2037617547 113865.31507630085 -0.004784777593900873 
999999.9999999992 -169205.3309434439 0.0015485707589427992 
