#x u 
0.0 1.1160717478579814e+21 51158191484384.695 
3134.796238244514 -2.7929887604095115e+19 -1280242547963.3564 
6269.592476489028 6.873366999556969e+17 31505951636.245434 
9404.38871473354 -2.8814264251730036e+16 -1320780362.8257277 
12539.184952978056 -1.1190246304058496e+16 -512935449.0815525 
15673.98119122257 -1.192907359247264e+16 -546801612.2341592 
18808.777429467085 -1.2216002984812402e+16 -559953803.2360263 
21943.5736677116 -1.2521876666512442e+16 -573974357.3971938 
25078.369905956115 -1.2835107512120464e+16 -588332147.2228117 
28213.16614420063 -1.3156181272641374e+16 -603049438.4354268 
31347.962382445145 -1.3485286593348114e+16 -618134878.101701 
34482.75862068966 -1.3822624574555376e+16 -633597684.2094618 
37617.55485893417 -1.4168401153756862e+16 -649447296.4607008 
40752.35109717868 -1.452282742483473e+16 -665693390.9174643 
43887.14733542319 -1.4886119761997924e+16 -682345885.691024 
47021.943573667704 -1.525849995229374e+16 -699414946.9887757 
50156.739811912215 -1.5640195330773846e+16 -716910995.3310238 
53291.53605015673 -1.6031438919306082e+16 -734844711.9114293 
56426.33228840124 -1.6432469568861354e+16 -753227045.1164532 
59561.12852664575 -1.6843532105315624e+16 -772069217.2099065 
62695.92476489026 -1.7264877478962336e+16 -791382731.1818248 
65830.72100313478 -1.7696762917674448e+16 -811179377.7728211 
68965.51724137929 -1.8139452083940692e+16 -831471242.6721964 
72100.3134796238 -1.8593215235843056e+16 -852270713.8955284 
75235.10971786831 -1.905832939199716e+16 -873590489.3497431 
78369.90595611282 -1.9535078500744412e+16 -895443584.5816672 
81504.70219435733 -2.002375361349404e+16 -917843340.7242098 
84639.49843260185 -2.052465306236168e+16 -940803432.6431175 
87774.29467084636 -2.103808264231066e+16 -964337877.2848339 
90909.09090909087 -2.156435579785033e+16 -988461042.2331626 
94043.88714733538 -2.2103793814396e+16 -1013187654.4803536 
97178.68338557989 -2.26567260143905e+16 -1038532809.4187747 
100313.4796238244 -2.3223489958362108e+16 -1064511980.0561132 
103448.27586206891 -2.3804431651023336e+16 -1091141026.4605825 
106583.07210031342 -2.439990575248419e+16 -1118436205.444279 
109717.86833855794 -2.5010275794758496e+16 -1146414180.488346 
112852.66457680245 -2.5635914403710748e+16 -1175092031.9152763 
115987.46081504696 -2.6277203526541144e+16 -1204487267.3163166 
119122.25705329147 -2.69345346649639e+16 -1234617832.239588 
122257.05329153598 -2.7608309114220708e+16 -1265502121.1454656 
125391.84952978049 -2.829893820805607e+16 -1297158988.6367993 
128526.645768025 -2.900684356982287e+16 -1329607760.9699605 
131661.44200626953 -2.9732457369890004e+16 -1362868247.8528862 
134796.23824451404 -3.0476222589490508e+16 -1396960754.5381956 
137931.03448275855 -3.1238593291155264e+16 -1431906094.219486 
141065.83072100306 -3.202003489590915e+16 -1467725600.737832 
144200.62695924757 -3.282102446740199e+16 -1504441141.606131 
147335.42319749208 -3.3642051003149596e+16 -1542075131.3591166 
150470.2194357366 -3.4483615733066456e+16 -1580650545.2370706 
153605.0156739811 -3.534623242546604e+16 -1620190933.2118196 
156739.81191222562 -3.623042770071098e+16 -1660720434.36385 
159874.60815047013 -3.713674135271042e+16 -1702263791.6189826 
163009.40438871464 -3.806572667846088e+16 -1744846366.8536804 
166144.20062695915 -3.901795081582572e+16 -1788494156.3784258 
169278.99686520366 -3.9993995089765416e+16 -1833233806.8083687 
172413.79310344817 -4.099445536723621e+16 -1879092631.3306653 
175548.58934169268 -4.201994242096589e+16 -1926098626.3787615 
178683.3855799372 -4.307108230232352e+16 -1974280488.7240915 
181818.1818181817 -4.414851672351603e+16 -2023667632.995346 
184952.97805642622 -4.5252903449349256e+16 -2074290209.6358266 
188087.77429467073 -4.6384916698788936e+16 -2126179123.3100228 
191222.57053291524 -4.754524755656444e+16 -2179366051.7707195 
194357.36677115975 -4.873460439506986e+16 -2233883465.1980324 
197492.16300940426 -4.9953713306822056e+16 -2289764646.0221066 
200626.95924764877 -5.120331854773633e+16 -2347043709.241683 
203761.75548589329 -5.248418299148726e+16 -2405755623.2510805 
206896.5517241378 -5.379708859523455e+16 -2465936231.18826 
210031.3479623823 -5.5142836877000056e+16 -2527622272.81681 
213166.14420062682 -5.652224940498947e+16 -2590851406.9552183 
216300.94043887133 -5.793616829915501e+16 -2655662234.467191 
219435.73667711584 -5.938545674530274e+16 -2722094321.82714 
222570.53291536035 -6.087099952205964e+16 -2790188225.2752423 
225705.32915360486 -6.239370354102127e+16 -2859985515.5768 
228840.12539184937 -6.3954498400413896e+16 -2931528803.400815 
231974.9216300939 -6.555433695260742e+16 -3004861765.33341 
235109.7178683384 -6.719419588582378e+16 -3080029170.542016 
238244.5141065829 -6.887507632039575e+16 -3157076908.1066113 
241379.31034482742 -7.059800441994262e+16 -3236052015.034633 
244514.10658307193 -7.236403201783498e+16 -3317002704.9766393 
247648.90282131644 -7.41742372593304e+16 -3399978397.6602874 
250783.69905956095 -7.602972525977213e+16 -3485029749.0606966 
253918.49529780546 -7.793162877925318e+16 -3572208682.3254256 
257053.29153604998 -7.988110891415755e+16 -3661568419.4731445 
260188.0877742945 -8.187935580599853e+16 -3753163513.8852425 
263322.884012539 -8.392758936798947e+16 -3847049883.6102557 
266457.6802507835 -8.602706002979086e+16 -3943284845.5013785 
269592.476489028 -8.817904950088906e+16 -4041927150.2077928 
272727.27272727253 -9.038487155307053e+16 -4143037018.0414534 
275862.06896551704 -9.26458728224678e+16 -4246676175.7411175 
278996.86520376155 -9.496343363166803e+16 -4352907894.156077 
282131.66144200607 -9.733896883238906e+16 -4461797026.872506 
285266.4576802506 -9.97739286692354e+16 -4573410049.805998 
288401.2539184951 -1.0226979966506136e+17 -4687815101.784537 
291536.0501567396 -1.0482810552848048e+17 -4805082026.146745 
294670.8463949841 -1.0745040808407731e+17 -4925282413.380657 
297805.6426332286 -1.10138308225889e+17 -5048489644.829155 
300940.43887147313 -1.1289344689473746e+17 -5174778937.488634 
304075.23510971764 -1.1571750608001187e+17 -5304227389.928384 
307210.03134796215 -1.1861220984650805e+17 -5436914029.358611 
310344.82758620667 -1.2157932538695584e+17 -5572919859.875973 
313479.6238244512 -1.24620664100876e+17 -5712327911.915895 
316614.4200626957 -1.2773808270042416e+17 -5855223292.941976 
319749.2163009402 -1.30933484343899e+17 -6001693239.403388 
322884.0125391847 -1.342088197976042e+17 -6151827169.991991 
326018.8087774292 -1.3756608862677446e+17 -6305716740.23176 
329153.60501567373 -1.4100734041629371e+17 -6463455898.433684 
332288.40125391824 -1.4453467602194925e+17 -6625140943.050475 
335423.19749216276 -1.4815024885298755e+17 -6790870581.465944 
338557.99373040727 -1.518562661867514e+17 -6960745990.25505 
341692.7899686518 -1.5565499051620486e+17 -7134870876.951347 
344827.5862068963 -1.5954874093116557e+17 -7313351543.359593 
347962.3824451408 -1.6353989453409014e+17 -7496296950.4521055 
351097.1786833853 -1.6763088789127574e+17 -7683818784.8884945 
354231.9749216298 -1.718242185203634e+17 -7876031527.199493 
357366.77115987433 -1.76122446415052e+17 -8073052521.67627 
360501.56739811884 -1.805281956079532e+17 -8275002048.008202 
363636.36363636336 -1.8504415577254086e+17 -8482003394.71261 
366771.15987460787 -1.8967308386517558e+17 -8694182934.40135 
369905.9561128524 -1.9441780580820387e+17 -8911670200.930292 
373040.7523510969 -1.9928121821516e+17 -9134597968.478592 
376175.5485893414 -2.0426629015912528e+17 -9363102332.60626 
379310.3448275859 -2.093760649853222e+17 -9597322793.33937 
382445.1410658304 -2.1461366216905203e+17 -9837402340.333717 
385579.93730407493 -2.199822792201088e+17 -10083487540.16876 
388714.73354231945 -2.2548519363483306e+17 -10335728625.825342 
391849.52978056396 -2.311257648969974e+17 -10594279588.401707 
394984.32601880847 -2.369074365287432e+17 -10859298271.123705 
398119.122257053 -2.4283373819282253e+17 -11130946465.706915 
401253.9184952975 -2.4890828784742762e+17 -11409390011.129063 
404388.714733542 -2.5513479395492538e+17 -11694798894.873417 
407523.5109717865 -2.6151705774584253e+17 -11987347356.704763 
410658.307210031 -2.6805897553948566e+17 -12287213995.041342 
413793.10344827553 -2.7476454112261152e+17 -12594581875.987701 
416927.89968652005 -2.8163784818760205e+17 -12909638645.095028 
420062.69592476456 -2.886830928316275e+17 -13232576641.917307 
423197.49216300907 -2.9590457611833165e+17 -13563593017.432915 
426332.2884012536 -3.033067067035929e+17 -13902889854.403786 
429467.0846394981 -3.1089400352697363e+17 -14250674290.745201 
432601.8808777426 -3.1867109857049466e+17 -14607158645.981787 
435736.6771159871 -3.266427396864218e+17 -14972560550.866764 
438871.4733542316 -3.3481379349578976e+17 -15347103080.24383 
442006.26959247614 -3.431892483594348e+17 -15731014889.232437 
445141.06583072065 -3.5177421742334656e+17 -16124530352.819859 
448275.86206896516 -3.605739417402025e+17 -16527889708.945225 
451410.65830720967 -3.695937934689855e+17 -16941339205.162725 
454545.4545454542 -3.788392791546439e+17 -17365131248.97362 
457680.2507836987 -3.883160430897903e+17 -17799524561.919067 
460815.0470219432 -3.980298707604963e+17 -18244784337.52733 
463949.8432601877 -4.0798669237828525e+17 -18701182403.21242 
467084.6394984322 -4.1819258650047546e+17 -19168997386.222282 
470219.43573667674 -4.2865378374108934e+17 -19648514883.73855 
473354.23197492125 -4.393766705745935e+17 -20140027637.231163 
476489.02821316576 -4.5036779323478726e+17 -20643835711.17463 
479623.82445141027 -4.616338617112246e+17 -21160246676.234943 
482758.6206896548 -4.7318175384560986e+17 -21689575797.038902 
485893.4169278993 -4.850185195306608e+17 -22232146224.640633 
489028.2131661438 -4.971513850140117e+17 -22788289193.80262 
492163.0094043883 -5.095877573097782e+17 -23358344225.211685 
495297.8056426328 -5.223352287204754e+17 -23942659332.753647 
498432.60188087734 -5.354015814720596e+17 -24541591235.973 
501567.39811912185 -5.487947924649116e+17 -25155505577.84716 
504702.19435736636 -5.625230381436687e+17 -25784777148.008503 
507836.99059561087 -5.765946994888768e+17 -26429790111.55049 
510971.7868338554 -5.910183671335101e+17 -27090938243.557087 
514106.5830720999 -6.058028466074806e+17 -27768625169.49933 
517241.3793103444 -6.209571637133407e+17 -28463264611.64541 
520376.1755485889 -6.364905700364637e+17 -29175280641.634464 
523510.9717868334 -6.524125485930577e+17 -29905107939.36914 
526645.768025078 -6.687328196194682e+17 -30653192058.38389 
529780.5642633225 -6.85461346506304e+17 -31419989697.85171 
532915.360501567 -7.026083418810028e+17 -32205968981.395313 
536050.1567398115 -7.201842738425555e+17 -33011609742.872623 
539184.952978056 -7.38199872352196e+17 -33837403819.311493 
542319.7492163006 -7.566661357839502e+17 -34683855351.17198 
545454.5454545451 -7.755943376390548e+17 -35551481090.12009 
548589.3416927896 -7.949960334283365e+17 -36440810714.50028 
551724.1379310341 -8.148830677267544e+17 -37352387152.69976 
554858.9341692786 -8.352675814044186e+17 -38286766914.60187 
557993.7304075231 -8.561620190384863e+17 -39244520431.330414 
561128.5266457676 -8.77579136510473e+17 -40226232403.493484 
564263.3228840121 -8.99532008793617e+17 -41232502158.13799 
567398.1191222566 -9.220340379350376e+17 -42263944014.63429 
570532.9153605012 -9.450989612375836e+17 -43321187659.71291 
573667.7115987457 -9.687408596463328e+17 -44404878531.88288 
576802.5078369902 -9.929741663448978e+17 -45515678215.466835 
579937.3040752347 -1.0178136755667647e+18 -46654264844.49276 
583072.1003134792 -1.0432745516270506e+18 -47821333516.68902 
586206.8965517237 -1.0693723381801915e+18 -49017596717.83603 
589341.6927899682 -1.0961229677092186e+18 -50243784756.73274 
592476.4890282127 -1.1235427712524067e+18 -51500646211.0443 
595611.2852664572 -1.1516484883732353e+18 -52788948384.30252 
598746.0815047018 -1.180457277379756e+18 -54109477774.33811 
601880.8777429463 -1.2099867257995973e+18 -55463040553.43139 
605015.6739811908 -1.2402548611170097e+18 -56850463060.4738 
608150.4702194353 -1.271280161778488e+18 -58272592305.44083 
611285.2664576798 -1.303081568473716e+18 -59730296486.48488 
614420.0626959243 -1.3356784956986998e+18 -61224465519.962654 
617554.8589341688 -1.369090843608153e+18 -62756011583.722084 
620689.6551724133 -1.4033390101643812e+18 -64325869673.97916 
623824.4514106578 -1.4384439035900687e+18 -65934998176.12576 
626959.2476489024 -1.4744269551325768e+18 -67584379449.81572 
630094.0438871469 -1.511310132147539e+18 -69275020428.68733 
633228.8401253914 -1.5491159515097533e+18 -71007953235.08797 
636363.6363636359 -1.5878674933595405e+18 -72784235810.17613 
639498.4326018804 -1.6275884151929892e+18 -74604952559.78618 
642633.2288401249 -1.6683029663046597e+18 -76471215016.44888 
645768.0250783694 -1.7100360025915735e+18 -78384162517.97282 
648902.8213166139 -1.7528130017275377e+18 -80344962903.00095 
652037.6175548584 -1.796660078717049e+18 -82354813223.9659 
655172.413793103 -1.8416040018382858e+18 -84414940477.88086 
658307.2100313475 -1.8876722089849252e+18 -86526602355.41101 
661442.006269592 -1.9348928244167547e+18 -88691088008.68373 
664576.8025078365 -1.9832946759292982e+18 -90909718838.30493 
667711.598746081 -2.0329073124529477e+18 -93183849300.06332 
670846.3949843255 -2.0837610220923302e+18 -95514867731.81404 
673981.19122257 -2.1358868506169513e+18 -97904197201.04779 
677115.9874608145 -2.1893166204143844e+18 -100353296373.66142 
680250.783699059 -2.244082949917578e+18 -102863660404.46219 
683385.5799373036 -2.300219273518133e+18 -105436821849.94705 
686520.3761755481 -2.3577598619777336e+18 -108074351603.91527 
689655.1724137926 -2.4167398433501517e+18 -110777859856.48671 
692789.9686520371 -2.4771952244266245e+18 -113548997077.109 
695924.7648902816 -2.539162912717734e+18 -116389455022.15591 
699059.5611285261 -2.602680738985114e+18 -119300967767.73105 
702194.3573667706 -2.6677874803368387e+18 -122285312768.30646 
705329.1536050151 -2.734522883900502e+18 -125344311941.84447 
708463.9498432596 -2.8029276910885356e+18 -128479832782.06284 
711598.7460815042 -2.873043662470476e+18 -131693789498.52458 
714733.5423197487 -2.9449136032674657e+18 -134988144185.247 
717868.3385579932 -3.018581389484484e+18 -138364908018.5437 
721003.1347962377 -3.094091994696291e+18 -141826142484.83224 
724137.9310344822 -3.1714915175034045e+18 -145373960639.1529 
727272.7272727267 -3.250827209674932e+18 -149010528395.17206 
730407.5235109712 -3.332147504995367e+18 -152738065847.45456 
733542.3197492157 -3.4155020488330307e+18 -156558848626.813 
736677.1159874602 -3.5009417284481495e+18 -160475209289.56183 
739811.9122257048 -3.588518704059125e+18 -164489538741.52396 
742946.7084639493 -3.678286440685898e+18 -168604287697.65817 
746081.5047021938 -3.770299740789904e+18 -172821968178.20157 
749216.3009404383 -3.8646147777305324e+18 -177145155042.23563 
752351.0971786828 -3.961289130058481e+18 -181576487559.6173 
755485.8934169273 -4.060381816666993e+18 -186118671022.23157 
758620.6896551718 -4.1619533328224133e+18 -190774478395.54883 
761755.4858934163 -4.266065687096036e+18 -195546752011.4987 
764890.2821316608 -4.372782439219829e+18 -200438405303.6889 
768025.0783699054 -4.482168738889126e+18 -205452424586.0335 
771159.8746081499 -4.594291365535968e+18 -210591870875.87183 
774294.6708463944 -4.709218769097414e+18 -215859881762.69437 
777429.4670846389 -4.827021111803645e+18 -221259673323.6167 
780564.2633228834 -4.947770311011448e+18 -226794542086.76697 
783699.0595611279 -5.071540083109149e+18 -232467867043.7884 
786833.8557993724 -5.198405988519857e+18 -238283111712.68683 
789968.6520376169 -5.328445477830478e+18 -244243826252.27914 
793103.4482758614 -5.461737939074677e+18 -250353649629.53555 
796238.244514106 -5.598364746198586e+18 -256616311841.14017 
799373.0407523505 -5.738409308738981e+18 -263035636190.62292 
802507.836990595 -5.88195712274406e+18 -269615541622.45496 
805642.6332288395 -6.029095822968107e+18 -276360045114.5296 
808777.429467084 -6.179915236371739e+18 -283273264130.4969 
811912.2257053285 -6.334507436960557e+18 -290359419133.43854 
815047.021943573 -6.492966801995579e+18 -297622836162.4284 
818181.8181818175 -6.655390069609777e+18 -305067949473.5436 
821316.614420062 -6.821876397865904e+18 -312699304246.9393 
824451.4106583066 -6.992527425291613e+18 -320521559361.6446 
827586.2068965511 -7.167447332929023e+18 -328539490239.76874 
830721.0031347956 -7.346742907936318e+18 -336757991761.8575 
833855.7993730401 -7.530523608780468e+18 -345182081255.1783 
836990.5956112846 -7.718901632060726e+18 -353816901556.75726 
840125.3918495291 -7.911991981003693e+18 -362667724153.03674 
843260.1880877736 -8.109912535671846e+18 -371739952398.07477 
846394.9843260181 -8.312784124928312e+18 -381039124812.2481 
849529.7805642626 -8.520730600201927e+18 -390570918463.4728 
852664.5768025072 -8.733878911097509e+18 -400341152433.00836 
855799.3730407517 -8.952359182897572e+18 -410355791367.96075 
858934.1692789962 -9.176304796002704e+18 -420620949122.64703 
862068.9655172407 -9.405852467359179e+18 -431142892491.0522 
865203.7617554852 -9.641142333923518e+18 -441928045032.6564 
868338.5579937297 -9.882318038214949e+18 -452982990993.96405 
871473.3542319742 -1.0129526816008036e+19 -464314479328.1346 
874608.1504702187 -1.038291958621885e+19 -475929427815.16046 
877742.9467084632 -1.064265104303975e+19 -487834927285.1154 
880877.7429467078 -1.0908879750378873e+19 -500038245947.04663 
884012.5391849523 -1.1181768238662111e+19 -512546833826.1579 
887147.3354231968 -1.1461483104056599e+19 -525368327311.9868 
890282.1316614413 -1.1748195110176285e+19 -538510553820.35895 
893416.9278996858 -1.2042079292331706e+19 -551981536571.9573 
896551.7241379303 -1.2343315064387553e+19 -565789499490.4355 
899686.5203761748 -1.2652086328293462e+19 -579942872223.0557 
902821.3166144193 -1.2968581586354637e+19 -594450295286.9188 
905956.1128526638 -1.3292994056310843e+19 -609320625343.9279 
909090.9090909084 -1.3625521789294289e+19 -624562940607.7046 
912225.7053291529 -1.396636779073809e+19 -640186546385.7607 
915360.5015673974 -1.431574014430956e+19 -656200980760.319 
918495.2978056419 -1.4673852138943627e+19 -672616020411.2338 
921630.0940438864 -1.5040922399053916e+19 -689441686584.5735 
924764.8902821309 -1.5417175018001048e+19 -706688251210.5032 
927899.6865203754 -1.580283969489975e+19 -724366243174.2108 
931034.4827586199 -1.619815187484834e+19 -742486454743.7067 
934169.2789968645 -1.660335289266605e+19 -761059948158.4215 
937304.075235109 -1.7018690120226048e+19 -780098062382.6096 
940438.8714733535 -1.7444417117473792e+19 -799612420027.69 
943573.667711598 -1.7880793787223173e+19 -819614934447.7528 
946708.4639498425 -1.8328086533825057e+19 -840117817012.5599 
949843.260188087 -1.8786568425805062e+19 -861133584562.4915 
952978.0564263315 -1.925651936256971e+19 -882675067049.9801 
956112.852664576 -1.9738226245282644e+19 -904755415372.0857 
959247.6489028205 -2.0231983152015376e+19 -927388109399.0061 
962382.445141065 -2.073809151727932e+19 -950586966203.4216 
965517.2413793096 -2.1256860316049125e+19 -974366148495.7029 
968652.0376175541 -2.1788606252389646e+19 -998740173270.1418 
971786.8338557986 -2.2333653952801178e+19 -1023723920667.4597 
974921.6300940431 -2.2892336164401103e+19 -1049332643059.0034 
978056.4263322876 -2.3464993958062965e+19 -1075581974358.1782 
981191.2225705321 -2.4051976936637678e+19 -1102487939564.8293 
984326.0188087766 -2.4653643448383103e+19 -1130066964548.3813 
987460.8150470211 -2.5270360805732794e+19 -1158335886075.6858 
990595.6112852657 -2.590250550953745e+19 -1187311962089.7463 
993730.4075235102 -2.6550463478915318e+19 -1217012882245.5427 
996865.2037617547 -2.7214630286852436e+19 -1247456778709.3987 
999999.9999999992 -2.7895411401696485e+19 -1278662237228.533 
