#x u 
0.0 183775.57713762487 0.02834012979465446 
3134.796238244514 269576.2765882106 0.02295137695996853 
6269.592476489028 445340.30356112187 0.021276645110626567 
9404.38871473354 601068.3051290715 0.018650125242138618 
12539.184952978056 733625.942860391 0.015305748539771971 
15673.98119122257 837812.4829269891 0.011369416345048676 
18808.777429467085 909600.8808501404 0.006993431144808581 
21943.5736677116 946215.0360965661 0.002347010101064025 
25078.369905956115 946239.081365607 -0.0023901697590254668 
28213.16614420063 909672.0868016646 -0.007034921818828567 
31347.962382445145 837928.0971018007 -0.011407633641063147 
34482.75862068966 733781.4504185339 -0.01533921257714419 
37617.55485893417 601259.4947786478 -0.018677624575331828 
40752.35109717868 445486.85064327903 -0.021293773333424634 
43887.14733542319 272487.2419724838 -0.02308649244929426 
47021.943573667704 88950.55898167666 -0.023986457522935482 
50156.739811912215 -98025.83973310974 -0.023958866929150245 
53291.53605015673 -281211.5818612895 -0.02300478759545834 
56426.33228840124 -453522.87968055083 -0.021161113744038847 
59561.12852664575 -608296.4599375994 -0.018499140193150562 
62695.92476489026 -739547.2324456894 -0.015121805388427036 
65830.72100313478 -842199.7333612099 -0.011159710775951837 
68965.51724137929 -912284.393234039 -0.006766070447850396 
72100.3134796238 -947091.0401514405 -0.0021107863574672575 
75235.10971786831 -945273.702013054 0.00262612178460098 
78369.90595611282 -906902.6552358249 0.007261477867873985 
81504.70219435733 -833461.7071668459 0.01161603279725433 
84639.49843260185 -727790.8172931495 0.015521396050714932 
87774.29467084636 -593976.2760847074 0.018826547336258003 
90909.09090909087 -437192.68825183436 0.021403676542545703 
94043.88714733538 -263502.8709201851 0.02315312615246875 
97178.68338557989 -79623.4046555309 0.024007244996653375 
100313.4796238244 107335.09652611395 0.023933004322361864 
103448.27586206891 290142.9524112876 0.022933275014472766 
106583.07210031342 461730.9881285357 0.02104671657843983 
109717.86833855794 615463.8989506 0.018346282178255735 
112852.66457680245 745396.8373498023 0.014936397539562078 
115987.46081504696 846505.3000920865 0.010948922809646816 
119122.25705329147 914879.4256419713 0.006538053529094335 
122257.05329153598 947875.1884029927 0.0018743578943772117 
125391.84952978049 944216.6431164246 -0.002861819109714791 
128526.645768025 904045.2656301211 -0.007487329645787224 
131661.44200626953 828914.4820312869 -0.011823305345788125 
134796.23824451404 721729.597701455 -0.015702074145990973 
137931.03448275855 586635.4492355048 -0.018973644161190333 
141065.83072100306 428856.1237219905 -0.021511503866869564 
144200.62695924757 254492.94343590323 -0.02321751429645197 
147335.42319749208 70288.5278703543 -0.02402570407249949 
150470.2194357366 -116633.94318035297 -0.023904820518216054 
153605.0156739811 -299046.1827516769 -0.02285953819577838 
156739.81191222562 -469894.31252724037 -0.020930278056610605 
159874.60815047013 -622571.6100181373 -0.018191643167662315 
163009.40438871464 -751173.7705519103 -0.014749523738049273 
166144.20062695915 -850725.9335902168 -0.010736943080009932 
169278.99686520366 -917369.3535508958 -0.006308652009622877 
172413.79310344817 -948491.0338860505 -0.0016342469733442349 
175548.58934169268 -942771.7948689527 0.0031108165743861447 
178683.3855799372 -900125.1838223251 0.007757147548742701 
181818.1818181817 -821523.7218621994 0.012156087278579215 
184952.97805642622 -708787.436465172 0.016193427483453437 
188087.77429467073 -564533.8889678549 0.01979289125242528 
191222.57053291524 -392561.1243054342 0.02289688938306507 
194357.36677115975 -198778.86326675816 0.02541933141806494 
197492.16300940426 7680.266146745402 0.027187543203792984 
200626.95924764877 214130.41228897808 0.02791761525914547 
203761.75548589329 405860.7379775724 0.0272729462821465 
206896.5517241378 569702.1731291016 0.025014675743848847 
210031.3479623823 698124.8456359765 0.021175394782729673 
213166.14420062682 791149.2963914891 0.01613214463077379 
216300.94043887133 854107.3891880276 0.010489238049203674 
219435.73667711584 892128.4555170984 0.004811598945179535 
222570.53291536035 905150.4834160113 -0.0006166670175284241 
225705.32915360486 887471.3478412696 -0.005823939275215597 
228840.12539184937 832493.5943538056 -0.01094260210107927 
231974.9216300939 738885.8947927176 -0.015933192465154837 
235109.7178683384 612939.0584042859 -0.020480291712239498 
238244.5141065829 465147.48421681754 -0.024150270509748807 
241379.31034482742 304260.99093996733 -0.026662106095987553 
244514.10658307193 134301.74044794607 -0.028019477432575487 
247648.90282131644 -42968.28668079407 -0.028390390012786343 
250783.69905956095 -223050.33578064173 -0.02786850683219693 
253918.49529780546 -396544.2014234726 -0.02636232834684147 
257053.29153604998 -552189.589780327 -0.023721477619670722 
260188.0877742945 -682117.1752473109 -0.019963252527572632 
263322.884012539 -784071.9120241373 -0.015359919677778253 
266457.6802507835 -858556.3578212294 -0.010293245151879338 
269592.476489028 -904125.917544717 -0.005024967094184107 
272727.27272727253 -915940.8729591431 0.0003822579713829976 
275862.06896551704 -889198.1116255017 0.005918554026865247 
278996.86520376155 -823889.4012001401 0.011417612716354828 
282131.66144200607 -725894.7987486396 0.01651301968079766 
285266.4576802506 -603224.6922797028 0.0208142574058 
288401.2539184951 -461271.77790685545 0.024125246333086495 
291536.0501567396 -301922.7566222702 0.026483086262788336 
294670.8463949841 -127275.62206484664 0.027982885425433285 
297805.6426332286 56168.904089697004 0.028578237995055506 
300940.43887147313 237495.56947299553 0.0280709547814046 
304075.23510971764 405816.6902302455 0.026302995167642756 
307210.03134796215 554767.4992872458 0.023349336186065644 
310344.82758620667 682597.9002561439 0.01950799712125451 
313479.6238244512 788022.2909247659 0.015095178334473458 
316614.4200626957 866424.6123079892 0.010256803094665139 
319749.2163009402 910606.6714251314 0.004988993978295803 
322884.0125391847 915448.7463667495 -0.0006609047618622861 
326018.8087774292 881692.9399180312 -0.006431812599792024 
329153.60501567373 814934.5437821465 -0.011903926874397647 
332288.40125391824 720893.6954120302 -0.016721775149083597 
335423.19749216276 601895.6518791165 -0.020759158371610163 
338557.99373040727 458162.40121484577 -0.024060704841033856 
341692.7899686518 292410.15110582823 -0.026629012519911316 
344827.5862068963 112730.72462822351 -0.02828765734498502 
347962.3824451408 -69492.81237295512 -0.028769215333380196 
351097.1786833853 -244690.22016412255 -0.027939385792906543 
354231.9749216298 -408125.7462690042 -0.025923727135599654 
357366.77115987433 -557934.5502145964 -0.023004401383954376 
360501.56739811884 -690509.7821514519 -0.019394511633594624 
363636.36363636336 -798345.413709832 -0.015124588334363944 
366771.15987460787 -872830.8489313347 -0.010156202527167885 
369905.9561128524 -909253.3250336286 -0.004597487911485032 
373040.7523510969 -908904.6060769615 0.001212828211612191 
376175.5485893414 -876189.3953526578 0.00684877760886194 
379310.3448275859 -813837.7375492151 0.012025268365987073 
382445.1410658304 -721261.499637147 0.01667960544060566 
385579.93730407493 -597733.0663371023 0.020829253395943916 
388714.73354231945 -446942.51262401906 0.024363560349826917 
391849.52978056396 -277995.10401776124 0.02699577291556104 
394984.32601880847 -101614.30674819284 0.02843203084852476 
398119.122257053 74678.38643257841 0.028584668627851688 
401253.9184952975 247588.6444837193 0.02760926560336718 
404388.714733542 414470.4548200043 0.025728744362563512 
407523.5109717865 569180.748138864 0.02303004557409309 
410658.307210031 701993.3946170947 0.019445934917159124 
413793.10344827553 803913.3112792873 0.014938111914699332 
416927.89968652005 871081.239838038 0.009684651836341214 
420062.69592476456 904834.0798301307 0.004069044362537357 
423197.49216300907 907514.7662898463 -0.0015243319193128232 
426332.2884012536 878546.8820367767 -0.006900851318073626 
429467.0846394981 814956.7612321436 -0.01204025689373182 
432601.8808777426 715794.4891617009 -0.016900066166506685 
435736.6771159871 585753.682329123 -0.021252975188740884 
438871.4733542316 434084.03136590717 -0.0247371753029468 
442006.26959247614 269794.1113968689 -0.027073841058701108 
445141.06583072065 97999.26729502213 -0.02822934892936174 
448275.86206896516 -78972.04015719856 -0.028356797968164725 
451410.65830720967 -257130.33830815364 -0.02758208073526673 
454545.4545454542 -427980.26401370787 -0.025861540753278355 
457680.2507836987 -580540.3929339094 -0.02306118668286976 
460815.0470219432 -706368.499864974 -0.019172755218754445 
463949.8432601877 -802559.6995772475 -0.014436494378418813 
467084.6394984322 -869794.3620673774 -0.009237244955188495 
470219.43573667674 -907684.7008857462 -0.0038774629092778335 
473354.23197492125 -912465.8157292461 0.0015410013224998777 
476489.02821316576 -879561.8513058234 0.007009887942431091 
479623.82445141027 -808380.2288829765 0.012403201427006462 
482758.6206896548 -704293.2979991586 0.017392298733016273 
485893.4169278993 -575673.5685335841 0.021584973412528907 
489028.2131661438 -428998.640169271 0.024750160490728285 
492163.0094043883 -267021.7847994077 0.02689924625732666 
495297.8056426328 -91736.64582468063 0.02814485258902055 
498432.60188087734 91210.2516481603 0.028490688609128664 
501567.39811912185 271550.31556703954 0.027776973295789868 
504702.19435736636 438150.57481078326 0.025840656551130853 
507836.99059561087 583817.084019044 0.0227221678235603 
510971.7868338554 706360.7624710143 0.018699956750892064 
514106.5830720999 805058.942804544 0.014113650717314734 
517241.3793103444 876461.157293667 0.009157387290822175 
520376.1755485889 914140.148403504 0.003854777713949124 
523510.9717868334 912797.0816696251 -0.0017652251118593705 
526645.768025078 872505.105748979 -0.007484323504730904 
529780.5642633225 798681.5554948247 -0.012904461056513935 
532915.360501567 697818.9281911646 -0.017649295344489502 
536050.1567398115 573409.9348993449 -0.021554029229607263 
539184.952978056 426243.7532181936 -0.024652013021628616 
542319.7492163006 258605.68052312714 -0.026979553415416663 
545454.5454545451 77768.35755039298 -0.028410428971018323 
548589.3416927896 -105122.90624294286 -0.028698974171437994 
551724.1379310341 -279848.42766373476 -0.027689766687042955 
554858.9341692786 -440817.11027659965 -0.02547525800852371 
557993.7304075231 -586054.4478135792 -0.022335900264871443 
561128.5266457676 -712808.9414909183 -0.018524409407346485 
564263.3228840121 -814647.9204611717 -0.0141179945510452 
567398.1191222566 -883318.8178214871 -0.009089286771163206 
570532.9153605012 -913605.6270380641 -0.0035153783446591814 
573667.7115987457 -906221.0248644298 0.0023018356660724896 
576802.5078369902 -865795.3981226593 0.007938246876807307 
579937.3040752347 -796128.7563751689 0.013073367806690965 
583072.1003134792 -697693.9433146421 0.01761043655101726 
586206.8965517237 -569956.3454018616 0.021572990255396225 
589341.6927899682 -415959.4292286823 0.02489471195349915 
592476.4890282127 -244198.60840092067 0.027330706567389097 
595611.2852664572 -65619.20750684633 0.028589519008588 
598746.0815047018 111331.73056426841 0.028551817575507774 
601880.8777429463 282650.5016458846 0.027349192746707766 
605015.6739811908 445944.1636062417 0.02522213296484231 
608150.4702194353 596073.433816136 0.022306763686654688 
611285.2664576798 724118.0707336604 0.01857304925653192 
614420.0626959243 820999.0418860145 0.013976174812132824 
617554.8589341688 882169.237790839 0.00865719795416916 
620689.6551724133 908628.7407502999 0.0029760717160055078 
623824.4514106578 903345.3862031811 -0.0026645754505394475 
626959.2476489024 866944.1541059628 -0.008027337187474608 
630094.0438871469 797243.2522950898 -0.013069366807802272 
633228.8401253914 693114.5045983498 -0.017770950083330263 
636363.6363636359 558546.4551160365 -0.0219520238722503 
639498.4326018804 402527.57884443743 -0.025277422646968 
642633.2288401249 234717.50153139263 -0.027452328311920987 
645768.0250783694 61261.47908679535 -0.028408403450992045 
648902.8213166139 -115082.92571901015 -0.02828973462736475 
652037.6175548584 -290897.7246614633 -0.027256816106853123 
655172.413793103 -458661.62857236475 -0.025316471430722867 
658307.2100313475 -607803.2830541368 -0.022356535666761847 
661442.006269592 -729405.4585537175 -0.018347084014945083 
664576.8025078365 -819860.4722978979 -0.013493339050802543 
667711.598746081 -879856.0340852644 -0.008174853475367751 
670846.3949843255 -909946.5625109937 -0.002729051022184285 
673981.19122257 -907511.0015642814 0.00270028574865512 
677115.9874608145 -868389.2651566488 0.008098210555419628 
680250.783699059 -791517.1772242223 0.013374110181567528 
683385.5799373036 -681675.4496266623 0.01824108789280883 
686520.3761755481 -547401.1174820026 0.02231431878317452 
689655.1724137926 -396146.5694657312 0.025332697738833527 
692789.9686520371 -231617.0244723517 0.027277770639943973 
695924.7648902816 -55883.87006620501 0.028271009517777418 
699059.5611285261 126183.24417838267 0.028362286455963965 
702194.3573667706 305081.77183606767 0.027435218409895948 
705329.1536050151 469634.8537432572 0.02533044001489669 
708463.9498432596 611901.7126184407 0.02205703624961642 
711598.7460815042 729141.1803023658 0.01786811542422824 
714733.5423197487 821013.1292798466 0.01311787520478485 
717868.3385579932 885182.4605496853 0.008045800040013942 
721003.1347962377 916131.4582589689 0.0027088472578319033 
724137.9310344822 908567.4529019842 -0.0028742937695359306 
727272.7272727267 861933.2551062279 -0.008526561201363886 
730407.5235109712 781319.8712766081 -0.01387865314013447 
733542.3197492157 673812.8546560671 -0.01854198413019606 
736677.1159874602 544049.6188671523 -0.022314802748327648 
739811.9122257048 393537.9249062282 -0.025212405310979468 
742946.7084639493 224281.8984872105 -0.02729658823398956 
746081.5047021938 42700.771899814805 -0.02848978685055251 
749216.3009404383 -140497.17927984695 -0.028574657655691685 
752351.0971786828 -314583.34507559275 -0.02738364361496488 
755485.8934169273 -472994.2260363661 -0.024980904530907466 
758620.6896551718 -613346.8234609343 -0.02164337262360437 
761755.4858934163 -733615.5216521597 -0.017655495686024175 
764890.2821316608 -828795.8445817328 -0.013127524345589616 
768025.0783699054 -891727.3035285828 -0.008025912885316877 
771159.8746081499 -917195.2948836092 -0.002386505007355726 
774294.6708463944 -904895.0285449784 0.0035098156898903552 
777429.4670846389 -858136.5855451679 0.009187147569894577 
780564.2633228834 -779903.1494213827 0.014215519157883886 
783699.0595611279 -670890.3213702583 0.018420677042821028 
786833.8557993724 -532070.1983672995 0.021875834466759544 
789968.6520376169 -369236.965985375 0.024704556331216584 
793103.4482758614 -194352.1696564367 0.026898198540745002 
796238.244514106 -21342.153949731284 0.02831213986032228 
799373.0407523505 140409.34693599326 0.028805965198961482 
802507.836990595 289023.8647464953 0.028349516141625668 
805642.6332288395 426878.93442564126 0.026976798536487254 
808777.429467084 554353.1551444831 0.024658357139580072 
811912.2257053285 666473.3118146171 0.02126723110264088 
815047.021943573 755266.8164759014 0.01671494127704203 
818181.8181818175 814956.3903103825 0.011137152392907485 
821316.614420062 844638.552315916 0.004931094900023345 
824451.4106583066 846110.945108613 -0.001417396749671828 
827586.2068965511 819719.9806956861 -0.007565980022996003 
830721.0031347956 763040.5060862006 -0.013390193730564482 
833855.7993730401 673972.5700930469 -0.018840515860984324 
836990.5956112846 554975.6796790366 -0.023743078683682865 
840125.3918495291 413833.42767039983 -0.0277597654717287 
843260.1880877736 259934.7650912751 -0.03055435027201575 
846394.9843260181 99754.62592945764 -0.03199461032252716 
849529.7805642626 -63951.07560147334 -0.03218242721981938 
852664.5768025072 -228636.38430023662 -0.03128400980054258 
855799.3730407517 -388085.40908007056 -0.029341089193330488 
858934.1692789962 -532494.9372926336 -0.02626207145362226 
862068.9655172407 -652679.7423222524 -0.022000964401730785 
865203.7617554852 -744213.0734354337 -0.016732665556484033 
868338.5579937297 -807363.0974300014 -0.010835438873673352 
871473.3542319742 -843077.2902730858 -0.0046926962687536865 
874608.1504702187 -849383.0207619698 0.0014851385306666124 
877742.9467084632 -822088.4426068502 0.0076401363400602365 
880877.7429467078 -759097.0998671761 0.013678761164749984 
884012.5391849523 -663801.7988137403 0.01932363592392808 
887147.3354231968 -543944.6298809426 0.02417050871962198 
890282.1316614413 -407050.64862328547 0.027899471736715503 
893416.9278996858 -257099.4956311652 0.03042655895596559 
896551.7241379303 -95755.7497248513 0.03184354243790204 
899686.5203761748 73347.75417692013 0.032215095408309746 
902821.3166144193 242011.66518440619 0.031450753662560726 
905956.1128526638 399535.2739980848 0.029388542234006214 
909090.9090909084 537524.5163155412 0.026002659432235124 
912225.7053291529 652635.8265839724 0.021515367766120126 
915360.5015673974 744607.9528532975 0.016292255310309194 
918495.2978056419 811865.8598189368 0.010626128253922272 
921630.0940438864 849500.160413458 0.0046302780122752865 
924764.8902821309 851886.6752489696 -0.0016545272028156627 
927899.6865203754 817287.5610287135 -0.008060682726623941 
931034.4827586199 749646.5974458079 -0.014221017242714204 
934169.2789968645 655694.4616392805 -0.01970868840387737 
937304.075235109 540361.6715369818 -0.02425201864348872 
940438.8714733535 405226.0372693289 -0.027807426678869766 
943573.667711598 251484.23854860917 -0.030422105709933193 
946708.4639498425 84141.68528412131 -0.032038023607618066 
949843.260188087 -87195.26742076589 -0.03244898137288219 
952978.0564263315 -251989.39564136407 -0.03145978711956622 
956112.852664576 -403292.5665093806 -0.02908231113450143 
959247.6489028205 -538617.1399064786 -0.025562654057508967 
962382.445141065 -656493.9567446728 -0.021209446733917232 
965517.2413793096 -752572.2839191313 -0.016200541663040947 
968652.0376175541 -819572.3250057716 -0.010566246780825905 
971786.8338557986 -851316.3276894839 -0.004360026495472306 
974921.6300940431 -846738.0441038988 0.002170731569133104 
978056.4263322876 -809751.8204548171 0.008602173651144629 
981191.2225705321 -745170.0607583164 0.014530566092946787 
984326.0188087766 -654962.025055369 0.019750865801245163 
987460.8150470211 -538735.4946392544 0.02423907587137839 
990595.6112852657 -397835.4259834509 0.027966172458074316 
993730.4075235102 -238528.91757004947 0.030743951867245864 
996865.2037617547 -73650.27987944541 0.032404853005168995 
999999.9999999992 183775.57711865782 0.02834012979378505 
