#x u 
0.0 206729.6174968144 0.011331840487496634 
3134.796238244514 305981.85585771635 0.006102390647798356 
6269.592476489028 504660.2941662737 0.005736798677142239 
9404.38871473354 681069.1169177186 0.005023108709289532 
12539.184952978056 831208.2457463956 0.004118256956664169 
15673.98119122257 949202.9341485973 0.003054077148319953 
18808.777429467085 1030492.0093568258 0.0018717980347968547 
21943.5736677116 1071931.985436689 0.0006171365032787163 
25078.369905956115 1071920.3804789246 -0.0006613896795198025 
28213.16614420063 1030457.643231295 -0.0019143399412059124 
31347.962382445145 949147.1366284728 -0.003093262728841267 
34482.75862068966 831133.1357743839 -0.004152569129928801 
37617.55485893417 680979.2389087101 -0.005051295794422788 
40752.35109717868 504491.8931856732 -0.005754688986373633 
43887.14733542319 308495.8595187153 -0.006235548509962495 
47021.943573667704 100570.29925948872 -0.0064752795403423165 
50156.739811912215 -111244.31176781026 -0.006464611685014547 
53291.53605015673 -318757.1082503595 -0.006203957469657878 
56426.33228840124 -513943.5759281077 -0.005703396385771288 
59561.12852664575 -689255.8593444368 -0.004982285117008778 
62695.92476489026 -837914.637213708 -0.004068509016743033 
65830.72100313478 -954171.2785930877 -0.002997403782200274 
68965.51724137929 -1033530.1422865253 -0.0018103890239987343 
72100.3134796238 -1072922.4231689218 -0.0005533665709197169 
75235.10971786831 -1070824.8227977965 0.0007250545525769767 
78369.90595611282 -1027318.455323096 0.0019754378360219127 
81504.70219435733 -944085.7108052005 0.00314943099146654 
84639.49843260185 -824345.1972365247 0.004201635735157974 
87774.29467084636 -672727.2770569972 0.005091363337951042 
90909.09090909087 -495095.0111630215 0.005784208057370089 
94043.88714733538 -298317.43450026267 0.006253377606745488 
97178.68338557989 -90003.93066700546 0.006480729212218707 
100313.4796238244 121790.022744978 0.0064574711933193946 
103448.27586206891 328874.35925229435 0.006184502937013028 
106583.07210031342 523241.1331306138 0.0056723801184309815 
109717.86833855794 697374.1864605001 0.004940906513197048 
112852.66457680245 844539.7987520491 0.004018368185956618 
115987.46081504696 959047.0797351659 0.0029404396690174642 
119122.25705329147 1036468.0359332848 0.0017488044291445216 
122257.05329153598 1073808.8010520411 0.0004895429690211746 
125391.84952978049 1069625.4087083691 -0.0007886491045506208 
128526.645768025 1024079.6305717095 -0.002036344138455887 
131661.44200626953 938932.7206579007 -0.0032052937992834733 
134796.23824451404 817477.3076837448 -0.004250294835081745 
137931.03448275855 664410.0692030698 -0.0051309370838960025 
141065.83072100306 485650.1112120116 -0.0058131661336446715 
144200.62695924757 288110.07647930586 -0.006270600205318808 
147335.42319749208 79428.83283630032 -0.006485550335666997 
150470.2194357366 -132323.92163667752 -0.006449704408928579 
153605.0156739811 -338959.7136180981 -0.006164448586126676 
156739.81191222562 -532487.9425912299 -0.005640813702388944 
159874.60815047013 -705424.8771038583 -0.004899048702677129 
163009.40438871464 -851083.0483228881 -0.003967837517563662 
166144.20062695915 -963829.8242946445 -0.0028831884822087903 
169278.99686520366 -1039304.9737102545 -0.0016870304373729976 
172413.79310344817 -1074587.8202568397 -0.00042552461738103935 
175548.58934169268 -1068303.8294684668 0.0008530117309007402 
178683.3855799372 -1020656.2138880049 0.002100961488276673 
181818.1818181817 -933360.5992606569 0.0032758835659871775 
184952.97805642622 -809459.2170583322 0.004347630072192002 
188087.77429467073 -653019.56839004 0.005307932203307972 
191222.57053291524 -468808.05880536017 0.006178470013764311 
194357.36677115975 -262157.07152978424 0.007007678447670239 
197492.16300940426 -39304.57691192557 0.007843855553862201 
200626.95924764877 191704.1511735281 0.00868090509710647 
203761.75548589329 419984.33044866746 0.009396997775430552 
206896.5517241378 631669.8796631255 0.00973348924692466 
210031.3479623823 811717.7684567935 0.009363050960663673 
213166.14420062682 947687.917187447 0.008048925529367847 
216300.94043887133 1033782.1083567175 0.005817166064159792 
219435.73667711584 1072343.2566819137 0.0030140742392895125 
222570.53291536035 1071046.9170081073 0.00016822684222498122 
225705.32915360486 1037058.4833674975 -0.0022841797317668657 
228840.12539184937 972235.2761650947 -0.004223421623953484 
231974.9216300939 873242.1309957211 -0.005842286720470485 
235109.7178683384 736704.4496239512 -0.007408327133199433 
238244.5141065829 565152.0972181803 -0.0089870398539653 
241379.31034482742 368589.7807787837 -0.010362867114362026 
244514.10658307193 160318.61374898956 -0.01122132819738549 
247648.90282131644 -49144.94928013665 -0.011416345801696806 
250783.69905956095 -254533.73284692105 -0.011070226562223558 
253918.49529780546 -452788.28387474676 -0.010420177111410937 
257053.29153604998 -638064.8898062466 -0.009574887191759755 
260188.0877742945 -800188.5052861079 -0.00842905406730133 
263322.884012539 -928316.447572285 -0.006817354333617362 
266457.6802507835 -1016185.4930450642 -0.004742132815479931 
269592.476489028 -1063699.7136169518 -0.0024349928663020375 
272727.27272727253 -1073432.4612091465 -0.00018732915725802563 
275862.06896551704 -1045880.932922489 0.001873899111821707 
278996.86520376155 -978535.5046415918 0.003832856049406896 
282131.66144200607 -869743.9257454681 0.005808896966623206 
285266.4576802506 -723252.3864614444 0.007746729393735865 
288401.2539184951 -548541.7592234482 0.009396498413365362 
291536.0501567396 -356445.42919994355 0.010507511968747173 
294670.8463949841 -154443.61199301638 0.011034430248843768 
297805.6426332286 53677.535982264264 0.011141385574138738 
300940.43887147313 263737.93580390065 0.011001540490060224 
304075.23510971764 467259.22361861216 0.010604015106862404 
307210.03134796215 652169.0758124532 0.009771564219170286 
310344.82758620667 807688.0923952946 0.008370036276552372 
313479.6238244512 928561.0338536986 0.006488404340805992 
316614.4200626957 1014459.4760558358 0.0043986294175549796 
319749.2163009402 1065423.7467597313 0.0023356303178587116 
322884.0125391847 1078327.852618048 0.0003262311278574404 
326018.8087774292 1048217.8498537417 -0.0017560691686454777 
329153.60501567373 973188.7808642443 -0.003971438294861805 
332288.40125391824 857683.8761331115 -0.006163532702528588 
335423.19749216276 710698.7284805224 -0.00803998412220865 
338557.99373040727 540670.4098266962 -0.009402031623231282 
341692.7899686518 352258.28328405897 -0.010284812870016117 
344827.5862068963 148180.78189225774 -0.010863552663821881 
347962.3824451408 -66086.51498124095 -0.011226619322249132 
351097.1786833853 -279984.28496156086 -0.011255755873165239 
354231.9749216298 -480671.0793103012 -0.010740355926177057 
357366.77115987433 -658325.5543656454 -0.009605888022034303 
360501.56739811884 -808690.8555665398 -0.008015997780718154 
363636.36363636336 -930489.1428904857 -0.006240121993454613 
366771.15987460787 -1020700.5576297897 -0.004424403052522553 
369905.9561128524 -1072905.3382536592 -0.002504691157888799 
373040.7523510969 -1080616.670550479 -0.00035041595386072 
376175.5485893414 -1042229.4674739451 0.0020150216632249685 
379310.3448275859 -962454.0710946261 0.004352281906009252 
382445.1410658304 -848739.8574370532 0.006370925895506374 
385579.93730407493 -706398.4079167603 0.007950985314224498 
388714.73354231945 -537439.418712851 0.009191545835621399 
391849.52978056396 -344169.64277390676 0.010238385890375958 
394984.32601880847 -133547.54584016476 0.011074643066546099 
398119.122257053 82546.68312774594 0.011496755330153931 
401253.9184952975 291700.2118564804 0.011302460054273497 
404388.714733542 485712.0031159753 0.01049408748990932 
407523.5109717865 661026.0900872931 0.009283794316582872 
410658.307210031 814717.7115421746 0.00789507000516349 
413793.10344827553 940554.4443596808 0.006368361488846418 
416927.89968652005 1029544.0560807855 0.004573574154845674 
420062.69592476456 1074622.320834239 0.002414042299121115 
423197.49216300907 1074734.38449841 4.826037705936881e-06 
426332.2884012536 1034149.0052435745 -0.002365041494298426 
429467.0846394981 957799.0800598704 -0.004449744156542695 
432601.8808777426 847555.8088354245 -0.006218228579542893 
435736.6771159871 703296.0289096324 -0.007803164024873573 
438871.4733542316 527520.1563555873 -0.00928435445028486 
442006.26959247614 328490.33122934494 -0.010537374952653411 
445141.06583072065 118367.87007455117 -0.011309113214358167 
448275.86206896516 -91952.57495344518 -0.011442791286375195 
451410.65830720967 -296174.178592277 -0.011017409856531527 
454545.4545454542 -490907.95931269013 -0.010256066911601823 
457680.2507836987 -671062.8470517064 -0.009300014612239447 
460815.0470219432 -827479.7852689914 -0.00808572554904808 
463949.8432601877 -949593.8641073582 -0.006453140649891139 
467084.6394984322 -1030592.0274345123 -0.004369549460555606 
470219.43573667674 -1069872.8440517727 -0.0020315289375672867 
473354.23197492125 -1070406.201025909 0.00026474989530119244 
476489.02821316576 -1033898.3475544683 0.0023513340148271374 
479623.82445141027 -958912.5131197484 0.004278105327015992 
482758.6206896548 -843922.0351342666 0.006173450043743776 
485893.4169278993 -692023.5290647541 0.008025959064582897 
489028.2131661438 -512234.218481571 0.00961991362039924 
492163.0094043883 -315835.8476323244 0.010695230425330281 
495297.8056426328 -111386.59063876166 0.011166164448108359 
498432.60188087734 96620.36119322025 0.01117094224087241 
501567.39811912185 304339.8929457828 0.010901829122232932 
504702.19435736636 504309.593174055 0.010395363651624162 
507836.99059561087 685141.5398562623 0.009503589402868357 
510971.7868338554 835807.8733883935 0.008076031768976442 
514106.5830720999 950309.2427049932 0.006159960404907981 
517241.3793103444 1028086.0831656005 0.0040067792429088755 
520376.1755485889 1069971.1652618116 0.001875786891249039 
523510.9717868334 1074120.3390020726 -0.00016089973971275377 
526645.768025078 1036322.605972381 -0.0022101900345695338 
529780.5642633225 954423.5876169417 -0.0043585879392966835 
532915.360501567 832209.7323713495 -0.006494622361942852 
536050.1567398115 678607.8299385792 -0.008343138557279226 
539184.952978056 502921.4257055383 -0.009678467161927403 
542319.7492163006 310935.6038099448 -0.01049520777054933 
545454.5454545451 105756.66153697358 -0.010959694689920063 
548589.3416927896 -107766.81427587244 -0.011195406657340437 
551724.1379310341 -319988.5937743421 -0.0111295471330472 
554858.9341692786 -518301.34621915343 -0.010562943892838074 
557993.7304075231 -692252.3342354943 -0.00938989576223151 
561128.5266457676 -836873.0645456411 -0.007736355764265849 
564263.3228840121 -951020.0542256153 -0.005870198145823044 
567398.1191222566 -1032740.3527148988 -0.003976398879921242 
570532.9153605012 -1076761.2884003501 -0.0020313566502744695 
573667.7115987457 -1076918.26029199 9.425607629616158e-05 
576802.5078369902 -1031085.581413302 0.002415400331443473 
579937.3040752347 -943485.2258180724 0.0047300322613378 
583072.1003134792 -821945.3325160547 0.006745096470901847 
586206.8965517237 -672928.0681277184 0.008301894221505509 
589341.6927899682 -499429.11772411584 0.009467048398818227 
592476.4890282127 -303773.47280083963 0.010396464660681774 
595611.2852664572 -92135.37204801866 0.011117997611987259 
598746.0815047018 124239.49029810846 0.011463406308179687 
601880.8777429463 332690.35948597116 0.011222527479395521 
605015.6739811908 524145.28637158254 0.010358326644592197 
608150.4702194353 694532.6137453474 0.009056949132235925 
611285.2664576798 841432.8943688553 0.007559836190141201 
614420.0626959243 959788.9232104906 0.005953457514179932 
617554.8589341688 1041448.3985791068 0.004136039976951491 
620689.6551724133 1079240.6561844877 0.001993921101991225 
623824.4514106578 1071472.6619680563 -0.00040067983724616923 
626959.2476489024 1022235.3380084443 -0.0027814142284520167 
630094.0438871469 937257.933955465 -0.004880878664388994 
633228.8401253914 819665.3127813117 -0.006625276455546128 
636363.6363636359 670029.33420224 -0.008129377090893298 
639498.4326018804 490528.40926671616 -0.009500399933127799 
642633.2288401249 288655.78726104536 -0.010660027279328625 
645768.0250783694 76346.69735112335 -0.011374160635643098 
648902.8213166139 -134825.92192591014 -0.011461034422465816 
652037.6175548584 -337633.59233240027 -0.01096026490988351 
655172.413793103 -528483.2737393596 -0.010086005499188247 
658307.2100313475 -703086.8661316469 -0.009013796413668503 
661442.006269592 -853377.4294055986 -0.007724822244924222 
664576.8025078365 -969206.5456798944 -0.006070143769643528 
667711.598746081 -1043297.6208296507 -0.003985516992465301 
670846.3949843255 -1074466.955347917 -0.0016286259457649922 
673981.19122257 -1065898.915150988 0.0007081753522166024 
677115.9874608145 -1020406.4348093325 0.002820771550787374 
680250.783699059 -937714.8644727368 0.004720695352749155 
683385.5799373036 -816613.7105557952 0.006536537494464678 
686520.3761755481 -659639.0103188476 0.0082964903543826 
689655.1724137926 -475230.5888265459 0.009823878609636414 
692789.9686520371 -274911.5978879382 0.01085831471447183 
695924.7648902816 -68224.50978525398 0.011277465713879147 
699059.5611285261 139524.21221322133 0.011188249697625741 
702194.3573667706 344642.51892734214 0.010793127908011348 
705329.1536050151 540630.4772660951 0.010173020077992801 
708463.9498432596 716928.3752240194 0.00921526264051575 
711598.7460815042 862461.7372470493 0.007761741261784361 
714733.5423197487 970545.4887962891 0.005820191108315172 
717868.3385579932 1040251.3412978719 0.0036147679047271834 
721003.1347962377 1073022.2941525679 0.001420560626823731 
724137.9310344822 1068265.7645080585 -0.0006466001810805128 
727272.7272727267 1022671.4649995756 -0.0026671609691185576 
730407.5235109712 934018.6858137235 -0.004746152929628354 
733542.3197492157 805451.2895677955 -0.006816610553102789 
736677.1159874602 645645.5376701665 -0.008627843445447748 
739811.9122257048 464562.50880342344 -0.009933932462676 
742946.7084639493 269077.74884608865 -0.01068766789650059 
746081.5047021938 62869.47309801898 -0.011039608401630461 
749216.3009404383 -149584.85069203956 -0.011145808552774314 
752351.0971786828 -359443.385466571 -0.010986319608976752 
755485.8934169273 -554509.3405594098 -0.010382451411587655 
758620.6896551718 -724138.1677822095 -0.009191588554431751 
761755.4858934163 -863159.1237570973 -0.007475679186568645 
764890.2821316608 -970801.6935551825 -0.005473316099697139 
768025.0783699054 -1045771.6710436613 -0.003414395310151239 
771159.8746081499 -1082746.341775702 -0.0013757580563409978 
774294.6708463944 -1074307.2453539763 0.0006809621748183263 
777429.4670846389 -1016857.5427546764 0.002753986517563344 
780564.2633228834 -914913.7790125458 0.004721125976011545 
783699.0595611279 -779569.6773265976 0.006437136490464307 
786833.8557993724 -622498.3195556358 0.007901562212082158 
789968.6520376169 -450975.4801304862 0.009292212043454793 
793103.4482758614 -268019.79666495504 0.010788789288194546 
796238.244514106 -76477.20172883294 0.012338777654994155 
799373.0407523505 117773.36244712859 0.013602193831405027 
802507.836990595 306746.867073106 0.014153709783441755 
805642.6332288395 483845.86955566297 0.013771802629096656 
808777.429467084 645578.8931431005 0.012556318304556873 
811912.2257053285 789349.9987349228 0.010780650277460651 
815047.021943573 909803.7556922642 0.008638940921242556 
818181.8181818175 998138.6443952621 0.006137975638180846 
821316.614420062 1045820.990116538 0.003222147357236273 
824451.4106583066 1049385.2808613153 -2.249871016652262e-05 
827586.2068965511 1011618.2551376375 -0.00331370665533928 
830721.0031347956 937991.2653791242 -0.0063313383686717075 
833855.7993730401 832044.8051414719 -0.008923958198610872 
836990.5956112846 694448.7106737219 -0.011147603938491655 
840125.3918495291 526555.7969325924 -0.013098000972096614 
843260.1880877736 334513.9276693238 -0.014715492453825349 
846394.9843260181 129386.35769752024 -0.015770814747432953 
849529.7805642626 -77102.36953562433 -0.016049329456532153 
852664.5768025072 -277006.42544458294 -0.015542057979625039 
855799.3730407517 -466422.22977437056 -0.014444023911969089 
858934.1692789962 -641614.108814569 -0.012962201192849552 
862068.9655172407 -795386.0878790331 -0.011134580000357209 
865203.7617554852 -917805.8162733027 -0.008849125567622493 
868338.5579937297 -1000781.2357848394 -0.006040289117428034 
871473.3542319742 -1041903.1300735485 -0.0028533328331238877 
874608.1504702187 -1043695.0342944011 0.0003999403047564011 
877742.9467084632 -1009188.9720423083 0.0034515690148490047 
880877.7429467078 -938548.767011434 0.006237201092826458 
884012.5391849523 -830297.1293309984 0.008842044676960509 
887147.3354231968 -685799.373424753 0.011294668379733617 
890282.1316614413 -512174.8916897333 0.01343002112687831 
893416.9278996858 -320408.73272461176 0.014969756204802944 
896551.7241379303 -120435.19786539135 0.015738880199536037 
899686.5203761748 81892.80314290963 0.015793828850302352 
902821.3166144193 283050.7017551005 0.015329554298710173 
905956.1128526638 477457.2622773886 0.014464740029899677 
909090.9090909084 655381.7866850747 0.013131389428381917 
912225.7053291529 805649.7813037704 0.011184228727558941 
915360.5015673974 920590.5799904522 0.008613305262556714 
918495.2978056419 998287.3366823979 0.005633910291936517 
921630.0940438864 1039990.7476973331 0.002556306907452899 
924764.8902821309 1045596.3489808565 -0.0004313613291637274 
927899.6865203754 1012065.0108578724 -0.0033429319892972005 
931034.4827586199 936510.352603634 -0.006257555604371817 
934169.2789968645 820708.5555273795 -0.009115031574255819 
937304.075235109 672231.7578253257 -0.01166303552071047 
940438.8714733535 500899.7715250244 -0.013616099946934305 
943573.667711598 314112.60035128234 -0.014863193981842998 
946708.4639498425 115752.29593867823 -0.015509236525800517 
949843.260188087 -90452.21555725377 -0.0157099219318134 
952978.0564263315 -296925.39573448605 -0.015475750740948424 
956112.852664576 -492121.70210302406 -0.014652539652729089 
959247.6489028205 -664718.3966198829 -0.0130991076219099 
962382.445141065 -808021.3433002821 -0.010874617024011822 
965517.2413793096 -920242.1172791234 -0.008237122248981786 
968652.0376175541 -1000619.2576299055 -0.005452627731453608 
971786.8338557986 -1045686.4798301273 -0.0026123951874783818 
974921.6300940431 -1049785.8787998515 0.0003532055537003168 
978056.4263322876 -1009404.8362327811 0.0034832388646475515 
981191.2225705321 -926837.328757277 0.0066230929273773265 
984326.0188087766 -809322.4442583793 0.009465880922670896 
987460.8150470211 -664508.7015272086 0.011759378459191871 
990595.6112852657 -496897.4200393372 0.013465405207627332 
993730.4075235102 -308755.59470503987 0.014704824668433855 
996865.2037617547 -107324.65863217079 0.015687647768983327 
999999.9999999992 206729.61747871718 0.011331840486667098 
