#x u 
0.0 104847.3707378465 0.048038650741920895 
3134.796238244514 127647.30082170444 0.04336056600800916 
6269.592476489028 212386.99234883272 0.04007116760679594 
9404.38871473354 286766.4385788965 0.03513379335630255 
12539.184952978056 350109.03881284175 0.028840198363338246 
15673.98119122257 399911.6624219021 0.02143129548379117 
18808.777429467085 434249.750943407 0.013193646732637274 
21943.5736677116 451795.4120062033 0.00444579995904958 
25078.369905956115 451870.1566726065 -0.0044739657776990144 
28213.16614420063 434471.09453018184 -0.013220723378167846 
31347.962382445145 400271.04684503254 -0.021456235961101626 
34482.75862068966 350592.5285415009 -0.028862036476368546 
37617.55485893417 287356.606586551 -0.03515174281718199 
40752.35109717868 213008.61238179362 -0.04008213220847018 
43887.14733542319 130423.58086394174 -0.04346254662504801 
47021.943573667704 42795.07298111457 -0.04516226553232432 
50156.739811912215 -46488.319223150735 -0.045115560845859416 
53291.53605015673 -133974.0093731083 -0.04332423863462304 
56426.33228840124 -216278.92818311008 -0.039857569280355824 
59561.12852664575 -290220.3466559183 -0.03484960879377007 
62695.92476489026 -352938.95212744107 -0.0284940148722201 
65830.72100313478 -402009.4178105715 -0.02103655816175314 
68965.51724137929 -435534.1901168269 -0.012765618312835148 
72100.3134796238 -452216.86700259073 -0.004001032347021777 
75235.10971786831 -451412.3298012805 0.004918273432064905 
78369.90595611282 -433151.6899448368 0.013647389709783877 
81504.70219435733 -398141.08588548814 0.021848761794397934 
84639.49843260185 -347734.37674078904 0.029205242847926395 
87774.29467084636 -283880.7885979506 0.035432357945841875 
90909.09090909087 -209049.53799346037 0.04028930471475242 
94043.88714733538 -126134.34737601518 0.04358826515370548 
97178.68338557989 -38341.544937237166 0.0452016685512343 
100313.4796238244 50933.92401327571 0.04506712464134023 
103448.27586206891 138239.77949178615 0.04318983623340101 
106583.07210031342 220199.90641455684 0.03964239801967223 
109717.86833855794 293644.90887735714 0.03456198934048963 
112852.66457680245 355734.6706098549 0.028145069462867232 
115987.46081504696 404068.18219542026 0.02063978050592449 
119122.25705329147 436776.38804070797 0.012336351791812422 
122257.05329153598 452594.4627051898 0.0035558766856301337 
125391.84952978049 450910.72166693106 -0.00536210407636949 
128526.645768025 431790.2751466064 -0.014072732417920553 
131661.44200626953 395972.5102970158 -0.0222391685752803 
134796.23824451404 344842.4991217691 -0.02954561668183561 
137931.03448275855 280377.4377781494 -0.03570953658577319 
141065.83072100306 205070.18845487683 -0.04049256967015292 
144200.62695924757 121832.88045830259 -0.04370975617421551 
147335.42319749208 33884.29825043977 -0.045236687582357604 
150470.2194357366 -55374.58885963349 -0.0450143174980849 
153605.0156739811 -142492.14210750378 -0.043051244966576765 
156739.81191222562 -224099.52805162972 -0.03942338194984047 
159874.60815047013 -297040.99127193826 -0.03427101781318153 
163009.40438871464 -358495.8873470642 -0.027793394339219745 
166144.20062695915 -406087.75709827855 -0.020241001053512668 
169278.99686520366 -437976.22420202615 -0.011905888801338011 
172413.79310344817 -452928.16249287315 -0.003110376149359816 
175548.58934169268 -450365.38091916265 0.00580541466467744 
178683.3855799372 -430386.98217543884 0.014496710249736745 
181818.1818181817 -393765.53040391067 0.02262741843924899 
184952.97805642622 -341917.17615984846 0.029883124966156974 
188087.77429467073 -276846.8939076896 0.03598325185416794 
191222.57053291524 -201070.94971241342 0.04069190736055233 
194357.36677115975 -117519.59729846948 0.043827007903491956 
197492.16300940426 -29423.76521704466 0.04526731922929281 
200626.95924764877 59809.883074131154 0.04495714453771557 
203761.75548589329 146730.68479509276 0.042908478275743026 
206896.5517241378 227977.41488055204 0.03920054231263793 
210031.3479623823 300408.26446279476 0.033976722432388744 
213166.14420062682 361222.3345361089 0.0274390236092985 
216300.94043887133 408067.94664602424 0.01984025848106013 
219435.73667711584 439133.58223190834 0.01147427109085511 
222570.53291536035 453217.93400099647 0.002664573946104911 
225705.32915360486 449776.3604491012 -0.006248162201491934 
228840.12539184937 428941.9471329307 -0.014919282084767439 
231974.9216300939 391520.360255193 -0.023013473730998022 
235109.7178683384 338958.6915742003 -0.030217734966873275 
238244.5141065829 273289.49940448557 -0.03625347720412134 
241379.31034482742 197052.20964143588 -0.040887298452726366 
244514.10658307193 113194.91623020056 -0.043940008969606245 
247648.90282131644 24960.378452105022 -0.04529356052115931 
250783.69905956095 -64239.376489559174 -0.044895611305283384 
253918.49529780546 -150954.99646974108 -0.04276155000745573 
257053.29153604998 -231833.19079555245 -0.03897390072067931 
260188.0877742945 -303746.40186719305 -0.03367913174102555 
263322.884012539 -363913.7477462398 -0.027081991642563624 
266457.6802507835 -410008.55878542276 -0.019437591655506792 
269592.476489028 -440248.3498813264 -0.011041540521799963 
272727.27272727253 -453463.7491254065 -0.0022185133130173816 
275862.06896551704 -449143.71738425107 0.0066903037459247056 
278996.86520376155 -427455.3101691271 0.015340406938911259 
282131.66144200607 -389237.21760385187 0.02339729700806701 
285266.4576802506 -335967.33230025787 0.030549414231064123 
288401.2539184951 -269705.59929062857 0.03652018642720654 
291536.0501567396 -193014.35800868427 0.04107872399622025 
294670.8463949841 -108859.25669258626 0.04404874841288792 
297805.6426332286 -20494.57084742948 0.045315408912883895 
300940.43887147313 68662.63950096976 0.04482972376874585 
304075.23510971764 155164.6674260695 0.04261047441192717 
307210.03134796215 235666.48183640433 0.038743479155271494 
310344.82758620667 307055.0797358442 0.033378274601259174 
313479.6238244512 366569.86595088796 0.026722333066291407 
316614.4200626957 411909.4052612464 0.01903303963227721 
319749.2163009402 441320.4189164459 0.010607739068837748 
322884.0125391847 453665.58407418657 0.0017722375100662575 
326018.8087774292 448467.5138925699 -0.007131796452972145 
329153.60501567373 425927.21666006336 -0.01576004402300444 
332288.40125391824 386916.3213360771 -0.023778850927602603 
335423.19749216276 332943.37698043755 -0.03087813006377015 
338557.99373040727 266095.5338710225 -0.03678335332195573 
341692.7899686518 188957.83396665216 -0.04126616760395373 
344827.5862068963 104513.16555152787 -0.04415322147913794 
347962.3824451408 16026.776274026062 -0.04533286231957099 
351097.1786833853 -73079.84824048444 -0.044759460580461354 
354231.9749216298 -159360.43682751287 -0.04245521354516165 
357366.77115987433 -239476.3946566553 -0.03850932387177547 
360501.56739811884 -310328.0565325262 -0.03307445158092721 
363636.36363636336 -369181.2563677687 -0.02636050333184579 
366771.15987460787 -413776.14623437973 -0.018626373748323398 
369905.9561128524 -442395.85802614107 -0.010170792355168238 
373040.7523510969 -453891.6361347107 -0.001322662914439833 
376175.5485893414 -447719.77441523946 0.007571312161253516 
379310.3448275859 -424075.88194820075 0.016165229476116434 
382445.1410658304 -384092.3268647039 0.024136757827869514 
385579.93730407493 -329818.32462121 0.031200697210396932 
388714.73354231945 -263659.68899962615 0.037097959273752486 
391849.52978056396 -187471.32916882035 0.04156825280217345 
394984.32601880847 -102274.79400679628 0.04435048994976626 
398119.122257053 -9545.779546065012 0.04525370965455523 
401253.9184952975 86467.99549322568 0.04427332397789356 
404388.714733542 177695.28965514185 0.04164702315834609 
407523.5109717865 254458.43838405964 0.037758263957695055 
410658.307210031 310064.0136551863 0.03292817008072389 
413793.10344827553 344126.56285948324 0.027262626089706064 
416927.89968652005 361686.77441393107 0.020689287366340348 
420062.69592476456 368952.7848217604 0.013146651637988938 
423197.49216300907 369342.1308606132 0.0047568609888737935 
426332.2884012536 362590.45984755317 -0.004144224409081693 
429467.0846394981 346542.70284130063 -0.013101648730681299 
432601.8808777426 319373.1544034141 -0.021656897082021665 
435736.6771159871 280652.889702929 -0.029411318089787135 
438871.4733542316 231275.03843389457 -0.03603735417742385 
442006.26959247614 172983.68901826287 -0.04127119735890185 
445141.06583072065 108005.2375686178 -0.044909184033893164 
448275.86206896516 38850.22648640861 -0.04681053376988235 
451410.65830720967 -31807.121809363485 -0.046901721423705196 
454545.4545454542 -101234.48956004714 -0.045179220771240376 
457680.2507836987 -166747.12232159637 -0.0417096408664014 
460815.0470219432 -225811.6483467276 -0.03662715027081288 
463949.8432601877 -276144.0440022681 -0.030128288759140254 
467084.6394984322 -315797.9569016345 -0.022464367131288333 
470219.43573667674 -343239.9712992856 -0.013931749030526602 
473354.23197492125 -357408.9052363672 -0.004860390569373095 
476489.02821316576 -357756.8464185298 0.00439891906440424 
479623.82445141027 -344270.33996961446 0.013488122616246129 
482758.6206896548 -317470.9087313543 0.02205574082920755 
485893.4169278993 -278394.8859891079 0.029770464137372825 
489028.2131661438 -228553.3404915817 0.03633396439786081 
492163.0094043883 -169873.6434629463 0.04149243123208811 
495297.8056426328 -104624.93720942733 0.045046386866284066 
498432.60188087734 -35330.38744733916 0.04685839993163869 
501567.39811912185 35330.38744731903 0.046858399931638976 
504702.19435736636 104624.93720940824 0.04504638686628488 
507836.99059561087 169873.64346292854 0.04149243123208938 
510971.7868338554 228553.34049156655 0.03633396439786253 
514106.5830720999 278394.88598909613 0.029770464137374934 
517241.3793103444 317470.9087313451 0.022055740829209934 
520376.1755485889 344270.3399696085 0.013488122616248715 
523510.9717868334 357756.84641852824 0.004398919064406945 
526645.768025078 357408.9052363698 -0.004860390569370412 
529780.5642633225 343239.97129929136 -0.013931749030524018 
532915.360501567 315797.956901644 -0.02246436713128597 
536050.1567398115 276144.0440022808 -0.0301282887591382 
539184.952978056 225811.64834674372 -0.036627150270811204 
542319.7492163006 166747.122321615 -0.04170964086640016 
545454.5454545451 101234.48956006696 -0.04517922077123966 
548589.3416927896 31807.121809383374 -0.046901721423704995 
551724.1379310341 -38850.22648638941 -0.046810533769882645 
554858.9341692786 -108005.23756859888 -0.04490918403389394 
557993.7304075231 -172983.68901824506 -0.04127119735890308 
561128.5266457676 -231272.9215719062 -0.03603725714528548 
564263.3228840121 -280617.31850240135 -0.029409687586830234 
567398.1191222566 -319081.5865335726 -0.021643532273763085 
570532.9153605012 -344991.7395397937 -0.013030556099125233 
573667.7115987457 -356584.3805430919 -0.0038689193888491896 
576802.5078369902 -351349.48899994703 0.005581602784714105 
579937.3040752347 -325735.9617813465 0.015127612550841487 
583072.1003134792 -276664.26162161736 0.024586526050375302 
586206.8965517237 -205585.57939321504 0.03361302979287608 
589341.6927899682 -122694.28626072581 0.04151677239129999 
592476.4890282127 -45891.99759399104 0.04731847541868106 
595611.2852664572 8664.915256165754 0.05018935125348861 
598746.0815047018 39136.001356399385 0.05003072562735782 
601880.8777429463 61605.962065079424 0.04764003006014983 
605015.6739811908 97684.46750014937 0.04414007981900924 
608150.4702194353 154567.34887180605 0.04006000915398374 
611285.2664576798 216439.4524314992 0.03493349098672364 
614420.0626959243 257561.06834565444 0.027888588862727732 
617554.8589341688 265859.1496192132 0.01871721779118489 
620689.6551724133 253702.16079665278 0.00835568545056149 
623824.4514106578 244382.43252351618 -0.001749209294812685 
626959.2476489024 247719.22281138957 -0.010773137599273059 
630094.0438871469 249955.06653505098 -0.01899184071464886 
633228.8401253914 228582.74119457652 -0.027115218390124134 
636363.6363636359 176693.20409425013 -0.03518371801814424 
639498.4326018804 111325.47991856576 -0.04219627725193898 
642633.2288401249 56998.580286155906 -0.046873692011309684 
645768.0250783694 21656.518242973314 -0.04876724809725806 
648902.8213166139 -9765.264790634068 -0.048556892209858336 
652037.6175548584 -57471.04227218106 -0.04723257324759515 
655172.413793103 -123505.76745725863 -0.04502379916999594 
658307.2100313475 -187599.56704425745 -0.04120390773631193 
661442.006269592 -226589.8024610027 -0.03497250041211311 
664576.8025078365 -237062.0209369914 -0.026483146693154123 
667711.598746081 -237473.353168344 -0.01692872503185283 
670846.3949843255 -247596.41270461716 -0.0075857654124909185 
673981.19122257 -266952.1428401332 0.0011884554730163324 
677115.9874608145 -274934.15957916563 0.009964879655285974 
680250.783699059 -252494.1117735907 0.01926310768348186 
683385.5799373036 -202576.8822830277 0.02862836655904553 
686520.3761755481 -147808.82401318618 0.036749841866016944 
689655.1724137926 -107854.00031900336 0.04250919918945033 
692789.9686520371 -80211.20163222705 0.04586919576552263 
695924.7648902816 -44579.06615581889 0.04767946695300479 
699059.5611285261 13882.179906124295 0.048613390621148174 
702194.3573667706 86932.23010245363 0.048360760164241554 
705329.1536050151 149870.52715193358 0.04592861180984762 
708463.9498432596 185498.42146318802 0.04073421055278389 
711598.7460815042 200300.28534788635 0.03333880463205896 
714733.5423197487 215912.39295580325 0.025046368761617938 
717868.3385579932 244930.32955248532 0.01678259734775116 
721003.1347962377 276552.8847994497 0.008423382843163596 
724137.9310344822 287190.3147470136 -0.000733272022892913 
727272.7272727267 264897.6692644316 -0.010861953700697813 
730407.5235109712 221953.47088188733 -0.021047681472276338 
733542.3197492157 182367.92274248635 -0.029872120860874336 
736677.1159874602 157452.77157006724 -0.03654569339251256 
739811.9122257048 135110.69508537918 -0.041409009139324715 
742946.7084639493 94048.54456326933 -0.04528963564460988 
746081.5047021938 27898.853224427497 -0.048402163840353174 
749216.3009404383 -46181.004272246486 -0.049957030513890326 
752351.0971786828 -103534.89840322634 -0.04889523787314793 
755485.8934169273 -135873.8051255854 -0.044979557675137 
758620.6896551718 -157967.54174281357 -0.03909574613693993 
761755.4858934163 -190217.56181560282 -0.032445648452695174 
764890.2821316608 -235520.05213227455 -0.025476342907081978 
768025.0783699054 -274810.2846669848 -0.01766374921144571 
771159.8746081499 -286014.17862632754 -0.008367798128895513 
774294.6708463944 -266511.513109345 0.00215228173999727 
777429.4670846389 -235523.52193164843 0.012643190857693205 
780564.2633228834 -213942.54195627623 0.021796516395511008 
783699.0595611279 -202820.66497313383 0.029248327234365094 
786833.8557993724 -183113.81593287011 0.03560311316464356 
789968.6520376169 -136903.2550384013 0.041471420328686254 
793103.4482758614 -67725.42275132849 0.04654612929200109 
796238.244514106 1418.00613860444 0.04969927744568292 
799373.0407523505 50329.960077851036 0.05000570454010276 
802507.836990595 80817.74597549878 0.04762310246082203 
805642.6332288395 112720.34591919754 0.043607021131573664 
808777.429467084 161034.96973474912 0.03885674906191167 
811912.2257053285 218278.330300076 0.03329860205656177 
815047.021943573 260693.63217791455 0.02616002237527057 
818181.8181818175 271826.71077318245 0.017038020180563405 
821316.614420062 258730.27623002636 0.006628357118152505 
824451.4106583066 243809.32249705587 -0.0036626454392501835 
827586.2068965511 240924.7504007747 -0.012828130560725702 
830721.0031347956 240899.122884388 -0.020939455062416536 
833855.7993730401 221651.84263770314 -0.028695124049349267 
836990.5956112846 172274.26973943424 -0.03632936990744442 
840125.3918495291 105694.04789518955 -0.04304192666201316 
843260.1880877736 46577.05100458306 -0.04756060869264167 
846394.9843260181 7143.357965600389 -0.049255325510322974 
849529.7805642626 -23739.65897624855 -0.048640734749215875 
852664.5768025072 -66805.48392001563 -0.04674571988571175 
855799.3730407517 -128529.60490812654 -0.044016718797704295 
858934.1692789962 -192330.88732012326 -0.03990862906949045 
862068.9655172407 -234149.37617326912 -0.03359054734330686 
865203.7617554852 -246080.36688103294 -0.02501858507990529 
868338.5579937297 -243279.08457163454 -0.015240049095143988 
871473.3542319742 -246943.14796013403 -0.0055997603656397586 
874608.1504702187 -261319.76722026724 0.0033283142322220044 
877742.9467084632 -268939.3840554153 0.011974207943162996 
880877.7429467078 -249085.72816423592 0.020939664917708847 
884012.5391849523 -200066.7820081144 0.029990740884495867 
887147.3354231968 -141853.523865964 0.03794889496156145 
890282.1316614413 -96292.37199326023 0.043608180941721336 
893416.9278996858 -65660.5142606302 0.04672613240401112 
896551.7241379303 -32049.304506291384 0.04805736617809539 
899686.5203761748 21858.688827269663 0.048403772516795784 
902821.3166144193 92549.75636586452 0.047686449718409074 
905956.1128526638 157331.05104265246 0.04501825112273 
909090.9090909084 196202.29408187972 0.03970041626261299 
912225.7053291529 211018.62601423857 0.03209252206828748 
915360.5015673974 221874.18324702073 0.023436097726772406 
918495.2978056419 244587.61950368562 0.014810220005911083 
921630.0940438864 273023.42598795483 0.006307474148542212 
924764.8902821309 284870.4558128335 -0.002715627431403861 
927899.6865203754 264813.5319236415 -0.012591175157444724 
931034.4827586199 220739.1986148215 -0.022611332377574886 
934169.2789968645 175940.4613202648 -0.03139904514970966 
937304.075235109 145511.80084008595 -0.038002003892624744 
940438.8714733535 121724.74587624948 -0.042573064051468004 
943573.667711598 83703.31450952709 -0.04593453399475672 
946708.4639498425 21152.22124695932 -0.04849573289710747 
949843.260188087 -52883.82977360335 -0.04967055422898965 
952978.0564263315 -113710.07905914998 -0.048412848182607146 
956112.852664576 -148894.22883509018 -0.04430919913422968 
959247.6489028205 -169335.44673900775 -0.03808025358823947 
962382.445141065 -195939.8786091092 -0.030961407846586388 
965517.2413793096 -235997.96256102048 -0.02360928210753174 
968652.0376175541 -274166.4812831724 -0.015675889379936647 
971786.8338557986 -287577.75930788054 -0.006487466859935735 
974921.6300940431 -269216.40800903493 0.003898466789830077 
978056.4263322876 -235009.80168421738 0.014382759464883757 
981191.2225705321 -207200.51510242376 0.02360106749140548 
984326.0188087766 -191491.12207028543 0.03098481941216109 
987460.8150470211 -171970.7357898156 0.037005646109630884 
990595.6112852657 -129110.82427539321 0.0423606119344918 
993730.4075235102 -61790.18751957461 0.046965111772649316 
996865.2037617547 8028.9689598357 0.049906978366868554 
999999.9999999992 104847.37073697007 0.048038650741880726 
