#x u 
0.0 -123534.88210238391 -0.044680274314365394 
3134.796238244514 -168150.94712204026 -0.03987901493347813 
6269.592476489028 -279073.1169027615 -0.03687301110337359 
9404.38871473354 -376741.34089141985 -0.0323282674648312 
12539.184952978056 -459905.4578546563 -0.02653634577369715 
15673.98119122257 -525283.5148209957 -0.019718194250866565 
18808.777429467085 -570348.9121084264 -0.012137542506994399 
21943.5736677116 -593358.9311184769 -0.0040875322665431015 
25078.369905956115 -593423.7762518785 0.004120542735160274 
28213.16614420063 -570540.9399136661 0.012169276460134177 
31347.962382445145 -525595.3007706089 0.019747424591620467 
34482.75862068966 -460324.9054797824 0.02656194034514854 
37617.55485893417 -377253.7584719902 0.03234930657976882 
40752.35109717868 -279594.2187682764 0.03688572599880825 
43887.14733542319 -171122.77814296045 0.039995775385315034 
47021.943573667704 -56034.02428827388 0.04155918921314076 
50156.739811912215 61221.563778909185 0.04151551031160295 
53291.53605015673 176109.71562098275 0.03986642774264956 
56426.33228840124 284187.70949550776 0.03667571148487891 
59561.12852664575 381276.17228552554 0.03206674645018201 
62695.92476489026 463620.6957456135 0.026217761192517494 
65830.72100313478 528037.0193677783 0.019354935814522613 
68965.51724137929 572034.1656496783 0.011743655589025988 
72100.3134796238 593910.7661276566 0.0036782485176835443 
75235.10971786831 592820.8532494814 -0.004529396324931219 
78369.90595611282 568806.5739168454 -0.01256188953345437 
81504.70219435733 522796.559665808 -0.02010861481150264 
84639.49843260185 456570.01651026757 -0.026877740495502078 
87774.29467084636 372687.92309324443 -0.03260750467727124 
90909.09090909087 274393.99771162274 -0.03707633752997205 
94043.88714733538 165489.26381682843 -0.040111429407355514 
97178.68338557989 50185.06454017245 -0.0415954133881355 
100313.4796238244 -67059.78983279702 -0.041470903851678946 
103448.27586206891 -181711.44393614138 -0.03974271557841264 
106583.07210031342 -289336.32138861687 -0.03647767756239355 
109717.86833855794 -385772.57107312395 -0.0318020487359057 
112852.66457680245 -467291.00580749055 -0.025896635539943744 
115987.46081504696 -530739.3099125342 -0.01898980014400145 
119122.25705329147 -573663.9391746109 -0.011348629687118153 
122257.05329153598 -594404.9993343805 -0.003268608025393716 
125391.84952978049 -592160.4341531825 0.0049378106207812475 
128526.645768025 -567017.0409062194 0.012953284263026206 
131661.44200626953 -519947.11393425637 0.020467854751128126 
134796.23824451404 -452770.846047608 0.027190933846375703 
137931.03448275855 -368085.9417191104 0.03286254026093636 
141065.83072100306 -269167.16392200737 0.03726335312726608 
144200.62695924757 -159839.699133828 0.04022319313015987 
147335.42319749208 -44331.23747816448 0.04162760333629465 
150470.2194357366 72891.51193873187 0.04142227524076319 
153605.0156739811 187295.54854897805 0.039615148875498496 
156739.81191222562 294456.87133313227 0.036276105768452485 
159874.60815047013 390231.5548206523 0.03153426662678919 
163009.40438871464 470915.9945764152 0.025572998242610747 
166144.20062695915 533390.1254846358 0.018622822704037412 
169278.99686520366 575238.0745829951 0.01095250311225858 
172413.79310344817 594841.5828051334 0.002858650519636783 
175548.58934169268 591442.5830152291 -0.005345746011711484 
178683.3855799372 565172.5144437612 -0.013343422688531652 
181818.1818181817 517047.2399359981 -0.020825109568785166 
184952.97805642622 448927.7625630866 -0.027501490021991946 
188087.77429467073 363448.26068333426 -0.03311438859555148 
191222.57053291524 263914.22433592327 -0.03744675465255261 
194357.36677115975 154174.63202998193 -0.040331055714066595 
197492.16300940426 38473.11084912974 -0.041655755935602244 
200626.95924764877 -78716.164493733 -0.04136962919521342 
203761.75548589329 -192861.48787226764 -0.03948374000625713 
206896.5517241378 -299548.86270074314 -0.03607101565295956 
210031.3479623823 -394652.6910633192 -0.03126342609429606 
213166.14420062682 -474495.31047451665 -0.02524688068922611 
216300.94043887133 -535989.2089886388 -0.018254039086781502 
219435.73667711584 -576756.4192036879 -0.01055531428369429 
222570.53291536035 -595220.4741968614 -0.0024484157610844518 
225705.32915360486 -590667.3694580635 0.005753162933169696 
228840.12539184937 -563273.1734251124 0.013732266971498241 
231974.9216300939 -514097.21892198443 0.021180344615293636 
235109.7178683384 -445041.1387869954 0.02780937890234595 
238244.5141065829 -358775.3297820768 0.03336302525502672 
241379.31034482742 -258635.68842179776 0.03762652431821292 
244514.10658307193 -148494.61194485024 0.04043500669777482 
247648.90282131644 -32611.252816950364 0.04167986845561359 
250783.69905956095 84533.18258047721 0.041312970821027396 
253918.49529780546 198408.7220805786 0.03934850171567998 
257053.29153604998 304611.80163294903 0.03586242710705144 
260188.0877742945 399035.55100705253 0.030989553406518378 
263322.884012539 478028.60635360685 0.024918314509050937 
266457.6802507835 538536.3083464493 0.017883485059561166 
269592.476489028 578218.8257765435 0.010157101723697349 
272727.27272727253 595541.6367619133 0.0020379435372982397 
275862.06896551704 589834.8686675568 -0.006160021870888766 
278996.86520376155 561319.2020622297 -0.01411977939896886 
282131.66144200607 511097.33700678643 -0.021533525437365565 
285266.4576802506 441111.3516724778 -0.02811457062612655 
288401.2539184951 354067.60223028745 -0.033608426124763835 
291536.0501567396 253332.06813057672 -0.037802644688872525 
294670.8463949841 142800.1897682469 -0.0405350359993593 
297805.6426332286 26746.2319074143 -0.04169993855772045 
300940.43887147313 -90342.00202208413 -0.04125230561334786 
304075.23510971764 -203936.71316264558 -0.039209447120163776 
307210.03134796215 -309645.1970889779 -0.03565036036116802 
310344.82758620667 -403379.7095701049 -0.03071267512562868 
313479.6238244512 -481515.53952886176 -0.0245873315688318 
316614.4200626957 -541031.176521782 -0.017511196561410897 
319749.2163009402 -579625.1524666988 -0.009757904053828762 
322884.0125391847 -595805.0393515977 -0.001627273658870895 
326018.8087774292 -588945.1613857101 0.006566283364718835 
329153.60501567373 -559310.7898655209 0.014505922387159535 
332288.40125391824 -508047.88514086214 0.021884617780946945 
335423.19749216276 -437138.78235897876 0.02841703559361233 
338557.99373040727 -349325.53461768635 0.033850567403991796 
341692.7899686518 -248003.87784594923 0.03797509868308641 
344827.5862068963 -137091.91778706832 0.04063113391726036 
347962.3824451408 -20878.6169544132 0.04171596429543994 
351097.1786833853 96142.05943621488 0.041187639455958276 
354231.9749216298 209444.92498143786 0.039066589705876155 
357366.77115987433 314648.5609117869 0.03543483598224721 
360501.56739811884 407684.74540769233 0.03043281810606339 
363636.36363636336 484955.7716684354 0.024253963976293143 
366771.15987460787 543473.5713807468 0.017137209707074927 
369905.9561128524 580975.2634161924 0.009357759966537975 
373040.7523510969 596010.6583359077 0.0012164458677080333 
376175.5485893414 587998.3344809562 -0.006971908038954276 
379310.3448275859 557248.1224458108 -0.014890658064329952 
382445.1410658304 504949.13901013636 -0.022233586674476374 
385579.93730407493 433123.8248767988 -0.028716744870234782 
388714.73354231945 344549.7011232553 -0.0340894308454386 
391849.52978056396 242651.80775204487 -0.038143877524064077 
394984.32601880847 131370.15452565483 -0.04072328218800565 
398119.122257053 15007.841589801714 -0.041727892067928 
401253.9184952975 -101934.11645440107 -0.04111891792401308 
404388.714733542 -214930.67082828196 -0.03892004199305686 
407523.5109717865 -319612.02826288226 -0.03521630481184398 
410658.307210031 -411940.45233188476 -0.030150458180049574 
413793.10344827553 -488364.61285232345 -0.023917526990436897 
416927.89968652005 -545928.198727095 -0.016758583943496618 
420062.69592476456 -582342.2543286125 -0.008953351727695763 
423197.49216300907 -596090.1159709871 -0.0008086333750906943 
426332.2884012536 -586631.9801536176 0.00736024039427908 
429467.0846394981 -554619.9868897176 0.015250507108367228 
432601.8808777426 -501818.731284425 0.022581192737873488 
435736.6771159871 -430488.2365944867 0.0290788216641423 
438871.4733542316 -342545.41488197783 0.03445356122667614 
442006.26959247614 -239449.81071080983 0.03840859010544039 
445141.06583072065 -123527.47193200115 0.040714846726695036 
448275.86206896516 -37.03361434045064 0.04131871467928877 
451410.65830720967 122089.0124945334 0.04038739532682081 
454545.4545454542 232401.8605647178 0.03821937851956682 
457680.2507836987 323067.8244547966 0.03506204543335651 
460815.0470219432 391886.926235024 0.030977622661767467 
463949.8432601877 441756.79897677846 0.025869248949624307 
467084.6394984322 477167.67848010233 0.019640246244454204 
470219.43573667674 500671.8421527182 0.012351731990126347 
473354.23197492125 511750.18049746123 0.004267685479947386 
476489.02821316576 508077.2608491631 -0.004212327716791264 
479623.82445141027 487485.16043088096 -0.012654502656169036 
482758.6206896548 449158.81773276784 -0.02065851969692611 
485893.4169278993 393802.7724316071 -0.027879223096944156 
489028.2131661438 323291.06553472904 -0.034025169222407343 
492163.0094043883 240287.5527992563 -0.03885581451514384 
495297.8056426328 147992.76457099573 -0.04218393573669749 
498432.60188087734 49975.100116236295 -0.04388080529762089 
501567.39811912185 -49975.100116208334 -0.04388080529762115 
504702.19435736636 -147992.76457096857 -0.04218393573669825 
507836.99059561087 -240287.55279923027 -0.03885581451514502 
510971.7868338554 -323290.44417358324 -0.03402514074062773 
514106.5830720999 -393791.28473720816 -0.027878696527153426 
517241.3793103444 -449055.0775711866 -0.020653764483779813 
520376.1755485889 -486876.1633588406 -0.012626587614970734 
523510.9717868334 -505468.92620545306 -0.0040927675868879815 
526645.768025078 -503082.4570019701 0.0046649942185337774 
529780.5642633225 -477483.6483785397 0.013414626073370439 
532915.360501567 -426064.45975284657 0.021982701605530317 
536050.1567398115 -347695.4229200609 0.030180808575453417 
539184.952978056 -246382.85815623225 0.03764719833270212 
542319.7492163006 -134129.23498408945 0.04372256081463278 
545454.5454545451 -28669.752640354905 0.04755799515305474 
548589.3416927896 55440.355305361736 0.04852493792606747 
551724.1379310341 116964.86826863041 0.04667842077935001 
554858.9341692786 169570.45654134988 0.042825352460471235 
557993.7304075231 230360.8585118986 0.0379919732007709 
561128.5266457676 303422.47795542894 0.03266025474565618 
564263.3228840121 373735.7185323044 0.026477415265480846 
567398.1191222566 418898.15434330143 0.01878030201441593 
570532.9153605012 428711.1753569029 0.00947913344683849 
573667.7115987457 413601.93995392055 -0.0005710632571868306 
576802.5078369902 393071.37388510635 -0.010114550940407795 
579937.3040752347 375577.52500212495 -0.018430976831458494 
583072.1003134792 350440.75780976133 -0.02571928378598752 
586206.8965517237 300194.9604490595 -0.032542796044752284 
589341.6927899682 220542.23498582764 -0.03892371731106101 
592476.4890282127 127011.0857781343 -0.0440446941287659 
595611.2852664572 41257.84832459565 -0.046880809323947475 
598746.0815047018 -28719.17524272739 -0.047107767769496864 
601880.8777429463 -93792.31784409912 -0.04533919333950979 
605015.6739811908 -168998.37844978413 -0.04244807442329401 
608150.4702194353 -254505.12475524886 -0.038687206626464014 
611285.2664576798 -332382.4218676882 -0.03353171042720202 
614420.0626959243 -382680.09586513264 -0.026404519018344 
617554.8589341688 -402006.76578872616 -0.01751494232995087 
620689.6551724133 -405170.63069397374 -0.007919771597188307 
623824.4514106578 -408242.9452302613 0.0012676703226372058 
626959.2476489024 -410913.23903522035 0.00970089074145491 
630094.0438871469 -396714.1295235383 0.01780387141851208 
633228.8401253914 -350871.4402830771 0.025965653507309266 
636363.6363636359 -276982.779382159 0.0337869731070955 
639498.4326018804 -194948.24236983858 0.04018417573967071 
642633.2288401249 -122274.7473474199 0.04425281422584634 
645768.0250783694 -58332.170410669096 0.04599325481401274 
648902.8213166139 11993.408973658909 0.04614432347720022 
652037.6175548584 99218.26265754562 0.04530687554589791 
655172.413793103 194943.77266402968 0.04328293141612623 
658307.2100313475 277476.83146099036 0.039326071868766535 
661442.006269592 331590.44669550174 0.03303763129513146 
664576.8025078365 361760.247364679 0.024961854925838252 
667711.598746081 385073.98588749813 0.01624777382565811 
670846.3949843255 411373.42412461364 0.007724809883603152 
673981.19122257 431585.4587293166 -0.0006467276409528323 
677115.9874608145 426554.6401737831 -0.009385327159071559 
680250.783699059 387105.84803288954 -0.018582551268101304 
683385.5799373036 324242.36701585515 -0.027448302710419488 
686520.3761755481 258744.1911952109 -0.0347986636961428 
689655.1724137926 201069.58232444146 -0.03998611139773859 
692789.9686520371 142626.5290867868 -0.04330611637821786 
695924.7648902816 67494.46919658498 -0.045463649376221445 
699059.5611285261 -27843.369718597824 -0.04666965435438391 
702194.3573667706 -127621.08844019307 -0.04632381263783227 
705329.1536050151 -210110.35051238508 -0.043620380735308883 
708463.9498432596 -267249.70021042996 -0.03844059730107644 
711598.7460815042 -310068.3961948146 -0.031591602554199634 
714733.5423197487 -354330.57743690186 -0.02413673723501676 
717868.3385579932 -401610.73606209975 -0.01651490857258998 
721003.1347962377 -435788.2031569314 -0.00836572380931199 
724137.9310344822 -438706.962494079 0.0007673377522650053 
727272.7272727267 -408575.98892860103 0.01060802375948232 
730407.5235109712 -361792.1309201129 0.020077609360456012 
733542.3197492157 -316282.6359852783 0.028071088097252013 
736677.1159874602 -273867.7411029578 0.03427658440357596 
739811.9122257048 -220137.90291364468 0.03918981486357373 
742946.7084639493 -141893.8054222457 0.04332105010694297 
746081.5047021938 -43715.65195206487 0.046439280348981316 
749216.3009404383 53859.69803576248 0.047656585826272926 
752351.0971786828 132740.99374405507 0.04626958813041383 
755485.8934169273 193031.76964352356 0.042476488749528356 
758620.6896551718 249698.88054281147 0.0372168813632621 
761755.4858934163 313799.7885535567 0.03130144869895367 
764890.2821316608 378130.501602644 0.02474234741804781 
768025.0783699054 422483.7702359109 0.016980992414667696 
771159.8746081499 433066.51147070597 0.007763889617992594 
774294.6708463944 415725.76164005685 -0.002265762631887932 
777429.4670846389 389133.2372078791 -0.011894986156403903 
780564.2633228834 365132.1662972864 -0.02025568890002328 
783699.0595611279 336915.53411517164 -0.027379123740363585 
786833.8557993724 287433.3935050775 -0.0338213736697395 
789968.6520376169 209129.49397026963 -0.03976738765402244 
793103.4482758614 114182.17186587682 -0.04456780332163512 
796238.244514106 24401.617354159884 -0.0472055574700008 
799373.0407523505 -48687.22132616484 -0.04720951074408671 
802507.836990595 -112748.887686331 -0.04506038867662776 
805642.6332288395 -183300.07228343672 -0.04166609967733809 
808777.429467084 -264188.9456705991 -0.0374593472539458 
811912.2257053285 -340541.0704624561 -0.03206437507631759 
815047.021943573 -391695.27967951156 -0.024878083127138656 
818181.8181818175 -410622.28283054224 -0.015946831496820163 
821316.614420062 -409497.5773151077 -0.006207637504264407 
824451.4106583066 -405649.79908925004 0.0031705727955170875 
827586.2068965511 -402717.2566964879 0.011665192825483818 
830721.0031347956 -386848.55333126977 0.019587850454705246 
833855.7993730401 -341930.2395118094 0.027398908584692704 
836990.5956112846 -267795.5409044208 0.03488357803579106 
840125.3918495291 -182221.82239831885 0.04106895984189874 
843260.1880877736 -104557.34581680948 0.04498066827333032 
846394.9843260181 -38111.77609659169 0.046453393828952944 
849529.7805642626 30283.002746253034 0.04615156042219936 
852664.5768025072 113209.07972119241 0.04478480702796124 
855799.3730407517 206169.61354892584 0.042346851073884334 
858934.1692789962 289130.2997351921 0.03817841788589155 
862068.9655172407 344585.98278024886 0.031785355571355346 
865203.7617554852 373265.3425367003 0.02354658232464185 
868338.5579937297 391070.56206454115 0.014560446619841941 
871473.3542319742 410570.2362718871 0.005782118427172832 
874608.1504702187 426579.8989599652 -0.0026520246579598314 
877742.9467084632 421032.03225934145 -0.011215630665166584 
880877.7429467078 382025.7191739064 -0.020132889994160824 
884012.5391849523 317019.07023042114 -0.028786250028812826 
887147.3354231968 246273.90126076498 -0.036027557120411356 
890282.1316614413 183407.1422761859 -0.04107801990539577 
893416.9278996858 123430.55643711831 -0.04408242063383306 
896551.7241379303 50755.528427168574 -0.045745437011402705 
899686.5203761748 -41371.875611828196 -0.04644116487157721 
902821.3166144193 -140561.4231314747 -0.04573806019139947 
905956.1128526638 -225050.30241099908 -0.042841572001915136 
909090.9090909084 -283396.2104394777 -0.03748897849449904 
912225.7053291529 -323506.86795308965 -0.03035315692490675 
915360.5015673974 -361637.0868877714 -0.022526230835734094 
918495.2978056419 -403037.15873921907 -0.014619116151212103 
921630.0940438864 -434688.31109894975 -0.006414213289560217 
924764.8902821309 -437821.2389837401 0.0025754335946760808 
927899.6865203754 -407090.02869853214 0.012241686376399793 
931034.4827586199 -356262.701352829 0.021634128946628528 
934169.2789968645 -304452.6302785258 0.02960353588158671 
937304.075235109 -257350.2187235012 0.03567273089435286 
940438.8714733535 -203136.43320350052 0.040232267081294563 
943573.667711598 -127290.85264862938 0.04386750669094511 
946708.4639498425 -30623.071900359246 0.04653520472062223 
949843.260188087 68536.5296459395 0.04746332630355768 
952978.0564263315 150396.70532188093 0.04588455997408354 
956112.852664576 211245.52854529637 0.04183491104295073 
959247.6489028205 264157.66067088675 0.03617814927130952 
962382.445141065 322259.95540318196 0.029828515677889047 
965517.2413793096 382274.0242172077 0.02298426540013186 
968652.0376175541 425738.6130978912 0.01517022105720753 
971786.8338557986 436701.032535176 0.006034359396729295 
974921.6300940431 417335.5582309725 -0.003950940834727273 
978056.4263322876 385116.44366022974 -0.013632894443457532 
981191.2225705321 354550.5036847112 -0.022029250916491536 
984326.0188087766 322678.51789558574 -0.02900514688456014 
987460.8150470211 273554.9242093357 -0.03507822317542588 
990595.6112852657 196932.9622467661 -0.04057055263205516 
993730.4075235102 101364.19586852283 -0.04500807997666847 
996865.2037617547 10028.615798074472 -0.04750845511234586 
999999.9999999992 -123534.88210365965 -0.04468027431442387 
