#x u 
0.0 208789.00655282155 0.005843400751867839 
3134.796238244514 308381.79462951643 0.0007633628372742153 
6269.592476489028 508698.3180306954 0.0008173729214917772 
9404.38871473354 686496.6386220802 0.0007092819692710011 
12539.184952978056 837815.5548160351 0.0005768526640741707 
15673.98119122257 956734.6530033645 0.0004220471279959047 
18808.777429467085 1038656.8806631069 0.0002509225432898174 
21943.5736677116 1080414.2739953662 7.009475935383473e-05 
25078.369905956115 1080392.076416822 -0.00011344358645829606 
28213.16614420063 1038591.146294341 -0.0002925950718404625 
31347.962382445145 956627.9244719241 -0.00046043191366234356 
34482.75862068966 837671.926533489 -0.0006104638657637032 
37617.55485893417 686323.1777206393 -0.0007368891965911064 
40752.35109717868 508434.33008026646 -0.0008348190420009605 
43887.14733542319 310884.3405672693 -0.0009004664575045628 
47021.943573667704 101312.46196408072 -0.0009312928593096341 
50156.739811912215 -112177.16681901063 -0.0009261061912872511 
53291.53605015673 -321328.90757783304 -0.0008851070217607889 
56426.33228840124 -518054.8681187026 -0.0008098807873968931 
59561.12852664575 -694747.660649329 -0.0007033364760358589 
62695.92476489026 -844574.5762564344 -0.000569593998524816 
65830.72100313478 -961741.7764490818 -0.00041382353677808185 
68965.51724137929 -1041718.1426974838 -0.00024203653528546932 
72100.3134796238 -1081409.475560544 -6.0806525297651894e-05 
75235.10971786831 -1079274.0127166004 0.0001231745931264169 
78369.90595611282 -1035368.5295112139 0.0003039750234279425 
81504.70219435733 -951310.2201295473 0.0004782990985769597 
84639.49843260185 -830137.1137338674 0.0006491463840517016 
87774.29467084636 -676061.5284128041 0.0008316117558564307 
90909.09090909087 -494155.7192008754 0.0010592443444865322 
94043.88714733538 -290091.76415770256 0.0013856824282527918 
97178.68338557989 -70136.42656320456 0.0018727607418484848 
100313.4796238244 158429.08246503738 0.002557770253335036 
103448.27586206891 386543.5902705455 0.003404020451246572 
106583.07210031342 602768.9363197173 0.00425883051165297 
109717.86833855794 793705.0929400835 0.004858187013546328 
112852.66457680245 946038.6740896978 0.004907100181393591 
115987.46081504696 1049872.027358137 0.004220010582432798 
119122.25705329147 1101723.1206854705 0.0028479286708484137 
122257.05329153598 1105105.9877752939 0.0010968964591300972 
125391.84952978049 1067733.0827576104 -0.0006058560418812408 
128526.645768025 996728.9743714993 -0.0019341545112270472 
131661.44200626953 895061.1041335221 -0.0028264707917126227 
134796.23824451404 761874.3539948062 -0.0034677064417291273 
137931.03448275855 596516.4864758775 -0.004099041307261057 
141065.83072100306 402980.5109608522 -0.004806135252115982 
144200.62695924757 191032.08722667105 -0.005457060295288781 
147335.42319749208 -26897.813445261352 -0.0058325255541914565 
150470.2194357366 -240276.6183756499 -0.005821512873476979 
153605.0156739811 -442542.9763949513 -0.005501913938738882 
156739.81191222562 -629255.2344695311 -0.005041018303837849 
159874.60815047013 -794684.8938731069 -0.004525023060297731 
163009.40438871464 -930608.1206100552 -0.0038901511694133042 
166144.20062695915 -1028674.1380361418 -0.0030191023469896077 
169278.99686520366 -1084025.8599627153 -0.0018967485358982231 
172413.79310344817 -1096584.851024341 -0.000661009172200396 
175548.58934169268 -1068850.051622455 0.0005035226297348061 
178683.3855799372 -1002645.7798601878 0.00151735300480963 
181818.1818181817 -898263.5649823421 0.0024452640833875616 
184952.97805642622 -756845.1815159604 0.003384059252670382 
188087.77429467073 -583386.5124078252 0.0043191056703206394 
191222.57053291524 -387040.0422444529 0.005102179094017478 
194357.36677115975 -178187.47072967282 0.005575157273137708 
197492.16300940426 34894.809402100036 0.005710579427329858 
200626.95924764877 246564.43453405937 0.005622273307970068 
203761.75548589329 451298.5399582416 0.005435691798403286 
206896.5517241378 641108.3577060641 0.005154763178128037 
210031.3479623823 805925.3785914931 0.004665279566506253 
213166.14420062682 936860.8800512408 0.0038708758119358217 
216300.94043887133 1029193.5987186788 0.0028179483991249187 
219435.73667711584 1082190.8076493214 0.0016772912396826386 
222570.53291536035 1096151.8159427058 0.000600673030056007 
225705.32915360486 1069927.7372082497 -0.00039818927604841044 
228840.12539184937 1001608.163722624 -0.0014147217709808268 
231974.9216300939 891670.9029286153 -0.002508812989754896 
235109.7178683384 745237.9117067016 -0.0035982441894164855 
238244.5141065829 570959.858016812 -0.004503919011825119 
241379.31034482742 377539.00256246334 -0.0051008386475881635 
244514.10658307193 171329.93311362152 -0.005417487283517899 
247648.90282131644 -42721.42914242008 -0.005580424919443744 
250783.69905956095 -258084.51727870162 -0.005663419803799594 
253918.49529780546 -465061.2915055462 -0.0056004669058114884 
257053.29153604998 -652603.5285253326 -0.005254450541757644 
260188.0877742945 -811941.5605932634 -0.004569196325176488 
263322.884012539 -938517.4666728667 -0.003644711897385744 
266457.6802507835 -1030473.3670496605 -0.0026559473827113263 
269592.476489028 -1085529.9502914678 -0.001699655671659705 
272727.27272727253 -1099733.8320965604 -0.0007291925877718564 
275862.06896551704 -1069530.3509731402 0.0003556746882086813 
278996.86520376155 -995061.1519630561 0.0015600386698679542 
282131.66144200607 -881236.2238739362 0.0027442638163408858 
285266.4576802506 -735407.6777813069 0.00372731177013936 
288401.2539184951 -563983.2010584149 0.004435941735584556 
291536.0501567396 -371371.9226512705 0.004944503932016056 
294670.8463949841 -162149.51035626495 0.005365005962532485 
297805.6426332286 56098.603286568235 0.0057043439013467236 
300940.43887147313 272541.1213305892 0.005839767840736216 
304075.23510971764 476035.8586258576 0.0056389623164192475 
307210.03134796215 658475.2085233915 0.005098761521131318 
310344.82758620667 815348.5957628861 0.004356682201240396 
313479.6238244512 943240.3275512833 0.0035629178785149115 
316614.4200626957 1037175.2668251316 0.0027468081031797194 
319749.2163009402 1090844.1542986983 0.001817213497096608 
322884.0125391847 1099663.2974871877 0.0006951058620749484 
326018.8087774292 1063588.4784553272 -0.0005625174631803918 
329153.60501567373 986802.7065335051 -0.0017792287724291969 
332288.40125391824 874621.965137959 -0.0028004114107716216 
335423.19749216276 730823.0910255691 -0.003612299923668204 
338557.99373040727 558089.6625774727 -0.004315379253513546 
341692.7899686518 360934.28840731457 -0.004981791163945818 
344827.5862068963 147801.57741418818 -0.005548150358012495 
347962.3824451408 -70123.11959289343 -0.005857631723579034 
351097.1786833853 -282441.97077304154 -0.005807935690649696 
354231.9749216298 -482017.686578834 -0.005450171308898176 
357366.77115987433 -664119.3865167039 -0.004935077179033964 
360501.56739811884 -823464.5587081991 -0.0043632168545119756 
363636.36363636336 -952574.7273668108 -0.003696354104339641 
366771.15987460787 -1043450.7985068384 -0.002822469620661212 
369905.9561128524 -1091043.9225111848 -0.0017050105080855548 
373040.7523510969 -1095062.983373492 -0.00045820567429639514 
376175.5485893414 -1058355.073527927 0.0007321027663069182 
379310.3448275859 -983638.1199953676 0.0017603683955048069 
382445.1410658304 -872032.0319613158 0.0026679331796604236 
385579.93730407493 -724877.5208234438 0.003556073113263636 
388714.73354231945 -546812.5403206163 0.0044386883883790074 
391849.52978056396 -346698.0161045794 0.005191111560265979 
394984.32601880847 -135196.79308039352 0.0056501976061681895 
398119.122257053 78713.53835230105 0.005761576497794307 
401253.9184952975 288926.0903549946 0.005620180761705307 
404388.714733542 490162.88965475536 0.005362158796185963 
407523.5109717865 675181.5610463694 0.0050222153008007515 
410658.307210031 834489.9149768742 0.0045063491641899565 
413793.10344827553 959172.2291494366 0.0037082134872543073 
416927.89968652005 1044130.6822890245 0.002646004462223889 
420062.69592476456 1088571.2859619223 0.0014749956254858092 
423197.49216300907 1093413.7366623436 0.00036139956341524576 
426332.2884012536 1058482.4292251205 -0.0006511868804998755 
429467.0846394981 982502.8136379191 -0.0016439467576895555 
432601.8808777426 865912.2948510048 -0.0026931176070391066 
435736.6771159871 713472.022962049 -0.003746549507890002 
438871.4733542316 533815.3430968832 -0.004637980400546967 
442006.26959247614 336233.50030426646 -0.005225498434363467 
445141.06583072065 127852.65786378973 -0.005509959620377543 
448275.86206896516 -86099.03551276507 -0.005610081540599844 
451410.65830720967 -299517.1596496228 -0.0056214184562732115 
454545.4545454542 -503377.3690469804 -0.005508169429334752 
457680.2507836987 -686897.3769243215 -0.005141829404145869 
460815.0470219432 -841002.8574513823 -0.004445915498966725 
463949.8432601877 -960756.6015658219 -0.003494186938203806 
467084.6394984322 -1044472.9794284982 -0.0024584503388732147 
470219.43573667674 -1090685.719834051 -0.0014599380029396143 
473354.23197492125 -1096343.6858212606 -0.0004793192937065651 
476489.02821316576 -1058259.787206866 0.0005815452660416398 
479623.82445141027 -976355.7109076491 0.0017527271386303458 
482758.6206896548 -855294.4162291435 0.0029203758497275993 
485893.4169278993 -702725.3832208223 0.003903290110114613 
489028.2131661438 -525867.7488611737 0.004602987096271856 
492163.0094043883 -329845.42284056265 0.005071029050437437 
495297.8056426328 -119294.04998836204 0.005424287512342845 
498432.60188087734 98722.07302437298 0.0056985021871960514 
501567.39811912185 313851.5530346827 0.005795027966984554 
504702.19435736636 514877.3390257299 0.005577294479856408 
507836.99059561087 693197.5714574946 0.00501575876963873 
510971.7868338554 844027.3966391312 0.004228888988108429 
514106.5830720999 964363.0843349868 0.0033767816524516896 
517241.3793103444 1050123.960572722 0.0025186391721589356 
520376.1755485889 1095709.7334928773 0.0015829561440891264 
523510.9717868334 1096619.9148780548 0.0004804260302452059 
526645.768025078 1052506.0563445103 -0.0007606751049812795 
529780.5642633225 967512.8421478698 -0.0019805647507045547 
532915.360501567 847552.2150569402 -0.0030117339737393833 
536050.1567398115 697314.9318523757 -0.003811929309515111 
539184.952978056 520036.41075832216 -0.004468205152648803 
542319.7492163006 320079.51778308477 -0.00506943339203985 
545454.5454545451 105385.93220755548 -0.005582768346175205 
548589.3416927896 -113052.89796074432 -0.005865090130755394 
551724.1379310341 -324449.48244692566 -0.0057981997028117155 
554858.9341692786 -521097.5251466494 -0.0054061542939311345 
557993.7304075231 -698175.5933916041 -0.004831678017032414 
561128.5266457676 -851006.5024509213 -0.00419647294535242 
564263.3228840121 -972957.0354831207 -0.003491950320128904 
567398.1191222566 -1056456.7380552464 -0.0026145042357664777 
570532.9153605012 -1096292.9610428165 -0.0015071363916019005 
573667.7115987457 -1091897.13890699 -0.0002572183648278674 
576802.5078369902 -1046343.0608840466 0.0009538118244831234 
579937.3040752347 -963174.1613601604 0.001997447287073217 
583072.1003134792 -844394.1595089502 0.0028889052409796136 
586206.8965517237 -691666.1546623994 0.0037280230768177106 
589341.6927899682 -509329.6775305615 0.004554154963896519 
592476.4890282127 -305878.6160984364 0.005269213254963363 
595611.2852664572 -92113.84087886065 0.005711085203999024 
598746.0815047018 122359.14311863198 0.00580129651831786 
601880.8777429463 330908.35007922625 0.005612526302955983 
605015.6739811908 528382.9223641016 0.0052856332660111294 
608150.4702194353 708248.4972982091 0.004883770322610248 
611285.2664576798 861682.735361638 0.004336901098964239 
614420.0626959243 979881.0831923238 0.0035345611889615967 
617554.8589341688 1057416.2364511131 0.0024685134944835703 
620689.6551724133 1093347.0652943405 0.0012742772423997473 
623824.4514106578 1089090.4917895796 0.00012667096509782106 
626959.2476489024 1045416.095177026 -0.0009021966331732995 
630094.0438871469 961781.914097537 -0.001874796320947161 
633228.8401253914 838702.458365897 -0.00287817897085661 
636363.6363636359 680588.0484476595 -0.0038895484473677596 
639498.4326018804 495939.6700427606 -0.004760393956091968 
642633.2288401249 294509.4178591214 -0.005337323385558495 
645768.0250783694 84177.72835183606 -0.0055938495139853245 
648902.8213166139 -129445.41572655851 -0.005635725728576261 
652037.6175548584 -340582.8439241922 -0.005575176665800147 
655172.413793103 -540902.807315428 -0.005406885635655672 
658307.2100313475 -720018.6250419874 -0.00501633449076035 
661442.006269592 -868667.5740042997 -0.004311534270943748 
664576.8025078365 -981524.8338154706 -0.003339148671920435 
667711.598746081 -1056962.3752435634 -0.0022621990792416084 
670846.3949843255 -1094234.0368993245 -0.0012218450980384424 
673981.19122257 -1091222.582925233 -0.00022733355788311202 
677115.9874608145 -1045234.1016531663 0.0008116985264681473 
680250.783699059 -956057.9418063305 0.0019462441782861174 
683385.5799373036 -828065.1764191246 0.0030901391334748427 
686520.3761755481 -669067.6785472422 0.004067943268106699 
689655.1724137926 -487005.7117882541 0.004759711296951628 
692789.9686520371 -287758.0230800739 0.005191936957885767 
695924.7648902816 -76137.62373541806 0.005480463825539952 
699059.5611285261 141253.14408229967 0.005686604614608397 
702194.3573667706 354616.8465552604 0.00573863039996244 
705329.1536050151 552804.0493801122 0.005501661101994673 
708463.9498432596 726792.6188976009 0.00492260169014099 
711598.7460815042 871463.340627907 0.0040975935572759555 
714733.5423197487 984104.5145470193 0.0031906767508552 
717868.3385579932 1061485.5950526907 0.0022885022512800493 
721003.1347962377 1098800.417414849 0.0013428148008305222 
724137.9310344822 1091761.813230102 0.0002598122066492488 
727272.7272727267 1039757.9685733085 -0.0009591462425602272 
730407.5235109712 946803.9955584898 -0.0021750589301658798 
733542.3197492157 819277.9129436474 -0.003213317640635387 
736677.1159874602 662747.43168154 -0.004004607273801309 
739811.9122257048 481087.26989089255 -0.00461817752211926 
742946.7084639493 278621.1288206007 -0.005154113571592629 
746081.5047021938 62794.27618365531 -0.005609296717350136 
749216.3009404383 -155712.2008886417 -0.005859090806288169 
752351.0971786828 -365850.9633952172 -0.0057747636730037626 
755485.8934169273 -559366.5339010112 -0.005353644058150888 
758620.6896551718 -731248.8746402255 -0.004725382700206522 
761755.4858934163 -877325.4661554302 -0.004027684593350168 
764890.2821316608 -991821.7859133239 -0.003281765854739279 
768025.0783699054 -1067718.5898787545 -0.0023976746850050516 
771159.8746081499 -1099749.448690462 -0.001302728128067712 
774294.6708463944 -1087055.1224787738 -5.665822728739703e-05 
777429.4670846389 -1032816.0927832846 0.0011690647897861176 
780564.2633228834 -941300.6468074287 0.0022275348023607575 
783699.0595611279 -815418.1416417334 0.0031066775529593055 
786833.8557993724 -657270.2142140766 0.0038992941529040186 
789968.6520376169 -470978.88466182566 0.004666113632322787 
793103.4482758614 -264622.27987713105 0.005337410163425406 
796238.244514106 -49001.27373609601 0.0057579162890617624 
799373.0407523505 165745.054190039 0.005828819969467899 
802507.836990595 372424.0874809651 0.005598330064971865 
805642.6332288395 565897.3742231994 0.005206154281401327 
808777.429467084 740278.2488844773 0.004740544441650772 
811912.2257053285 887483.5143225343 0.004158103780824901 
815047.021943573 998955.9153979942 0.003350133887144227 
818181.8181818175 1069007.0634959314 0.0022848544278507303 
821316.614420062 1096485.4325680938 0.001074802991069357 
824451.4106583066 1083184.7036590816 -0.00010274157503707107 
827586.2068965511 1030774.3844282161 -0.0011499808332730865 
830721.0031347956 939520.7683828231 -0.0021072028906431563 
833855.7993730401 810118.215566996 -0.0030657062572775288 
836990.5956112846 646625.6189693218 -0.004028572062690544 
840125.3918495291 457296.23284897575 -0.004868155512542858 
843260.1880877736 252255.37430137233 -0.005427470010971281 
846394.9843260181 40225.72873761679 -0.005660157831106908 
849529.7805642626 -172583.8630589939 -0.005660918941701497 
852664.5768025072 -380648.4743185881 -0.005551643955916528 
855799.3730407517 -576659.8121302527 -0.005341076729374096 
858934.1692789962 -751291.464655473 -0.004908045460561741 
862068.9655172407 -895576.5482625858 -0.0041339649475946455 
865203.7617554852 -1003460.2019359589 -0.003055272127054019 
868338.5579937297 -1071994.8013931145 -0.0018797173216527033 
871473.3542319742 -1099353.4402073538 -0.0008409185416836045 
874608.1504702187 -1083355.8364129358 -2.2664964055802133e-05 
877742.9467084632 -1022693.4682887843 0.0006882277550867839 
880877.7429467078 -919933.6520669952 0.0014876626959719787 
884012.5391849523 -783000.2465835455 0.0024949622983829684 
887147.3354231968 -622883.6616089945 0.0036899078515521795 
890282.1316614413 -448967.77574468433 0.004973676109127371 
893416.9278996858 -265917.29279203503 0.0062557122454245905 
896551.7241379303 -74839.95518293345 0.007462314199325798 
899686.5203761748 122484.05293953013 0.00847283368991105 
902821.3166144193 320285.9569006918 0.009087066418884923 
905956.1128526638 509304.6733999705 0.009100320792900404 
909090.9090909084 680222.1785752296 0.008438287444710934 
912225.7053291529 826507.6618859913 0.007220362730462533 
915360.5015673974 944157.7318900632 0.005675949644211137 
918495.2978056419 1029273.4634116022 0.003982320123164431 
921630.0940438864 1076645.7622443999 0.0021746724784504137 
924764.8902821309 1081270.4360595334 0.00020898873026491387 
927899.6865203754 1041416.1601041611 -0.0018953123644317388 
931034.4827586199 960067.2075483324 -0.003984980437641489 
934169.2789968645 843168.5839605255 -0.005848988562671384 
937304.075235109 696404.0728386287 -0.007361397889062183 
940438.8714733535 523738.053242553 -0.008542028528175346 
943573.667711598 329058.013072537 -0.009473066956949787 
946708.4639498425 118956.17867273073 -0.01016141281240552 
949843.260188087 -96542.92562703288 -0.01049336069485259 
952978.0564263315 -306369.30688448495 -0.010330632424851513 
956112.852664576 -501712.95813148696 -0.009647616429529486 
959247.6489028205 -677094.8021682191 -0.008565831625631928 
962382.445141065 -828395.5392615543 -0.007249163241965701 
965517.2413793096 -950215.4610451051 -0.005769203615181215 
968652.0376175541 -1035610.5975718435 -0.004080818078038244 
971786.8338557986 -1078710.6578360442 -0.002131582267467129 
974921.6300940431 -1077645.8430796666 1.2437506036193325e-05 
978056.4263322876 -1034831.0401981892 0.002159526561192087 
981191.2225705321 -954375.3853703085 0.004114194667689131 
984326.0188087766 -839344.1735454978 0.0058029599332884525 
987460.8150470211 -691690.2914357355 0.007274896724768669 
990595.6112852657 -514805.1230979164 0.008579496040552545 
993730.4075235102 -315756.29223126976 0.009649775140224226 
996865.2037617547 -107591.89243482363 0.010451523481655142 
999999.9999999992 208789.0065135556 0.005843400750067977 
