#x u 
0.0 8637174465.001839 395.8593418822276 
3134.796238244514 -215218362.7306834 -9.91295186977515 
6269.592476489028 6282187.312024846 0.24332261718146916 
9404.38871473354 757694.9869273002 -0.004898475285749633 
12539.184952978056 873325.327014644 0.007023736278940889 
15673.98119122257 810136.9073997285 0.012071279833671136 
18808.777429467085 716223.0435402037 0.016670447529004654 
21943.5736677116 591665.287977156 0.020417389546529937 
25078.369905956115 441463.04213833594 0.023118657674791987 
28213.16614420063 271567.6554352783 0.024640279164310754 
31347.962382445145 88665.739107557 0.02492405592286508 
34482.75862068966 -100282.2893372286 0.023984355881992426 
37617.55485893417 -288502.50112098263 0.021895068566910113 
40752.35109717868 -469693.92699872656 0.018775309622306398 
43887.14733542319 -638072.5314218786 0.014779561624885258 
47021.943573667704 -788271.8309413656 0.010091272244775618 
50156.739811912215 -915288.4195077578 0.004914867869805663 
53291.53605015673 -1014596.0487966221 -0.0005367497339619238 
56426.33228840124 -1082396.937713622 -0.006056438935609204 
59561.12852664575 -1115876.100377082 -0.011452780875161482 
62695.92476489026 -1113357.8551608864 -0.01655251833854321 
65830.72100313478 -1074380.4439100446 -0.02119828091409808 
68965.51724137929 -999774.1340126251 -0.02524771025515709 
72100.3134796238 -891778.0680739579 -0.028577417202371797 
75235.10971786831 -754121.0198891105 -0.031089445936449325 
78369.90595611282 -591947.3260407436 -0.032715088131929845 
81504.70219435733 -411549.22185014916 -0.033413810799770294 
84639.49843260185 -219996.2201741944 -0.03317044863027225 
87774.29467084636 -24800.620614041065 -0.03199573740957101 
90909.09090909087 166323.6811975377 -0.029931451336734714 
94043.88714733538 345678.51971705846 -0.027055726571955326 
97178.68338557989 505882.4396296997 -0.023482641265855468 
100313.4796238244 640271.0719120672 -0.019354606797403105 
103448.27586206891 743286.68700072 -0.014832170263685558 
106583.07210031342 810720.7937235595 -0.010087252033498792 
109717.86833855794 839779.6541249058 -0.005301172816868901 
112852.66457680245 829074.2989208674 -0.0006629323389765972 
115987.46081504696 778658.8018870258 0.003637705042874895 
119122.25705329147 690130.4647647367 0.007422630888252789 
122257.05329153598 566678.7362856988 0.010537751121915651 
125391.84952978049 412960.94302122836 0.012859256887512473 
128526.645768025 234805.14067825643 0.014293338587129254 
131661.44200626953 38869.23712875197 0.01477474390059933 
134796.23824451404 -167612.17615721968 0.014269662426660454 
137931.03448275855 -376988.59036530415 0.01278260261077588 
141065.83072100306 -581380.5060597631 0.01036128710259097 
144200.62695924757 -773000.62125601 0.00709410136046601 
147335.42319749208 -944581.9042286299 0.0031008882882669116 
150470.2194357366 -1089764.9677900271 -0.001476542591946261 
153605.0156739811 -1203318.635526129 -0.006478725943752208 
156739.81191222562 -1281210.598215045 -0.011728667189958247 
159874.60815047013 -1320662.3080247594 -0.017034052269597092 
163009.40438871464 -1320292.212276932 -0.02219632301623323 
166144.20062695915 -1280305.8734380158 -0.0270246202620229 
169278.99686520366 -1202583.7865065418 -0.031347553600246866 
172413.79310344817 -1090563.1806739473 -0.03501774413158043 
175548.58934169268 -948964.9172047611 -0.03791109774979414 
178683.3855799372 -783522.0175761068 -0.039927528085811514 
181818.1818181817 -600813.8503669369 -0.04099738835646026 
184952.97805642622 -408155.244793308 -0.04109074402804017 
188087.77429467073 -213395.63785077387 -0.040222289595292185 
191222.57053291524 -24550.141154279358 -0.038447782756285694 
194357.36677115975 150655.5780179426 -0.03585523377997519 
197492.16300940426 305157.597695229 -0.032558130803586535 
200626.95924764877 432751.4046426449 -0.028694511917168736 
203761.75548589329 528185.153387773 -0.024428350223091658 
206896.5517241378 587297.4997996766 -0.01994620414802273 
210031.3479623823 607262.8959787725 -0.015446135637630212 
213166.14420062682 586847.0850337644 -0.01112334821375805 
216300.94043887133 526510.2377124506 -0.007160098685028469 
219435.73667711584 428295.40425127035 -0.0037229467218240853 
222570.53291536035 295603.8008154045 -0.0009629929612800774 
225705.32915360486 133017.26509412652 0.0009878546225520583 
228840.12539184937 -53777.38119022969 0.0020266360531893558 
231974.9216300939 -258065.1867995378 0.0020898781146283414 
235109.7178683384 -472327.63245537865 0.0011576580155880506 
238244.5141065829 -688643.1324765407 -0.000750657377589713 
241379.31034482742 -899133.8038205296 -0.0035835979778603014 
244514.10658307193 -1096295.1108041862 -0.0072607270973321725 
247648.90282131644 -1273170.0576004563 -0.011670434402775928 
250783.69905956095 -1423482.6931058578 -0.016668039865032024 
253918.49529780546 -1541867.3728568684 -0.0220807729795844 
257053.29153604998 -1624198.8965233164 -0.027720075710420053 
260188.0877742945 -1667882.874009068 -0.033394891648458255 
263322.884012539 -1671959.1392154726 -0.038919195739864056 
266457.6802507835 -1637011.956503715 -0.04411337000194062 
269592.476489028 -1565023.7118517335 -0.04880547851504627 
272727.27272727253 -1459306.9301347958 -0.05283831387236275 
275862.06896551704 -1324507.7845506028 -0.056081508845089514 
278996.86520376155 -1166543.5463366085 -0.058441946061724995 
282131.66144200607 -992355.0470280865 -0.0598665009085713 
285266.4576802506 -809504.7522953282 -0.0603379754024708 
288401.2539184951 -625776.3704384799 -0.059870815000561295 
291536.0501567396 -448903.98620147596 -0.05851193106741043 
294670.8463949841 -286408.91500372364 -0.05634511758550688 
297805.6426332286 -145408.5559304593 -0.05349238095975269 
300940.43887147313 -32301.888903620085 -0.05010742183896509 
304075.23510971764 47613.159548651834 -0.04636349490395206 
307210.03134796215 90433.38545631767 -0.04244263879286571 
310344.82758620667 93751.49107426024 -0.038530917242128176 
313479.6238244512 56614.08080257976 -0.0348174164185939 
316614.4200626957 -20520.77318925975 -0.03149056799319037 
319749.2163009402 -135743.87845481565 -0.028728232959557485 
322884.0125391847 -285637.2757994225 -0.026684797244079343 
326018.8087774292 -465339.3230547121 -0.025482126416650708 
329153.60501567373 -668799.011700257 -0.025207892975151344 
332288.40125391824 -889138.7408864171 -0.025918089112008894 
335423.19749216276 -1118977.1569874363 -0.027637468881037387 
338557.99373040727 -1350642.8318392036 -0.030355301711959486 
341692.7899686518 -1576348.7106162878 -0.034020185714064344 
344827.5862068963 -1788449.3248718209 -0.03854002255232342 
347962.3824451408 -1979815.041634288 -0.04378918168871164 
351097.1786833853 -2144224.7207742003 -0.049618719447052186 
354231.9749216298 -2276639.949321249 -0.055863681696154535 
357366.77115987433 -2373318.6240494787 -0.06234575818218745 
360501.56739811884 -2431852.167021502 -0.06887525061602634 
363636.36363636336 -2451238.063378795 -0.07525746395885566 
366771.15987460787 -2432004.081021845 -0.08130415222045692 
369905.9561128524 -2376287.7572507095 -0.08684537690511618 
373040.7523510969 -2287764.8294854024 -0.09173658683378828 
376175.5485893414 -2171422.3309150403 -0.09586032255975954 
379310.3448275859 -2033277.957476203 -0.099126734676622 
382445.1410658304 -1880148.664564835 -0.10147711792049965 
385579.93730407493 -1719472.9385737234 -0.10289011798337087 
388714.73354231945 -1559101.3969412236 -0.1033861439077167 
391849.52978056396 -1406983.9997041465 -0.10302615692020442 
394984.32601880847 -1270781.2261929354 -0.10190558193758266 
398119.122257053 -1157503.9318371273 -0.10014768787646962 
401253.9184952975 -1073262.3351271614 -0.09789974202794939 
404388.714733542 -1023108.8665664259 -0.09533094241761984 
407523.5109717865 -1010895.8262087967 -0.09262830592123825 
410658.307210031 -1039100.954579033 -0.08998826926472425 
413793.10344827553 -1108661.0782884574 -0.08760585941771946 
416927.89968652005 -1218898.7876837857 -0.08566545154210065 
420062.69592476456 -1367582.6287694694 -0.08433519753211946 
423197.49216300907 -1551078.1485950216 -0.08376349181271073 
426332.2884012536 -1764514.1249580523 -0.08407441029623147 
429467.0846394981 -2001935.068504192 -0.08536126826582481 
432601.8808777426 -2256479.590542828 -0.08768063148624317 
435736.6771159871 -2520636.7885417677 -0.09104971882446676 
438871.4733542316 -2786577.901152001 -0.0954476253062983 
442006.26959247614 -3046501.761323716 -0.10081808847537553 
445141.06583072065 -3292934.4743303107 -0.10707157271102265 
448275.86206896516 -3518979.7708490896 -0.11408695937969013 
451410.65830720967 -3718559.9350035954 -0.12171505014456377 
454545.4545454542 -3886669.3877191264 -0.12978518712904158 
457680.2507836987 -4019608.2915668455 -0.13811368755977482 
460815.0470219432 -4115139.0692578563 -0.1465115631031528 
463949.8432601877 -4172545.091482288 -0.15479055195278169 
467084.6394984322 -4192626.1568079954 -0.16276892146057714 
470219.43573667674 -4177674.8768875403 -0.17027883096282773 
473354.23197492125 -4131431.126576957 -0.17717479802537806 
476489.02821316576 -4058966.4310204657 -0.1833406539036845 
479623.82445141027 -3966465.7696888023 -0.1886930236779269 
482758.6206896548 -3860939.0041502053 -0.19318228601010246 
485893.4169278993 -3749934.567855311 -0.19679379347611653 
489028.2131661438 -3641293.5816538683 -0.19955054812337156 
492163.0094043883 -3542908.776095088 -0.20151516025752791 
495297.8056426328 -3462426.251289986 -0.20278774686323198 
498432.60188087734 -3406887.49280563 -0.20349920395169196 
501567.39811912185 -3382393.0663260655 -0.20380321068383025 
504702.19435736636 -3393879.965354079 -0.20387089424508417 
507836.99059561087 -3445019.2065955475 -0.20388826940346644 
510971.7868338554 -3538146.8171724817 -0.204052388971588 
514106.5830720999 -3674146.7522742115 -0.20456249770105472 
517241.3793103444 -3852311.6246685684 -0.2056075104998682 
520376.1755485889 -4070301.1407014215 -0.20735554802398237 
523510.9717868334 -4324286.266753823 -0.20994989544603196 
526645.768025078 -4609229.659896604 -0.21350952879596935 
529780.5642633225 -4919153.249916026 -0.21812785060266218 
532915.360501567 -5247297.171678262 -0.22386576672846847 
536050.1567398115 -5586233.499043461 -0.23074256228920387 
539184.952978056 -5928092.075081987 -0.23873234111960123 
542319.7492163006 -6264970.61039983 -0.2477698749554987 
545454.5454545451 -6589414.828161397 -0.25776112741239393 
548589.3416927896 -6894765.771680393 -0.26858959712918407 
551724.1379310341 -7175288.42167726 -0.28011491510394415 
554858.9341692786 -7426206.706515807 -0.29216971197710334 
557993.7304075231 -7643849.225816174 -0.30456430404373963 
561128.5266457676 -7825959.76762847 -0.31710175400118695 
564263.3228840121 -7971996.152045295 -0.3295951855868322 
567398.1191222566 -8083180.608150729 -0.34187635820542245 
570532.9153605012 -8162257.24838444 -0.35379322241900446 
573667.7115987457 -8213167.34556686 -0.3652057791907834 
576802.5078369902 -8240897.45730213 -0.375991518090151 
579937.3040752347 -8251526.788602915 -0.38606116465379375 
583072.1003134792 -8252231.6428714655 -0.3953731123058829 
586206.8965517237 -8250989.936692705 -0.40393420722417855 
589341.6927899682 -8256003.617697567 -0.4117871497519111 
592476.4890282127 -8275142.3928958075 -0.4189978832583291 
595611.2852664572 -8315698.06218234 -0.4256557327160306 
598746.0815047018 -8384420.526173864 -0.4318845260576368 
601880.8777429463 -8487510.953542454 -0.4378494570525486 
605015.6739811908 -8630297.68958717 -0.4437468334962309 
608150.4702194353 -8816683.090399379 -0.4497805748534495 
611285.2664576798 -9048748.661103304 -0.4561431442292415 
614420.0626959243 -9326810.76386719 -0.46301434891308585 
617554.8589341688 -9649806.660427788 -0.47057264331324405 
620689.6551724133 -10015586.883901473 -0.4789997460387319 
623824.4514106578 -10420828.50525242 -0.48846582715381814 
626959.2476489024 -10860738.356714038 -0.4991034341058224 
630094.0438871469 -11329009.484077033 -0.5109918738917028 
633228.8401253914 -11818298.063680839 -0.5241648276975779 
636363.6363636359 -12320983.948147219 -0.5386308928874679 
639498.4326018804 -12829691.994982347 -0.5543836400174709 
642633.2288401249 -13337303.315776894 -0.5713893043379514 
645768.0250783694 -13836731.990289679 -0.5895652380163036 
648902.8213166139 -14321009.180307625 -0.6087744016115936 
652037.6175548584 -14783900.503172567 -0.6288466098149825 
655172.413793103 -15220694.631441746 -0.6496102094111739 
658307.2100313475 -15628562.043327251 -0.6709068103746024 
661442.006269592 -16006269.764884584 -0.6925793197870581 
664576.8025078365 -16353667.748039655 -0.7144522878529732 
667711.598746081 -16671571.243066056 -0.7363330347933278 
670846.3949843255 -16962207.56576289 -0.7580410256259044 
673981.19122257 -17229735.130091533 -0.7794425907386981 
677115.9874608145 -17480180.514466275 -0.800460581122324 
680250.783699059 -17720676.578167282 -0.821053111081978 
683385.5799373036 -17958579.471713785 -0.841187347023566 
686520.3761755481 -18201157.42678956 -0.8608395510635344 
689655.1724137926 -18455930.10637339 -0.8800244372685478 
692789.9686520371 -18731020.869246885 -0.8988240785979422 
695924.7648902816 -19034831.030349128 -0.9173842009878513 
699059.5611285261 -19375043.125378706 -0.9358777517461017 
702194.3573667706 -19757694.325169712 -0.9544693567359573 
705329.1536050151 -20187044.81020656 -0.9733136220342511 
708463.9498432596 -20666182.074338 -0.9925844065827634 
711598.7460815042 -21197556.040110234 -1.0124981002554847 
714733.5423197487 -21782731.455392722 -1.0332982490869294 
717868.3385579932 -22421509.600546405 -1.0552086519908501 
721003.1347962377 -23111314.387139864 -1.0783962143839139 
724137.9310344822 -23847554.633601997 -1.1029765336208042 
727272.7272727267 -24624719.242116142 -1.1290514911967773 
730407.5235109712 -25437223.271504264 -1.1567343263889784 
733542.3197492157 -26279298.50430327 -1.1861303415881934 
736677.1159874602 -27144257.16254567 -1.2172888562463546 
739811.9122257048 -28024173.600390818 -1.2501748548302065 
742946.7084639493 -28910645.28363386 -1.284691173888388 
746081.5047021938 -29796176.09358926 -1.3207307730058673 
749216.3009404383 -30675038.45872479 -1.3582071050103506 
752351.0971786828 -31542967.819492824 -1.397033305341078 
755485.8934169273 -32396239.477015615 -1.4370756768236588 
758620.6896551718 -33231322.987310823 -1.4781364157619117 
761755.4858934163 -34045692.99007699 -1.519992169683487 
764890.2821316608 -34839109.24879211 -1.5624568721904806 
768025.0783699054 -35614093.022720024 -1.6054103481220583 
771159.8746081499 -36375075.95188917 -1.6487684165892933 
774294.6708463944 -37127034.17999768 -1.6924313928226484 
777429.4670846389 -37874941.05908596 -1.736271676637711 
780564.2633228834 -38624491.934364825 -1.7801807247030823 
783699.0595611279 -39383163.85332389 -1.8241319178121485 
786833.8557993724 -40160239.77131388 -1.8681959531689358 
789968.6520376169 -40965450.506877124 -1.9124923152927797 
793103.4482758614 -41807329.89664606 -1.957126507896417 
796238.244514106 -42692715.63259603 -2.002178220173255 
799373.0407523505 -43627660.70941808 -2.047752144001253 
802507.836990595 -44618540.23544976 -2.0940353884037495 
805642.6332288395 -45671913.49486171 -2.1412952214485617 
808777.429467084 -46793015.10533222 -2.189811199713004 
811912.2257053285 -47984252.807289205 -2.239804778502034 
815047.021943573 -49245183.47026387 -2.2914339161935673 
818181.8181818175 -50573971.74195321 -2.344853041688955 
821316.614420062 -51968815.94741269 -2.400269189391366 
824451.4106583066 -53427870.15650373 -2.4579272273855897 
827586.2068965511 -54947803.78663237 -2.5180310918457964 
830721.0031347956 -56522652.45196366 -2.5806773227374373 
833855.7993730401 -58144407.96471282 -2.6458678027913174 
836990.5956112846 -59805031.028815866 -2.713587747172667 
840125.3918495291 -61498074.27628529 -2.7838664215920037 
843260.1880877736 -63218478.15698265 -2.856755226512294 
846394.9843260181 -64961009.52477096 -2.932245169584892 
849529.7805642626 -66719270.04764602 -3.010212485034251 
852664.5768025072 -68486641.19540733 -3.090455394120811 
855799.3730407517 -70258486.36181062 -3.172791116219085 
858934.1692789962 -72033531.60441592 -3.2571180082737925 
862068.9655172407 -73813107.41434257 -3.3433824821842766 
865203.7617554852 -75599115.44428998 -3.4314902359280772 
868338.5579937297 -77392910.00254539 -3.5212620023285615 
871473.3542319742 -79196317.40198739 -3.6124896067050862 
874608.1504702187 -81013716.79840489 -3.7050426334506934 
877742.9467084632 -82852883.90766495 -3.7989199020725244 
880877.7429467078 -84723492.44716835 -3.8941946014672997 
884012.5391849523 -86634584.911764 -3.9909126719848076 
887147.3354231968 -88593431.8073664 -4.089054771542469 
890282.1316614413 -90606779.01511388 -4.188607097422248 
893416.9278996858 -92682970.3678474 -4.289671183101275 
896551.7241379303 -94832466.20695087 -4.392498536048804 
899686.5203761748 -97065929.80526434 -4.497411728996971 
902821.3166144193 -99391636.95078532 -4.604692060813225 
905956.1128526638 -101814749.75756156 -4.7145500258093715 
909090.9090909084 -104339085.84696966 -4.827207397615289 
912225.7053291529 -106969356.19609317 -4.942998014055371 
915360.5015673974 -109711248.00157732 -5.062367081523591 
918495.2978056419 -112568901.43906726 -5.185748477731558 
921630.0940438864 -115542063.54431592 -5.313424934456605 
924764.8902821309 -118625634.69077699 -5.445495869101317 
927899.6865203754 -121811953.77474512 -5.581969124750828 
931034.4827586199 -125093451.85637315 -5.722868487732319 
934169.2789968645 -128463112.51293497 -5.8682401957552335 
937304.075235109 -131912749.35500555 -6.0180596300028215 
940438.8714733535 -135431724.61710808 -6.172159163011217 
943573.667711598 -139008528.13840073 -6.330288622451192 
946708.4639498425 -142634678.32235464 -6.492284030758562 
949843.260188087 -146307726.92558616 -6.65819720993687 
952978.0564263315 -150030627.34891614 -6.828260597904896 
956112.852664576 -153808028.42206725 -7.002713021836583 
959247.6489028205 -157642883.11654913 -7.181641984388573 
962382.445141065 -161536234.40109032 -7.364974140408212 
965517.2413793096 -165489721.72219342 -7.552593712070739 
968652.0376175541 -169507701.7292105 -7.744447042805787 
971786.8338557986 -173596639.8508538 -7.940526009294072 
974921.6300940431 -177762720.6189276 -8.140773119423258 
978056.4263322876 -182010831.9623079 -8.345051483587714 
981191.2225705321 -186346701.01450598 -8.553259148763479 
984326.0188087766 -190780350.83109224 -8.765501909599807 
987460.8150470211 -195327094.1950305 -8.982149856870823 
990595.6112852657 -200004292.7661561 -9.203696440297078 
993730.4075235102 -204826277.12994322 -9.430528400659085 
996865.2037617547 -209801315.47345138 -9.662833506967067 
999999.9999999992 -214928551.09752464 -9.900934736418407 
