#x u 
0.0 -33411.3338083537 -0.04966167453725606 
3134.796238244514 -50844.95498860796 -0.04700493119999281 
6269.592476489028 -84888.19683843553 -0.04338198058804525 
9404.38871473354 -114718.28031786652 -0.0380387963866052 
12539.184952978056 -140149.92155794226 -0.031226381518800438 
15673.98119122257 -160160.6342284836 -0.023206382129854822 
18808.777429467085 -173977.9809819136 -0.01428899447030786 
21943.5736677116 -181067.6027327998 -0.004819051725822968 
25078.369905956115 -181155.34518494856 0.004837243617937059 
28213.16614420063 -174237.81530921353 0.014306482881098176 
31347.962382445145 -160582.5138006709 0.023222490835941453 
34482.75862068966 -140717.49080144984 0.031240485694601663 
37617.55485893417 -115410.9262167686 0.03805041181149475 
40752.35109717868 -85641.42421863548 0.04338892952679645 
43887.14733542319 -52560.170648828826 0.0470495985040065 
47021.943573667704 -17446.416693352097 0.04889086077220998 
50156.739811912215 18341.98972653044 0.04884151476900617 
53291.53605015673 53421.11189689615 0.046903468703012124 
56426.33228840124 86434.44110667967 0.04315166676348655 
59561.12852664575 116105.35280305227 0.03773119103054662 
62695.92476489026 141286.47362855435 0.030851651155030857 
65830.72100313478 161004.05031797162 0.02277907875893763 
68965.51724137929 174495.60471092182 0.013825639999755836 
72100.3134796238 181239.4187618122 0.004337564113548978 
75235.10971786831 180974.70936263312 -0.005318245260293626 
78369.90595611282 173711.71281873286 -0.014768398232925981 
81504.70219435733 159731.28901116492 -0.023647457643006912 
84639.49843260185 139574.06055264018 -0.03161207050190268 
87774.29467084636 114019.506925631 -0.03835424544452476 
90909.09090909087 84055.82203174301 -0.04361326274713615 
94043.88714733538 50841.70076011232 -0.04718575635205754 
97178.68338557989 15661.532287199068 -0.048933578027649444 
100313.4796238244 -20124.26721812764 -0.04878913955671493 
103448.27586206891 -55131.86185126244 -0.04675802637104108 
106583.07210031342 -88007.5088690812 -0.0429187815629022 
109717.86833855794 -117479.90788541561 -0.03741986862579335 
112852.66457680245 -142409.36202280544 -0.030473930375129167 
115987.46081504696 -161831.84996010023 -0.02234956605628951 
119122.25705329147 -174996.30461102634 -0.013360944619023308 
122257.05329153598 -181393.65686821836 -0.0038556558126095074 
125391.84952978049 -180776.52129191332 0.005798731100401003 
128526.645768025 -173168.76249825192 0.015228881237684355 
131661.44200626953 -158864.57231521685 0.024070130947004477 
134796.23824451404 -138417.093392552 0.03198058933983936 
137931.03448275855 -112617.02919037332 0.03865435920284689 
141065.83072100306 -82462.0674976254 0.04383336603487929 
144200.62695924757 -49118.29987211438 0.04731733778100318 
147335.42319749208 -13875.128911318212 0.048971549347478424 
150470.2194357366 21904.592911382362 0.04873203241751045 
153605.0156739811 56837.2647152051 0.046608049104340625 
156739.81191222562 89572.04102082046 0.04268173378557623 
159874.60815047013 118843.06890871408 0.037104916969016986 
163009.40438871464 143518.43851754637 0.030093254011000974 
166144.20062695915 162643.95396805415 0.021917885729574163 
169278.99686520366 175480.03209204206 0.012894953396347178 
172413.79310344817 181530.30209361302 0.003373373562023181 
175548.58934169268 180560.80019449533 -0.00627865453723571 
178683.3855799372 172609.01700705822 -0.015687887234369993 
181818.1818181817 157982.44777333998 -0.024490469753991696 
184952.97805642622 137246.70153230667 -0.032346006466764665 
188087.77429467073 111203.62902740586 -0.03895072397951839 
191222.57053291524 80860.31526829896 -0.04404921803922385 
194357.36677115975 47390.14007068327 -0.047444329802775964 
197492.16300940426 12087.463234817178 -0.049004767225605504 
200626.95924764877 -23681.95451717823 -0.04867016040378178 
203761.75548589329 -58531.14648972207 -0.046453276028394226 
206896.5517241378 -91094.76581394266 -0.042439028276256126 
210031.3479623823 -120047.48503985163 -0.036779618439521815 
213166.14420062682 -144070.1294058124 -0.029684747731126594 
216300.94043887133 -161740.3703020027 -0.021406159486553125 
219435.73667711584 -171377.86624917897 -0.012218284730818105 
222570.53291536035 -170994.89751395019 -0.0024023886624945385 
225705.32915360486 -158634.62643444777 0.00775232409966524 
228840.12539184937 -133344.8146813731 0.017918728646272745 
231974.9216300939 -96644.0895126928 0.027678907261261043 
235109.7178683384 -53653.759300081176 0.03648573860512492 
238244.5141065829 -12616.738039997057 0.04369702854644245 
241379.31034482742 17951.0275185427 0.048716304970919916 
244514.10658307193 33552.9214032079 0.05119754063998934 
247648.90282131644 36736.27976525611 0.051189205372667586 
250783.69905956095 36058.69220231318 0.0490895245862715 
253918.49529780546 40733.684077426646 0.04540081888211327 
257053.29153604998 54327.71025796706 0.04043749522037551 
260188.0877742945 72388.97908256273 0.034211521189957524 
263322.884012539 86230.35021640561 0.02659747066420118 
266457.6802507835 89959.39877950033 0.01764421784688702 
269592.476489028 84802.31825635364 0.0077608006065865405 
272727.27272727253 77015.53484895805 -0.0023929503752664312 
275862.06896551704 71529.0966974803 -0.012212210036645256 
278996.86520376155 67442.66584059081 -0.021368262266773942 
282131.66144200607 59602.50134781076 -0.029750521916180366 
285266.4576802506 44442.364317586995 -0.03721221254664889 
288401.2539184951 24064.925070103927 -0.0433952811597946 
291536.0501567396 4440.540364889966 -0.04782308097914659 
294670.8463949841 -10315.52789434098 -0.05017053993379696 
297805.6426332286 -21610.327196352722 -0.05043753348207801 
300940.43887147313 -34206.34036007582 -0.048852058900141396 
304075.23510971764 -50556.21563898529 -0.045610177250317935 
307210.03134796215 -67621.24290310212 -0.0407269453127104 
310344.82758620667 -79528.314637579 -0.034152236145027604 
313479.6238244512 -83282.23589226793 -0.0260241064515707 
316614.4200626957 -81544.09337162698 -0.01678550294274118 
319749.2163009402 -79573.60559079202 -0.007031694772852574 
322884.0125391847 -79565.08943548641 0.0027630488368763917 
326018.8087774292 -78338.1590847086 0.012365762164980828 
329153.60501567373 -70808.1577276536 0.021640352440897404 
332288.40125391824 -55579.1432398356 0.03030550557738414 
335423.19749216276 -36769.010088328796 0.03786437950841478 
338557.99373040727 -20136.90456590867 0.04379402839200318 
341692.7899686518 -7570.025533670225 0.04780812909312437 
344827.5862068963 4294.478950228717 0.04992787727465091 
347962.3824451408 19890.03041587361 0.05029555064684347 
351097.1786833853 39405.697499742586 0.0489332415624375 
354231.9749216298 57949.0031961941 0.045703962826170536 
357366.77115987433 70088.23446793325 0.040516482002298654 
360501.56739811884 75018.97333487228 0.0335560434607645 
363636.36363636336 76944.32674378241 0.02529320798916655 
366771.15987460787 80290.33380387959 0.016253791555940412 
369905.9561128524 84803.7675299077 0.006781671745777021 
373040.7523510969 85695.30178932555 -0.002968396385852671 
376175.5485893414 78678.94047137792 -0.01281425800040312 
379310.3448275859 64606.75327141347 -0.022348553763070104 
382445.1410658304 48822.09852547024 -0.03098260888137305 
385579.93730407493 35905.11932256119 -0.0382005803195362 
388714.73354231945 25323.154672086283 -0.04377066119437248 
391849.52978056396 12539.812980641109 -0.04770415149942859 
394984.32601880847 -5608.033764914027 -0.05001659289812677 
398119.122257053 -26944.058450187076 -0.05055097330731137 
401253.9184952975 -45590.24837029319 -0.04905501254751486 
404388.714733542 -57508.39937993446 -0.045434508469634975 
407523.5109717865 -64142.10678749527 -0.03991676243875569 
410658.307210031 -70355.33223912684 -0.032949857024891685 
413793.10344827553 -78859.37689008875 -0.02493849536707383 
416927.89968652005 -87006.81364226641 -0.016086198356391815 
420062.69592476456 -89334.81897803218 -0.006499322357406934 
423197.49216300907 -83189.76267082547 0.0035689182781554487 
426332.2884012536 -71522.93031933662 0.013604797114213672 
429467.0846394981 -59920.12318886479 0.022984866525192132 
432601.8808777426 -50986.38398965605 0.03124755672612971 
435736.6771159871 -41980.52503776604 0.03821483496304363 
438871.4733542316 -28169.48081229467 0.043850193014601926 
442006.26959247614 -8354.258187120751 0.04801515153415692 
445141.06583072065 13264.193625936965 0.050391213073949566 
448275.86206896516 30861.59617886038 0.05065784336529322 
451410.65830720967 42460.391906339086 0.04874527724340339 
454545.4545454542 51367.1565557634 0.044899598875111704 
457680.2507836987 62093.83710918647 0.03949212556017898 
460815.0470219432 75077.44018808787 0.03277100904575969 
463949.8432601877 85770.47106724538 0.024810721910645914 
467084.6394984322 89072.76090660298 0.015704261964109206 
470219.43573667674 84455.81456196334 0.005785404204443609 
473354.23197492125 76401.60664231342 -0.004365029618309072 
476489.02821316576 69702.1895214413 -0.01414914215038775 
479623.82445141027 64564.207693161705 -0.023190984918759292 
482758.6206896548 56659.14590933133 -0.03134842670167128 
485893.4169278993 42052.85105076223 -0.03850036414630879 
489028.2131661438 21814.43766261026 -0.04434711653912305 
492163.0094043883 1441.5517735556277 -0.048446463998609766 
495297.8056426328 -14311.623891316423 -0.050458075770967614 
498432.60188087734 -25787.184072491313 -0.05034776691967219 
501567.39811912185 -37406.88807697009 -0.048342827409932516 
504702.19435736636 -52383.77569782472 -0.04468866307035022 
507836.99059561087 -68748.82125155498 -0.03946287186405345 
510971.7868338554 -80891.61450085696 -0.032639374304273445 
514106.5830720999 -85012.27815457687 -0.024329380753386518 
517241.3793103444 -82768.13708263147 -0.0149375104987817 
520376.1755485889 -79296.36725736651 -0.005058445539635934 
523510.9717868334 -77704.07284477903 0.004789522220447298 
526645.768025078 -75824.47508536206 0.014327714756412877 
529780.5642633225 -68646.76617958833 0.0234203061256869 
532915.360501567 -53855.675539581775 0.03183453560673483 
536050.1567398115 -34644.895367223304 0.03912485143602624 
539184.952978056 -16833.993438157297 0.044776633487076466 
542319.7492163006 -3305.0015096540446 0.04847079231772277 
545454.5454545451 8412.646278114818 0.05020170075612179 
548589.3416927896 22895.94676784147 0.05013299379094614 
551724.1379310341 41362.210000225976 0.04834879932565756 
554858.9341692786 59755.83255994534 0.04476494472990713 
557993.7304075231 72421.30284089886 0.039293385269430825 
561128.5266457676 77520.43959603744 0.03208389805117215 
564263.3228840121 78518.4512624524 0.023583149470929394 
567398.1191222566 80196.52486724604 0.014340791010047262 
570532.9153605012 83399.52925845605 0.004755925747544855 
573667.7115987457 84049.6960657135 -0.004982038000631563 
576802.5078369902 77464.06215488486 -0.01471003737229361 
579937.3040752347 63432.40161535816 -0.02407320049467227 
583072.1003134792 46711.157581234904 -0.03251630129309034 
586206.8965517237 32406.640860019834 -0.03950842274363173 
589341.6927899682 21089.310160486246 -0.04477838654784528 
592476.4890282127 8756.592963603733 -0.0483259326340406 
595611.2852664572 -8341.650970993245 -0.05020763567251741 
598746.0815047018 -29114.73941372588 -0.05033104324738967 
601880.8777429463 -48128.05100009883 -0.04847909370955404 
605015.6739811908 -60684.58973325974 -0.04454180420487721 
608150.4702194353 -67170.7941778324 -0.038711400090842084 
611285.2664576798 -72121.5973378229 -0.03143271103679685 
614420.0626959243 -79011.51591616293 -0.02315524321364126 
617554.8589341688 -86267.36086316602 -0.014139187351615201 
620689.6551724133 -88706.18620721556 -0.00450848093065285 
623824.4514106578 -82891.61855155844 0.005517649510306763 
626959.2476489024 -70778.87963100692 0.015472177432607821 
630094.0438871469 -57816.684840026544 0.024741875141738236 
633228.8401253914 -47498.929740079795 0.03283110750359385 
636363.6363636359 -38085.0488716893 0.039525136355395986 
639498.4326018804 -24919.992745755546 0.04479516718209377 
642633.2288401249 -5892.347568753088 0.04855752607712838 
645768.0250783694 15730.96773927939 0.0505507019141184 
648902.8213166139 34095.336428136274 0.050467584580792056 
652037.6175548584 46262.006635166734 0.048209234175384995 
655172.413793103 54662.536928556656 0.04399600416283785 
658307.2100313475 63950.560790043266 0.03821902234869467 
661442.006269592 75586.95947028571 0.03118511123245029 
664576.8025078365 85872.29828532846 0.023017323957384553 
667711.598746081 89509.25119166292 0.01380692235596612 
670846.3949843255 84959.0863625007 0.003845988294585127 
673981.19122257 75968.42392751301 -0.0063166154158387595 
677115.9874608145 67667.40684069504 -0.016068683184015893 
680250.783699059 61343.15971489507 -0.0249888267251141 
683385.5799373036 53377.141392767866 -0.03290919687033157 
686520.3761755481 39449.27018159689 -0.039735656095354524 
689655.1724137926 19570.22388782428 -0.045228367867379035 
692789.9686520371 -1367.389171452065 -0.04898579789778794 
695924.7648902816 -18116.168439142933 -0.050659221886997556 
699059.5611285261 -29939.854001199183 -0.050180164052329175 
702194.3573667706 -40728.92626680639 -0.04776700135218512 
705329.1536050151 -54277.48608257709 -0.04370625744918459 
708463.9498432596 -69719.06443360812 -0.03813799472871417 
711598.7460815042 -81938.52697809512 -0.03106768368817107 
714733.5423197487 -86526.00996250965 -0.02258654855527601 
717868.3385579932 -84056.20931933948 -0.01306090157575881 
721003.1347962377 -79208.8327048069 -0.0030804240422341277 
724137.9310344822 -75717.1810411626 0.00679518350477281 
727272.7272727267 -72545.19723105314 0.01624267265362823 
730407.5235109712 -65351.97116934761 0.025134657436357132 
733542.3197492157 -51607.87877605378 0.03330591816511007 
736677.1159874602 -33747.24896683174 0.040376836348260614 
739811.9122257048 -16798.103878624985 0.04582264265096835 
742946.7084639493 -2936.1324247034936 0.04922639989899371 
746081.5047021938 11025.863801945008 0.05047395374056047 
749216.3009404383 30041.000655077813 0.0497194853388136 
752351.0971786828 54415.53661947095 0.04718705996303893 
755485.8934169273 77209.03826513843 0.04302567727677756 
758620.6896551718 88615.73517668042 0.03735062481085574 
761755.4858934163 83596.34031791467 0.030384726103131844 
764890.2821316608 65701.74908971507 0.022501238413844896 
768025.0783699054 43690.22069910503 0.014086910010678858 
771159.8746081499 24469.924347250082 0.005360101254064053 
774294.6708463944 9107.048735040764 -0.0036460854717523727 
777429.4670846389 -4932.958439914015 -0.012885001942623799 
780564.2633228834 -18585.976471190254 -0.02206416630162351 
783699.0595611279 -28945.89459756727 -0.0306185978129066 
786833.8557993724 -32236.888471482176 -0.03793725530194406 
789968.6520376169 -28428.99356693626 -0.043639099605954905 
793103.4482758614 -22149.058154545455 -0.04764424818112649 
796238.244514106 -18599.237060529835 -0.04999198769378326 
799373.0407523505 -18657.412420649074 -0.05061149286488096 
802507.836990595 -18337.404640282126 -0.04929133547690162 
805642.6332288395 -13251.550755408127 -0.04587950349801052 
808777.429467084 -3448.1526221616805 -0.04050082112848191 
811912.2257053285 6424.999027039536 -0.033558895124592834 
815047.021943573 11787.80745673587 -0.025514603411116166 
818181.8181818175 12717.713421502529 -0.016665962459027586 
821316.614420062 13644.12721965558 -0.007150466557605145 
824451.4106583066 18480.200345855294 0.002844932399201393 
827586.2068965511 26320.6515733166 0.01290078871997296 
830721.0031347956 32235.05375842325 0.022416140682491766 
833855.7993730401 32325.399855130963 0.030854837637561916 
836990.5956112846 27733.38441872105 0.03794304822596583 
840125.3918495291 23389.09199662783 0.04362451585394232 
843260.1880877736 22821.963000991156 0.04783361939730223 
846394.9843260181 24491.68002754431 0.05033598302647182 
849529.7805642626 23493.387995888545 0.05081297264802532 
852664.5768025072 16837.795957347837 0.04910735126911731 
855799.3730407517 6748.478462888772 0.0453752014972283 
858934.1692789962 -1494.456634552742 0.03998498984745336 
862068.9655172407 -4900.946736319573 0.03326760236857411 
865203.7617554852 -5693.177254905546 0.02537490217430012 
868338.5579937297 -8741.715018116578 0.016387439795795822 
871473.3542319742 -16223.202641334065 0.0065475841465186336 
874608.1504702187 -25125.953329579148 -0.0036393702080573303 
877742.9467084632 -30231.674893223942 -0.013556079881199803 
880877.7429467078 -29442.377289402182 -0.022731948997144442 
884012.5391849523 -25857.329074441135 -0.030952811303758387 
887147.3354231968 -24423.87286307059 -0.038121186559715324 
890282.1316614413 -26689.938909462187 -0.044028286626482394 
893416.9278996858 -29177.546747627857 -0.048290278087075186 
896551.7241379303 -27084.64999072045 -0.050526644351078995 
899686.5203761748 -19418.585041283695 -0.05060169400190041 
902821.3166144193 -10160.523551556515 -0.04868142429398979 
905956.1128526638 -4234.806602445882 -0.04504940228666248 
909090.9090909084 -2517.730245025494 -0.03987574200001553 
912225.7053291529 -1126.0774043161946 -0.03317946730336806 
915360.5015673974 4277.659111651301 -0.025018234725604844 
918495.2978056419 13701.031253860972 -0.01569771438794749 
921630.0940438864 22596.626503201463 -0.005770070273917479 
924764.8902821309 26438.186091158714 0.0041890903051102 
927899.6865203754 25292.081491611636 0.013804498526858142 
931034.4827586199 23585.777921172645 0.02290524023301163 
934169.2789968645 25326.130722604168 0.03132003062810394 
937304.075235109 29802.055178776514 0.03869396033838166 
940438.8714733535 32291.947083037638 0.04453338586963931 
943573.667711598 29030.422666071885 0.0484443136044632 
946708.4639498425 21210.31815092014 0.05032440377861724 
949843.260188087 13811.948771617634 0.050315378206390635 
952978.0564263315 10490.549332195747 0.04857201962684086 
956112.852664576 9894.151883911545 0.0450938852068643 
959247.6489028205 7275.438012347193 0.03979681088756339 
962382.445141065 -307.7291239804181 0.03274613174204842 
965517.2413793096 -10680.466117782518 0.024300747559234386 
968652.0376175541 -18616.37998446505 0.01500842096127468 
971786.8338557986 -21114.09652421245 0.005351995383683458 
974921.6300940431 -20344.33261374096 -0.004399043494109797 
978056.4263322876 -21179.109987534874 -0.014089581220400455 
981191.2225705321 -25911.34042506537 -0.023451466501369526 
984326.0188087766 -31723.627941616985 -0.032001920645525414 
987460.8150470211 -33569.99740848775 -0.0391893007604141 
990595.6112852657 -29439.328944150577 -0.044646876240941394 
993730.4075235102 -22510.38830864652 -0.04829841855852603 
996865.2037617547 -16785.884566733508 -0.050268135330038675 
999999.9999999992 -33411.33382266508 -0.049661674537912065 
