#x u 
0.0 13740.734070832463 0.05054753730586114 
3134.796238244514 -19030.526122560652 0.047712158426936616 
6269.592476489028 -28964.46421600254 0.04404483014979768 
9404.38871473354 -38927.71421591201 0.03862160510685384 
12539.184952978056 -47360.791140190064 0.031706022215194654 
15673.98119122257 -53962.9289041961 0.023564345315850485 
18808.777429467085 -58478.30045846096 0.014511436788539823 
21943.5736677116 -60732.31873747823 0.00489737134356272 
25078.369905956115 -60637.819847010425 -0.00490607531788703 
28213.16614420063 -58198.45809454884 -0.014519804178760578 
31347.962382445145 -53508.56353248222 -0.023572052602471805 
34482.75862068966 -46749.49425743701 -0.03171277038588777 
37617.55485893417 -38182.62329653112 -0.0386271561912241 
40752.35109717868 -28139.2313194623 -0.04404783090531331 
43887.14733542319 -17007.696023921555 -0.047765177182721205 
47021.943573667704 -5218.473580464935 -0.049635445342858193 
50156.739811912215 6772.54709602521 -0.04958631216626253 
53291.53605015673 18501.67355842288 -0.04761967763155201 
56426.33228840124 29515.340801818616 -0.04381159144330187 
59561.12852664575 39387.6506100628 -0.038309312192014014 
62695.92476489026 47736.841028332274 -0.03132561286838178 
65830.72100313478 54240.04908765934 -0.02313055293746139 
68965.51724137929 58645.79590725785 -0.014041035146419929 
72100.3134796238 60783.711376083666 -0.004408550903823815 
75235.10971786831 60571.12236044381 0.00539441188367914 
78369.90595611282 58016.24967185629 0.014988772908693628 
81504.70219435733 53217.89016849044 0.024003518488370564 
84639.49843260185 46361.59628331417 0.032090048653546394 
87774.29467084636 37712.50071650656 0.03893565750017719 
90909.09090909087 27605.06376106375 0.0442756255182391 
94043.88714733538 16430.139732269454 0.04790345628806314 
97178.68338557989 4619.862641827036 0.04967886169133097 
100313.4796238244 -7369.0644127486885 0.049533186848838125 
103448.27586206891 -19073.029944634218 0.04747206500282669 
106583.07210031342 -30039.441921425998 0.04357519967965925 
109717.86833855794 -39844.22948686386 0.037993282556597646 
112852.66457680245 -48108.24176943951 0.030942166218695326 
115987.46081504696 -54511.90963640029 0.02269451714513755 
119122.25705329147 -58807.60342352322 0.013569271703823063 
122257.05329153598 -60829.20876756951 0.003919302890593596 
125391.84952978049 -60498.55024424492 -0.005882225260026761 
128526.645768025 -57828.41440975477 -0.015456287918012401 
131661.44200626953 -52922.05534502081 -0.024432656337821403 
134796.23824451404 -45969.20182314646 -0.032464214594030434 
137931.03448275855 -37238.720502862736 -0.03924038254483698 
141065.83072100306 -27068.21886206638 -0.044499125957791576 
144200.62695924757 -15850.989925726244 -0.04803708936652063 
147335.42319749208 -4020.803635185426 -0.04971745982114289 
150470.2194357366 7964.867023811286 -0.04947525744136251 
153605.0156739811 19642.536489168793 -0.04731984818669294 
156739.81191222562 30560.629596669125 -0.04333458167505418 
159874.60815047013 40296.94397942891 -0.03767356805528927 
163009.40438871464 48474.97662207147 -0.03055571857185229 
166144.20062695915 54778.483222208946 -0.02225628027287182 
169278.99686520366 58963.70734911383 -0.013096192214201151 
172413.79310344817 60868.806498336926 -0.0034296747547582183 
175548.58934169268 60420.110537005356 0.006369468135228708 
178683.3855799372 57634.97052587863 0.015922303863698587 
181818.1818181817 52621.087754295615 0.024859424529903123 
184952.97805642622 45572.34893421235 0.03283523191799546 
188087.77429467073 36761.32860626394 0.03954130177074409 
191222.57053291524 26528.748689606582 0.04471831054726655 
194357.36677115975 15270.302774469514 0.04816606345738223 
197492.16300940426 3421.354661655183 0.04975123598876555 
200626.95924764877 -8559.89714392662 0.04941252956225257 
203761.75548589329 -20210.137957124716 0.047163041946248756 
206896.5517241378 -31078.85327895792 0.04308976076637708 
210031.3479623823 -40745.75018019468 0.03735019969633481 
213166.14420062682 -48837.0100176463 0.03016630740836819 
216300.94043887133 -55039.74399097546 0.021815884824081425 
219435.73667711584 -59114.09254381101 0.012621842560250727 
222570.53291536035 -60902.50072643338 0.00293971398396076 
225705.32915360486 -60335.81084478318 -0.006856093252987423 
228840.12539184937 -57435.93679136221 -0.016386775547686906 
231974.9216300939 -52315.01661668642 -0.025283781672130457 
235109.7178683384 -45171.076086448884 -0.03320306464237853 
238244.5141065829 -36280.371060908146 -0.039838386004782664 
241379.31034482742 -25986.705222199103 -0.04493315804427593 
244514.10658307193 -14688.135859201531 -0.04829036599397827 
247648.90282131644 -2821.578531210056 -0.049780186704230095 
250783.69905956095 9154.096753232301 -0.04934500928112918 
253918.49529780546 20775.80839888424 -0.047001662823609555 
257053.29153604998 31594.11871943291 -0.04284076326562143 
260188.0877742945 41190.53801882896 -0.03702320579223229 
263322.884012539 49193.8658495135 -0.029773950282017955 
266457.6802507835 55295.19777237988 -0.02137335202136936 
269592.476489028 59260.14954280443 -0.01214633315540008 
272727.27272727253 60935.284038771206 -0.0024496970968006424 
275862.06896551704 60248.49780344812 0.0073419233082992145 
278996.86520376155 57214.09906086538 0.016850447864247494 
282131.66144200607 51958.458577332756 0.02570776823774886 
285266.4576802506 44748.54473907544 0.03356845071643241 
288401.2539184951 35940.51225119643 0.04012497748525669 
291536.0501567396 25787.18938624306 0.04512783137922707 
294670.8463949841 14276.32384296749 0.04840211099838717 
297805.6426332286 1421.3243320946349 0.049840988924712996 
300940.43887147313 -11874.83031027468 0.049370219338346504 
304075.23510971764 -23270.58556318567 0.04692424336539317 
307210.03134796215 -30197.110408921377 0.04250009693105731 
310344.82758620667 -32811.32816071142 0.03628833223452631 
313479.6238244512 -35914.11370592989 0.02875385305449822 
316614.4200626957 -46609.98607566467 0.0205191723210334 
319749.2163009402 -68441.57033030616 0.012084069695769932 
322884.0125391847 -97309.69170147134 0.0036255309547086763 
326018.8087774292 -123575.51636296054 -0.004920004659556904 
329153.60501567373 -138498.70000020444 -0.01357616170573441 
332288.40125391824 -138953.35754500394 -0.022125038293912835 
335423.19749216276 -127031.37673014554 -0.03013935631828562 
338557.99373040727 -106641.37606283458 -0.037151172361777965 
341692.7899686518 -80930.52731726119 -0.04278122265383169 
344827.5862068963 -51844.859528207984 -0.04676816535613732 
347962.3824451408 -20730.99640267553 -0.048947654948214 
351097.1786833853 11184.533796301681 -0.04923434003962448 
354231.9749216298 42667.558374122054 -0.04761713452559279 
357366.77115987433 72500.62961692814 -0.04415857569986059 
360501.56739811884 99530.10346195762 -0.03899240593921979 
363636.36363636336 122710.75088243542 -0.0323184008893983 
366771.15987460787 141146.17686592767 -0.0243946441462116 
369905.9561128524 154123.4839853738 -0.01552754716985232 
373040.7523510969 161140.8401234193 -0.006060000361963887 
376175.5485893414 161926.88430690038 0.0036418864969709054 
379310.3448275859 156451.2202283775 0.013202941702996608 
382445.1410658304 144925.59167052893 0.02225343950838882 
385579.93730407493 127795.6943797676 0.030443397406377005 
388714.73354231945 105723.94102371129 0.03745610994527036 
391849.52978056396 79563.84571113894 0.043020395719758714 
394984.32601880847 50327.01862435404 0.04692108394856379 
398119.122257053 19144.047080638004 0.04900733512276558 
401253.9184952975 -12779.224248912069 0.04919847396555607 
404388.714733542 -44208.32332038423 0.04748710914302422 
407523.5109717865 -73927.88771779937 0.043939419086839425 
410658.307210031 -100788.66268505626 0.03869259287607852 
413793.10344827553 -123751.94277644606 0.031949525139226755 
416927.89968652005 -141929.73856830646 0.023970970124349983 
420062.69592476456 -154619.11518616034 0.015065458339333615 
423197.49216300907 -161329.37477740672 0.005577365685438881 
426332.2884012536 -161801.031784087 -0.004126403549538815 
429467.0846394981 -156015.84724243608 -0.013670604870213057 
432601.8808777426 -144197.53408311924 -0.0226861642681528 
435736.6771159871 -126803.10615821756 -0.030824450303864222 
438871.4733542316 -104505.20552785853 -0.03777075567518135 
442006.26959247614 -78166.09140983697 -0.043256466940178526 
445141.06583072065 -48804.29663884915 -0.047069451791746666 
448275.86206896516 -17555.241029163677 -0.049062262208205185 
451410.65830720967 14372.675279066349 -0.049157836264335376 
454545.4545454542 45744.80062073019 -0.04735247811395671 
457680.2507836987 75347.97575244837 -0.043716000908198965 
460815.0470219432 102037.44668789409 -0.0383890271228255 
463949.8432601877 124781.13230366184 -0.03157755069087671 
467084.6394984322 142699.53488855762 -0.023544971222818428 
470219.43573667674 155099.750296441 -0.014601908350687849 
473354.23197492125 161502.26253092624 -0.005094190075275179 
476489.02821316576 161659.48661606645 0.004610520393367821 
479623.82445141027 155565.3427007178 0.014136942162374188 
482758.6206896548 143455.49116621708 0.02311668875809782 
485893.4169278993 125798.21964577507 0.031202513621143565 
489028.2131661438 103276.33435428998 0.03808173812148178 
492163.0094043883 76760.75599037996 0.04348834283266376 
495297.8056426328 47276.84125638575 0.04721325449588938 
498432.60188087734 15964.732342261297 0.04911243087730296 
501567.39811912185 -15964.732342253243 0.049112430877303236 
504702.19435736636 -47276.841256377724 0.047213254495890186 
507836.99059561087 -76760.75599037179 0.0434883428326651 
510971.7868338554 -103276.33435428223 0.038081738121483556 
514106.5830720999 -125798.21964576835 0.031202513621145726 
517241.3793103444 -143455.49116621207 0.02311668875810028 
520376.1755485889 -155565.34270071486 0.01413694216237685 
523510.9717868334 -161659.4866160657 0.004610520393370573 
526645.768025078 -161502.26253092688 -0.005094190075272437 
529780.5642633225 -155099.75029644353 -0.014601908350685224 
532915.360501567 -142699.53488856158 -0.023544971222816027 
536050.1567398115 -124781.1323036679 -0.03157755069087463 
539184.952978056 -102037.44668790132 -0.0383890271228238 
542319.7492163006 -75347.97575245645 -0.04371600090819767 
545454.5454545451 -45744.80062073847 -0.04735247811395589 
548589.3416927896 -14372.67527907553 -0.04915783626433511 
551724.1379310341 17555.24102915456 -0.04906226220820546 
554858.9341692786 48804.29663884018 -0.04706945179174751 
557993.7304075231 78166.09140982904 -0.04325646694017989 
561128.5266457676 104505.20552785156 -0.03777075567518318 
564263.3228840121 126803.10615821174 -0.03082445030386643 
567398.1191222566 144197.53408311433 -0.022686164268155295 
570532.9153605012 156015.84724243253 -0.013670604870215732 
573667.7115987457 161801.03178408483 -0.004126403549541572 
576802.5078369902 161329.37477740663 0.005577365685436157 
579937.3040752347 154619.1151861625 0.015065458339330996 
583072.1003134792 141929.73856831063 0.023970970124347565 
586206.8965517237 123751.94277645103 0.03194952513922462 
589341.6927899682 100788.66268506354 0.038692592876076785 
592476.4890282127 73927.88771780707 0.04393941908683817 
595611.2852664572 44208.32332039238 0.04748710914302346 
598746.0815047018 12779.224248921397 0.04919847396555591 
601880.8777429463 -19144.047080628232 0.04900733512276597 
605015.6739811908 -50327.018624345576 0.046921083948564715 
608150.4702194353 -79563.84571113053 0.0430203957197601 
611285.2664576798 -105723.94102370337 0.03745610994527221 
614420.0626959243 -127795.6943797605 0.030443397406379198 
617554.8589341688 -144925.59167052363 0.022253439508391305 
620689.6551724133 -156451.22022837432 0.013202941702999299 
623824.4514106578 -161926.88430689974 0.00364188649697372 
626959.2476489024 -161140.84012342076 -0.006060000361961085 
630094.0438871469 -154123.4839853765 -0.015527547169849656 
633228.8401253914 -141146.17686593116 -0.02439464414620917 
636363.6363636359 -122710.7508824408 -0.03231840088939622 
639498.4326018804 -99530.10346196458 -0.03899240593921813 
642633.2288401249 -72500.62961693597 -0.04415857569985937 
645768.0250783694 -42667.55837413135 -0.04761713452559207 
648902.8213166139 -11184.533796309765 -0.04923434003962427 
652037.6175548584 20730.996402666744 -0.04894765494821429 
655172.413793103 51844.85952819908 -0.04676816535613814 
658307.2100313475 80953.28445774363 -0.04278017951825225 
661442.006269592 106949.52101702653 -0.03713704769766015 
664576.8025078365 129061.16226403535 -0.030046315564219377 
667711.598746081 147598.41984435322 -0.0217287682930364 
670846.3949843255 165161.84774611867 -0.0123539836328848 
673981.19122257 186690.86510834965 -0.002026940568548212 
677115.9874608145 215664.08749414657 0.009050627374000591 
680250.783699059 246860.91665687182 0.020262406887270653 
683385.5799373036 262821.58536823187 0.030429820466172954 
686520.3761755481 242652.3387208068 0.03823026326087514 
689655.1724137926 180680.63207746967 0.04306632493880588 
692789.9686520371 97532.90594651783 0.04558661670765347 
695924.7648902816 27658.0864456052 0.047125356430669 
699059.5611285261 -9772.305751059714 0.04837796383699513 
702194.3573667706 -28473.211833477486 0.04860099190528668 
705329.1536050151 -60727.02031101602 0.046272916679961314 
708463.9498432596 -123262.88372355633 0.04065976716601578 
711598.7460815042 -198108.56010113028 0.032691562867893154 
714733.5423197487 -249218.00927097443 0.024196035332469727 
717868.3385579932 -258332.19949039846 0.016248065153928584 
721003.1347962377 -242713.9841539319 0.008347554873601518 
724137.9310344822 -236019.04322786746 -0.0007149988720106537 
727272.7272727267 -252299.14888021993 -0.011221381587100435 
730407.5235109712 -270978.98519816797 -0.02185104322990262 
733542.3197492157 -258630.00337798847 -0.03069375721984649 
736677.1159874602 -204646.62322541839 -0.03689955125155479 
739811.9122257048 -133292.4159627073 -0.04124494647957174 
742946.7084639493 -79428.63103647876 -0.045033388556399066 
746081.5047021938 -53413.72502687709 -0.04849771071811955 
749216.3009404383 -32019.774789403444 -0.05039311997619803 
752351.0971786828 15171.985077324545 -0.049214072147340054 
755485.8934169273 91743.8073220096 -0.04475830920352797 
758620.6896551718 168636.6791781266 -0.038394407559027344 
761755.4858934163 212730.29994958083 -0.03175032243107796 
764890.2821316608 219817.36407710696 -0.025197675866783568 
768025.0783699054 217377.50245255753 -0.01771769259812225 
771159.8746081499 234318.73972251508 -0.008278870012033812 
774294.6708463944 269569.62068687374 0.0027347088880483985 
777429.4670846389 292578.50305445155 0.013559215205255458 
780564.2633228834 275198.15227307216 0.022526644581774835 
783699.0595611279 221426.23956387214 0.029442663494241107 
786833.8557993724 163733.73536621398 0.035432912075666165 
789968.6520376169 129842.53920072035 0.041434193939627606 
793103.4482758614 114860.49913834274 0.04693012093137162 
796238.244514106 88012.86879434978 0.050270964975382845 
799373.0407523505 26809.541369708404 0.050249051762205815 
802507.836990595 -57357.44182163156 0.047278928379380934 
805642.6332288395 -129164.42896561655 0.042945415656006174 
808777.429467084 -164449.26336951758 0.038396347722600276 
811912.2257053285 -173618.81132845292 0.03326806591417109 
815047.021943573 -188849.45687550263 0.02626773503667512 
818181.8181818175 -228631.5634886665 0.01679150448967683 
821316.614420062 -277007.3340227499 0.0058667734735681955 
824451.4106583066 -299368.91397034726 -0.004583401753705824 
827586.2068965511 -278223.0211989075 -0.013392697792414652 
830721.0031347956 -231336.41320460424 -0.020997365153806444 
833855.7993730401 -193208.60878381203 -0.028601602501730945 
836990.5956112846 -179366.57969770595 -0.03655549206911209 
840125.3918495291 -171004.97602900967 -0.043664927074071824 
843260.1880877736 -136067.49006838474 -0.04817077628466222 
846394.9843260181 -64533.346868530105 -0.049377540873281424 
849529.7805642626 19255.53631624025 -0.04822753603901918 
852664.5768025072 80239.23943401422 -0.04622378001003728 
855799.3730407517 107452.03326656976 -0.043838305798713686 
858934.1692789962 123478.67632674733 -0.04007988978095961 
862068.9655172407 158711.2112506322 -0.033672359741926165 
865203.7617554852 217568.6541867674 -0.024598485836466302 
868338.5579937297 272266.01304802287 -0.014378428004699793 
871473.3542319742 290725.6873608603 -0.004780806427966792 
874608.1504702187 269317.86492185004 0.0036895773650417584 
877742.9467084632 236047.50401597196 0.011950911178399483 
880877.7429467078 220881.68477759502 0.020998379110652114 
884012.5391849523 224440.4540358082 0.030483655280503254 
887147.3354231968 217957.34055447724 0.038727662747721624 
890282.1316614413 174506.54363796485 0.0441658968766824 
893416.9278996858 98611.40289556884 0.04671838246939118 
896551.7241379303 23060.036857543713 0.04765482033508066 
899686.5203761748 -23763.326032526824 0.048106148851663366 
902821.3166144193 -45739.57202240044 0.04779402770076462 
905956.1128526638 -72860.08089998587 0.045316836080849285 
909090.9090909084 -127628.9531983441 0.03969075783507724 
912225.7053291529 -199438.7861359089 0.031522492268263265 
915360.5015673974 -253927.25753196108 0.022575710651425367 
918495.2978056419 -267524.8543329258 0.014180174487233984 
921630.0940438864 -250920.87975577527 0.006146463242675273 
924764.8902821309 -236838.049586781 -0.002685263309885124 
927899.6865203754 -245029.14583652266 -0.012853942729517748 
931034.4827586199 -261330.19200314712 -0.023331627051705585 
934169.2789968645 -252787.3827335734 -0.032231511305830865 
937304.075235109 -202922.9533528674 -0.038438991434992915 
940438.8714733535 -130030.53679156245 -0.04246417601404701 
943573.667711598 -69241.35050706343 -0.04563254140938625 
946708.4639498425 -37187.41101627681 -0.048476189353786135 
949843.260188087 -16358.167370019164 -0.050025695206299396 
952978.0564263315 24489.242449957834 -0.04875211711080785 
956112.852664576 95423.0676789228 -0.04417079482679807 
959247.6489028205 172717.38395172413 -0.0374206970933393 
962382.445141065 221849.6076421975 -0.03020827920365885 
965517.2413793096 231991.2745663064 -0.02322170833173647 
968652.0376175541 225796.92035684566 -0.015674746030681648 
971786.8338557986 234278.96100700978 -0.006448674251900439 
974921.6300940431 263254.29662246135 0.004381403320163705 
978056.4263322876 286676.8017133364 0.015254152748762686 
981191.2225705321 273868.1318325338 0.024384416955008665 
984326.0188087766 222004.70074036682 0.03126699825732118 
987460.8150470211 159697.48275705514 0.036855276304979444 
990595.6112852657 117896.03597047586 0.04224145548303787 
993730.4075235102 98714.1372564373 0.0472377953131174 
996865.2037617547 74397.85114912664 0.05038364505768185 
999999.9999999992 13740.734070409104 0.05054753730584173 
