#x u 
0.0 -151123.8456353587 -0.03649754666787959 
3134.796238244514 -229473.4183112894 -0.03167432156457392 
6269.592476489028 -379185.53043954994 -0.02930409951110997 
9404.38871473354 -511820.63257959095 -0.02569004030895956 
12539.184952978056 -624733.5518510134 -0.02108575232736928 
15673.98119122257 -713486.1374060742 -0.01566599159225128 
18808.777429467085 -774648.2815802599 -0.00964042960055894 
21943.5736677116 -805854.796373712 -0.003242072402177388 
25078.369905956115 -805898.9278876039 0.0032816556475750804 
28213.16614420063 -774778.9695297322 0.009678482161706756 
31347.962382445145 -713698.3292536304 0.015701042030894813 
34482.75862068966 -625018.9937763297 0.02111644302694241 
37617.55485893417 -512170.19061618845 0.025715271738950145 
40752.35109717868 -379515.77995695407 0.02931969158428519 
43887.14733542319 -232185.50429179962 0.03179031974444979 
47021.943573667704 -75876.62141904888 0.03303161709492445 
50156.739811912215 83366.40836368637 0.03299558270054427 
53291.53605015673 239385.66137668467 0.03168361001037101 
56426.33228840124 386147.8773012233 0.029146432973055265 
59561.12852664575 517977.7651938733 0.02548216415640644 
62695.92476489026 629777.4668346742 0.02083250073703375 
65830.72100313478 717223.6907674221 0.015377245074336915 
68965.51724137929 776934.8938640287 0.009327351758102937 
72100.3134796238 806602.0455063564 0.002916770000191594 
75235.10971786831 805077.9177381336 -0.003606603175196535 
78369.90595611282 772421.4485391738 -0.009990509102779785 
81504.70219435733 709895.462695283 -0.015988082311998997 
84639.49843260185 619917.8383977474 -0.021367396808125848 
87774.29467084636 505968.00795869366 -0.025920434644242537 
90909.09090909087 372452.4082571376 -0.029471129969655622 
94043.88714733538 224534.08394274814 -0.031882177491636216 
97178.68338557989 67933.03264702218 -0.03306034206698754 
100313.4796238244 -91294.98668850189 -0.03296006408039413 
103448.27586206891 -246992.62238117872 -0.031585220891273746 
106583.07210031342 -393138.96625028737 -0.02898897376196495 
109717.86833855794 -524081.9433202308 -0.025271692006228284 
112852.66457680245 -634754.7542734586 -0.02057697439092819 
115987.46081504696 -720863.7464531831 -0.015085726632257643 
119122.25705329147 -779029.9624485278 -0.009008043355133567 
122257.05329153598 -806860.1062467396 -0.0025723473172729995 
125391.84952978049 -802924.2659360357 0.003988707055007659 
128526.645768025 -766647.6152690025 0.010454729142593681 
131661.44200626953 -698199.5779455604 0.016632213994780234 
134796.23824451404 -598566.5799104122 0.022358390049700173 
137931.03448275855 -470029.2532477841 0.02748389108160923 
141065.83072100306 -317090.0922332688 0.03183196802455118 
144200.62695924757 -147462.86206905218 0.035151990739391153 
147335.42319749208 27738.620570989075 0.037106813618046935 
150470.2194357366 195495.99040560823 0.03733466372113084 
153605.0156739811 344120.5071749759 0.03558830207319099 
156739.81191222562 466851.889006653 0.03188882792431842 
159874.60815047013 563489.6523604814 0.026587656862162926 
163009.40438871464 638419.5246246797 0.02026211145522392 
166144.20062695915 695798.5896480567 0.013480168115857491 
169278.99686520366 735119.1606593356 0.006582520100608757 
172413.79310344817 750602.9689931817 -0.0003592659972806408 
175548.58934169268 735135.2812433125 -0.007375428973624022 
178683.3855799372 685708.0704618727 -0.014359952262891827 
181818.1818181817 605922.2583363655 -0.020965298362579467 
184952.97805642622 503571.8969842989 -0.026720200922280408 
188087.77429467073 385679.0986460096 -0.03126166083777804 
191222.57053291524 255554.462471576 -0.034471279769028085 
194357.36677115975 114354.12081302653 -0.03640259895726202 
197492.16300940426 -34829.08300845607 -0.03708944920419087 
200626.95924764877 -184722.52957285492 -0.036436343430185994 
203761.75548589329 -325870.8761957011 -0.034300818483254246 
206896.5517241378 -450901.3639440287 -0.030677696153916755 
210031.3479623823 -556804.0960413924 -0.02579073765717846 
213166.14420062682 -643093.5804495225 -0.01999438491069944 
216300.94043887133 -708013.4069349605 -0.013585224745105885 
219435.73667711584 -746944.4181335273 -0.00671444076610702 
222570.53291536035 -754809.5852603422 0.0005159865345663651 
225705.32915360486 -730030.4295271751 0.007884869254489807 
228840.12539184937 -675926.5654058438 0.01499901145206442 
231974.9216300939 -598101.202549503 0.021422372509208226 
235109.7178683384 -500531.90538185055 0.026862187569248422 
238244.5141065829 -384400.75539844384 0.031226861039927736 
241379.31034482742 -250774.9232915545 0.034504541969639264 
244514.10658307193 -104165.09226833354 0.03659858068209768 
247648.90282131644 46960.6046152452 0.03729971311491931 
250783.69905956095 193448.5329220694 0.03642912159865794 
253918.49529780546 329293.0049946137 0.034004841062859684 
257053.29153604998 452224.9382702023 0.03025739904113558 
260188.0877742945 560660.4613818798 0.02547701017088895 
263322.884012539 650429.7914766601 0.019849605293264974 
266457.6802507835 714916.0387699587 0.013448612875604476 
269592.476489028 748619.8710839846 0.006383786926639674 
272727.27272727253 750531.6514303121 -0.0010582138743162562 
275862.06896551704 723859.4709319285 -0.008439167238946674 
278996.86520376155 672452.9297883174 -0.015344472582361652 
282131.66144200607 597692.0823704551 -0.02153496371590799 
285266.4576802506 499075.4016040928 -0.02692676024007471 
288401.2539184951 377807.361089997 -0.03143095356804865 
291536.0501567396 239493.96000179375 -0.03483135330341921 
294670.8463949841 92959.9966246143 -0.03683712393076841 
297805.6426332286 -53748.20084882574 -0.03726161480941616 
300940.43887147313 -196174.9082322977 -0.03614421730584936 
304075.23510971764 -332344.99522222986 -0.033690063224608366 
307210.03134796215 -459125.2919595264 -0.03009180467802919 
310344.82758620667 -570104.9825269757 -0.025419452610841435 
313479.6238244512 -657431.490896568 -0.01969045886563482 
316614.4200626957 -715858.9169023035 -0.013040693387503632 
319749.2163009402 -744914.4258790354 -0.005809193925562138 
322884.0125391847 -747035.9624388713 0.0015611456342813738 
326018.8087774292 -723732.837211499 0.008712370575494824 
329153.60501567373 -673855.8774726512 0.015461924493517194 
332288.40125391824 -595799.6855080568 0.02171079918935484 
335423.19749216276 -491280.87188042654 0.02727702332851588 
338557.99373040727 -366638.61995247775 0.031840041579624605 
341692.7899686518 -230171.96313809472 0.035063927158244836 
344827.5862068963 -88160.75279396011 0.0367780514929719 
347962.3824451408 56429.510736845456 0.03703191871739732 
351097.1786833853 201404.4820002995 0.03597142053951059 
354231.9749216298 341854.3043019146 0.033669484191883654 
357366.77115987433 469613.35883833584 0.030089785530720795 
360501.56739811884 576452.8621451589 0.02522002118226746 
363636.36363636336 657856.2012172823 0.01923085121459869 
366771.15987460787 713596.4399627509 0.012487765406534254 
369905.9561128524 744672.2959069619 0.005396099651901321 
373040.7523510969 749953.6365221438 -0.001766630919820653 
376175.5485893414 726152.076569853 -0.008864814406301632 
379310.3448275859 671192.4210953999 -0.015761275765606087 
382445.1410658304 587441.8619664247 -0.022178240717404405 
385579.93730407493 481361.909524839 -0.027719835977738364 
388714.73354231945 359868.5389670247 -0.03204278697371103 
391849.52978056396 227107.0636742608 -0.035005265868143474 
394984.32601880847 84875.30609782872 -0.036645631098039984 
398119.122257053 -63937.095487779676 -0.03702010733393693 
401253.9184952975 -212716.7849883583 -0.036074848859655693 
404388.714733542 -352287.58854240703 -0.033689512341398935 
407523.5109717865 -474865.2865334144 -0.029846923090225037 
410658.307210031 -576867.176719925 -0.02474872532397902 
413793.10344827553 -657831.5227991546 -0.01875170407354064 
416927.89968652005 -716772.775563134 -0.012186101491883237 
420062.69592476456 -749965.402199127 -0.005239515243599352 
423197.49216300907 -752610.7768487354 0.0019805530877913284 
426332.2884012536 -722719.2530162224 0.009281415483839758 
429467.0846394981 -663169.9823118679 0.016301758058812336 
432601.8808777426 -579785.585162207 0.022608762353356786 
435736.6771159871 -477405.6398238202 0.027884503900341792 
438871.4733542316 -358003.03441469115 0.03201601013207426 
442006.26959247614 -222698.01915704206 0.03500381242037285 
445141.06583072065 -75392.06493633511 0.03679337202140688 
448275.86206896516 75985.5823083453 0.03721313434085212 
451410.65830720967 222134.26851866773 0.036088869831812045 
454545.4545454542 356365.83132763 0.033416538541171985 
457680.2507836987 475951.2477364325 0.029412318542592852 
460815.0470219432 579635.9719286948 0.024385517758220506 
463949.8432601877 664145.4282518991 0.018564209035615876 
467084.6394984322 723540.9141886602 0.012051082305180361 
470219.43573667674 752259.0994443613 0.004948270681619356 
473354.23197492125 748761.3629432464 -0.0024891829556657375 
476489.02821316576 716041.3424429882 -0.009842650816487088 
479623.82445141027 658502.1369375201 -0.016683944113702547 
482758.6206896548 578487.3366717745 -0.02274307612421181 
485893.4169278993 476067.8612489245 -0.02792431930880429 
489028.2131661438 352219.4643479587 -0.032164131793374975 
492163.0094043883 211922.63595620144 -0.03528979249492347 
495297.8056426328 63766.74068201662 -0.0370353975050276 
498432.60188087734 -83710.31519934937 -0.03720469890383525 
501567.39811912185 -225304.55956205647 -0.03581402107886743 
504702.19435736636 -358820.3917490862 -0.033067482140550726 
507836.99059561087 -481705.75364644604 -0.029190972774499842 
510971.7868338554 -588406.5712645357 -0.024297631037257385 
514106.5830720999 -671427.0665148929 -0.018422224753291437 
517241.3793103444 -725163.6190277988 -0.011682255959577809 
520376.1755485889 -748636.5637715937 -0.004388703835298258 
523510.9717868334 -744371.0887363529 0.0030190344595397134 
526645.768025078 -714689.2830408292 0.01015562333911801 
529780.5642633225 -659353.6094747 0.01680859156522519 
532915.360501567 -577034.8150331972 0.022879683867849217 
536050.1567398115 -469011.51223502075 0.02822143623634424 
539184.952978056 -341121.8473547001 0.03255115191768729 
542319.7492163006 -201789.33066143555 0.03554197637670363 
545454.5454545451 -58039.708517824074 0.03700318323969893 
548589.3416927896 86491.08428444607 0.03696640717202877 
551724.1379310341 229673.7335015445 0.03559165451833434 
554858.9341692786 367329.9602772195 0.03299436161908668 
557993.7304075231 491967.38124203484 0.029175533572051257 
561128.5266457676 595351.9867345573 0.02412634134164183 
564263.3228840121 672416.5449081417 0.01799302039428286 
567398.1191222566 722579.0460169867 0.011122668375757226 
570532.9153605012 747241.9286630044 0.003934161433672064 
573667.7115987457 746223.8135362093 -0.0032591190410009665 
576802.5078369902 716956.4072426617 -0.010298538469284902 
579937.3040752347 657327.3603971143 -0.017060585739640595 
583072.1003134792 569172.6475478427 -0.023305310855139892 
586206.8965517237 458697.5951911546 -0.028663050481408592 
589341.6927899682 333295.0713030582 -0.03278357056363708 
592476.4890282127 197978.75740948418 -0.03549999638607006 
595611.2852664572 55018.525886743366 -0.036843092118989715 
598746.0815047018 -93030.63907007073 -0.03689720887040363 
601880.8777429463 -240301.88475958176 -0.03565375436486384 
605015.6739811908 -377994.57082625193 -0.03301845632070711 
608150.4702194353 -497981.3492545283 -0.028964748783556853 
611285.2664576798 -596068.5494180084 -0.023669841989979675 
614420.0626959243 -671687.0356643733 -0.017486265802707034 
617554.8589341688 -724523.3018199273 -0.010772805603977429 
620689.6551724133 -751787.6637155935 -0.003754852527349515 
623824.4514106578 -749109.1932468358 0.003448235505694424 
626959.2476489024 -714192.9832256578 0.010667856308351289 
630094.0438871469 -649429.5705168719 0.01757714106975934 
633228.8401253914 -560706.5127659988 0.02375383165304752 
636363.6363636359 -453622.68260514265 0.028859701499855 
639498.4326018804 -330993.6205154876 0.03275805954921442 
642633.2288401249 -194138.33568925248 0.035455061382889584 
645768.0250783694 -46428.10286378998 0.03693446440929491 
648902.8213166139 104825.65436877812 0.037065743953719484 
652037.6175548584 250337.91334543377 0.03568632299758794 
655172.413793103 382822.3822210215 0.03277348349027689 
658307.2100313475 499016.3467433033 0.02852514395777456 
661442.006269592 597848.6733873691 0.02326244812398046 
664576.8025078365 676882.8166483361 0.017252403201884304 
667711.598746081 730956.2066081538 0.010630868468031553 
670846.3949843255 754596.4881052229 0.003498905617540334 
673981.19122257 745788.5199371409 -0.003918158598303096 
677115.9874608145 707208.079044725 -0.011226467482282879 
680250.783699059 643661.2527398842 -0.017991494326342134 
683385.5799373036 558414.0037132556 -0.023914570943312594 
686520.3761755481 452217.58817099425 -0.028883320713109843 
689655.1724137926 325957.42153670295 -0.03285325456772717 
692789.9686520371 184005.46621632285 -0.035694256111469216 
695924.7648902816 34585.95372704593 -0.03717109985337267 
699059.5611285261 -113419.9034281766 -0.0370844343043157 
702194.3573667706 -254079.6842980653 -0.0354280289721514 
705329.1536050151 -384856.90958157746 -0.03239899616348229 
708463.9498432596 -503655.4875436585 -0.028250196756150397 
711598.7460815042 -605788.0290452834 -0.02313778111549291 
714733.5423197487 -684257.4567838339 -0.017119750489455444 
717868.3385579932 -733233.3114083854 -0.010300657445619981 
721003.1347962377 -751216.2800687779 -0.0029622828760077023 
724137.9310344822 -740679.180528058 0.004466374532289493 
727272.7272727267 -704638.9524694392 0.011578436610440022 
730407.5235109712 -643797.2732579482 0.018130599686599053 
733542.3197492157 -557243.1411624367 0.024019094560564096 
736677.1159874602 -445920.7705584918 0.02912635363190401 
739811.9122257048 -315118.36891088815 0.03320980372840672 
742946.7084639493 -173227.56765035217 0.035958737681472286 
746081.5047021938 -27913.073052718668 0.037167029179803725 
749216.3009404383 116472.25274673868 0.03684600424128642 
752351.0971786828 257722.03670868312 0.03516287054793907 
755485.8934169273 392310.30567549204 0.0322714640576275 
758620.6896551718 513493.5074867307 0.02821305244669456 
761755.4858934163 613191.5158309969 0.02298900552588897 
764890.2821316608 685869.1942135618 0.016724335073632704 
768025.0783699054 730515.2097625462 0.009743746588341715 
771159.8746081499 748787.572018095 0.00247229572732606 
774294.6708463944 741390.4280596426 -0.004744149862960648 
777429.4670846389 706564.6029271812 -0.011720188056722631 
780564.2633228834 642307.4602699329 -0.01833946466975231 
783699.0595611279 549972.929145623 -0.02439790328332124 
786833.8557993724 435409.3338185321 -0.029557252253653594 
789968.6520376169 306339.6101104481 -0.033467712362766015 
793103.4482758614 168598.6239114582 -0.035939390313777374 
796238.244514106 25010.765060704827 -0.03698969364868203 
799373.0407523505 -122103.07478172927 -0.03672303213782558 
802507.836990595 -267620.0069414341 -0.035174195957108294 
805642.6332288395 -403186.8530484663 -0.03228288587766319 
808777.429467084 -520344.47550569393 -0.028025546164758157 
811912.2257053285 -614185.5433574165 -0.02256092737378281 
815047.021943573 -683982.4246464827 -0.016228025657760957 
818181.8181818175 -730347.4622761398 -0.009390221022577604 
821316.614420062 -751985.4477486699 -0.002284878199418764 
824451.4106583066 -745359.4425650779 0.004963573329552756 
827586.2068965511 -707463.2442852845 0.012180936462504482 
830721.0031347956 -638746.641120643 0.019010019276662998 
833855.7993730401 -543335.1713101272 0.024968673203766265 
836990.5956112846 -426750.2089525532 0.029671404221120155 
840125.3918495291 -293951.4846677495 0.0330155891999842 
843260.1880877736 -149862.918213648 0.03515659453469207 
846394.9843260181 -1403.8160042259333 0.03629398683727077 
849529.7805642626 142027.25703692704 0.03646641669090847 
852664.5768025072 271247.71480141225 0.035532830422059146 
855799.3730407517 381250.29272581876 0.033329337641164976 
858934.1692789962 472642.216818265 0.029829117705696594 
862068.9655172407 548798.0361341715 0.0251562108865443 
865203.7617554852 611034.9787304408 0.01947475355260194 
868338.5579937297 656147.3030670427 0.012905443124436321 
871473.3542319742 678456.6362267574 0.005575363923872197 
874608.1504702187 674235.8361860682 -0.00225651648497824 
877742.9467084632 644221.2533973253 -0.010154252203454521 
880877.7429467078 592054.4888268614 -0.01761939311174534 
884012.5391849523 520668.37334129354 -0.024273633578468467 
887147.3354231968 430580.0105456449 -0.029938610470631972 
890282.1316614413 321848.7420946779 -0.034542151162996054 
893416.9278996858 197479.28496392997 -0.037957658997911335 
896551.7241379303 64480.98356632114 -0.039951151135395775 
899686.5203761748 -68749.09579207112 -0.04029612206628172 
902821.3166144193 -196181.73401719925 -0.03893897102835533 
905956.1128526638 -315311.5963832035 -0.0360432122774458 
909090.9090909084 -424705.77900738374 -0.03186630568454959 
912225.7053291529 -520722.3945238279 -0.02659674217965469 
915360.5015673974 -597034.6846337351 -0.020318485065426883 
918495.2978056419 -647625.5443438494 -0.01313377082812658 
921630.0940438864 -670243.6469512138 -0.00530691098364461 
924764.8902821309 -666798.6735851128 0.0027318029929291124 
927899.6865203754 -640358.4258026838 0.010536999565341326 
931034.4827586199 -591945.22077547 0.01780685779045259 
934169.2789968645 -520498.51941563725 0.024394679665910177 
937304.075235109 -426000.8273708137 0.030173158595047177 
940438.8714733535 -312400.9879722315 0.03490533623654597 
943573.667711598 -187149.64744652403 0.03826805939850686 
946708.4639498425 -57694.893791020135 0.04001190171467514 
949843.260188087 71543.45621570108 0.04009629869858326 
952978.0564263315 198726.3510681884 0.03866276939786566 
956112.852664576 321344.4944464914 0.035877165146320306 
959247.6489028205 433783.67334806354 0.03180720843693193 
962382.445141065 528461.3857946877 0.026462023087198014 
965517.2413793096 599521.8130568808 0.019947710231709645 
968652.0376175541 645368.570147911 0.012568961224156145 
971786.8338557986 667513.6345757698 0.004761683079801248 
974921.6300940431 667064.3102020026 -0.0030822075806159832 
978056.4263322876 642617.1062754426 -0.010724516988435679 
981191.2225705321 591807.9802094409 -0.018021413315293493 
984326.0188087766 514883.9569928003 -0.02476946421353863 
987460.8150470211 416498.1603263696 -0.0306307809908776 
990595.6112852657 303764.9723619604 -0.035227160298000194 
993730.4075235102 182434.59108190326 -0.038310864243264096 
996865.2037617547 57706.03260921923 -0.039962138869767336 
999999.9999999992 -151123.84566429834 -0.03649754666920612 
