#x u 
0.0 20734.343477096474 -0.048850925965920514 
3134.796238244514 29853.949073158365 -0.04746879124028003 
6269.592476489028 47920.42425122787 -0.04378801804540629 
9404.38871473354 64512.256121288694 -0.03839661662304223 
12539.184952978056 78584.90168288405 -0.0315215420513302 
15673.98119122257 89619.60255261528 -0.023427487605443664 
18808.777429467085 97188.68556165756 -0.014427494229933889 
21943.5736677116 100999.48564406738 -0.0048695899978416024 
25078.369905956115 100904.63830466726 0.004876621147252401 
28213.16614420063 96907.81131609983 0.014434253483748688 
31347.962382445145 89163.56186972663 0.023433713626158304 
34482.75862068966 77971.35988342072 0.031526992692766806 
37617.55485893417 63764.00750703926 0.0384011237996932 
40752.35109717868 47090.902674947545 0.04379028448187508 
43887.14733542319 28596.793902669393 0.04748607604064464 
47021.943573667704 8996.847879130019 0.04934558231580254 
50156.739811912215 -10951.006009972847 0.04929689624968972 
53291.53605015673 -30475.384791138495 0.047341900531173604 
56426.33228840124 -48821.281261899814 0.04355619479212023 
59561.12852664575 -65279.260099047606 0.038086172171662803 
62695.92476489026 -79212.8917034964 0.031143358297447857 
65830.72100313478 -90083.36291577102 0.022996231595302074 
68965.51724137929 -97470.31290639576 0.013959841235724664 
72100.3134796238 -101088.08851786496 0.004383624190935873 
75235.10971786831 -100796.79046456271 -0.005362107483442663 
78369.90595611282 -96607.68323479706 -0.014900486605640407 
81504.70219435733 -88682.75948745711 -0.023862664311253747 
84639.49843260185 -77328.47546786198 -0.031902073413678275 
87774.29467084636 -62983.895089363854 -0.038707829906622866 
90909.09090909087 -46203.66204997554 -0.04401675258076473 
94043.88714733538 -27636.228277411145 -0.04762352540562071 
97178.68338557989 -7997.174435679459 -0.04938856357695125 
100313.4796238244 11964.712682766843 -0.049243124720129185 
103448.27586206891 31515.94522041604 -0.047191071051364566 
106583.07210031342 50016.02820251508 -0.04330645885122431 
109717.86833855794 67041.4097452079 -0.03772612841981922 
112852.66457680245 82553.17646989113 -0.030637476453748744 
115987.46081504696 97044.88138781989 -0.022264502302407414 
119122.25705329147 111511.85506387771 -0.012859677781391781 
122257.05329153598 127026.56568430547 -0.0027118843563660945 
125391.84952978049 143816.7153539983 0.007824400922375935 
128526.645768025 160107.10911557273 0.018290130558729197 
131661.44200626953 171465.85329016714 0.028106322572948258 
134796.23824451404 171571.05154505264 0.03662373759886238 
137931.03448275855 154739.19152394988 0.04325267461024715 
141065.83072100306 119271.65430286976 0.047629096754939475 
144200.62695924757 69519.65214996775 0.04972034982612154 
147335.42319749208 14739.113455719264 0.04978164824196197 
150470.2194357366 -35253.66110415358 0.04816347760357901 
153605.0156739811 -75059.3615317402 0.04508729024571812 
156739.81191222562 -105750.72804697255 0.040552312936522256 
159874.60815047013 -132337.69041218224 0.03444986754976954 
163009.40438871464 -158585.73780860222 0.026796207470107806 
166144.20062695915 -183416.08275109276 0.017890222882937908 
169278.99686520366 -201815.5670200016 0.008262086877680926 
172413.79310344817 -209208.43192358382 -0.0015387522989874878 
175548.58934169268 -205168.4123977631 -0.011126861613977378 
178683.3855799372 -193119.55895754497 -0.02028125871782454 
181818.1818181817 -176608.68292706803 -0.02878916396930092 
184952.97805642622 -156014.44752844013 -0.036309667713844106 
188087.77429467073 -128954.830110368 -0.042406261589999314 
191222.57053291524 -93805.28400174508 -0.046720760597571145 
194357.36677115975 -52570.967525109576 -0.04911593096990418 
197492.16300940426 -10094.450749709826 -0.049648034309473996 
200626.95924764877 29573.56667328238 -0.04840687757695197 
203761.75548589329 65867.23185764634 -0.04539608038725153 
206896.5517241378 100701.30002285526 -0.0405799700550171 
210031.3479623823 134901.11257077637 -0.03404520875756749 
213166.14420062682 165885.96302673925 -0.02610216859546242 
216300.94043887133 189094.86856670224 -0.017212149801340646 
219435.73667711584 201700.66345850562 -0.007807381214273271 
222570.53291536035 204747.27229605737 0.0018186504690275425 
225705.32915360486 201496.98599296573 0.011448643107876208 
228840.12539184937 193749.6038356037 0.020786942578894834 
231974.9216300939 180014.08975054708 0.029390358815927803 
235109.7178683384 157450.97687783904 0.03677169644095714 
238244.5141065829 125526.53132008409 0.04258106007567847 
241379.31034482742 87510.31114208722 0.0466870834195192 
244514.10658307193 48207.09212048718 0.049083841248262275 
247648.90282131644 10264.699487465898 0.0497303546185333 
250783.69905956095 -27112.595806367346 0.04849789391807923 
253918.49529780546 -65752.11208409813 0.04528410536419396 
257053.29153604998 -105001.09882708611 0.040174696444357845 
260188.0877742945 -140869.12866436667 0.03348058944018531 
263322.884012539 -168783.9969150729 0.025606647108482806 
266457.6802507835 -187117.32852186033 0.01688251527549269 
269592.476489028 -197822.7436697711 0.007523509746452041 
272727.27272727253 -203559.167979999 -0.0022493119074197348 
275862.06896551704 -204357.45642923613 -0.012069617320017833 
278996.86520376155 -197355.52658674069 -0.0214278791946652 
282131.66144200607 -179887.3699307821 -0.029827598800681684 
285266.4576802506 -152673.38894808452 -0.03694601774874323 
288401.2539184951 -119743.26938598564 -0.04264434063336338 
291536.0501567396 -85148.33075993747 -0.04682954666324945 
294670.8463949841 -49884.825839882105 -0.049324138956947164 
297805.6426332286 -12216.59436602479 -0.0498895639567583 
300940.43887147313 28997.348916178875 -0.04838488793866734 
304075.23510971764 71528.3967943037 -0.04489739745817964 
307210.03134796215 110534.14124352242 -0.03970853051400847 
310344.82758620667 142108.8948212406 -0.033128828899359114 
313479.6238244512 165954.278031095 -0.025370438907539917 
316614.4200626957 184418.5993474308 -0.016583469166852542 
319749.2163009402 198966.53215003893 -0.007007845447668306 
322884.0125391847 207832.96811422252 0.002931021431625446 
326018.8087774292 207357.73471417435 0.012696737913798117 
329153.60501567373 195615.78764416816 0.021822581978831686 
332288.40125391824 174533.64997079162 0.030023151805748195 
335423.19749216276 148264.68350910838 0.03713434323335385 
338557.99373040727 119518.12287810864 0.04295878894605106 
341692.7899686518 87675.30931843995 0.04719194534027328 
344827.5862068963 50634.87846760887 0.04951735183029169 
347962.3824451408 8398.526620604953 0.0497795069834918 
351097.1786833853 -35426.44705463933 0.04805875788241034 
354231.9749216298 -75844.10083111534 0.04457296678001362 
357366.77115987433 -110134.2529212662 0.03950997401766036 
360501.56739811884 -139172.6850175191 0.0329646407563471 
363636.36363636336 -165080.41690617104 0.025041380244109738 
366771.15987460787 -187730.90433633976 0.016006462667027245 
369905.9561128524 -203836.4365199234 0.006319820254981173 
373040.7523510969 -209612.87344135958 -0.0034990561743112173 
376175.5485893414 -204249.73306317106 -0.013043559266004541 
379310.3448275859 -190556.9276974852 -0.022063896933702375 
382445.1410658304 -172118.1015738268 -0.030351247971063824 
385579.93730407493 -149941.18803612172 -0.03759865848507268 
388714.73354231945 -122111.33270024834 -0.04339878918731086 
391849.52978056396 -86781.47634818265 -0.04739335455095791 
394984.32601880847 -45316.8274649142 -0.04942783918138954 
398119.122257053 -2241.097275762244 -0.049557428350310996 
401253.9184952975 38010.27704182113 -0.047904067592105214 
404388.714733542 74173.08702040404 -0.04451829344681705 
407523.5109717865 107893.84290826033 -0.03939146126405768 
410658.307210031 140463.34039152245 -0.03260288685519747 
413793.10344827553 170039.39770539769 -0.024441794777971246 
416927.89968652005 192332.85084351702 -0.015367954917439287 
420062.69592476456 204081.72897180426 -0.005842257625032997 
423197.49216300907 205699.66487070272 0.003806724026650996 
426332.2884012536 200345.23017342773 0.013353513781119191 
429467.0846394981 190412.07063440853 0.022529165845381748 
432601.8808777426 175138.49029169357 0.030926336630835168 
435736.6771159871 151843.69892774802 0.03807035335248113 
438871.4733542316 119471.90074529768 0.04359527076234432 
442006.26959247614 80689.01884229138 0.047352259881174384 
445141.06583072065 40290.74947213875 0.049347117502775845 
448275.86206896516 1551.0574249835117 0.04958116594321787 
451410.65830720967 -35702.7602283466 0.04796877045085366 
454545.4545454542 -73324.7298200437 0.04442126394625585 
457680.2507836987 -111314.03010544769 0.039009179471271936 
460815.0470219432 -146287.81413662378 0.03202952650709456 
463949.8432601877 -173626.16179332428 0.02390198212210819 
467084.6394984322 -191086.4852869356 0.014995174950216215 
470219.43573667674 -200134.9326341808 0.005555376907992784 
473354.23197492125 -203636.39317499226 -0.0041997340498775015 
476489.02821316576 -202363.54345282895 -0.013934552272648728 
479623.82445141027 -194013.97995165532 -0.02316483947715856 
482758.6206896548 -175773.56063187987 -0.031389866866625614 
485893.4169278993 -147723.44157830588 -0.03826296092405215 
489028.2131661438 -113491.3688471434 -0.04363490685803423 
492163.0094043883 -77435.92260930862 -0.04743708122623848 
495297.8056426328 -41287.38607328916 -0.049537856444228937 
498432.60188087734 -3729.472394732533 -0.049731585135628274 
501567.39811912185 36694.52101829306 -0.04787743084083134 
504702.19435736636 78467.20324969509 -0.04404499411348758 
507836.99059561087 117109.59658346002 -0.038513737431530276 
510971.7868338554 148366.62923077494 -0.03162410182992072 
514106.5830720999 171273.76263621708 -0.02363131713185224 
517241.3793103444 187935.53911161068 -0.014707392778024063 
520376.1755485889 200298.799840549 -0.005078644183528775 
523510.9717868334 207353.8279324805 0.00485821649506204 
526645.768025078 205734.4077721527 0.01457713679718046 
529780.5642633225 193101.5824622491 0.023592203376706825 
532915.360501567 170758.19158931563 0.031592130821728515 
536050.1567398115 142740.23639139778 0.03841295863818898 
539184.952978056 112324.75327513278 0.04389147444767215 
542319.7492163006 79597.84744070921 0.047765858286308166 
545454.5454545451 42599.51688152825 0.04973843593029881 
548589.3416927896 791.6574433918613 0.04964268122829174 
551724.1379310341 -42852.34182436582 0.04754448415018429 
554858.9341692786 -83391.03569720319 0.04367412564132866 
557993.7304075231 -117527.68101824823 0.0382605309678286 
561128.5266457676 -145554.3315477581 0.03143914791588582 
564263.3228840121 -169643.5592570334 0.0233244949635534 
567398.1191222566 -190340.17957617374 0.014162693214046179 
570532.9153605012 -204989.4623816618 0.004393030424965633 
573667.7115987457 -209791.45084103403 -0.005458485917709715 
576802.5078369902 -203347.91915587973 -0.014955318184388118 
579937.3040752347 -187989.674018658 -0.02382564156510616 
583072.1003134792 -167495.9065537903 -0.031872447262353686 
586206.8965517237 -143598.87662460416 -0.038827642272585776 
589341.6927899682 -114930.58490448036 -0.04431720488420892 
592476.4890282127 -79487.3855309475 -0.04798619548925228 
595611.2852664572 -37979.664817219054 -0.04966247219521168 
598746.0815047018 5503.312746802363 -0.049395081767282 
601880.8777429463 46265.08910255984 -0.04733256367018129 
605015.6739811908 82353.36527753135 -0.043571912341705654 
608150.4702194353 115028.97289796057 -0.03813679036765702 
611285.2664576798 145922.62138051257 -0.03110470681567031 
614420.0626959243 173929.17945659792 -0.022743488531971185 
617554.8589341688 195158.23886398095 -0.013505148225827268 
620689.6551724133 206037.72483855954 -0.0038730386199440354 
623824.4514106578 206344.027431904 0.005789401458347473 
626959.2476489024 199001.41776854842 0.015243110585646893 
630094.0438871469 186880.59478014102 0.02424108530044648 
633228.8401253914 169968.68435198913 0.03241329935451381 
636363.6363636359 145878.10642634734 0.039304315109114175 
639498.4326018804 113137.99817235232 0.044537534561301724 
642633.2288401249 73776.12829564908 0.04794550429185583 
645768.0250783694 32437.57865375255 0.049539587562005216 
648902.8213166139 -7079.4037668410565 0.0493589698372912 
652037.6175548584 -44281.98264535473 0.047363180520493466 
655172.413793103 -80911.25181667822 0.04348364575295047 
658307.2100313475 -117530.87045201843 0.03777962320644315 
661442.006269592 -151424.57875840392 0.03053128458038175 
664576.8025078365 -178070.2669938995 0.02216612808647212 
667711.598746081 -194692.07000558052 0.013087642803489749 
670846.3949843255 -202201.56246086358 0.0035756461315891073 
673981.19122257 -203526.28835804964 -0.006149536137847753 
677115.9874608145 -200112.6719278673 -0.015780480400672568 
680250.783699059 -190296.9249056176 -0.02486244324572949 
683385.5799373036 -171259.41927659404 -0.032897581236312715 
686520.3761755481 -142497.7309192192 -0.03951840101323215 
689655.1724137926 -107146.74818421117 -0.04456159046039041 
692789.9686520371 -69728.9330866783 -0.0479767677942831 
695924.7648902816 -32661.61951166747 -0.04967634857808838 
699059.5611285261 4855.038030212661 -0.04949224353856482 
702194.3573667706 44457.31535714251 -0.047290068936201364 
705329.1536050151 85308.9175463693 -0.043123119896379354 
708463.9498432596 123404.24898804113 -0.03726372837424872 
711598.7460815042 154275.5641027486 -0.030075742544339243 
714733.5423197487 176314.0862516001 -0.02185614353535824 
717868.3385579932 191266.6720335004 -0.012803646842536555 
721003.1347962377 201433.9885423218 -0.003136350809659271 
724137.9310344822 206555.03800110673 0.006777968953245568 
727272.7272727267 203680.20792600742 0.016429799720968623 
730407.5235109712 190179.8198864741 0.025320271214709384 
733542.3197492157 166727.0228018845 0.0331125147298436 
736677.1159874602 137110.93692373365 0.039637317971124304 
739811.9122257048 105058.43800312545 0.044760702680377906 
742946.7084639493 71376.4154401701 0.04826471922958483 
746081.5047021938 34377.3859761621 0.04987681413335969 
749216.3009404383 -6910.396994294108 0.04942452266546246 
752351.0971786828 -50180.23844820072 0.046957884199589045 
755485.8934169273 -90684.81587470457 0.04271319243672253 
758620.6896551718 -124652.89919387555 0.03695565803438104 
761755.4858934163 -151752.4183472306 0.02986293595828643 
764890.2821316608 -174069.36139795376 0.02156564903291267 
768025.0783699054 -192731.20282244246 0.01229341415675861 
771159.8746081499 -205771.70068479906 0.0024618387807016444 
774294.6708463944 -209517.51441661446 -0.0074036241455545816 
777429.4670846389 -202062.93988749964 -0.01684076191358324 
780564.2633228834 -185193.58872361583 -0.02555328352920975 
783699.0595611279 -162740.93592380118 -0.03335002167618185 
786833.8557993724 -137091.04051209558 -0.039999062703452534 
789968.6520376169 -107498.2512896895 -0.04516360070280601 
793103.4482758614 -71943.50354781724 -0.04849880150357771 
796238.244514106 -30538.99916293942 -0.04981772712314521 
799373.0407523505 13151.6897036696 -0.04915951250615191 
802507.836990595 54320.087647640656 -0.04669315517017574 
805642.6332288395 90380.31964042403 -0.04256014284135483 
808777.429467084 122107.27851679883 -0.036820337961421486 
811912.2257053285 151309.40316756663 -0.02955417314903825 
815047.021943573 177553.00234716316 -0.021007683558698875 
818181.8181818175 197457.34219097087 -0.011620016937708083 
821316.614420062 207361.68140470693 -0.0018942932972562344 
824451.4106583066 206575.99671611612 0.007765951181322257 
827586.2068965511 197757.70586245513 0.017099806170127983 
830721.0031347956 183956.72100077895 0.02588462028623158 
833855.7993730401 165427.88836047234 0.03380939542630707 
836990.5956112846 139671.1640743996 0.040467945229979804 
840125.3918495291 104859.76823701162 0.0454819099978952 
843260.1880877736 63212.978534519665 0.04862710736877606 
846394.9843260181 20708.137455952103 0.04984106123007874 
849529.7805642626 -16935.726570662322 0.049126156179492446 
852664.5768025072 -48363.831929960914 0.04647940421683287 
855799.3730407517 -76993.0904739836 0.04194608715529439 
858934.1692789962 -107465.87486830947 0.03574486829230156 
862068.9655172407 -141541.42252209078 0.02831066104999351 
865203.7617554852 -176996.50540910018 0.020166789613498166 
868338.5579937297 -209857.89032195052 0.01171143775714315 
871473.3542319742 -237099.3922985228 0.003105975752256648 
874608.1504702187 -257029.51100834302 -0.005629184147369109 
877742.9467084632 -267600.14691157883 -0.014398151483528014 
880877.7429467078 -265351.6277699041 -0.022892588467867934 
884012.5391849523 -246941.47481455305 -0.030654567998939605 
887147.3354231968 -212082.26688537683 -0.0372669882705508 
890282.1316614413 -164750.45169162442 -0.04248580544902564 
893416.9278996858 -111008.1441037865 -0.04620315519577299 
896551.7241379303 -55241.025886933465 -0.04831044885682248 
899686.5203761748 1629.9389273451889 -0.04862872374312612 
902821.3166144193 60319.34425690429 -0.04699229112139747 
905956.1128526638 119756.63554282743 -0.043401341896639904 
909090.9090909084 175705.65862229536 -0.038080741213348535 
912225.7053291529 222899.16439546453 -0.03137768588969944 
915360.5015673974 258481.55604952047 -0.02359842884232951 
918495.2978056419 283193.9898527128 -0.014946711789185795 
921630.0940438864 299116.18805658084 -0.005617957157922363 
924764.8902821309 306394.2258440193 0.004062011519680723 
927899.6865203754 302435.5999039402 0.01361293634058873 
931034.4827586199 284441.01265409705 0.022530153026178036 
934169.2789968645 252616.6371330191 0.03044638735898426 
937304.075235109 210679.19664529583 0.037169474821643074 
940438.8714733535 163096.79132803727 0.042569905410806554 
943573.667711598 111923.71982919471 0.04644866710991806 
946708.4639498425 56497.596274323696 0.04853469954293754 
949843.260188087 -3756.55233216293 0.04862273521355612 
952978.0564263315 -66446.49060963023 0.04671222130728572 
956112.852664576 -126372.59893659035 0.04300425543541494 
959247.6489028205 -178648.35165509122 0.03775999012218074 
962382.445141065 -221589.89297534656 0.03116674403380925 
965517.2413793096 -256424.20522795062 0.023347119982443324 
968652.0376175541 -284204.493801209 0.014493480740422107 
971786.8338557986 -303246.6287667854 0.004976151212044157 
974921.6300940431 -309837.449524103 -0.004700383901250713 
978056.4263322876 -301509.2367662789 -0.014060501121817132 
981191.2225705321 -279460.7872559198 -0.022782432963334848 
984326.0188087766 -247587.27577006118 -0.03066836675989502 
987460.8150470211 -209129.78741621174 -0.0375054176407546 
990595.6112852657 -164438.37666098645 -0.04297715723716977 
993730.4075235102 -112178.85883243807 -0.04672960807907477 
996865.2037617547 -52266.32803411143 -0.04855019386763019 
999999.9999999992 20734.343444552913 -0.04885092596741224 
