#x u 
0.0 171257.35684427037 0.02948150909817222 
3134.796238244514 264088.59856521303 0.024523942811772892 
6269.592476489028 436307.3579325377 0.022725088202531857 
9404.38871473354 588876.1074414175 0.0199201171033477 
12539.184952978056 718751.4010508668 0.016348427792146826 
15673.98119122257 820830.6447899651 0.012144455718811002 
18808.777429467085 891168.4338912622 0.007470859901119727 
21943.5736677116 927044.7626220795 0.0025083660863300145 
25078.369905956115 927072.2953337834 -0.002551126176485139 
28213.16614420063 891249.9673129328 -0.00751196645868038 
31347.962382445145 820963.0270214302 -0.012182319199911439 
34482.75862068966 718929.468550349 -0.01638158198525924 
37617.55485893417 589094.9268621282 -0.019947369435730687 
40752.35109717868 436480.10019265674 -0.022741792646498556 
43887.14733542319 266986.59978549683 -0.024656791347143305 
47021.943573667704 87168.73474378561 -0.025618312589404488 
50156.739811912215 -96019.94292653805 -0.02558917437269874 
53291.53605015673 -275495.53198582726 -0.024570503471082562 
56426.33228840124 -444317.7162311811 -0.02260169186092985 
59561.12852664575 -595958.146337386 -0.019758873434264693 
62695.92476489026 -724552.8909497807 -0.016151979903204074 
65830.72100313478 -825129.1947520617 -0.011920489743606308 
68965.51724137929 -893797.7747806469 -0.0072280345661600845 
72100.3134796238 -927903.2188922995 -0.002256071486399173 
75235.10971786831 -926126.6704803036 0.0028031338170760194 
78369.90595611282 -888536.8286239805 0.007753942011219921 
81504.70219435733 -816587.2914971386 0.012404905476290083 
84639.49843260185 -713060.3457657816 0.016576171580154654 
87774.29467084636 -581959.3756375465 0.02010643757474074 
90909.09090909087 -428354.05210204324 0.022859188168965008 
94043.88714733538 -258184.2888900092 0.024727974571369063 
97178.68338557989 -78030.54616906193 0.025640530862022823 
100313.4796238244 105140.6356740357 0.025561568513704953 
103448.27586206891 284246.0319628044 0.02449414099830165 
106583.07210031342 452359.6418388244 0.02247952570913087 
109717.86833855794 602980.5165286921 0.0195956277652527 
112852.66457680245 730284.1508582798 0.015953967422610148 
115987.46081504696 829347.7167112035 0.011695367588730566 
119122.25705329147 896340.4286597061 0.006984508204678136 
122257.05329153598 928671.680334144 0.0020035580761612443 
125391.84952978049 925091.2231016397 -0.0030548695892859924 
128526.645768025 885737.5131470985 -0.00799516552985968 
131661.44200626953 812132.357376258 -0.012626288634380228 
134796.23824451404 707122.065183565 -0.016769153496924726 
137931.03448275855 574767.3817444303 -0.02026355564465846 
141065.83072100306 420186.459108484 -0.02297436664049147 
144200.62695924757 249356.93739744485 -0.024796759496107466 
147335.42319749208 68884.78962234689 -0.025660262328783108 
150470.2194357366 -114251.13111516491 -0.025531483507198055 
153605.0156739811 -292968.9636846171 -0.024415402904920204 
156739.81191222562 -460357.69430619344 -0.022355179328828714 
159874.60815047013 -609944.4052677685 -0.01943048156921251 
163009.40438871464 -735944.5824787804 -0.015754407609792145 
166144.20062695915 -833485.8024745698 -0.011469111131730315 
169278.99686520366 -898796.1489007404 -0.00674030443460393 
172413.79310344817 -929350.0724171585 -0.0017508503462352254 
175548.58934169268 -923966.053623027 0.003306309077942754 
178683.3855799372 -882852.2923803402 0.008235613618981938 
181818.1818181817 -807598.6567308211 0.012846447202827196 
184952.97805642622 -701115.2027415009 0.01696050901877451 
188087.77429467073 -567519.6427148511 0.020418708407026545 
191222.57053291524 -411978.11336477567 0.023087316890229078 
194357.36677115975 -240505.40144879802 0.024863139450094444 
197492.16300940426 -59732.35212588112 0.025677505075983723 
200626.95924764877 123350.54564756641 0.02549892227104173 
203761.75548589329 301663.48113766534 0.024334296827533533 
206896.5517241378 468311.0979237714 0.02222866478004332 
210031.3479623823 616849.1371458475 0.019263450863228032 
213166.14420062682 741533.6368213005 0.015553319819517589 
216300.94043887133 837543.0507003926 0.011241742316608417 
219435.73667711584 901164.6973300711 0.006495446940601593 
222570.53291536035 929938.3293459247 0.0014979728060614955 
225705.32915360486 922751.2711716106 -0.0035574278966091937 
228840.12539184937 879881.4461534728 -0.008475262958175678 
231974.9216300939 802986.6292722122 -0.013065359829045687 
235109.7178683384 695040.3410289579 -0.017150219586648384 
238244.5141065829 560216.8614874474 -0.02057188081399735 
241379.31034482742 403729.81097620697 -0.023198027963438027 
244514.10658307193 231630.53953063648 -0.024927107995317492 
247648.90282131644 50574.12134986126 -0.02569225743129717 
250783.69905956095 -132437.99674359665 -0.02546388796326228 
253918.49529780546 -310328.74106418 -0.024250830632400987 
257053.29153604998 -476219.08131241746 -0.022099994333079097 
260188.0877742945 -623694.0424916283 -0.01909455184715629 
263322.884012539 -747050.771818551 -0.015350723554748216 
266457.6802507835 -841519.0678871225 -0.011013283195252339 
269592.476489028 -903445.8442285835 -0.006249959470738472 
272727.27272727253 -930436.3940669931 -0.001244949981549842 
275862.06896551704 -921446.9935658644 0.0038082016899491384 
278996.86520376155 -876825.262600854 0.008714090304498684 
282131.66144200607 -798296.7223085206 0.013283005281291348 
285266.4576802506 -688898.06923037 0.017338266801030768 
288401.2539184951 -552859.7463392525 0.02072305800979285 
291536.0501567396 -395442.3519233558 0.023306489122550296 
294670.8463949841 -222733.21239185636 0.024988658927640156 
297805.6426332286 -41410.98552636424 0.025704517963932368 
300940.43887147313 141512.603035909 0.025426383981742698 
304075.23510971764 318963.9030439969 0.024165012414683495 
307210.03134796215 484080.8774981745 0.02196918046733521 
310344.82758620667 630478.4574362232 0.018923800902056823 
313479.6238244512 752495.4523785065 0.015146638464748738 
316614.4200626957 845413.4684115901 0.010783755925295383 
319749.2163009402 905639.3683539997 0.006003865834181384 
322884.0125391847 930844.2182744109 0.000991806412700964 
326018.8087774292 920053.3473041493 -0.0040586061360893735 
329153.60501567373 873684.0381334729 -0.00895207249473131 
332288.40125391824 793529.3907011612 -0.01349936245071937 
335423.19749216276 682688.983068097 -0.017524632423730098 
338557.99373040727 545449.0108170006 -0.020872225332144955 
341692.7899686518 387116.53998449905 -0.023412689848210867 
344827.5862068963 213814.28296019373 -0.02504778627740359 
347962.3824451408 32243.83336319083 -0.025714285484773263 
351097.1786833853 -150573.4844029439 -0.025386413963892747 
354231.9749216298 -327568.1295760722 -0.024076850497658193 
357366.77115987433 -491895.72398665943 -0.02183623587009532 
360501.56739811884 -637201.7243910825 -0.018751214607558395 
363636.36363636336 -757867.1427647751 -0.014941083991535837 
366771.15987460787 -849225.5789595953 -0.010553169218023887 
369905.9561128524 -907741.2358656263 -0.005757014748501963 
373040.7523510969 -931131.7379751209 -0.0007371903991908431 
376175.5485893414 -918402.4246657774 0.004316319652851456 
379310.3448275859 -869736.1499079887 0.009222277962992022 
382445.1410658304 -786199.8790254705 0.013828327086917511 
385579.93730407493 -669370.5594801689 0.018032139228920812 
388714.73354231945 -521264.6391857721 0.02178580876706588 
391849.52978056396 -345143.622747216 0.0250572056538036 
394984.32601880847 -147385.39137883097 0.027739659674250367 
398119.122257053 60557.70058427335 0.029555025615420637 
401253.9184952975 262287.1674582876 0.030050022231226603 
404388.714733542 440451.00708465755 0.028767705972854624 
407523.5109717865 583544.7585814983 0.02554612882710383 
410658.307210031 690952.8700947849 0.020735293518571243 
413793.10344827553 771243.0793037057 0.015104346101338413 
416927.89968652005 833422.3877813222 0.009426213535369427 
420062.69592476456 877527.4815710107 0.004032366197502736 
423197.49216300907 892945.9256240056 -0.0012768876716410108 
426332.2884012536 866836.5729388196 -0.006857518486258494 
429467.0846394981 795587.7781961882 -0.012705552980307701 
432601.8808777426 688711.937141404 -0.01828511282169145 
435736.6771159871 561351.7711940224 -0.022875770752484797 
438871.4733542316 422638.43883618485 -0.02610720606255983 
442006.26959247614 271354.45008762955 -0.028156141644422237 
445141.06583072065 103017.17774099443 -0.02941697612748577 
448275.86206896516 -79181.01324911689 -0.0299930074877309 
451410.65830720967 -261127.1263633162 -0.029538007180400287 
454545.4545454542 -425809.6546213924 -0.027612308678924485 
457680.2507836987 -564449.7992687465 -0.024179885486294163 
460815.0470219432 -679346.3196906475 -0.01972458492692751 
463949.8432601877 -775718.4688855779 -0.014861591142531754 
467084.6394984322 -851348.0268759084 -0.009848101652475044 
470219.43573667674 -895089.0795458026 -0.004501141290914002 
473354.23197492125 -895949.5955462583 0.0013988399297713515 
476489.02821316576 -853293.6774636398 0.007651312683954361 
479623.82445141027 -777492.9949371142 0.0136146897393758 
482758.6206896548 -680350.2361753931 0.0186517190907498 
485893.4169278993 -565316.8718341121 0.0225816011605324 
489028.2131661438 -427686.7703514883 0.025671987543651513 
492163.0094043883 -264407.6003234907 0.028187240374745664 
495297.8056426328 -83001.66653906513 0.02997470900790154 
498432.60188087734 100001.79179732004 0.030529159288537673 
501567.39811912185 269713.0448966859 0.029471020895601305 
504702.19435736636 421669.5875491288 0.026937481432168755 
507836.99059561087 559794.07305468 0.023475667756075007 
510971.7868338554 685936.6809501131 0.019549087948039785 
514106.5830720999 792245.6304857591 0.01517326919374008 
517241.3793103444 864603.9752083838 0.010058773907655224 
520376.1755485889 893698.792285197 0.004104752538894663 
523510.9717868334 882227.4183037025 -0.002283349639027654 
526645.768025078 840767.8217708489 -0.0083939747489793 
529780.5642633225 776711.6254386271 -0.013725478546668883 
532915.360501567 687896.0845332524 -0.018284309351724037 
536050.1567398115 567572.3646501212 -0.0223609238819862 
539184.952978056 415376.52994517377 -0.02602779201022265 
542319.7492163006 242616.11102026844 -0.0288949661492185 
545454.5454545451 66125.6260031095 -0.030386339638010344 
548589.3416927896 -103068.95163727977 -0.03025079408502005 
551724.1379310341 -264601.2793440733 -0.028774498906862147 
554858.9341692786 -422280.45369299763 -0.026474132844715805 
557993.7304075231 -573339.0445400636 -0.023595096716773963 
561128.5266457676 -704983.9010526887 -0.019940539897803155 
564263.3228840121 -802175.8903036274 -0.015204625228727002 
567398.1191222566 -858760.9408589851 -0.00945040752370098 
570532.9153605012 -880449.2574647273 -0.0032229456164485784 
573667.7115987457 -876503.2676300548 0.0028211673487233218 
576802.5078369902 -848690.3237089922 0.008373157245052741 
579937.3040752347 -788976.7743164917 0.013537638423957919 
583072.1003134792 -688556.036017706 0.018452953277932976 
586206.8965517237 -549233.222336416 0.022901004661537556 
589341.6927899682 -385757.26367906365 0.02635564865660804 
592476.4890282127 -216797.1606400472 0.028439493857369914 
595611.2852664572 -53508.771440616525 0.029298779182468516 
598746.0815047018 103417.94063274255 0.029465858839095714 
601880.8777429463 256441.94409144443 0.02930911405457988 
605015.6739811908 402285.06955783593 0.02861677761604647 
608150.4702194353 531147.4515803992 0.026749302575164113 
611285.2664576798 634401.9575315256 0.023230193037587277 
614420.0626959243 711723.3345358818 0.01820524017276339 
617554.8589341688 769239.3068761898 0.012334664878149689 
620689.6551724133 810279.8127772206 0.006251165908579328 
623824.4514106578 828779.9771085621 0.00013801461588252274 
626959.2476489024 813017.532728844 -0.006167558113566226 
630094.0438871469 756462.961201134 -0.012694214552100779 
633228.8401253914 664710.7467910284 -0.019011300949899897 
636363.6363636359 551230.263108895 -0.024412882670287184 
639498.4326018804 426223.9312532616 -0.0284219584184802 
642633.2288401249 290062.3846626872 -0.03108781726787464 
645768.0250783694 137954.04255330237 -0.03276832915094989 
648902.8213166139 -29296.422213572994 -0.03363124154117813 
652037.6175548584 -199985.56834171683 -0.033403185248096615 
655172.413793103 -357474.90864213323 -0.031632862740015914 
658307.2100313475 -491389.6396523826 -0.028192331667584163 
661442.006269592 -602519.9798372186 -0.023488228798716336 
664576.8025078365 -696509.1621336072 -0.018158118011320574 
667711.598746081 -773182.7495013971 -0.012566718677094193 
670846.3949843255 -822922.5386237853 -0.006625280765675728 
673981.19122257 -834039.4451383678 -0.00011592441714132593 
677115.9874608145 -803493.4332218705 0.006829276861986087 
680250.783699059 -739749.9436027264 0.01360785990799154 
683385.5799373036 -654788.4334983976 0.019521574131448168 
686520.3761755481 -553635.839592661 0.024261910998915285 
689655.1724137926 -432346.8971882097 0.028005701163148686 
692789.9686520371 -286422.5301137155 0.031029389726632165 
695924.7648902816 -120644.66622316284 0.03325551534318363 
699059.5611285261 50209.3804250146 0.03421448381536599 
702194.3573667706 210739.88461809015 0.03346616972171848 
705329.1536050151 354763.6084080404 0.031040632104204775 
708463.9498432596 485521.08769619314 0.027435493572475374 
711598.7460815042 606284.1497130335 0.023171911197756377 
714733.5423197487 711475.0081506814 0.018373142351492757 
717868.3385579932 787842.7149041968 0.01280381734951798 
721003.1347962377 824634.80025186 0.006321798167698072 
724137.9310344822 822210.8626921457 -0.0007405569316615764 
727272.7272727267 790148.4173180718 -0.0076754318849319 
730407.5235109712 736897.7505537774 -0.013884145430491168 
733542.3197492157 661877.0288920618 -0.01924766583883466 
736677.1159874602 558277.8934399587 -0.024003643116313665 
739811.9122257048 423540.2658722602 -0.028269145909114682 
742946.7084639493 266351.6966038582 -0.03171983810553802 
746081.5047021938 102649.15120479304 -0.033770390863020604 
749216.3009404383 -55365.03790233761 -0.03407235209310618 
752351.0971786828 -205864.9518551473 -0.03281043604123738 
755485.8934169273 -352960.773897464 -0.030488610089156223 
758620.6896551718 -496097.4050163112 -0.027431948472516267 
761755.4858934163 -624683.2785535787 -0.023526874805122146 
764890.2821316608 -723822.4046630472 -0.018469523946370345 
768025.0783699054 -785325.5408149082 -0.01225581568741443 
771159.8746081499 -812601.6105279712 -0.005391308256723193 
774294.6708463944 -814435.2487770931 0.0014075323087886554 
777429.4670846389 -794301.0092024963 0.00771527918411689 
780564.2633228834 -746506.323922012 0.013584635155120317 
783699.0595611279 -663221.1137518525 0.019232263577860537 
786833.8557993724 -544956.7326420015 0.024563958180996992 
789968.6520376169 -403389.4069478385 0.029047959585569938 
793103.4482758614 -253435.2361926288 0.032078085752228244 
796238.244514106 -102746.55291353834 0.033452196571083365 
799373.0407523505 50527.28381560878 0.03346908665486466 
802507.836990595 209590.77847836766 0.03254667463036558 
805642.6332288395 369278.13325281703 0.030765788705613976 
808777.429467084 515223.00311198796 0.027819827904518528 
811912.2257053285 633031.1090744167 0.023421605081797504 
815047.021943573 718035.9774993899 0.01773611886356495 
818181.8181818175 775589.9352193868 0.011379240181959191 
821316.614420062 811769.1848971155 0.004977325582474585 
824451.4106583066 824412.1103812342 -0.001257017340060333 
827586.2068965511 804010.748280505 -0.007496120000279679 
830721.0031347956 743565.1085504137 -0.013855742399773068 
833855.7993730401 647040.8061529809 -0.020015325872342803 
836990.5956112846 527497.6373298633 -0.025309141662266964 
840125.3918495291 396774.37229153374 -0.029201711229547535 
843260.1880877736 257446.82561177807 -0.03165615222313965 
846394.9843260181 105341.16663537922 -0.03301583454174148 
849529.7805642626 -60248.4953748427 -0.03353014965304858 
852664.5768025072 -229609.68500955345 -0.033027526118328876 
855799.3730407517 -386472.5746773945 -0.031081828570686924 
858934.1692789962 -518862.0130503684 -0.027497429690047374 
862068.9655172407 -625769.8602604667 -0.022601393303493887 
865203.7617554852 -712865.1424722145 -0.01703240310270429 
868338.5579937297 -781965.7130143207 -0.011243518242003075 
871473.3542319742 -825519.747250923 -0.005234920048878211 
874608.1504702187 -832034.3323828862 0.0012106467123911865 
877742.9467084632 -796834.3015941163 0.008046683779616079 
880877.7429467078 -726889.0702423176 0.014751773219532855 
884012.5391849523 -634640.7588297819 0.020620291863318572 
887147.3354231968 -527284.198361583 0.025259023715880784 
890282.1316614413 -402679.56288900506 0.028776968087209195 
893416.9278996858 -256055.45986529108 0.03147766310474477 
896551.7241379303 -90276.6809378553 0.033385255051572096 
899686.5203761748 81322.45324598515 0.03410861257789768 
902821.3166144193 242738.68537583988 0.03319037749218059 
905956.1128526638 385767.60476317065 0.030576103704806755 
909090.9090909084 512378.74358194054 0.026710688992633423 
912225.7053291529 626748.3087799174 0.022159460440411748 
915360.5015673974 725559.7413939991 0.017149115457837805 
918495.2978056419 796974.7184460307 0.011505909717663375 
921630.0940438864 829525.1108867 0.0050489790358395 
924764.8902821309 821709.3200659992 -0.001983120128548438 
927899.6865203754 782299.8093433547 -0.008930200744467869 
931034.4827586199 721093.8512657995 -0.015144389770234728 
934169.2789968645 639837.8066044872 -0.0204138257083 
937304.075235109 532817.986279598 -0.024940672015680995 
940438.8714733535 396396.671298518 -0.028906317738396234 
943573.667711598 237326.4395550029 -0.03208970138014065 
946708.4639498425 70929.83155556653 -0.0339473300898336 
949843.260188087 -89139.4644854953 -0.034076460640541734 
952978.0564263315 -239012.09032657585 -0.03257846678688109 
956112.852664576 -382306.69857186114 -0.02994280249027707 
959247.6489028205 -520088.7771252686 -0.026574224309146462 
962382.445141065 -643886.3617976181 -0.02245888424247744 
965517.2413793096 -739329.3261259684 -0.017316665076569055 
968652.0376175541 -796783.1548489954 -0.01107396883351537 
971786.8338557986 -817967.1218915711 -0.004152847436288135 
974921.6300940431 -811738.1376284804 0.0027355293955227803 
978056.4263322876 -783572.66736667 0.009084800742914213 
981191.2225705321 -729854.3119151114 0.014865132493664607 
984326.0188087766 -642967.0609770719 0.020297318200962245 
987460.8150470211 -521782.91064845293 0.025377007770476856 
990595.6112852657 -376421.538779235 0.029658879852853162 
993730.4075235102 -222067.27757808386 0.03253246196272757 
996865.2037617547 -71046.76629730432 0.03383825723515251 
999999.9999999992 171257.35684033466 0.029481509097991812 
