#x u 
0.0 4414863568200831.0 202367308.6159046 
3134.796238244514 -110482721818341.4 -5064276.741605736 
6269.592476489028 2718908159782.913 124628.6125759921 
9404.38871473354 -113982076533.77979 -5224.63207309338 
12539.184952978056 -44266376818.4191 -2029.0216388391837 
15673.98119122257 -47188853208.821846 -2162.9819241343453 
18808.777429467085 -48323717927.44058 -2215.004003853563 
21943.5736677116 -49533494910.455215 -2270.4616455100504 
25078.369905956115 -50772355447.8093 -2327.2540022625335 
28213.16614420063 -52042228452.15677 -2385.4692665159214 
31347.962382445145 -53343868029.623436 -2445.141727409441 
34482.75862068966 -54678077713.50403 -2506.307897583761 
37617.55485893417 -56045680016.39535 -2569.005129923492 
40752.35109717868 -57447517386.21143 -2633.2716747907307 
43887.14733542319 -58884452407.82359 -2699.146703485982 
47021.943573667704 -60357368070.9707 -2766.6703347275484 
50156.739811912215 -61867168090.47394 -2835.8836630285405 
53291.53605015673 -63414777282.46559 -2906.8287887478245 
56426.33228840124 -65001142005.72401 -2979.5488495688915 
59561.12852664575 -66627230676.96966 -3054.0880534318517 
62695.92476489026 -68294034365.7663 -3130.4917128553743 
65830.72100313478 -70002567467.81886 -3208.806280264676 
68965.51724137929 -71753868448.45773 -3289.079383828491 
72100.3134796238 -73549000649.74677 -3371.359863416395 
75235.10971786831 -75389053159.44704 -3455.697806589251 
78369.90595611282 -77275141739.50023 -3542.144584721217 
81504.70219435733 -79208409805.46521 -3630.752889127261 
84639.49843260185 -81190029440.72163 -3721.576766732676 
87774.29467084636 -83221202426.68127 -3814.6716548663844 
90909.09090909087 -85303161277.64745 -3910.094415140483 
94043.88714733538 -87437170277.21011 -4007.903366802796 
97178.68338557989 -89624526513.0832 -4108.158319972898 
100313.4796238244 -91866560899.0549 -4210.920608776596 
103448.27586206891 -94164639165.74939 -4316.25312406929 
106583.07210031342 -96520162806.34882 -4424.220345613659 
109717.86833855794 -98934569977.48996 -4534.8883741549425 
112852.66457680245 -101409336366.29655 -4648.32496424831 
115987.46081504696 -103945976031.85574 -4764.599558482427 
119122.25705329147 -106546042217.67123 -4883.783323107449 
122257.05329153598 -109211128125.6826 -5005.949184705864 
125391.84952978049 -111942867652.15123 -5131.1718678806365 
128526.645768025 -114742936103.96646 -5259.527934650471 
131661.44200626953 -117613050922.91068 -5391.095826549693 
134796.23824451404 -120554972435.82767 -5525.955909915424 
137931.03448275855 -123570504630.87189 -5664.19052395941 
141065.83072100306 -126661495953.91989 -5805.884030869613 
144200.62695924757 -129829840132.69168 -5951.122867755685 
147335.42319749208 -133077477055.62456 -6099.995601129395 
150470.2194357366 -136406393736.34119 -6252.592984786139 
153605.0156739811 -139818625375.99014 -6409.00802112032 
156739.81191222562 -143316256511.87277 -6569.336024856935 
159874.60815047013 -146901422235.60782 -6733.674688006076 
163009.40438871464 -150576309482.55774 -6902.124145764655 
166144.20062695915 -154343158415.36987 -7074.7870441463265 
169278.99686520366 -158204263922.75455 -7251.768610147984 
172413.79310344817 -162161977227.91202 -7433.1767241431 
175548.58934169268 -166218707574.42447 -7619.121993075868 
178683.3855799372 -170376923957.83194 -7809.717823153845 
181818.1818181817 -174639156898.02414 -8005.080492075211 
184952.97805642622 -179008000271.89767 -8205.329222034903 
188087.77429467073 -183486113219.65195 -8410.58625454817 
191222.57053291524 -188076222105.60004 -8620.976926696829 
194357.36677115975 -192781122488.9893 -8836.629747284112 
197492.16300940426 -197603681070.5949 -9057.676471879413 
200626.95924764877 -202546837618.82486 -9284.252177474513 
203761.75548589329 -207613606906.7169 -9516.495338715995 
206896.5517241378 -212807080679.8732 -9754.547907117125 
210031.3479623823 -218130429637.44275 -9998.555392854636 
213166.14420062682 -223586905385.9663 -10248.666947656808 
216300.94043887133 -229179842346.9792 -10505.03544816444 
219435.73667711584 -234912659645.80167 -10767.817581180298 
222570.53291536035 -240788863033.9008 -11037.173933260221 
225705.32915360486 -246812046873.33856 -11313.269085895661 
228840.12539184937 -252985896162.09766 -11596.27171515214 
231974.9216300939 -259314188554.60812 -11886.354693406483 
235109.7178683384 -265800796358.3565 -12183.695191954073 
238244.5141065829 -272449688536.93903 -12488.474785448907 
241379.31034482742 -279264932768.8505 -12800.879559947642 
244514.10658307193 -286250697578.49255 -13121.100224784986 
247648.90282131644 -293411254508.2075 -13449.332226301578 
250783.69905956095 -300750980296.31476 -13785.775861271228 
253918.49529780546 -308274359084.2965 -14130.636390562337 
257053.29153604998 -315985984750.48004 -14484.12415701275 
260188.0877742945 -323890563491.00073 -14846.4547126326 
263322.884012539 -331992916720.23553 -15217.848958100867 
266457.6802507835 -340297984287.4259 -15598.53329415248 
269592.476489028 -348810827966.6702 -15988.739782740178 
272727.27272727253 -357536635187.4329 -16388.70631641863 
275862.06896551704 -366480722983.2939 -16798.67679499242 
278996.86520376155 -375648542094.27203 -17218.90130663246 
282131.66144200607 -385045681073.0863 -17649.636306869343 
285266.4576802506 -394677870195.83136 -18091.14478667506 
288401.2539184951 -404550985035.6136 -18543.696423580717 
291536.0501567396 -414671049714.12024 -19007.56771700805 
294670.8463949841 -425044240007.0278 -19483.042116407916 
297805.6426332286 -435676886546.2269 -19970.410153892728 
300940.43887147313 -446575478315.43365 -20469.96959091967 
304075.23510971764 -457746666539.4094 -20982.025584142946 
307210.03134796215 -469197268991.9647 -21506.89087206884 
310344.82758620667 -480934274701.0619 -22044.885981938995 
313479.6238244512 -492964848963.0253 -22596.339453147903 
316614.4200626957 -505296338469.6585 -23161.588068449393 
319749.2163009402 -517936276262.035 -23740.977079979202 
322884.0125391847 -530892386256.39813 -24334.860418465272 
326018.8087774292 -544172587280.3999 -24943.600882726478 
329153.60501567373 -557784996821.8821 -25567.570318555383 
332288.40125391824 -571737934862.0338 -26207.14980375611 
335423.19749216276 -586039928132.9386 -26862.72985456205 
338557.99373040727 -600699714946.4819 -27534.710659734552 
341692.7899686518 -615726250533.4183 -28223.502339044306 
344827.5862068963 -631128712729.6738 -28929.525218135343 
347962.3824451408 -646916507857.0918 -29653.210112218592 
351097.1786833853 -663099276688.0006 -30394.99861297743 
354231.9749216298 -679686900400.4089 -31155.34337389148 
357366.77115987433 -696689506451.6387 -31934.70839019202 
360501.56739811884 -714117474385.0161 -32733.569273704634 
363636.36363636336 -731981441729.3989 -33552.413529567166 
366771.15987460787 -750292310248.8353 -34391.74084637373 
369905.9561128524 -769061252737.9707 -35252.063408568734 
373040.7523510969 -788299720347.706 -36133.90623034599 
376175.5485893414 -808019450216.6033 -37037.807500834686 
379310.3448275859 -828232473144.2017 -37964.31892865834 
382445.1410658304 -848951121199.995 -38914.00608127261 
385579.93730407493 -870188035371.5781 -39887.448724192036 
388714.73354231945 -891956173435.445 -40885.24116895506 
391849.52978056396 -914268818135.1782 -41907.992634206974 
394984.32601880847 -937139585596.7655 -42956.32761721287 
398119.122257053 -960582433861.7164 -44030.886270881696 
401253.9184952975 -984611671512.2113 -45132.32478566529 
404388.714733542 -1009241966479.5334 -46261.31578103628 
407523.5109717865 -1034488355128.0205 -47418.548711247364 
410658.307210031 -1060366251585.8102 -48604.73028446624 
413793.10344827553 -1086891457187.3566 -49820.584889427984 
416927.89968652005 -1114080169931.3477 -51066.855025427074 
420062.69592476456 -1141948994018.1257 -52344.30173872244 
423197.49216300907 -1170514949651.2673 -53653.70507385148 
426332.2884012536 -1199795483237.224 -54995.8645459108 
429467.0846394981 -1229808477938.3298 -56371.59963157166 
432601.8808777426 -1260572264410.642 -57781.75027082309 
435736.6771159871 -1292105631622.1804 -59227.17737428713 
438871.4733542316 -1324427837839.5566 -60708.76333969543 
442006.26959247614 -1357558621993.9446 -62227.41258670188 
445141.06583072065 -1391518215559.951 -63784.0521156161 
448275.86206896516 -1426327354879.5383 -65379.632086398655 
451410.65830720967 -1462007293747.0762 -67015.12640894273 
454545.4545454542 -1498579816165.084 -68691.53333997715 
457680.2507836987 -1536067249387.721 -70409.87609148426 
460815.0470219432 -1574492477470.6711 -72171.20346024951 
463949.8432601877 -1613878955428.1223 -73976.59048282832 
467084.6394984322 -1654250723876.7473 -75827.13911019523 
470219.43573667674 -1695632423953.6785 -77723.97889217745 
473354.23197492125 -1738049312431.724 -79668.26766813164 
476489.02821316576 -1781527277180.8699 -81661.19227078005 
479623.82445141027 -1826092853200.8818 -83703.96925369796 
482758.6206896548 -1871773239288.2378 -85797.84564564009 
485893.4169278993 -1918596315165.5376 -87944.09972419942 
489028.2131661438 -1966590658840.5989 -90144.04179857305 
492163.0094043883 -2015785564146.5195 -92399.01499970409 
495297.8056426328 -2066211058655.401 -94710.39608716512 
498432.60188087734 -2117897922202.5918 -97079.59628419366 
501567.39811912185 -2170877706053.3652 -99508.06214288573 
504702.19435736636 -2225182752501.8164 -101997.27643043107 
507836.99059561087 -2280846214671.575 -104548.75902629465 
510971.7868338554 -2337902076520.4478 -107164.06783084726 
514106.5830720999 -2396385173299.4604 -109844.79969724487 
517241.3793103444 -2456331212719.4985 -112592.59139839096 
520376.1755485889 -2517776796827.8735 -115409.12062921554 
523510.9717868334 -2580759444354.404 -118296.1070332707 
526645.768025078 -2645317613313.0654 -121255.31324375226 
529780.5642633225 -2711490723923.315 -124288.54594169438 
532915.360501567 -2779319182158.575 -127397.6569451446 
536050.1567398115 -2848844404179.369 -130584.54434073699 
539184.952978056 -2920108841610.504 -133851.15365534934 
542319.7492163006 -2993156007385.632 -137199.47905464482 
545454.5454545451 -3068030501961.728 -140631.56455890407 
548589.3416927896 -3144778040025.4746 -144149.50528119088 
551724.1379310341 -3223445478039.966 -147755.44870329564 
554858.9341692786 -3304080842868.672 -151451.59599982933 
557993.7304075231 -3386733361371.227 -155240.2034051976 
561128.5266457676 -3471453490647.868 -159123.58360824845 
564263.3228840121 -3558292948749.8047 -163104.10716588082 
567398.1191222566 -3647304746031.1885 -167184.20394339 
570532.9153605012 -3738543217518.592 -171366.3645985866 
573667.7115987457 -3832064056496.463 -175653.1421187252 
576802.5078369902 -3927924349128.2 -180047.15340206146 
579937.3040752347 -4026182609746.7134 -184551.08086752644 
583072.1003134792 -4126898816657.5283 -189167.6740857563 
586206.8965517237 -4230134448689.912 -193899.75144280525 
589341.6927899682 -4335952522895.391 -198750.20185540323 
592476.4890282127 -4444417633549.008 -203721.98654536746 
595611.2852664572 -4555595992205.805 -208818.14086218644 
598746.0815047018 -4669555468429.437 -214041.77613646758 
601880.8777429463 -4786365631095.073 -219396.0815599877 
605015.6739811908 -4906097790586.226 -224884.3261072981 
608150.4702194353 -5028825042316.427 -230509.86051914433 
611285.2664576798 -5154622311686.092 -236276.11935348428 
614420.0626959243 -5283566400161.289 -242186.6230906436 
617554.8589341688 -5415736032083.258 -248244.9802755231 
620689.6551724133 -5551211902179.789 -254454.8896960993 
623824.4514106578 -5690076724185.257 -260820.14261689578 
626959.2476489024 -5832415281030.587 -267344.62508796464 
630094.0438871469 -5978314476676.717 -274032.3203315952 
633228.8401253914 -6127863389239.712 -280887.31118917564 
636363.6363636359 -6281153325045.772 -287913.7826103049 
639498.4326018804 -6438277873680.483 -295116.0241862888 
642633.2288401249 -6599332964514.864 -302498.43275008484 
645768.0250783694 -6764416925150.847 -310065.51506369136 
648902.8213166139 -6933630541755.849 -317821.8905927799 
652037.6175548584 -7107077120835.831 -325772.2943491108 
655172.413793103 -7284862552075.93 -333921.5797843893 
658307.2100313475 -7467095372389.279 -342274.72174172866 
661442.006269592 -7653886831734.789 -350836.8194890502 
664576.8025078365 -7845350961153.804 -359613.09985277324 
667711.598746081 -8041604642944.7295 -368608.920445425 
670846.3949843255 -8242767682498.74 -377829.7729629073 
673981.19122257 -8448962881478.53 -387281.2865353373 
677115.9874608145 -8660316112573.717 -396969.2311420041 
680250.783699059 -8876956396424.951 -406899.52111885557 
683385.5799373036 -9099015981078.025 -417078.2187775388 
686520.3761755481 -9326630423730.021 -427511.5381282116 
689655.1724137926 -9559938674182.281 -438205.8486824281 
692789.9686520371 -9799083159695.877 -449167.6793246377 
695924.7648902816 -10044209871577.635 -460403.72226874373 
699059.5611285261 -10295468454160.656 -471920.8371303491 
702194.3573667706 -10553012296532.703 -483726.05512995797 
705329.1536050151 -10816998626736.588 -495826.58341281716 
708463.9498432596 -11087588607887.041 -508229.8094579852 
711598.7460815042 -11364947436029.543 -520943.30556687777 
714733.5423197487 -11649244440221.842 -533974.8334521016 
717868.3385579932 -11940653185559.732 -547332.3489591951 
721003.1347962377 -12239351579428.006 -561024.006934393 
724137.9310344822 -12545521980581.588 -575058.1662211514 
727272.7272727267 -12859351310457.36 -589443.3947591153 
730407.5235109712 -13181031166610.502 -604188.4747818672 
733542.3197492157 -13510757938852.895 -619302.4081409535 
736677.1159874602 -13848732928831.236 -634794.4217906465 
739811.9122257048 -14195162473241.812 -650673.9734426974 
742946.7084639493 -14550258070199.826 -666950.7573687478 
746081.5047021938 -14914236508184.523 -683634.71032331 
749216.3009404383 -15287319997585.406 -700736.0175876408 
752351.0971786828 -15669736305560.162 -718265.1191661482 
755485.8934169273 -16061718894959.406 -736232.7161689771 
758620.6896551718 -16463507067419.137 -754649.7773845287 
761755.4858934163 -16875346110045.678 -773527.5460147953 
764890.2821316608 -17297487445133.094 -792877.5465472759 
768025.0783699054 -17730188783057.766 -812711.5917697053 
771159.8746081499 -18173714279156.105 -833041.7899643101 
774294.6708463944 -18628334695309.95 -853880.5523147454 
777429.4670846389 -19094327566210.58 -875240.6005244429 
780564.2633228834 -19571977369631.215 -897134.9746158362 
783699.0595611279 -20061575700188.562 -919577.0408869572 
786833.8557993724 -20563421446875.41 -942580.5000386834 
789968.6520376169 -21077820975264.883 -966159.3955143794 
793103.4482758614 -21605088315069.51 -990328.1220837288 
796238.244514106 -22145545352901.418 -1015101.4346642505 
799373.0407523505 -22699522029500.11 -1040494.4573474249 
802507.836990595 -23267356540992.805 -1066522.6926100454 
805642.6332288395 -23849395544634.406 -1093202.0307318158 
808777.429467084 -24445994370023.344 -1120548.759465374 
811912.2257053285 -25057517236425.688 -1148579.5739881531 
815047.021943573 -25684337475935.82 -1177311.587124022 
818181.8181818175 -26326837761709.406 -1206762.33979993 
821316.614420062 -26985410340954.43 -1236949.8117233838 
824451.4106583066 -27660457273308.86 -1267892.4323096096 
827586.2068965511 -28352390675682.504 -1299609.0919078232 
830721.0031347956 -29061632974125.195 -1332119.153352195 
833855.7993730401 -29788617162330.273 -1365442.463819402 
836990.5956112846 -30533787066001.355 -1399599.366957031 
840125.3918495291 -31297597612913.625 -1434610.7152746983 
843260.1880877736 -32080515109473.367 -1470497.8828342652 
846394.9843260181 -32883017524905.887 -1507282.7782904247 
849529.7805642626 -33705594783528.31 -1544987.858302058 
852664.5768025072 -34548749064592.84 -1583636.1412901918 
855799.3730407517 -35412995108935.84 -1623251.221507038 
858934.1692789962 -36298860532423.516 -1663857.2834151185 
862068.9655172407 -37206886147159.37 -1705479.1164203286 
865203.7617554852 -38137626291596.82 -1748142.1300109494 
868338.5579937297 -39091649169880.31 -1791872.3693171446 
871473.3542319742 -40069537199776.73 -1836696.5310615164 
874608.1504702187 -41071887368470.28 -1882641.9798672977 
877742.9467084632 -42099311596387.84 -1929736.7649318834 
880877.7429467078 -43152437110173.77 -1978009.6371170946 
884012.5391849523 -44231906825942.24 -2027490.0665081567 
887147.3354231968 -45338379742986.125 -2078208.260449887 
890282.1316614413 -46472531347205.75 -2130195.1820267504 
893416.9278996858 -47635054023611.77 -2183482.568957652 
896551.7241379303 -48826657478278.53 -2238102.9529232443 
899686.5203761748 -50048069171016.86 -2294089.679384433 
902821.3166144193 -51300034759865.05 -2351476.927943031 
905956.1128526638 -52583318557436.43 -2410299.7332468275 
909090.9090909084 -53898703998327.625 -2470594.006403108 
912225.7053291529 -55246994117077.234 -2532396.5568776447 
915360.5015673974 -56629012037287.414 -2595745.1149076577 
918495.2978056419 -58045601473322.47 -2660678.354493779 
921630.0940438864 -59497627245633.29 -2727235.917019327 
924764.8902821309 -60985975809610.78 -2795458.435492521 
927899.6865203754 -62511555797152.836 -2865387.5593742267 
931034.4827586199 -64075298570610.984 -2937065.9799757553 
934169.2789968645 -65678158789977.73 -3010537.4564660317 
937304.075235109 -67321114994845.8 -3085846.842557882 
940438.8714733535 -69005170202107.36 -3163040.113917493 
943573.667711598 -70731352519158.84 -3242164.396285771 
946708.4639498425 -72500715771807.34 -3323267.9942742423 
949843.260188087 -74314340146747.44 -3406400.4208289403 
952978.0564263315 -76173332849712.53 -3491612.427412356 
956112.852664576 -78078828780905.73 -3578956.034976445 
959247.6489028205 -80031991228561.23 -3668484.5657652277 
962382.445141065 -82034012580267.2 -3760252.675929676 
965517.2413793096 -84086115051289.72 -3854316.388919541 
968652.0376175541 -86189551429997.86 -3950733.129656595 
971786.8338557986 -88345605841722.38 -4049561.759550051 
974921.6300940431 -90555594532691.23 -4150862.612429463 
978056.4263322876 -92820866674751.2 -4254697.531427675 
981191.2225705321 -95142805190395.66 -4361129.906791915 
984326.0188087766 -97522827597432.31 -4470224.714592778 
987460.8150470211 -99962386873661.28 -4582048.5563483955 
990595.6112852657 -102462972343117.61 -4696669.699635451 
993730.4075235102 -105026110585568.81 -4814158.119761786 
996865.2037617547 -107653366367921.84 -4934585.542615115 
999999.9999999992 -110346343688105.88 -5058025.484486901 
