#x u 
0.0 157578.5241947884 -0.028034331579651725 
3134.796238244514 238650.08497870222 -0.030533802826393744 
6269.592476489028 392495.38371946244 -0.028093732352593603 
9404.38871473354 529578.2519161106 -0.024639914510298056 
12539.184952978056 646212.576455656 -0.020231886019678194 
15673.98119122257 737857.3280725906 -0.015041516249961449 
18808.777429467085 800969.1632406111 -0.009269491149386008 
21943.5736677116 833107.5425101563 -0.003139015070442752 
25078.369905956115 833029.6755019936 0.003112846636375466 
28213.16614420063 800738.5733424227 0.00924433464748854 
31347.962382445145 737482.9320832001 0.015018344486358763 
34482.75862068966 645708.8456709166 0.02021159534777831 
37617.55485893417 528965.2155593704 0.02462326436058033 
40752.35109717868 391766.51478578954 0.028082752402667624 
43887.14733542319 239418.21341987475 0.030456281164476802 
47021.943573667704 77811.61617886562 0.0316520663526119 
50156.739811912215 -86803.95416745971 0.031623866986001885 
53291.53605015673 -248062.81794024992 0.03037277353339527 
56426.33228840124 -399729.0992135928 0.027947165744963025 
59561.12852664575 -535937.8669688896 0.024440841808660265 
62695.92476489026 -651421.9318196354 0.019989391176820227 
65830.72100313478 -741715.5280833708 0.01476495132567866 
68965.51724137929 -803327.0048205317 0.00896955120379623 
72100.3134796238 -833873.8478823982 0.0028272987780504 
75235.10971786831 -832174.8116691587 -0.003424285215417824 
78369.90595611282 -798295.5978654942 -0.009543452191683354 
81504.70219435733 -733546.314758195 -0.015293574128315859 
84639.49843260185 -640430.8153839387 -0.020452293964643955 
87774.29467084636 -522549.8735996939 -0.024820124143312625 
90909.09090909087 -384461.94225448905 -0.02822816078876176 
94043.88714733538 -231506.87794031843 -0.03054461521555253 
97178.68338557989 -69599.44888131459 -0.031679910193289376 
100313.4796238244 94999.38899443042 -0.03159014389571077 
103448.27586206891 255924.60305225293 -0.030278787583130348 
106583.07210031342 406953.2195917474 -0.02779655136889378 
109717.86833855794 542244.966072424 -0.024239423260659358 
112852.66457680245 656568.1142958127 -0.019744957306722866 
115987.46081504696 745501.7911942152 -0.014486954384668734 
119122.25705329147 805606.933873358 -0.008668741326107373 
122257.05329153598 834559.2780820397 -0.0025153082735641682 
125391.84952978049 831239.2374482275 0.0037353916822821976 
128526.645768025 795775.1978539561 0.009841644142217797 
131661.44200626953 729538.5527567226 0.015567320487811391 
134796.23824451404 635090.6714413629 0.020691008968739818 
137931.03448275855 516083.8509386787 0.025014576689219366 
141065.83072100306 377120.08179746807 0.028370831401757956 
144200.62695924757 223573.08923374527 0.030629986826869952 
147335.42319749208 61380.531321136776 0.03170468148501398 
150470.2194357366 -103185.61008716396 0.031553356962657694 
153605.0156739811 -263761.5667280103 0.030181864975011526 
156739.81191222562 -414137.8706759197 0.027643241080358975 
159874.60815047013 -548499.4743007792 0.02403565379644375 
163009.40438871464 -661650.6180033408 0.01949860842652835 
166144.20062695915 -749215.7500992125 0.014207552393068276 
169278.99686520366 -807808.7292848349 0.008367090690603186 
172413.79310344817 -835163.7666306403 0.002203073816119929 
175548.58934169268 -830223.0435780312 -0.004046135863593014 
178683.3855799372 -793177.617754598 -0.010138881578259637 
181818.1818181817 -725460.0347807971 -0.015839557014925114 
184952.97805642622 -629688.9317693295 -0.020927717207742263 
188087.77429467073 -509567.77469840506 -0.025206603138873285 
191222.57053291524 -369741.6454819505 -0.028510750404418764 
194357.36677115975 -215617.6167769017 -0.0307123877184671 
197492.16300940426 -53155.660628954894 -0.03172637782528513 
200626.95924764877 111361.82348618099 -0.031513509754707944 
203761.75548589329 271572.94888157776 -0.030082015109300864 
206896.5517241378 421282.35564620246 -0.02748724974850944 
210031.3479623823 554700.7850460892 -0.02382955317906344 
213166.14420062682 666668.950003908 -0.019250368428949456 
216300.94043887133 752857.0445915152 -0.013926772449322066 
219435.73667711584 809932.1775087685 -0.008064628553564268 
222570.53291536035 835687.2549004839 -0.0018906256884945376 
225705.32915360486 829126.328616466 0.004356487621111196 
228840.12539184937 790503.1094996979 0.010435135671552626 
231974.9216300939 721311.1563948633 0.016110257306171393 
235109.7178683384 624226.1202679839 0.021162395723958376 
238244.5141065829 503002.27685551246 0.025396184868147546 
241379.31034482742 362327.34892255213 0.028647904226377897 
244514.10658307193 207641.23214958265 0.03079180989850394 
247648.90282131644 44925.634512770695 0.03174499710983329 
250783.69905956095 -119527.23620261873 0.03147060613653463 
253918.49529780546 -279357.99190808844 0.029979247670167172 
257053.29153604998 -428385.98157828854 0.027328592502523348 
260188.0877742945 -560848.2968599699 0.023621141397660975 
263322.884012539 -671622.6235830442 0.019000261390113335 
266457.6802507835 -756425.3215118034 0.013644641785518788 
269592.476489028 -811977.0725976512 0.007761384249976784 
272727.27272727253 -836129.6921198601 0.0015779941941884191 
275862.06896551704 -827949.1989832211 -0.004666416857053123 
278996.86520376155 -787751.9316616358 -0.010730377651581031 
282131.66144200607 -717092.2800417368 -0.01637939327603962 
285266.4576802506 -618702.1746749991 -0.021394994616691417 
288401.2539184951 -496382.70650099765 -0.025583061114842223 
291536.0501567396 -354844.2904874572 -0.028780738467886986 
294670.8463949841 -199480.26082977524 -0.030860707735637406 
297805.6426332286 -36044.30814002932 -0.03173088313469769 
300940.43887147313 129786.99861336019 -0.03132811866132781 
304075.23510971764 292897.09273467306 -0.029608577761800627 
307210.03134796215 449003.0565467953 -0.026545954483875298 
310344.82758620667 594305.8380804522 -0.02215611565751089 
313479.6238244512 724262.67166623 -0.016559490759527954 
316614.4200626957 831931.1726177462 -0.010060370094367497 
319749.2163009402 907282.6096240004 -0.0031789216083188297 
322884.0125391847 939100.653225078 0.0034381819402177012 
326018.8087774292 919655.7646990595 0.009237151724504669 
329153.60501567373 849720.4250230624 0.01399468359696514 
332288.40125391824 739888.9849142698 0.017888461435959683 
335423.19749216276 605898.1732325676 0.021294567808276474 
338557.99373040727 460337.2513480935 0.02442084722872214 
341692.7899686518 306956.9137441398 0.027060316776214958 
344827.5862068963 142537.25804154036 0.028691441886472234 
347962.3824451408 -34982.93336437019 0.028865224450037395 
351097.1786833853 -219305.97089257813 0.027548953784235324 
354231.9749216298 -396242.4925759435 0.025117217503131933 
357366.77115987433 -551540.238330685 0.022003714274560656 
360501.56739811884 -678680.425576286 0.01835237732438317 
363636.36363636336 -779267.4462569027 0.014005500543712725 
366771.15987460787 -856029.4583844504 0.008827830095359309 
369905.9561128524 -905868.5003594154 0.0030255258555860424 
373040.7523510969 -920238.4607328824 -0.0028736447851636553 
376175.5485893414 -892477.659827919 -0.008361676188068611 
379310.3448275859 -824467.2831810785 -0.013263368363038286 
382445.1410658304 -725678.3060607038 -0.017702749617872476 
385579.93730407493 -605598.871160629 -0.021767956314164352 
388714.73354231945 -467412.34424857795 -0.025234859227781903 
391849.52978056396 -309419.0764700207 -0.02764654362628481 
394984.32601880847 -132512.1741587925 -0.0286706377391907 
398119.122257053 54375.02829804181 -0.028363448406422756 
401253.9184952975 236819.82636720507 -0.027066692892489076 
404388.714733542 403036.02994565 -0.02504737748794831 
407523.5109717865 549301.3032041152 -0.022259587000616258 
410658.307210031 677252.0595322782 -0.01847685416308909 
413793.10344827553 786151.0204600799 -0.01365245402072959 
416927.89968652005 868491.665518324 -0.008123999667593071 
420062.69592476456 913757.8767774259 -0.0024413588344047456 
423197.49216300907 916540.8816383346 0.003008031407063197 
426332.2884012536 880591.5469466435 0.008190307488741621 
429467.0846394981 814614.0517419373 0.013240328946835595 
432601.8808777426 724238.3270313712 0.018103926834693015 
435736.6771159871 608569.0318160832 0.022391790640072268 
438871.4733542316 464840.3327780238 0.025606300399181672 
442006.26959247614 296134.297694539 0.027509660693037917 
445141.06583072065 113861.13311983079 0.028252247745980657 
448275.86206896516 -67823.72216924974 0.028131111726822793 
451410.65830720967 -240039.42009053592 0.02723597051080447 
454545.4545454542 -401469.5981052225 0.025356518408951954 
457680.2507836987 -552791.4601362812 0.022248250258448062 
460815.0470219432 -689374.4262308999 0.01797539335672836 
463949.8432601877 -800179.571863604 0.012967078898877844 
467084.6394984322 -874243.428813754 0.007723111770398944 
470219.43573667674 -908123.2384936806 0.002472802846243666 
473354.23197492125 -906634.2157145608 -0.002861590509509727 
476489.02821316576 -876219.6767646002 -0.00836649506085553 
479623.82445141027 -817988.9373132326 -0.013825973707158365 
482758.6206896548 -727749.1098146986 -0.018733499596160823 
485893.4169278993 -602946.3601561128 -0.022622282851047403 
489028.2131661438 -449117.28507261147 -0.02537451101321515 
492163.0094043883 -278923.28217976034 -0.02719145642394982 
495297.8056426328 -104600.17999601032 -0.02826204411466029 
498432.60188087734 68458.19298208335 -0.02848312001557273 
501567.39811912185 240487.51325950623 -0.027528578732356365 
504702.19435736636 410057.3675387312 -0.025195969765028203 
507836.99059561087 568638.365296392 -0.02166589294093116 
510971.7868338554 703010.0663899272 -0.01739975941431226 
514106.5830720999 803226.8614180016 -0.012780244871666102 
517241.3793103444 867993.6384944678 -0.007867712156905333 
520376.1755485889 901998.3912818745 -0.0025224398674720734 
523510.9717868334 908166.8834696069 0.003243255725211375 
526645.768025078 883093.6487380576 0.009061250415651832 
529780.5642633225 820507.9136969195 0.014374681107279852 
532915.360501567 719130.0481191992 0.01880848629061696 
536050.1567398115 586607.8938043986 0.022362073827004007 
539184.952978056 435297.4330781146 0.025229495416857966 
542319.7492163006 274180.87880680914 0.02744338776448972 
545454.5454545451 105230.77920238265 0.028722970712597322 
548589.3416927896 -72185.2798227323 0.02869030297285948 
551724.1379310341 -253745.53259036978 0.027230270010068773 
554858.9341692786 -427675.42371158145 0.02461722663575258 
557993.7304075231 -580205.0354085937 0.02127510256778331 
561128.5266457676 -703507.9432386964 0.01742151776234881 
564263.3228840121 -798027.1780552459 0.01296662292529641 
567398.1191222566 -866975.1380511833 0.007767900217283664 
570532.9153605012 -908989.073317495 0.0019666361957421186 
573667.7115987457 -916817.4103219665 -0.003954910285602937 
576802.5078369902 -883520.0175145206 -0.009463509370633467 
579937.3040752347 -809714.5999300955 -0.014315436830253681 
583072.1003134792 -704252.8981359353 -0.01859798929868324 
586206.8965517237 -577568.9453902544 -0.022436897676708787 
589341.6927899682 -434594.01739725773 -0.02568519662369339 
592476.4890282127 -274536.25067470514 -0.027927546305467628 
595611.2852664572 -97560.04693234716 -0.028801060481133976 
598746.0815047018 88886.95286603684 -0.02829964988320863 
601880.8777429463 271001.43117681023 -0.026744943604887876 
605015.6739811908 436093.36227986094 -0.024455943299235488 
608150.4702194353 579012.6725521226 -0.021464564764858727 
611285.2664576798 701045.9517365763 -0.017574098917994614 
614420.0626959243 802700.8005110673 -0.012695385524608842 
617554.8589341688 878194.7472562663 -0.007102165307638832 
620689.6551724133 917632.7032299298 -0.0013309536697466426 
623824.4514106578 914725.7428963563 0.004176511346693982 
626959.2476489024 872032.2917043695 0.009320419856327642 
630094.0438871469 798269.0358118422 0.0142281985561175 
633228.8401253914 700540.1188273296 0.018906517446023903 
636363.6363636359 579625.1587993836 0.02303322084046579 
639498.4326018804 433169.2544861126 0.02611565634148266 
642633.2288401249 263208.4163565301 0.02785811587541697 
645768.0250783694 79835.6684443048 0.028361738278181257 
648902.8213166139 -103103.48058208392 0.027952760317140085 
652037.6175548584 -275892.3146949422 0.02681751194881604 
655172.413793103 -436127.4330081802 0.02481763560923929 
658307.2100313475 -583914.806820469 0.02166918123405495 
661442.006269592 -714452.6830589653 0.017297441919814326 
664576.8025078365 -816478.5512589676 0.012010379588424375 
667711.598746081 -879062.1886106463 0.006332200375665147 
670846.3949843255 -900240.6626151693 0.0006866703206587923 
673981.19122257 -888503.4286384382 -0.0047469808239429595 
677115.9874608145 -855022.4495454894 -0.009892035482387904 
680250.783699059 -803855.772230889 -0.014549702326426644 
683385.5799373036 -729516.493455454 -0.018378059351430463 
686520.3761755481 -624014.9314579993 -0.02112246435170172 
689655.1724137926 -486203.29962534126 -0.02284685552509636 
692789.9686520371 -324397.4904620616 -0.02388588285514777 
695924.7648902816 -150461.7106191045 -0.02452215322021925 
699059.5611285261 27846.44524730192 -0.024695628625268442 
702194.3573667706 208298.6741281327 -0.02404534702811162 
705329.1536050151 388542.2747788298 -0.02225794890959803 
708463.9498432596 560197.8963946261 -0.01938378263247774 
711598.7460815042 709681.6993276136 -0.01580920104008094 
714733.5423197487 825378.2432917745 -0.011921960556999234 
717868.3385579932 903872.3339358118 -0.007817882474896917 
721003.1347962377 948812.4822720985 -0.0033477329929544756 
724137.9310344822 963687.4988141721 0.0015555180182367932 
727272.7272727267 946183.9693156137 0.006622632047677195 
730407.5235109712 890104.7484902858 0.011342579286240157 
733542.3197492157 792837.7370169887 0.015313704127071255 
736677.1159874602 660480.9085216251 0.01848955050286655 
739811.9122257048 505145.2554504563 0.021067840622721653 
742946.7084639493 337132.3721437954 0.0231457345150741 
746081.5047021938 160023.24638988808 0.024509214248319186 
749216.3009404383 -26389.83183788477 0.02478209948632536 
752351.0971786828 -218674.48657917322 0.023780744756642755 
755485.8934169273 -405923.6542418451 0.02170299447346164 
758620.6896551718 -573831.566207084 0.01895303177004616 
761755.4858934163 -712676.08607919 0.015785214155813992 
764890.2821316608 -821086.5249858947 0.012138762342339958 
768025.0783699054 -901888.4607001425 0.007833004227134977 
771159.8746081499 -954615.1866684876 0.002912611170046914 
774294.6708463944 -972734.7551643508 -0.002226196151868845 
777429.4670846389 -948630.6099039085 -0.007067692300243516 
780564.2633228834 -881167.8381422516 -0.011329909279643141 
783699.0595611279 -777906.5814337777 -0.015074986266962593 
786833.8557993724 -649599.9101610221 -0.018467962449749693 
789968.6520376169 -502670.6042561069 -0.021444607984515838 
793103.4482758614 -337430.45347139426 -0.023643669193742348 
796238.244514106 -153717.88803597284 -0.024679807068717575 
799373.0407523505 42208.04753464176 -0.0244742160148597 
802507.836990595 237025.27990798396 -0.0232982125130701 
805642.6332288395 416908.2908364303 -0.0214856808626365 
808777.429467084 574677.2883246539 -0.01911696646656226 
811912.2257053285 710306.8332442355 -0.016005181084069946 
815047.021943573 824535.8510643623 -0.01199637742016241 
818181.8181818175 912548.9693015863 -0.0072638256112829815 
821316.614420062 964585.6670060987 -0.0022819263041908367 
824451.4106583066 973004.4427031567 0.0024986388526104103 
827586.2068965511 938495.334171732 0.006939557943410403 
830721.0031347956 868981.0409410998 0.011171090379025875 
833855.7993730401 772381.0756623037 0.015269398249507526 
836990.5956112846 650807.1496869434 0.019001568491996506 
840125.3918495291 502193.2151290291 0.021913080155292385 
843260.1880877736 327492.78617958614 0.02367162739839406 
846394.9843260181 135679.56183517035 0.02431087707070292 
849529.7805642626 -58936.059555380925 0.024122068216874053 
852664.5768025072 -244509.58044139447 0.023310462225158816 
855799.3730407517 -416658.5363427149 0.021779388919514444 
858934.1692789962 -575690.3242156941 0.019268822947346154 
862068.9655172407 -719266.3832833811 0.01570115135081925 
865203.7617554852 -838488.4348729401 0.011367717926655065 
868338.5579937297 -921765.085203502 0.006756093275793132 
871473.3542319742 -962601.1685013032 0.002194720933809357 
874608.1504702187 -963288.9241974495 -0.002317465737622317 
877742.9467084632 -930744.7889246643 -0.006924233408666075 
880877.7429467078 -868941.2197300001 -0.01157184099653343 
884012.5391849523 -775903.038739738 -0.015880478453600817 
887147.3354231968 -648377.3702984548 -0.01936951222389224 
890282.1316614413 -489162.6398381314 -0.021806250111042865 
893416.9278996858 -309239.32095129916 -0.02331756841199083 
896551.7241379303 -122269.84259902596 -0.02415235723383466 
899686.5203761748 62979.19892466079 -0.024348764596654672 
902821.3166144193 244587.65002812777 -0.023658848895966658 
905956.1128526638 422039.4209837609 -0.02181103662642282 
909090.9090909084 589401.6474400598 -0.01883419064234413 
912225.7053291529 734581.1924778125 -0.015101090548319828 
915360.5015673974 845705.9315522527 -0.011042949341349903 
918495.2978056419 918162.8064724219 -0.00683117388172084 
921630.0940438864 955104.1492972526 -0.002355704705081435 
924764.8902821309 961062.2853599091 0.002483623547314584 
927899.6865203754 935508.1535396668 0.007485984279384746 
931034.4827586199 873190.0458845324 0.01217191416952004 
934169.2789968645 770900.2366742546 0.016102712014784075 
937304.075235109 633503.8445327533 0.019168066793133855 
940438.8714733535 472790.0324580057 0.02154628864401354 
943573.667711598 300204.57760895207 0.02338518794791111 
946708.4639498425 120909.25895281797 0.024544343478528713 
949843.260188087 -64823.55585596558 0.024673606658232646 
952978.0564263315 -254615.7881143227 0.023547765083026053 
956112.852664576 -439026.6564718984 0.02130668395340535 
959247.6489028205 -604131.667096846 0.01834841664209324 
962382.445141065 -739205.5434329995 0.014986325721337805 
965517.2413793096 -841698.2400730604 0.011227887098755147 
968652.0376175541 -914518.5463008535 0.0069034344287535665 
971786.8338557986 -958694.5874042138 0.00200399008273178 
974921.6300940431 -969295.2136402214 -0.0031332558262781363 
978056.4263322876 -939013.4827723487 -0.007993502590391317 
981191.2225705321 -865701.9817154934 -0.012236696373721125 
984326.0188087766 -755941.7412551955 -0.015870464652928636 
987460.8150470211 -620844.9424929805 -0.019069092358490893 
990595.6112852657 -468404.097864864 -0.021835735826550226 
993730.4075235102 -300242.3205846448 -0.023870618408696802 
996865.2037617547 -117824.96333192704 -0.024703961905168888 
999999.9999999992 157578.524187371 -0.028034331579991727 
