#x u 
0.0 134791.06232144329 -0.038002287600977604 
3134.796238244514 170808.69795423525 -0.04006359365803743 
6269.592476489028 279915.34431663 -0.036922641671975655 
9404.38871473354 377647.3694092553 -0.03237911673763198 
12539.184952978056 460763.33470168285 -0.02658406273429496 
15673.98119122257 526061.9360385335 -0.01976098807217293 
18808.777429467085 571017.7350851092 -0.012173756595427387 
21943.5736677116 593892.2937536607 -0.004115766274665534 
25078.369905956115 593801.0533781332 0.0041013806166187135 
28213.16614420063 570747.5422362899 0.012159927229777625 
31347.962382445145 525623.2389832995 0.019748249783935037 
34482.75862068966 460173.09921260644 0.026572908049969597 
37617.55485893417 376928.0780692176 0.03236999267624586 
40752.35109717868 279107.2582823247 0.03691533055614678 
43887.14733542319 170493.36832272838 0.04003315359607879 
47021.943573667704 55286.50439458468 0.04160289566292463 
50156.739811912215 -62058.28717186712 0.04156385487316905 
53291.53605015673 -177003.28644210362 0.03991754093310209 
56426.33228840124 -285103.57338516624 0.03672761675851747 
59561.12852664575 -382178.9128117359 0.032117436631470736 
62695.92476489026 -464475.40395650035 0.02626527609350899 
65830.72100313478 -528810.6437198103 0.019397438035273162 
68965.51724137929 -572696.790109965 0.011779501569802033 
72100.3134796238 -594436.7670261364 0.003706052095372355 
75235.10971786831 -593189.8901455547 -0.0045107103139312285 
78369.90595611282 -569004.376163664 -0.012553043676686124 
81504.70219435733 -522815.47825580597 -0.020109951178009462 
84639.49843260185 -456409.3198620776 -0.02688920740802708 
87774.29467084636 -372353.82534193184 -0.032628658710615474 
90909.09090909087 -273899.4184082469 -0.03710636065823488 
94043.88714733538 -164853.32832975214 -0.040149160636974324 
97178.68338557989 -49432.36447758072 -0.04163939365347556 
100313.4796238244 67900.14757972423 -0.041519432437062145 
103448.27586206891 182606.96275592636 -0.03979391588474713 
106583.07210031342 290252.37159257976 -0.036529569675210115 
109717.86833855794 386673.7290245084 -0.03185262598859705 
112852.66457680245 468142.4237525485 -0.025943942111508262 
115987.46081504696 531508.0635422248 -0.019032006690588847 
119122.25705329147 574320.3008067457 -0.01138410408270681 
122257.05329153598 594923.5874822937 -0.0032959784760601615 
125391.84952978049 592521.1950271395 0.0049196025296283285 
128526.645768025 567206.0238929242 0.012944942637782075 
131661.44200626953 519957.0110666945 0.02046970216221674 
134796.23824451404 452601.274603935 0.02720289885445991 
137931.03448275855 367743.4590224937 0.03288416017947527 
141065.83072100306 268665.013769115 0.03729379191459115 
144200.62695924757 159197.29965757046 0.04026127371918374 
147335.42319749208 43573.43024901474 0.04167185315166374 
150470.2194357366 -73735.42253560013 0.041470983143307 
153605.0156739811 -188192.92851347706 0.03966643133193536 
156739.81191222562 -295373.0190061641 0.03632797968757099 
159874.60815047013 -391131.0427963354 0.03158472604553189 
163009.40438871464 -471764.03967891727 0.025620091896611713 
166144.20062695915 -534153.9338326455 0.01866472948296275 
169278.99686520366 -575888.1097282319 0.010987602482094039 
172413.79310344817 -595352.7079060168 0.0028855851886949104 
175548.58934169268 -591795.0328778786 -0.005328017606357728 
178683.3855799372 -565352.6598414393 -0.013335586103841824 
181818.1818181817 -517048.1146507043 -0.020827467845292956 
184952.97805642622 -448749.3327693378 -0.027513951965221425 
188087.77429467073 -363097.4262589924 -0.033136472302376783 
191222.57053291524 -263404.5520458756 -0.037477606146297804 
194357.36677115975 -153525.83087777544 -0.04036948196876578 
197492.16300940426 -37710.26987843976 -0.041700271012660675 
200626.95924764877 79563.5462978759 -0.041418511700309774 
203761.75548589329 193760.64173984382 -0.03953509962955307 
206896.5517241378 300465.0170071894 -0.03612286625646598 
210031.3479623823 395550.41970866994 -0.031313762688187724 
213166.14420062682 475339.9107705123 -0.025293757329648357 
216300.94043887133 536748.0316561412 -0.01829564357747459 
219435.73667711584 577400.0596854665 -0.010590034988371298 
222570.53291536035 595723.8640146231 -0.002474901829827022 
225705.32915360486 591011.0873378986 0.005735933662543832 
228840.12539184937 563445.0237710981 0.013724910517865636 
231974.9216300939 514092.26701148506 0.0211830670367453 
235109.7178683384 444856.9885641449 0.0278221935301484 
238244.5141065829 358406.1137402883 0.03338603191533742 
241379.31034482742 258084.39196730842 0.03765935095141206 
244514.10658307193 147819.11850571318 0.04047470785112715 
247648.90282131644 31949.97063692505 0.04171976190897556 
250783.69905956095 -85094.30607309873 0.04134874641245123 
253918.49529780546 -199146.70252616965 0.03939246838703845 
257053.29153604998 -306240.86428353016 0.035946931232628286 
260188.0877742945 -401892.9286816976 0.031129672784418687 
263322.884012539 -480569.8227267541 0.02504290027002057 
266457.6802507835 -537019.1341273161 0.017820688609948523 
269592.476489028 -569640.0327032523 0.009769000987438037 
272727.27272727253 -582714.3344753955 0.0014532866244586825 
275862.06896551704 -583575.0398900827 -0.006445583189034746 
278996.86520376155 -575714.0021237968 -0.013460575121104018 
282131.66144200607 -554559.3330123934 -0.019543918613996254 
285266.4576802506 -510955.5041577392 -0.024917537119091338 
288401.2539184951 -439003.58793431404 -0.029721316074109373 
291536.0501567396 -340412.27310031553 -0.033818708980306374 
294670.8463949841 -222412.4735282213 -0.036894578521065396 
297805.6426332286 -93265.66076594466 -0.03866045362638752 
300940.43887147313 40103.92067801813 -0.038959574690551856 
304075.23510971764 171990.9504542586 -0.037755259201154544 
307210.03134796215 297227.0948011958 -0.03509094885367115 
310344.82758620667 410969.4753844781 -0.031069672457596738 
313479.6238244512 508819.6774054338 -0.025846932663037087 
316614.4200626957 586993.8361830625 -0.019624692677410637 
319749.2163009402 642468.9590995032 -0.012643566353648243 
322884.0125391847 673099.824643278 -0.005173513658970316 
326018.8087774292 677701.9380674602 0.002496598669786472 
329153.60501567373 656097.3357696856 0.010070167595115075 
332288.40125391824 609121.4671398712 0.01725432341032303 
335423.19749216276 538590.887754771 0.023771255003215107 
338557.99373040727 447233.0132226696 0.029368952804331595 
341692.7899686518 338580.6500951501 0.033830953990223046 
344827.5862068963 216835.38233273797 0.03698471309501226 
347962.3824451408 86705.09616612853 0.0387082743389203 
351097.1786833853 -46778.07373776245 0.03893498765499104 
354231.9749216298 -178452.33678805674 0.03765608604538824 
357366.77115987433 -303225.85277326236 0.034921024600966154 
360501.56739811884 -416273.63318533835 0.03083556807423595 
363636.36363636336 -513224.12339555554 0.025557700959230156 
366771.15987460787 -590328.2505544402 0.019291518235366442 
369905.9561128524 -644604.4001380565 0.012279333020081702 
373040.7523510969 -673953.7149014673 0.004792306327096351 
376175.5485893414 -677241.2576319628 -0.0028800387226947982 
379310.3448275859 -654339.8991405552 -0.010441012752522346 
382445.1410658304 -606135.2343442994 -0.017598233099964156 
385579.93730407493 -534491.336334663 -0.024074930246639214 
388714.73354231945 -442178.67272120557 -0.029620650488041217 
391849.52978056396 -332766.97172361315 -0.03402094097155713 
394984.32601880847 -210487.18087742795 -0.03710564258251127 
398119.122257053 -80067.85640662191 -0.038755469992554456 
401253.9184952975 53447.68991843736 -0.03890662442010332 
404388.714733542 184896.41551153694 -0.03755326072750914 
407523.5109717865 309195.2016885894 -0.0347477134523731 
410658.307210031 421537.4177304688 -0.030598473032384773 
413793.10344827553 517578.7931636704 -0.025265990483013867 
416927.89968652005 593605.4105827025 -0.01895647276105636 
420062.69592476456 646677.3227362942 -0.011913908747160099 
423197.49216300907 674742.2402085474 -0.00441063420237104 
426332.2884012536 676714.8933954632 0.0032631994484236607 
429467.0846394981 652518.999851347 0.010810845264293842 
432601.8808777426 603090.2141289321 0.01794043598449273 
435736.6771159871 530339.946042987 0.024376270527581834 
438871.4733542316 437081.44650417124 0.029869475344836707 
442006.26959247614 326921.0191819701 0.034207628353684016 
445141.06583072065 204118.5648387671 0.037222973293922726 
448275.86206896516 73422.85108190909 0.03879890685779511 
451410.65830720967 -60112.12235197786 0.038874487736762366 
454545.4545454542 -191322.56163090342 0.03744679322026717 
457680.2507836987 -315134.56259614247 0.034571032216872334 
460815.0470219432 -426760.31849962065 0.030358410327251104 
463949.8432601877 -521883.2643621187 0.02497182952659959 
467084.6394984322 -596824.9984249489 0.018619588749636207 
470219.43573667674 -648687.5258470526 0.011547328976397084 
473354.23197492125 -675465.3240875769 0.004028534302143345 
476489.02821316576 -676122.8964086059 -0.003646043685248717 
479623.82445141027 -650634.8145061658 -0.01117962926137275 
482758.6206896548 -599986.7018220616 -0.01828089887457491 
485893.4169278993 -526137.1195118815 -0.02467524661986273 
489028.2131661438 -431941.82893777575 -0.030115403241867122 
492163.0094043883 -321043.35945337586 -0.034390998030298714 
495297.8056426328 -197730.151891631 -0.03733669384965774 
498432.60188087734 -66770.7246731139 -0.03883858072181802 
501567.39811912185 66770.72467307613 -0.038838580721818235 
504702.19435736636 197730.1518915944 -0.03733669384965834 
507836.99059561087 321043.35945334245 -0.03439099803029971 
510971.7868338554 431941.82893774693 -0.030115403241868496 
514106.5830720999 526137.1195118576 -0.024675246619864408 
517241.3793103444 599986.7018220441 -0.01828089887457686 
520376.1755485889 650634.8145061554 -0.011179629261374868 
523510.9717868334 676122.8964086027 -0.003646043685250908 
526645.768025078 675465.3240875811 0.004028534302141193 
529780.5642633225 648687.5258470632 0.011547328976395018 
532915.360501567 596824.9984249665 0.01861958874963432 
536050.1567398115 521883.26436214236 0.024971829526597936 
539184.952978056 426760.3184996491 0.030358410327249716 
542319.7492163006 315134.56259617524 0.034571032216871286 
545454.5454545451 191322.56163093942 0.03744679322026655 
548589.3416927896 60112.12235201627 0.03887448773676218 
551724.1379310341 -73422.85108187106 0.03879890685779534 
554858.9341692786 -204118.56483873056 0.03722297329392343 
557993.7304075231 -326921.0191819368 0.034207628353685134 
561128.5266457676 -437081.44650414214 0.029869475344838147 
564263.3228840121 -530339.9460429634 0.024376270527583566 
567398.1191222566 -603090.2141289146 0.017940435984494667 
570532.9153605012 -652518.9998513359 0.010810845264295928 
573667.7115987457 -676714.8933954599 0.003263199448425814 
576802.5078369902 -674742.2402085519 -0.004410634202368919 
579937.3040752347 -646677.3227363066 -0.011913908747158046 
583072.1003134792 -593605.4105827213 -0.018956472761054395 
586206.8965517237 -517578.7931636949 -0.025265990483012136 
589341.6927899682 -421537.4177304988 -0.030598473032383406 
592476.4890282127 -309195.2016886231 -0.034747713452372105 
595611.2852664572 -184896.41551157297 -0.03755326072750857 
598746.0815047018 -53447.689918475546 -0.03890662442010319 
601880.8777429463 80067.85640658431 -0.03875546999255472 
605015.6739811908 210487.1808773912 -0.03710564258251199 
608150.4702194353 332766.9717235788 -0.03402094097155822 
611285.2664576798 442178.6727211755 -0.029620650488042653 
614420.0626959243 534491.3363346382 -0.024074930246640945 
617554.8589341688 606135.2343442811 -0.01759823309996608 
620689.6551724133 654339.8991405448 -0.010441012752524442 
623824.4514106578 677241.2576319606 -0.0028800387226970226 
626959.2476489024 673953.7149014727 0.004792306327094087 
630094.0438871469 644604.4001380688 0.012279333020079563 
633228.8401253914 590328.250554459 0.01929151823536451 
636363.6363636359 513224.1233955798 0.025557700959228505 
639498.4326018804 416273.6331853685 0.030835568074234664 
642633.2288401249 303225.85277329665 0.03492102460096523 
645768.0250783694 178452.33678809376 0.03765608604538771 
648902.8213166139 46778.073737801824 0.03893498765499092 
652037.6175548584 -86705.09616608979 0.03870827433892061 
655172.413793103 -216835.38233270054 0.03698471309501299 
658307.2100313475 -338580.6500951163 0.033830953990224163 
661442.006269592 -447233.0132226403 0.029368952804333062 
664576.8025078365 -538590.8877547476 0.023771255003216873 
667711.598746081 -609121.4671398544 0.017254323410325043 
670846.3949843255 -656097.3357696759 0.010070167595117236 
673981.19122257 -677701.9380674576 0.0024965986697886885 
677115.9874608145 -673099.8246432826 -0.005173513658968148 
680250.783699059 -642468.959099515 -0.012643566353646215 
683385.5799373036 -586993.8361830817 -0.019624692677408788 
686520.3761755481 -508819.67740545876 -0.025846932663035452 
689655.1724137926 -410969.47538450785 -0.03106967245759539 
692789.9686520371 -297227.09480122925 -0.035090948853670145 
695924.7648902816 -171990.95045429526 -0.037755259201153954 
699059.5611285261 -40103.920678056915 -0.038959574690551724 
702194.3573667706 93332.17622559179 -0.03865740470894161 
705329.1536050151 223215.1088613888 -0.03685778754221821 
708463.9498432596 345118.9876997909 -0.03360296388398542 
711598.7460815042 456818.7580058316 -0.028904709181591427 
714733.5423197487 559639.4200757671 -0.022685977098399684 
717868.3385579932 656139.9925672045 -0.014887692128031118 
721003.1347962377 742136.9063856289 -0.005832127559419309 
724137.9310344822 799446.9930698824 0.003449496350496251 
727272.7272727267 801731.8233759005 0.01149255036991482 
730407.5235109712 735713.6759795803 0.01738143921960622 
733542.3197492157 619193.4729261433 0.021587373473568004 
736677.1159874602 492461.68096186337 0.02558799601486073 
739811.9122257048 384835.6583186053 0.030347806291414266 
742946.7084639493 288446.29885965807 0.03513126881031018 
746081.5047021938 168956.1279448135 0.03800860108780495 
749216.3009404383 5088.103529906271 0.03768144398543386 
752351.0971786828 -183647.92789526458 0.03476627244012359 
755485.8934169273 -351131.3964050629 0.0311553352714837 
758620.6896551718 -466897.81939736573 0.028087818184383086 
761755.4858934163 -542483.9647560907 0.024948321733734898 
764890.2821316608 -614197.0372239483 0.020060030701513878 
768025.0783699054 -700498.7510559203 0.012638617611359308 
771159.8746081499 -778980.7332383329 0.003845243625653777 
774294.6708463944 -807296.5569170886 -0.004178100528587517 
777429.4670846389 -766134.5410405595 -0.010286139828643327 
780564.2633228834 -679100.4414475719 -0.015251749268123584 
783699.0595611279 -588636.3625714525 -0.02067408669626331 
786833.8557993724 -513290.19025731954 -0.02703331185971764 
789968.6520376169 -431194.4643805207 -0.03294760465766419 
793103.4482758614 -306989.6366691795 -0.03642193998776379 
796238.244514106 -133708.5173680212 -0.03678244677945043 
799373.0407523505 54599.83328400741 -0.03526876740652483 
802507.836990595 212962.64609007846 -0.03366710053098044 
805642.6332288395 326850.7867562107 -0.03242466005308657 
808777.429467084 421556.0531880591 -0.030228300898222763 
811912.2257053285 529970.1914516878 -0.025487404138398142 
815047.021943573 652882.2500802559 -0.018156963140712516 
818181.8181818175 753733.3601996605 -0.009978354303480099 
821316.614420062 793490.5796078839 -0.002878262543184691 
824451.4106583066 769090.8446556984 0.0027988193158334533 
827586.2068965511 715139.9774848412 0.008376361284643644 
830721.0031347956 667163.9790567298 0.015171480812470127 
833855.7993730401 625083.1709036953 0.02283271897874078 
836990.5956112846 555273.7218052567 0.029447985862403582 
840125.3918495291 428947.26298020646 0.033318135601944535 
843260.1880877736 256361.97538755147 0.0345398021413875 
846394.9843260181 80752.12508349906 0.03474158917401992 
849529.7805642626 -61798.07007475725 0.03525843598330808 
852664.5768025072 -174538.34376431402 0.0356687192705204 
855799.3730407517 -290689.54557705 0.03423396811954634 
858934.1692789962 -432634.0063568349 0.029777826084971426 
862068.9655172407 -582807.2645926268 0.023026124289011046 
865203.7617554852 -697098.0776631408 0.01599572127629087 
868338.5579937297 -746837.9850567936 0.010069994138226252 
871473.3542319742 -745390.8621984129 0.004777354760802494 
874608.1504702187 -731538.6134730404 -0.0014526398698117237 
877742.9467084632 -727256.1190114728 -0.009361800857617144 
880877.7429467078 -714336.2636850047 -0.01780211748869173 
884012.5391849523 -654435.1336579219 -0.02466670410467519 
887147.3354231968 -531401.6830811059 -0.028843602736462505 
890282.1316614413 -371301.37931730796 -0.03114799242771876 
893416.9278996858 -218981.79307512616 -0.033262688392712556 
896551.7241379303 -95690.19911268831 -0.035809849048363006 
899686.5203761748 17875.49391867631 -0.03758767204540715 
902821.3166144193 155490.660404937 -0.03677792249629042 
905956.1128526638 323966.5767613242 -0.03285577107972735 
909090.9090909084 490150.82788315264 -0.027193887704844256 
912225.7053291529 610237.7050984222 -0.02172460250187508 
915360.5015673974 670763.2190002188 -0.01706371201440297 
918495.2978056419 698377.9457928424 -0.012062566814981756 
921630.0940438864 728314.5441803435 -0.005250627773365601 
924764.8902821309 764860.7325002922 0.003358290798517383 
927899.6865203754 775490.5747743796 0.012005147008881034 
931034.4827586199 724853.5477901781 0.018754021406886038 
934169.2789968645 612872.9614509018 0.023250663560745812 
937304.075235109 476865.21356421756 0.026833196797155512 
940438.8714733535 355397.18179514195 0.03088982297109204 
943573.667711598 251781.4328501016 0.035200205595716405 
946708.4639498425 135427.6069479438 0.03801180630919446 
949843.260188087 -20582.747884185737 0.03777577771416789 
952978.0564263315 -205430.62886569183 0.03472063035633339 
956112.852664576 -376034.1583913467 0.030611631085215144 
959247.6489028205 -496510.12627526425 0.0269500773621804 
962382.445141065 -570342.754989491 0.023504303622860268 
965517.2413793096 -631663.0564840215 0.018712198298489132 
968652.0376175541 -705028.8196132076 0.01152470585421403 
971786.8338557986 -776173.7899244421 0.002743655081219882 
974921.6300940431 -804600.3636207501 -0.005561180503541272 
978056.4263322876 -764843.299239174 -0.01195177170172297 
981191.2225705321 -673059.0175703284 -0.01685109698661624 
984326.0188087766 -571006.2122257677 -0.021821131555502908 
987460.8150470211 -484248.58934745885 -0.027660572481854436 
990595.6112852657 -398453.35307412164 -0.033332847880989114 
993730.4075235102 -278553.57727044047 -0.03686030339066657 
996865.2037617547 -111505.19060850807 -0.037202185292100426 
999999.9999999992 134791.06232113842 -0.03800228760099157 
