#x u 
0.0 -759089.0979418327 0.004873799326634478 
3134.796238244514 -807531.6896548077 0.007608895620285344 
6269.592476489028 -937768.9186393317 0.00486909074822322 
9404.38871473354 -1028862.4135061272 0.0020730217006360925 
12539.184952978056 -1080198.6641186012 -0.0008045328973148511 
15673.98119122257 -1089634.2324768042 -0.003645043506277192 
18808.777429467085 -1056854.4521903186 -0.006340969012047021 
21943.5736677116 -983261.1252707439 -0.008794209855918687 
25078.369905956115 -871784.2205178184 -0.010913754994694057 
28213.16614420063 -726677.1875645112 -0.012615012478260265 
31347.962382445145 -553404.8186269989 -0.013825479891324474 
34482.75862068966 -358581.15977990086 -0.014494388562061422 
37617.55485893417 -149808.05896119555 -0.014598989789900454 
40752.35109717868 64682.04449105999 -0.014142535339567745 
43887.14733542319 276507.35763301386 -0.013146685232732073 
47021.943573667704 477556.910703803 -0.011646267542181494 
50156.739811912215 660228.3170714279 -0.009691410661472197 
53291.53605015673 817544.83311601 -0.007353714877187585 
56426.33228840124 943328.7943352562 -0.004727899853494189 
59561.12852664575 1032530.8079598167 -0.0019240013301370824 
62695.92476489026 1081616.1663669385 0.0009456474876598021 
65830.72100313478 1088796.539704822 0.003775114960729007 
68965.51724137929 1053992.638113933 0.0064640835198893215 
72100.3134796238 978631.9160143787 0.00891231040535212 
75235.10971786831 865501.5992856519 0.011019292545186708 
78369.90595611282 718765.3815537072 0.012693859968152477 
81504.70219435733 544021.7409020255 0.013867766304875122 
84639.49843260185 348173.8435219869 0.0145023074424972 
87774.29467084636 139018.2555121728 0.014583216218998801 
90909.09090909087 -75289.47669649307 0.014110527944135252 
94043.88714733538 -286628.88845940644 0.013094928091769528 
97178.68338557989 -487062.37026944227 0.011564894124712122 
100313.4796238244 -668895.7681587822 0.009576844139140409 
103448.27586206891 -824906.9963613201 0.007216152376564725 
106583.07210031342 -948815.3284723206 0.004585283442054842 
109717.86833855794 -1035784.2581658966 0.001788117629342743 
112852.66457680245 -1082666.9066758638 -0.0010766112309340548 
115987.46081504696 -1087913.8362748064 -0.003909435084420615 
119122.25705329147 -1051360.1056620358 -0.0066019060624312505 
122257.05329153598 -974183.2386184322 -0.009039169523492242 
125391.84952978049 -859091.2620894404 -0.01111554335586033 
128526.645768025 -710497.1266170973 -0.012751233375776418 
131661.44200626953 -534382.9478597301 -0.01389602127445187 
134796.23824451404 -337821.1083713321 -0.014518273055396156 
137931.03448275855 -128431.48275212976 -0.014592431219391496 
141065.83072100306 85914.9575864406 -0.014099783340180893 
144200.62695924757 297128.2563986786 -0.013043498285817754 
147335.42319749208 496962.1270958679 -0.011463558836642523 
150470.2194357366 677396.0406763572 -0.009436240352698775 
153605.0156739811 831287.8073805894 -0.007057505389050033 
156739.81191222562 952921.6303482917 -0.004425013883217893 
159874.60815047013 1038114.7370243301 -0.0016334178905324636 
163009.40438871464 1083934.9962382335 0.0012177237073997208 
166144.20062695915 1088439.248939527 0.004018287502158298 
169278.99686520366 1050799.6682222262 0.006656523452747542 
172413.79310344817 971775.1054846405 0.009037742834319273 
175548.58934169268 854115.6824314594 0.011094460926011303 
178683.3855799372 702531.9474704587 0.012775542177617411 
181818.1818181817 523260.4587050477 0.01402270618911044 
184952.97805642622 323590.9886028298 0.014757666658217403 
188087.77429467073 111637.58718690851 0.01489596637230155 
191222.57053291524 -103762.9300915896 0.014380000770863268 
194357.36677115975 -313404.65622151946 0.013206549417957632 
197492.16300940426 -508504.5370054408 0.011430174712681006 
200626.95924764877 -681637.1829582986 0.009146568211927634 
203761.75548589329 -827252.2586917207 0.006475982992264833 
206896.5517241378 -941481.7249341455 0.0035603171731333674 
210031.3479623823 -1021520.1917710621 0.0005663768227238239 
213166.14420062682 -1065187.522162357 -0.0023238874697333704 
216300.94043887133 -1071033.5544073181 -0.004943790373195044 
219435.73667711584 -1038773.2963275865 -0.007176979955356882 
222570.53291536035 -969528.3500203856 -0.00897097790541336 
225705.32915360486 -865607.1403713092 -0.010318905088089667 
228840.12539184937 -730095.5766492194 -0.011226663004575938 
231974.9216300939 -566762.7546398822 -0.011694470029171577 
235109.7178683384 -380445.2146265637 -0.011725175926428886 
238244.5141065829 -177505.88591408316 -0.011343776556468153 
241379.31034482742 34219.96906195618 -0.010601804177161707 
244514.10658307193 246153.07965329225 -0.009557871979004018 
247648.90282131644 449912.22383168 -0.008252986670128087 
250783.69905956095 637832.1657146644 -0.0067070416189565895 
253918.49529780546 802881.3228578382 -0.004942063488925626 
257053.29153604998 938432.8061627549 -0.003009598284251714 
260188.0877742945 1038482.0764852252 -0.0009939816935725125 
263322.884012539 1098398.6934187254 0.0010129356665632334 
266457.6802507835 1115673.5259468968 0.002940895646595087 
269592.476489028 1090042.8730148408 0.0047455510959218666 
272727.27272727253 1022941.7613347147 0.006385438500498455 
275862.06896551704 916876.2058423298 0.007798249706136796 
278996.86520376155 775336.4277928177 0.00890453034892148 
282131.66144200607 603250.7627394439 0.009638409822568368 
285266.4576802506 407346.6374861364 0.0099759184518439 
288401.2539184951 195813.26175860956 0.009932709684073454 
291536.0501567396 -22660.05933060721 0.009534100745835121 
294670.8463949841 -239767.10830793128 0.008789140158275217 
297805.6426332286 -447774.75150325586 0.007696344655056168 
300940.43887147313 -639134.9338983698 0.006275288527680362 
304075.23510971764 -806247.9703762464 0.004590096478018606 
307210.03134796215 -941950.7541215521 0.002738066349207001 
310344.82758620667 -1040523.6461755993 0.0008124547271197925 
313479.6238244512 -1098417.377332016 -0.0011243083894351867 
316614.4200626957 -1114130.4559461712 -0.0030311222613328245 
319749.2163009402 -1087498.0602335837 -0.0048545473787457525 
322884.0125391847 -1019222.213459162 -0.006509043963018352 
326018.8087774292 -911173.1228398633 -0.007895336789151466 
329153.60501567373 -767121.7007306438 -0.008941146265778426 
332288.40125391824 -593033.8723305829 -0.009624157981026017 
335423.19749216276 -396440.2257924668 -0.009954566654942374 
338557.99373040727 -185308.59763808316 -0.009936352084109937 
341692.7899686518 32661.40501693933 -0.009548911083555486 
344827.5862068963 249863.33941248045 -0.008769526684899123 
347962.3824451408 458215.4301746642 -0.007613787961272914 
351097.1786833853 649125.2527441309 -0.006150931329248043 
354231.9749216298 814369.3837223588 -0.00447607245410101 
357366.77115987433 947294.9148900748 -0.002666029835607618 
360501.56739811884 1043368.2880871813 -0.0007629894658408181 
363636.36363636336 1099727.8812115546 0.0011985821316817468 
366771.15987460787 1114396.4314738112 0.003152097644039267 
369905.9561128524 1086128.8687942545 0.004990944142780557 
373040.7523510969 1015158.6176297286 0.006604607640931046 
376175.5485893414 904094.797719959 0.007924486063323454 
379310.3448275859 757980.5042377285 0.008933838295207053 
382445.1410658304 583324.8576417138 0.009633002032957867 
385579.93730407493 386944.34598545125 0.009997808191203415 
388714.73354231945 175615.7886142743 0.009976690688185108 
391849.52978056396 -43339.43197392438 0.009531472573068685 
394984.32601880847 -261438.5801813169 0.00868009204654805 
398119.122257053 -469363.84952434833 0.007495988775338537 
401253.9184952975 -658240.1053711217 0.006063211378871589 
404388.714733542 -820862.7392766839 0.004432616783822086 
407523.5109717865 -951890.7457417906 0.0026238238714145455 
410658.307210031 -1047067.7581284506 0.0006696279238162868 
413793.10344827553 -1102525.8442146177 -0.001345810543965998 
416927.89968652005 -1115112.9721148827 -0.0032983744835380813 
420062.69592476456 -1083564.5746763507 -0.005076904650245023 
423197.49216300907 -1009380.4689684692 -0.006625452623396348 
426332.2884012536 -896492.054480557 -0.007932847943425391 
429467.0846394981 -750001.1956584053 -0.008982291893141826 
432601.8808777426 -575196.8695248242 -0.009715975743718089 
435736.6771159871 -377726.26589026605 -0.010054534003963988 
438871.4733542316 -164539.2973900187 -0.0099534175648937 
442006.26959247614 55645.39474438195 -0.00943829608115594 
445141.06583072065 273157.2374117329 -0.008582079393402787 
448275.86206896516 478957.8998279629 -0.00744662467661545 
451410.65830720967 665664.8208068622 -0.006049449097129866 
454545.4545454542 827250.6022174502 -0.004389917456705463 
457680.2507836987 958025.8521258169 -0.0025065747397322174 
460815.0470219432 1052255.360237071 -0.0005033339203620322 
463949.8432601877 1105073.9832617978 0.001486358541713762 
467084.6394984322 1113956.9272525015 0.0033634537929829195 
470219.43573667674 1079341.6877024318 0.005091163815258613 
473354.23197492125 1003808.3504243413 0.006659586353115314 
476489.02821316576 890674.6443096108 0.00802626156124933 
479623.82445141027 743432.0184940962 0.009097845804217446 
482758.6206896548 566521.7800578751 0.009775486385876754 
485893.4169278993 366481.9433043564 0.010019085554689803 
489028.2131661438 152032.48986949393 0.00986434812799586 
492163.0094043883 -67280.03439736915 0.009374728738343049 
495297.8056426328 -282773.41864600155 0.008578392738205622 
498432.60188087734 -487197.60423801624 0.007456489194192846 
501567.39811912185 -673892.1703545613 0.005995349841784986 
504702.19435736636 -835729.9019318927 0.004247247967369687 
507836.99059561087 -965274.3009623358 0.0023337903415356735 
510971.7868338554 -1056291.236131378 0.0003851056232789269 
514106.5830720999 -1105284.847622896 -0.0015245398261954468 
517241.3793103444 -1111629.4819890067 -0.0033794648520215783 
520376.1755485889 -1076273.175958171 -0.005162641542913248 
523510.9717868334 -1000437.1867806888 -0.006798423564229447 
526645.768025078 -885700.0311562117 -0.008161488284855323 
529780.5642633225 -735348.0838440079 -0.009146389359379451 
532915.360501567 -555469.0617885285 -0.009727582404377313 
536050.1567398115 -354451.46711739147 -0.009948259148107073 
539184.952978056 -141164.4598242644 -0.009850115695636173 
542319.7492163006 76549.96380347174 -0.009418346002024625 
545454.5454545451 291776.22830394754 -0.008600732527014984 
548589.3416927896 497220.69663026347 -0.007381718153179747 
551724.1379310341 684397.206500795 -0.005833269231247027 
554858.9341692786 844502.0479203885 -0.004087027756041713 
557993.7304075231 970393.4374203767 -0.002254091135587768 
561128.5266457676 1057883.1920461892 -0.00037416778134555283 
564263.3228840121 1105206.1410696032 0.0015542137170974988 
567398.1191222566 1111392.320702084 0.003495903957006418 
570532.9153605012 1075382.5717271725 0.00533823365199936 
573667.7115987457 996909.5172032506 0.006933875159333203 
576802.5078369902 878249.87987301 0.008186387944667564 
579937.3040752347 724952.3809766527 0.009091348752061376 
583072.1003134792 544635.154971456 0.009691234226633224 
586206.8965517237 344915.34200867463 0.009992379045992308 
589341.6927899682 132416.61666500402 0.009932740045305167 
592476.4890282127 -86351.70361668654 0.009436332509350887 
595611.2852664572 -303449.69265873573 0.00849852427158232 
598746.0815047018 -509245.55323309643 0.007212264376161404 
601880.8777429463 -694068.4455623965 0.0057057996212195395 
605015.6739811908 -850386.2229940399 0.004055034792130674 
608150.4702194353 -973524.3730497733 0.0022609938610496988 
611285.2664576798 -1060424.7830085487 0.000314961531026222 
614420.0626959243 -1107967.6537026535 -0.0017188394490297361 
617554.8589341688 -1112815.3877203986 -0.003693045986256704 
620689.6551724133 -1073100.3784433247 -0.005454301545787833 
623824.4514106578 -990271.0279376986 -0.006930493292723359 
626959.2476489024 -869152.1229963218 -0.008138875549890887 
630094.0438871469 -716069.1450229152 -0.009107977348398282 
633228.8401253914 -536868.0440669645 -0.0097969423465468 
636363.6363636359 -336741.6410497752 -0.010099513617826269 
639498.4326018804 -121840.5577868752 -0.009931188474860839 
642633.2288401249 99283.20328464248 -0.00930955884435788 
645768.0250783694 316235.67391870025 -0.008343147482230796 
648902.8213166139 519108.0129678102 -0.007138966515817141 
652037.6175548584 700470.6362090538 -0.005724536763759798 
655172.413793103 855249.3751469566 -0.004065669367940931 
658307.2100313475 978893.717508028 -0.002160745751995023 
661442.006269592 1066028.6795928068 -0.0001106412996015136 
664576.8025078365 1111261.1112274951 0.0019126072864802976 
667711.598746081 1111507.0740643481 0.003769576774884286 
670846.3949843255 1067531.9708971067 0.005423978509180092 
673981.19122257 983131.7166253381 0.006907885137751716 
677115.9874608145 862789.5652463555 0.008219813066811047 
680250.783699059 710201.2770990742 0.009265123613886352 
683385.5799373036 529114.1744495501 0.009904693980059545 
686520.3761755481 325441.6428832478 0.010063863353555884 
689655.1724137926 108200.67721806515 0.009788776748496248 
692789.9686520371 -112011.86312562865 0.009190738605806117 
695924.7648902816 -325735.6865447569 0.008336176963152952 
699059.5611285261 -526028.3333302541 0.007197529459406663 
702194.3573667706 -707366.3958710921 0.005716980550996518 
705329.1536050151 -863521.2104500058 0.003915861176888378 
708463.9498432596 -986948.1855319265 0.0019328562729353281 
711598.7460815042 -1070631.9362460186 -5.256182271245937e-05 
714733.5423197487 -1110703.3672979043 -0.0019345996148412816 
717868.3385579932 -1107253.3494136466 -0.003715672420759355 
721003.1347962377 -1062578.633277041 -0.005426068725245656 
724137.9310344822 -978733.7829517705 -0.007014636210354203 
727272.7272727267 -856953.7246609634 -0.00832793256757234 
730407.5235109712 -699502.5669017092 -0.009203093779076146 
733542.3197492157 -511887.9545573635 -0.009579646254137071 
736677.1159874602 -302919.34168374824 -0.009514278974244613 
739811.9122257048 -82304.03667547173 -0.00908407464947847 
742946.7084639493 141936.69521510234 -0.008282295574103583 
746081.5047021938 363720.13104594214 -0.007021288228456681 
749216.3009404383 576722.9054790556 -0.005246543602583056 
752351.0971786828 772221.9423516669 -0.003048980287301004 
755485.8934169273 939424.7675023597 -0.0006617498990264042 
758620.6896551718 1068209.160502726 0.001655228162089229 
761755.4858934163 1151746.1543069226 0.003727608051266413 
764890.2821316608 1186712.0988063198 0.005470975297266916 
768025.0783699054 1171454.0932823936 0.006804127387442538 
771159.8746081499 1104714.4504486741 0.0075908163597128275 
774294.6708463944 986896.7819070513 0.007700822680799677 
777429.4670846389 822940.5614967684 0.007147469699732702 
780564.2633228834 623721.435593594 0.006160050907734527 
783699.0595611279 403876.6882810407 0.005094564990346244 
786833.8557993724 177223.83314094928 0.004235893256489006 
789968.6520376169 -46754.07693111092 0.0036501700245982274 
793103.4482758614 -262862.82871154085 0.003201125499070442 
796238.244514106 -467363.6318968786 0.0026944396712672448 
799373.0407523505 -655399.9029452745 0.0020098342164218477 
802507.836990595 -820859.408474283 0.0011206511927614434 
805642.6332288395 -957977.5963495352 3.2225052002941325e-05 
808777.429467084 -1062279.256234892 -0.001251269302186225 
811912.2257053285 -1129671.1072861003 -0.00267745173485739 
815047.021943573 -1155135.020851031 -0.004080607198818215 
818181.8181818175 -1133423.307504258 -0.0052110694558766095 
821316.614420062 -1062144.4797453664 -0.005877018251468051 
824451.4106583066 -944706.2885340808 -0.00608256008640898 
827586.2068965511 -790031.6729749852 -0.006020589585291743 
830721.0031347956 -608722.3619286494 -0.005905294785655404 
833855.7993730401 -408810.92766047193 -0.005787950316651899 
836990.5956112846 -194831.20952550138 -0.005526563030618286 
840125.3918495291 29161.5115923224 -0.004937837232232862 
843260.1880877736 255810.43660956612 -0.003984721000914921 
846394.9843260181 473827.7478239016 -0.0028197341031223344 
849529.7805642626 671277.6736103422 -0.001648589985183354 
852664.5768025072 839659.7604499436 -0.0005562296097546661 
855799.3730407517 974976.2815073391 0.0005303233664120457 
858934.1692789962 1075109.5837290764 0.0017118380076270477 
862068.9655172407 1136580.4870386391 0.002960638118802898 
865203.7617554852 1154276.2134755412 0.0041030343749254745 
868338.5579937297 1124540.7727434747 0.004958634507877875 
871473.3542319742 1048454.358046221 0.005491158717485475 
874608.1504702187 931888.515595534 0.005814286144827663 
877742.9467084632 782236.5523654339 0.006047795799876151 
880877.7429467078 605122.365098254 0.006175179873982667 
884012.5391849523 404346.9701252785 0.006051799747396619 
887147.3354231968 184901.635364526 0.005555331748453594 
890282.1316614413 -44357.358913671065 0.004721949599230465 
893416.9278996858 -271450.1208137316 0.0037266395983148373 
896551.7241379303 -484973.2175331387 0.0027280659571890815 
899686.5203761748 -677245.165978003 0.0017384662034271242 
902821.3166144193 -843979.065620579 0.0006517994854372293 
905956.1128526638 -981169.4488946542 -0.0006018544123564933 
909090.9090909084 -1082732.6951347948 -0.0019383333301563133 
912225.7053291529 -1141586.3961084096 -0.003161339460075991 
915360.5015673974 -1153213.7186133354 -0.0041208585770981234 
918495.2978056419 -1118139.5832865513 -0.004824457208004824 
921630.0940438864 -1040854.9407707427 -0.005388611743912448 
924764.8902821309 -926371.1892376392 -0.005884227040351515 
927899.6865203754 -777957.1037623876 -0.006239043438124989 
931034.4827586199 -598266.5955476703 -0.006297919007711683 
934169.2789968645 -392458.23647385713 -0.005976524969962706 
937304.075235109 -169816.6202288433 -0.005348069989507681 
940438.8714733535 58042.76425922525 -0.004574642024696374 
943573.667711598 280762.68623229594 -0.0037570107195085776 
946708.4639498425 491203.89718501555 -0.002859259991309187 
949843.260188087 684124.0744852221 -0.0017833857553560695 
952978.0564263315 853355.9986225276 -0.0005117239252010464 
956112.852664576 990758.3678929476 0.0008333425822958972 
959247.6489028205 1088263.912425732 0.0020735664689509998 
962382.445141065 1141066.7671910923 0.003113531217549379 
965517.2413793096 1148818.2260399477 0.003990632887042907 
968652.0376175541 1113799.5811821863 0.004789263026895375 
971786.8338557986 1038141.2535013974 0.005514120204208678 
974921.6300940431 923010.3800338511 0.006056565431363689 
978056.4263322876 770481.0437391651 0.0062866191147904526 
981191.2225705321 585930.9116704655 0.006171520208451506 
984326.0188087766 378285.8071203291 0.005797735894736719 
987460.8150470211 157720.7952988762 0.005278061952483065 
990595.6112852657 -66962.17787930174 0.004645072868258904 
993730.4075235102 -288880.1288109695 0.0038425692660565853 
996865.2037617547 -499953.69358015666 0.00275173287668257 
999999.9999999992 -763323.7653159763 0.004679691801903303 
