#x u 
0.0 69189.17466640113 0.05306621278285675 
3134.796238244514 -5749.837423473968 0.04793153509753524 
6269.592476489028 -9976.736280499594 0.04417778907264723 
9404.38871473354 -13336.679788796144 0.03874771081643011 
12539.184952978056 -16013.143791135517 0.03180730005717652 
15673.98119122257 -15972.185677058296 0.023540727642926935 
18808.777429467085 -12661.873220681184 0.014242292770417601 
21943.5736677116 -21873.20984293113 0.004989516258695085 
25078.369905956115 -68558.04232327297 -0.0026997336367443328 
28213.16614420063 -119640.15904809831 -0.009961501270186395 
31347.962382445145 -112534.83048249135 -0.01929317071366007 
34482.75862068966 -101077.78304813977 -0.02787877376442152 
37617.55485893417 -85712.06046125377 -0.03538630538336097 
40752.35109717868 -67031.85480109166 -0.04152544952464828 
43887.14733542319 -45759.52911822894 -0.04605880564941882 
47021.943573667704 -22717.68367481856 -0.048811068998227694 
50156.739811912215 1202.6539854289433 -0.04967580962138364 
53291.53605015673 25076.485048398135 -0.04861958802224171 
56426.33228840124 47980.609108842225 -0.04568324826163937 
59561.12852664575 69029.32430522465 -0.04098033851916221 
62695.92476489026 87408.67738689258 -0.03469272018809264 
65830.72100313478 102407.9392643914 -0.02706353530022178 
68965.51724137929 113447.08888424092 -0.0183878042300181 
72100.3134796238 120099.24262748004 -0.0090010172646797 
75235.10971786831 122107.16188773146 0.0007338387962503766 
78369.90595611282 119393.20048119291 0.010440317330662077 
81504.70219435733 112062.30722247856 0.019743069074632698 
84639.49843260185 100397.96755677758 0.02828235686836984 
87774.29467084636 84851.24118531347 0.03572796668250746 
90909.09090909087 66023.31959882748 0.041791976985742114 
94043.88714733538 44642.278018792815 0.04623989266270628 
97178.68338557989 21534.920748182536 0.04889971293377432 
100313.4796238244 -2405.1913286947483 0.04966858262058544 
103448.27586206891 -26252.294721565806 0.04851676955302521 
106583.07210031342 -49084.222583467184 0.045488814311444435 
109717.86833855794 -70018.06487791988 0.04070180784361466 
112852.66457680245 -88244.31048629741 0.034340863560926305 
115987.46081504696 -103058.15098102271 0.026651959007747895 
119122.25705329147 -113886.7355485002 0.017932423916399518 
122257.05329153598 -120311.32311468228 0.008519442474399109 
125391.84952978049 -122083.4750511387 -0.0012229855790021663 
128526.645768025 -119134.66229014 -0.010918120812949026 
131661.44200626953 -111578.91534186131 -0.02019105260864269 
134796.23824451404 -99708.41473762074 -0.02868319694288878 
137931.03448275855 -83982.19241659302 -0.036066162822632156 
141065.83072100306 -65008.380973060834 -0.04205445115582786 
144200.62695924757 -43520.69718534709 -0.04641649499365368 
147335.42319749208 -20350.069207729015 -0.048983614218194374 
150470.2194357366 3607.4953989476853 -0.049656538398065726 
153605.0156739811 27425.55825555072 -0.0484092455733267 
156739.81191222562 50183.0755118731 -0.04528996852397081 
159874.60815047013 71000.01458755256 -0.040419329609620615 
163009.40438871464 89071.38500829114 -0.033985676306124674 
166144.20062695915 103698.3673658497 -0.026237797813731072 
169278.99686520366 114315.33664577565 -0.017475304385403477 
172413.79310344817 120511.73493149897 -0.008037041406395716 
175548.58934169268 122047.94766792996 0.0017120137476847753 
178683.3855799372 118864.56954985851 0.011394865376177616 
181818.1818181817 111084.7017235108 0.02063707786697668 
184952.97805642622 99009.19146853467 0.02908125511158187 
188087.77429467073 83104.99844178467 0.036400861003004506 
191222.57053291524 63987.13735994804 0.0423128465782444 
194357.36677115975 42394.895396988635 0.04658859551407775 
197492.16300940426 19163.243969008396 0.04906276471412887 
200626.95924764877 -4809.449587962208 0.049639678121961135 
203761.75548589329 -28596.16185869006 0.048297026511606646 
206896.5517241378 -51277.06131928126 0.04508673018473449 
210031.3479623823 -71975.07819747337 0.04013293121398133 
213166.14420062682 -89889.82073714849 0.03362719287234065 
216300.94043887133 -104328.52632601585 0.02582109188654722 
219435.73667711584 -114732.85060720542 0.01701648997181904 
222570.53291536035 -120700.45864053129 0.00755386084744664 
225705.32915360486 -122000.5831838107 -0.002200875872776478 
228840.12539184937 -118582.94845591509 -0.011870504782179884 
231974.9216300939 -110579.71429987357 -0.021081101590849145 
235109.7178683384 -98300.3655652958 -0.029476492767861982 
238244.5141065829 -82219.74433756387 -0.03673202876215176 
241379.31034482742 -62959.68780715106 -0.04256713819191749 
244514.10658307193 -41264.98184219391 -0.046756177532413686 
247648.90282131644 -17974.560138996625 -0.04913715674498485 
250783.69905956095 6010.937321446816 -0.049618003427504304 
253918.49529780546 29763.991997301084 -0.04818012325168885 
257053.29153604998 52366.07390296135 -0.044879119005273284 
260188.0877742945 72943.16113889538 -0.03984264043370385 
263322.884012539 90699.53829499875 -0.03326544802791446 
266457.6802507835 104948.56674410478 -0.025401881641379135 
269592.476489028 115139.23693923789 -0.016556025174817312 
272727.27272727253 120877.47593797505 -0.007069947659929661 
275862.06896551704 121941.38619253374 0.002689524540859654 
278996.86520376155 118289.82632197798 0.012344992899974068 
282131.66144200607 110064.00204831481 0.021523080715598025 
285266.4576802506 97582.00577501714 0.02986887157869614 
288401.2539184951 81326.51596233639 0.03705963398100708 
291536.0501567396 61926.131964225686 0.04281730133379003 
294670.8463949841 40131.06610822666 0.04691922479533404 
297805.6426332286 16784.133004929445 0.049206783095680114 
300940.43887147313 -7211.842070350023 0.049591516416865364 
304075.23510971764 -30928.9354066932 0.048058547131704855 
307210.03134796215 -53450.00764252496 0.04466715512123485 
310344.82758620667 -73904.16952006797 0.0395484854233072 
313479.6238244512 -91500.45914952026 0.032900476857501894 
316614.4200626957 -105558.42848406796 0.024980207736296618 
319749.2163009402 -115534.45622755811 0.016093954653635733 
322884.0125391847 -121042.76965540054 0.006585348777278235 
326018.8087774292 -121870.36243545674 -0.003177912359219452 
329153.60501567373 -117985.23157717517 -0.01281828371023882 
332288.40125391824 -109537.6149863755 -0.021962972374861334 
335423.19749216276 -96854.18176947074 -0.030258353488322814 
338557.99373040727 -80425.39994790763 -0.03738364488602488 
341692.7899686518 -60886.57007296453 -0.043063311741214375 
344827.5862068963 -38993.2581705134 -0.047077721489324965 
347962.3824451408 -15592.07802311971 -0.04927163701334292 
351097.1786833853 8412.047362163854 -0.04956021965894792 
354231.9749216298 32090.87910214826 -0.047932309942994245 
357366.77115987433 54528.75741016277 -0.044450859090424094 
360501.56739811884 74858.01013538087 -0.03925049471209161 
363636.36363636336 92292.50562156315 -0.03253231475867138 
366771.15987460787 106158.05239706623 -0.024556111068313156 
369905.9561128524 115918.47014091883 -0.01563032322324649 
373040.7523510969 121196.32376141907 -0.006100111199429548 
376175.5485893414 121787.51880098163 0.0036659919604399953 
379310.3448275859 117669.19376332345 0.013290331309776304 
382445.1410658304 109000.60416691087 0.02240073390473481 
385579.93730407493 96116.96413834416 0.030644900721943223 
388714.73354231945 79516.48369109153 0.037704030052262257 
391849.52978056396 59841.10295766899 0.04330514555430537 
394984.32601880847 37851.66838197298 0.047231652242220104 
398119.122257053 14398.510807761628 0.04933171220796689 
401253.9184952975 -9611.436792216315 0.049524116189140016 
404388.714733542 -33249.710389885884 0.047801423928961154 
407523.5109717865 -55602.21858084944 0.04423025189080901 
410658.307210031 -75804.59047441125 0.03894869720137154 
413793.10344827553 -93075.60089268099 0.032160997438470715 
416927.89968652005 -106747.38032719257 0.024129632769419516 
420062.69592476456 -116291.24143484133 0.015165175850010258 
423197.49216300907 -121338.12336322642 0.005614281988266118 
426332.2884012536 -121692.86332388571 -0.004153716006998633 
429467.0846394981 -117341.74353207898 -0.013761089915964374 
432601.8808777426 -108453.02167315636 -0.022836322847909558 
435736.6771159871 -95370.42438238714 -0.031028475789384904 
438871.4733542316 -78599.85534522032 -0.03802075840642705 
442006.26959247614 -58789.83201536852 -0.0435427793182544 
445141.06583072065 -36706.407462316376 -0.04738100212469134 
448275.86206896516 -13203.547119716146 -0.04938700285302112 
451410.65830720967 10809.894034965066 -0.04948320950901973 
454545.4545454542 34405.31687798893 -0.047665901783886626 
457680.2507836987 56670.287042485 -0.04400535491848616 
460815.0470219432 76743.81873088678 -0.03864312216167275 
463949.8432601877 93849.66901257297 -0.03178656090996429 
467084.6394984322 107326.35511712002 -0.023700814202594393 
470219.43573667674 116652.7339552478 -0.014698557647314842 
473354.23197492125 121468.15470806873 -0.0051279082630514335 
476489.02821316576 121586.40518455475 0.00464103719585692 
479623.82445141027 117002.91264195912 0.014230513871196952 
482758.6206896548 107894.9206136562 0.023269696957790152 
485893.4169278993 94614.63490647121 0.03140904148873775 
489028.2131661438 77675.60381159918 0.03833379922989137 
492163.0094043883 57732.859205996574 0.04377618998560435 
495297.8056426328 35557.58648730952 0.04752575665169683 
498432.60188087734 12007.302855286565 0.049437503586015244 
501567.39811912185 -12007.302855279715 0.04943750358601549 
504702.19435736636 -35557.58648730344 0.04752575665169763 
507836.99059561087 -57732.85920599145 0.04377618998560565 
510971.7868338554 -77675.60381159515 0.03833379922989313 
514106.5830720999 -94614.63490646778 0.03140904148873995 
517241.3793103444 -107894.92061365396 0.023269696957792692 
520376.1755485889 -117002.91264195807 0.014230513871199732 
523510.9717868334 -121586.4051845551 0.004641037195859798 
526645.768025078 -121468.1547080722 -0.005127908263048626 
529780.5642633225 -116652.73395525262 -0.014698557647312146 
532915.360501567 -107326.35511712637 -0.023700814202591933 
536050.1567398115 -93849.66901257884 -0.0317865609099621 
539184.952978056 -76743.8187308925 -0.03864312216167096 
542319.7492163006 -56670.28704249016 -0.044005354918484806 
545454.5454545451 -34405.31687799611 -0.04766590178388583 
548589.3416927896 -10809.894034972265 -0.049483209509019466 
551724.1379310341 13203.5471197099 -0.04938700285302143 
554858.9341692786 36706.40746231055 -0.04738100212469218 
557993.7304075231 58789.83201536213 -0.04354277931825571 
561128.5266457676 78599.85534521341 -0.038020758406428816 
564263.3228840121 95370.4243823814 -0.0310284757893871 
567398.1191222566 108453.02167315228 -0.022836322847912045 
570532.9153605012 117341.74353207892 -0.013761089915967037 
573667.7115987457 121692.86332388723 -0.0041537160070013925 
576802.5078369902 121338.12336322904 0.005614281988263378 
579937.3040752347 116291.24143484261 0.015165175850007663 
583072.1003134792 106747.38032719388 0.024129632769417125 
586206.8965517237 93075.60089268413 0.03216099743846859 
589341.6927899682 75804.59047441569 0.038948697201369814 
592476.4890282127 55602.21858085619 0.044230251890807704 
595611.2852664572 33249.71038989332 0.047801423928960404 
598746.0815047018 9611.436792223129 0.04952411618913978 
601880.8777429463 -14398.510807754643 0.049331712207967233 
605015.6739811908 -37851.66838196613 0.04723165224222096 
608150.4702194353 -59841.10295766164 0.04330514555430674 
611285.2664576798 -79516.48369108618 0.03770403005226408 
614420.0626959243 -96116.96413834149 0.030644900721945402 
617554.8589341688 -109000.6041669097 0.022400733904737277 
620689.6551724133 -117669.19376332246 0.013290331309778988 
623824.4514106578 -121787.51880097925 0.0036659919604427713 
626959.2476489024 -121196.3237614177 -0.006100111199426804 
630094.0438871469 -115918.4701409193 -0.01563032322324385 
633228.8401253914 -106158.05239706862 -0.024556111068310724 
636363.6363636359 -92292.50562156859 -0.03253231475866926 
639498.4326018804 -74858.01013538758 -0.03925049471208991 
642633.2288401249 -54528.75741016942 -0.04445085909042283 
645768.0250783694 -32090.879102154628 -0.04793230994299353 
648902.8213166139 -8412.04736217051 -0.04956021965894772 
652037.6175548584 15592.078023112703 -0.04927163701334327 
655172.413793103 38993.25817050637 -0.04707772148932586 
658307.2100313475 60886.57007295966 -0.04306331174121575 
661442.006269592 80425.39994790379 -0.037383644886026704 
664576.8025078365 96854.18176946748 -0.030258353488325018 
667711.598746081 109537.61498637055 -0.021962972374863835 
670846.3949843255 117985.2315771716 -0.012818283710241499 
673981.19122257 121870.36243545526 -0.0031779123592222676 
677115.9874608145 121042.76965540124 0.006585348777275428 
680250.783699059 115534.4562275623 0.016093954653633093 
683385.5799373036 105558.42848407317 0.02498020773629422 
686520.3761755481 91500.4591495255 0.032900476857499805 
689655.1724137926 73904.16952007216 0.039548485423305524 
692789.9686520371 53450.00764252996 0.044667155121233655 
695924.7648902816 30928.935406699886 0.048058547131704134 
699059.5611285261 7211.84207035681 0.049591516416865204 
702194.3573667706 -16784.133004922718 0.04920678309568046 
705329.1536050151 -40131.06610822081 0.046919224795334946 
708463.9498432596 -61926.13196422052 0.04281730133379144 
711598.7460815042 -81326.51596232934 0.03705963398100894 
714733.5423197487 -97582.00577501129 0.029868871578698344 
717868.3385579932 -110064.00204831295 0.021523080715600485 
721003.1347962377 -118289.82632197815 0.012344992899976745 
724137.9310344822 -121941.3861925352 0.002689524540862448 
727272.7272727267 -120877.47593797705 -0.007069947659926866 
730407.5235109712 -115139.23693924092 -0.016556025174814665 
733542.3197492157 -104948.56674410708 -0.02540188164137677 
736677.1159874602 -90699.5382950019 -0.03326544802791241 
739811.9122257048 -72943.16113890118 -0.039842640433702205 
742946.7084639493 -52366.07390296814 -0.044879119005272104 
746081.5047021938 -29763.991997308578 -0.04818012325168816 
749216.3009404383 -6010.937321453777 -0.04961800342750417 
752351.0971786828 17974.560138990597 -0.04913715674498524 
755485.8934169273 41264.98184218655 -0.04675617753241463 
758620.6896551718 62959.687807144466 -0.04256713819191893 
761755.4858934163 82219.74433755939 -0.0367320287621536 
764890.2821316608 98300.36556529315 -0.02947649276786423 
768025.0783699054 110579.71429987138 -0.021081101590851668 
771159.8746081499 118582.9484559125 -0.011870504782182545 
774294.6708463944 122000.58318380921 -0.0022008758727791815 
777429.4670846389 120700.45864053137 0.0075538608474438945 
780564.2633228834 114732.85060720693 0.017016489971816408 
783699.0595611279 104328.5263260203 0.02582109188654488 
786833.8557993724 89889.82073715379 0.03362719287233861 
789968.6520376169 71975.0781974795 0.04013293121397968 
793103.4482758614 51277.06131928717 0.04508673018473334 
796238.244514106 28596.161858696243 0.04829702651160601 
799373.0407523505 4809.449587968965 0.04963967812196104 
802507.836990595 -19163.2439690015 0.049062764714129306 
805642.6332288395 -42394.89539698299 0.046588595514078686 
808777.429467084 -63987.137359942804 0.04231284657824587 
811912.2257053285 -83104.9984417799 0.036400861003006414 
815047.021943573 -99009.19146852999 0.02908125511158409 
818181.8181818175 -111084.70172350729 0.020637077866979193 
821316.614420062 -118864.56954985592 0.011394865376180344 
824451.4106583066 -122047.94766792879 0.0017120137476875803 
827586.2068965511 -120511.7349315011 -0.008037041406392999 
830721.0031347956 -114315.33664577897 -0.017475304385400882 
833855.7993730401 -103698.36736585438 -0.026237797813728696 
836990.5956112846 -89071.38500829478 -0.033985676306122675 
840125.3918495291 -71000.0145875574 -0.04041932960961901 
843260.1880877736 -50183.075511879055 -0.04528996852396965 
846394.9843260181 -27425.558255557276 -0.04840924557332607 
849529.7805642626 -3607.495398954242 -0.049656538398065636 
852664.5768025072 20350.069207722212 -0.048983614218194874 
855799.3730407517 43520.697185340774 -0.04641649499365467 
858934.1692789962 65008.38097305398 -0.042054451155829335 
862068.9655172407 83982.19241658738 -0.036066162822634085 
865203.7617554852 99708.41473761573 -0.028683196942891113 
868338.5579937297 111578.91534185671 -0.020191052608645274 
871473.3542319742 119134.66229013901 -0.010918120812951754 
874608.1504702187 122083.47505113936 -0.0012229855790049922 
877742.9467084632 120311.32311468388 0.008519442474396339 
880877.7429467078 113886.73554850116 0.017932423916396933 
884012.5391849523 103058.15098102472 0.026651959007745547 
887147.3354231968 88244.31048630172 0.034340863560924265 
890282.1316614413 70018.06487792417 0.04070180784361305 
893416.9278996858 49084.22258347372 0.04548881431144331 
896551.7241379303 26252.29472157258 0.04851676955302461 
899686.5203761748 2405.191328702127 0.04966858262058538 
902821.3166144193 -21534.9207481755 0.04889971293377484 
905956.1128526638 -44642.2780187857 0.04623989266270733 
909090.9090909084 -66023.31959882067 0.041791976985743676 
912225.7053291529 -84851.24118530826 0.03572796668250948 
915360.5015673974 -100397.96755677398 0.028282356868372167 
918495.2978056419 -112062.30722247637 0.01974306907463531 
921630.0940438864 -119393.20048119241 0.010440317330664882 
924764.8902821309 -122107.16188773024 0.0007338387962532185 
927899.6865203754 -120099.24262748027 -0.009001017264676923 
931034.4827586199 -113447.08888424389 -0.01838780423001549 
934169.2789968645 -102407.93926439568 -0.027063535300219446 
937304.075235109 -87408.67738689808 -0.034692720188090616 
940438.8714733535 -69029.32430523088 -0.0409803385191606 
943573.667711598 -47980.60910884822 -0.04568324826163824 
946708.4639498425 -25076.485048405302 -0.0486195880222411 
949843.260188087 -1202.6539854357175 -0.049675809621383606 
952978.0564263315 22717.68367481202 -0.04881106899822821 
956112.852664576 45759.52911822268 -0.0460588056494199 
959247.6489028205 67031.85480108602 -0.04152544952464986 
962382.445141065 85712.06046124859 -0.03538630538336303 
965517.2413793096 101077.78304813517 -0.027878773764423957 
968652.0376175541 112534.83048248649 -0.019293170713662745 
971786.8338557986 119640.15904809482 -0.00996150127018925 
974921.6300940431 120745.64784046955 -0.00030757245061975103 
978056.4263322876 173687.17617407456 0.0119483233197899 
981191.2225705321 268386.5569892173 0.02596413086656503 
984326.0188087766 299561.4177604684 0.03653981357738514 
987460.8150470211 208252.55452465266 0.04061910996264964 
990595.6112852657 60334.90257201202 0.040902075131661615 
993730.4075235102 -23644.838794634332 0.042638677657906215 
996865.2037617547 3993.3243423477543 0.047846782922660425 
999999.9999999992 69189.1746663613 0.05306621278285493 
