#x u 
0.0 126636.13214267424 0.027490436941277466 
3134.796238244514 264226.2405661053 0.024558604063668797 
6269.592476489028 437592.0309682914 0.022785319096386192 
9404.38871473354 590549.1183977375 0.019971088883708302 
12539.184952978056 720794.1882528961 0.016390284041609318 
15673.98119122257 823163.5526755085 0.012175547556945845 
18808.777429467085 893701.2348375642 0.007489984359348993 
21943.5736677116 929679.5140601993 0.00251478365791751 
25078.369905956115 929707.1114869709 -0.002557663659295189 
28213.16614420063 893782.9599111221 -0.0075312061916168 
31347.962382445145 823296.2453089798 -0.012213517183018609 
34482.75862068966 720972.6870387117 -0.016423531793364424 
37617.55485893417 590769.1343464027 -0.01999844887084135 
40752.35109717868 437720.555111876 -0.02280002646811471 
43887.14733542319 267745.33379179623 -0.024719927655430532 
47021.943573667704 87416.40771232877 -0.025683909909547123 
50156.739811912215 -96292.90839069094 -0.02565469606322887 
53291.53605015673 -276278.5817745759 -0.024633415743109323 
56426.33228840124 -445580.57546416606 -0.022659561640339707 
59561.12852664575 -597651.9722432189 -0.019809463266724586 
62695.92476489026 -726612.0889566328 -0.016193337806940926 
65830.72100313478 -827474.032411646 -0.01195102114539878 
68965.51724137929 -896338.4327442822 -0.0072465196051545964 
72100.3134796238 -930544.2217049334 -0.0022616682972878715 
75235.10971786831 -928763.1549305224 0.0028105162643834664 
78369.90595611282 -891037.7744560958 0.007772685850813482 
81504.70219435733 -818823.5437530829 0.01243279875041077 
84639.49843260185 -715091.8840929146 0.016618848842045897 
87774.29467084636 -584177.3446534062 0.020183778666177057 
90909.09090909087 -430680.1537658891 0.022968544754740562 
94043.88714733538 -258200.03790519288 0.0247583830845175 
97178.68338557989 -71643.80094032458 0.02540326885490956 
100313.4796238244 116122.49778921626 0.025137336185984994 
103448.27586206891 284182.7887929415 0.024596789798347157 
106583.07210031342 419852.08209716436 0.024086089505235077 
109717.86833855794 532841.9139934895 0.02293934958495998 
112852.66457680245 640067.6178846139 0.02022527460497789 
115987.46081504696 740195.6380007007 0.01591988269587886 
119122.25705329147 817969.894440103 0.010711485978155017 
122257.05329153598 864113.2770563633 0.005088876385683127 
125391.84952978049 876841.4224844855 -0.0007305199197854622 
128526.645768025 855662.1336830198 -0.0065216670395993066 
131661.44200626953 801394.4131804164 -0.012060621470356633 
134796.23824451404 716136.7922692749 -0.017133191993160175 
137931.03448275855 603186.1808576889 -0.02154322244229233 
141065.83072100306 466910.37605175166 -0.025120177058868966 
144200.62695924757 312579.15955891146 -0.027725735104049836 
147335.42319749208 146160.51537104696 -0.02925913971829012 
150470.2194357366 -25910.15201602323 -0.029661094186389722 
153605.0156739811 -196978.87452134644 -0.028916054939875646 
156739.81191222562 -360430.4292456065 -0.027052832626376797 
159874.60815047013 -509944.1489627574 -0.02414347800265492 
163009.40438871464 -639738.3421516952 -0.020300495733778068 
166144.20062695915 -744793.8708519142 -0.01567249384074753 
169278.99686520366 -821048.2405934754 -0.010438437032321899 
172413.79310344817 -865552.6969489192 -0.004800726144541415 
175548.58934169268 -876586.2537876852 0.001022628694159017 
178683.3855799372 -853722.2437635064 0.006806438508754375 
181818.1818181817 -797844.8175292147 0.012327043529238378 
184952.97805642622 -711114.7536547706 0.01737096210791563 
188087.77429467073 -596885.9013780656 0.021743146048977417 
191222.57053291524 -459575.4873450737 0.025274523116989016 
194357.36677115975 -304493.3015742342 0.02782853505568766 
197492.16300940426 -137636.36801921178 0.02930641829208014 
200626.95924764877 34542.960186131546 0.029651023121154807 
203761.75548589329 205386.5130499224 0.028849023683437613 
206896.5517241378 368287.7749768266 0.02693143327561964 
210031.3479623823 516947.3585484759 0.023972405067208016 
213166.14420062682 645616.6016655467 0.020086364599455075 
216300.94043887133 749319.868156562 0.015423584952754883 
219435.73667711584 824046.95549485 0.010164375690665172 
222570.53291536035 866908.1692224186 0.004512110293933106 
225705.32915360486 876246.0673569418 -0.0013146382865366433 
228840.12539184937 851699.5536286496 -0.0070905498398161 
231974.9216300939 794217.8410633706 -0.012592270021451685 
235109.7178683384 706023.7459403456 -0.01760704745995838 
238244.5141065829 590527.7315464804 -0.0219409608466344 
241379.31034482742 452196.0256527472 -0.025426417867354025 
244514.10658307193 296377.9116063779 -0.02792863599284846 
247648.90282131644 129098.87168766394 -0.029350854515488384 
250783.69905956095 -43172.41812779904 -0.02963807628324614 
253918.49529780546 -213774.23169514723 -0.028779194438085815 
257053.29153604998 -376109.4014711409 -0.026807421917864803 
260188.0877742945 -523900.4308056651 -0.023799007112919955 
263322.884012539 -651432.2445683898 -0.019870285342863482 
266457.6802507835 -753773.1909503862 -0.015173180172901873 
269592.476489028 -826965.7483069664 -0.009889328533654389 
272727.27272727253 -868179.5624132676 -0.0042230568259302515 
275862.06896551704 -875820.8961860205 0.0016065203756964323 
278996.86520376155 -849594.2594537053 0.007373973477593561 
282131.66144200607 -790513.8355535371 0.012856275223395112 
285266.4576802506 -700864.2628890882 0.017841425152007682 
288401.2539184951 -584112.2880246554 0.02213664764974031 
291536.0501567396 -444772.70668883686 0.02557584657810235 
294670.8463949841 -288233.776745106 0.028026028207012603 
297805.6426332286 -120548.85440512397 0.029392444078765442 
300940.43887147313 51797.68889319759 0.029622254928342553 
304075.23510971764 222141.21695483717 0.02870657397637028 
307210.03134796215 383894.5501301148 0.02668081058063914 
310344.82758620667 530802.691374619 0.023623300957190146 
313479.6238244512 657184.706816721 0.019652278920946946 
316614.4200626957 758153.4073176332 0.014921303787272001 
319749.2163009402 829804.3359439896 0.009613322237370648 
322884.0125391847 869366.7532124718 0.003933593775048242 
326018.8087774292 875310.7815111238 -0.001898246652782644 
329153.60501567373 847406.5654254685 -0.007656681933593468 
332288.40125391824 786733.1602412062 -0.013119033529917057 
335423.19749216276 695636.8049053309 -0.018074072452403903 
338557.99373040727 577640.19302914 -0.022330187479160282 
341692.7899686518 437306.2504210071 -0.025722794756546617 
344827.5862068963 280061.68686806964 -0.02812070225237212 
347962.3824451408 111987.14541468129 -0.029431182948251915 
351097.1786833853 -60417.935940607356 -0.029603560590914603 
354231.9749216298 -230486.6573376846 -0.02863116934155356 
357366.77115987433 -391642.46589320025 -0.02655161154363439 
360501.56739811884 -537653.4708237218 -0.023445303641284214 
363636.36363636336 -662873.4304947591 -0.01943236647755967 
366771.15987460787 -762460.0924329436 -0.014667980224675817 
369905.9561128524 -832562.443098969 -0.009336383570919402 
373040.7523510969 -870469.6264776014 -0.0036437492155268272 
376175.5485893414 -874715.7728068966 0.0021897888240513226 
379310.3448275859 -845136.6837224781 0.007938647788685865 
382445.1410658304 -782876.1818038712 0.013380519456798733 
385579.93730407493 -690341.8789861097 0.018304966797313568 
388714.73354231945 -571112.0742709506 0.022521561563988955 
391849.52978056396 -429797.38100069005 0.025867248150579947 
394984.32601880847 -271862.4345641982 0.028212648946747097 
398119.122257053 -103414.57509337187 0.02946706736676946 
401253.9184952975 69032.3232155412 0.02958199508407555 
404388.714733542 238809.74344195848 0.028552987846927502 
407523.5109717865 399352.39731096575 0.026419837337516253 
410658.307210031 544452.1047143714 0.023265032428681262 
413793.10344827553 668497.8638685539 0.01921056934141581 
416927.89968652005 766692.8286025578 0.014413234054281698 
420062.69592476456 835239.8022705399 0.009058539393834117 
423197.49216300907 871488.0752439565 0.003353551258607199 
426332.2884012536 874035.9277816262 -0.0024811186136145455 
429467.0846394981 842784.834494429 -0.008219843695763965 
432601.8808777426 778943.274319452 -0.013640707643226252 
435736.6771159871 684979.9986719898 -0.018534085792917696 
438871.4733542316 564528.5648946974 -0.022710751343370597 
442006.26959247614 422246.8266928551 -0.02600919275005763 
445141.06583072065 263636.81505683507 -0.028301859372475903 
448275.86206896516 94831.97487164727 -0.029500093853985276 
451410.65830720967 -77640.01523183583 -0.029557560499405784 
454545.4545454542 -247109.6680340099 -0.028472037075104283 
457680.2507836987 -407023.59661798115 -0.026285500742709248 
460815.0470219432 -551197.9336654248 -0.023082504803399403 
463949.8432601877 -674057.4614395002 -0.018986909024020674 
467084.6394984322 -770851.2053048234 -0.014157089983232847 
470219.43573667674 -837836.153788864 -0.008779816653471462 
473354.23197492125 -872422.0007349413 -0.003063028049805779 
476489.02821316576 -873271.3123716491 0.0027722077661823863 
479623.82445141027 -840351.2458408327 0.008500242382395766 
482758.6206896548 -774934.819230033 0.013899572854249722 
485893.4169278993 -679551.6839972696 0.018761407217583362 
489028.2131661438 -557890.3034171825 0.022897738468299192 
492163.0094043883 -414655.3198053826 0.026148614788156166 
495297.8056426328 -255385.62612661044 0.02838832487728006 
498432.60188087734 -86240.17715273176 0.029530259206749312 
501567.39811912185 86240.17715268246 0.029530259206749454 
504702.19435736636 255385.6261265636 0.028388324877280477 
507836.99059561087 414655.3198053398 0.026148614788156884 
510971.7868338554 557890.3034171454 0.02289773846830021 
514106.5830720999 679551.6839972386 0.01876140721758466 
517241.3793103444 774934.8192300097 0.013899572854251242 
520376.1755485889 840351.2458408185 0.008500242382397372 
523510.9717868334 873271.3123716444 0.0027722077661840724 
526645.768025078 872422.0007349467 -0.003063028049804117 
529780.5642633225 837836.1537888783 -0.008779816653469864 
532915.360501567 770851.2053048458 -0.014157089983231414 
536050.1567398115 674057.461439531 -0.01898690902401945 
539184.952978056 551197.9336654634 -0.02308250480339839 
542319.7492163006 407023.59661802615 -0.026285500742708485 
545454.5454545451 247109.6680340579 -0.028472037075103762 
548589.3416927896 77640.01523188472 -0.029557560499405555 
551724.1379310341 -94831.97487159922 -0.02950009385398539 
554858.9341692786 -263636.8150567891 -0.02830185937247637 
557993.7304075231 -422246.82669281284 -0.02600919275005845 
561128.5266457676 -564528.5648946594 -0.0227107513433717 
564263.3228840121 -684979.9986719585 -0.018534085792919014 
567398.1191222566 -778943.2743194294 -0.013640707643227739 
570532.9153605012 -842784.8344944161 -0.00821984369576555 
573667.7115987457 -874035.9277816229 -0.002481118613616141 
576802.5078369902 -871488.0752439618 0.0033535512586055785 
579937.3040752347 -835239.8022705542 0.009058539393832579 
583072.1003134792 -766692.828602582 0.014413234054280227 
586206.8965517237 -668497.8638685865 0.019210569341414515 
589341.6927899682 -544452.1047144111 0.0232650324286802 
592476.4890282127 -399352.39731101075 0.02641983733751549 
595611.2852664572 -238809.74344200655 0.02855298784692708 
598746.0815047018 -69032.3232155909 0.029581995084075503 
601880.8777429463 103414.57509332248 0.029467067366769756 
605015.6739811908 271862.43456414994 0.028212648946747697 
608150.4702194353 429797.3810006451 0.025867248150580828 
611285.2664576798 571112.0742709113 0.02252156156399011 
614420.0626959243 690341.8789860778 0.018304966797314946 
617554.8589341688 782876.1818038474 0.013380519456800275 
620689.6551724133 845136.6837224634 0.007938647788687482 
623824.4514106578 874715.7728068925 0.002189788824053 
626959.2476489024 870469.6264776075 -0.003643749215525134 
630094.0438871469 832562.4430989844 -0.009336383570917789 
633228.8401253914 762460.0924329679 -0.014667980224674375 
636363.6363636359 662873.4304947903 -0.019432366477558437 
639498.4326018804 537653.4708237592 -0.023445303641283225 
642633.2288401249 391642.46589324274 -0.02655161154363364 
645768.0250783694 230486.65733773122 -0.028631169341553114 
648902.8213166139 60417.93594065653 -0.029603560590914478 
652037.6175548584 -111987.14541463194 -0.029431182948252137 
655172.413793103 -280061.68686802185 -0.028120702252372672 
658307.2100313475 -437306.2504209638 -0.025722794756547457 
661442.006269592 -577640.1930291039 -0.02233018747916138 
664576.8025078365 -695636.8049053024 -0.018074072452405197 
667711.598746081 -786733.160241185 -0.013119033529918509 
670846.3949843255 -847406.565425456 -0.007656681933595041 
673981.19122257 -875310.7815111205 -0.0018982466527842977 
677115.9874608145 -869366.753212478 0.003933593775046602 
680250.783699059 -829804.3359440048 0.009613322237369087 
683385.5799373036 -758153.4073176571 0.014921303787270577 
686520.3761755481 -657184.7068167528 0.0196522789209457 
689655.1724137926 -530802.691374658 0.023623300957189126 
692789.9686520371 -383894.5501301592 0.02668081058063841 
695924.7648902816 -222141.21695488563 0.028706573976369873 
699059.5611285261 -51797.6888932478 0.02962225492834248 
702194.3573667706 120548.85440507517 0.02939244407876573 
705329.1536050151 288233.7767450604 0.02802602820701314 
708463.9498432596 444772.7066887955 0.02557584657810314 
711598.7460815042 584112.2880246202 0.022136647649741367 
714733.5423197487 700864.2628890591 0.01784142515200898 
717868.3385579932 790513.8355535155 0.012856275223396624 
721003.1347962377 849594.2594536925 0.007373973477595194 
724137.9310344822 875820.8961860172 0.0016065203756980989 
727272.7272727267 868179.5624132738 -0.004223056825928613 
730407.5235109712 826965.7483069827 -0.009889328533652805 
733542.3197492157 753773.1909504116 -0.015173180172900438 
736677.1159874602 651432.2445684229 -0.019870285342862223 
739811.9122257048 523900.4308057049 -0.023799007112918928 
742946.7084639493 376109.4014711858 -0.026807421917864088 
746081.5047021938 213774.23169519455 -0.028779194438085427 
749216.3009404383 43172.41812784705 -0.02963807628324605 
752351.0971786828 -129098.87168761648 -0.029350854515488606 
755485.8934169273 -296377.9116063317 -0.027928635992849 
758620.6896551718 -452196.0256527047 -0.02542641786735488 
761755.4858934163 -590527.7315464428 -0.02194096084663553 
764890.2821316608 -706023.7459403153 -0.01760704745995975 
768025.0783699054 -794217.8410633495 -0.012592270021453187 
771159.8746081499 -851699.553628638 -0.007090549839817718 
774294.6708463944 -876246.06735694 -0.0013146382865383043 
777429.4670846389 -866908.1692224267 0.0045121102939314475 
780564.2633228834 -824046.9554948676 0.010164375690663585 
783699.0595611279 -749319.8681565886 0.015423584952753415 
786833.8557993724 -645616.601665581 0.02008636459945385 
789968.6520376169 -516947.3585485158 0.023972405067207034 
793103.4482758614 -368287.77497687074 0.026931433275618918 
796238.244514106 -205386.5130499696 0.028849023683437166 
799373.0407523505 -34542.960186180826 0.029651023121154696 
802507.836990595 137636.3680191618 0.02930641829208038 
805642.6332288395 304493.3015741863 0.027828535055688244 
808777.429467084 459575.48734503065 0.02527452311698992 
811912.2257053285 596885.901378029 0.02174314604897856 
815047.021943573 711114.7536547426 0.017370962107916978 
818181.8181818175 797844.8175291956 0.012327043529239912 
821316.614420062 853722.2437634963 0.006806438508756021 
824451.4106583066 876586.2537876841 0.0010226286941607046 
827586.2068965511 865552.6969489278 -0.004800726144539734 
830721.0031347956 821048.2405934935 -0.010438437032320278 
833855.7993730401 744793.8708519408 -0.015672493840746083 
836990.5956112846 639738.3421517289 -0.020300495733776805 
840125.3918495291 509944.1489627973 -0.024143478002653925 
843260.1880877736 360430.4292456522 -0.027052832626376082 
846394.9843260181 196978.87452139554 -0.02891605493987526 
849529.7805642626 25910.152016072534 -0.029661094186389673 
852664.5768025072 -146160.51537099906 -0.029259139718290382 
855799.3730407517 -312579.15955886676 -0.02772573510405038 
858934.1692789962 -466910.376051711 -0.025120177058869805 
862068.9655172407 -603186.1808576535 -0.021543222442293432 
865203.7617554852 -716136.7922692461 -0.017133191993161514 
868338.5579937297 -801394.4131803954 -0.012060621470358149 
871473.3542319742 -855662.1336830086 -0.006521667039600944 
874608.1504702187 -876841.4224844849 -0.0007305199197871447 
877742.9467084632 -864113.2770563728 0.005088876385681438 
880877.7429467078 -817969.8944401222 0.010711485978153384 
884012.5391849523 -740195.6380007291 0.015919882695877366 
887147.3354231968 -633958.7946495751 0.02050528917339841 
890282.1316614413 -497066.368537346 0.024579219251419475 
893416.9278996858 -316341.5666678257 0.02883077619688035 
896551.7241379303 -90213.09769949486 0.03348791943958437 
899686.5203761748 139559.95421429252 0.036857238480706794 
902821.3166144193 308387.26011264254 0.036255050776869815 
905956.1128526638 396725.46290673164 0.031108073623041257 
909090.9090909084 458818.702868724 0.024258351871408016 
912225.7053291529 565483.3465327268 0.019326888293941774 
915360.5015673974 722392.836576441 0.016953507904861935 
918495.2978056419 857341.0293504639 0.014198352719026468 
921630.0940438864 892294.5790416944 0.007830294915619752 
924764.8902821309 823302.4611851891 -0.002023562167449075 
927899.6865203754 723473.850879486 -0.011753303312474546 
931034.4827586199 666031.8187716419 -0.01780325117760461 
934169.2789968645 648544.7290664006 -0.020152733607228992 
937304.075235109 597961.0359102234 -0.022090409584851273 
940438.8714733535 450987.68998367066 -0.02653222051790948 
943573.667711598 225122.9261373185 -0.032764839065476066 
946708.4639498425 5506.365358142371 -0.037044998531286746 
949843.260188087 -138736.30502900053 -0.03642790085730038 
952978.0564263315 -220893.75093253513 -0.0318022078562469 
956112.852664576 -316267.46337952756 -0.02694407175857314 
959247.6489028205 -476721.1309948828 -0.024587724197097247 
962382.445141065 -670294.2361751363 -0.02364369873491217 
965517.2413793096 -809568.9297258558 -0.020484582130753288 
968652.0376175541 -839113.7612158544 -0.012938556150385087 
971786.8338557986 -790215.1775018772 -0.002783894511815018 
974921.6300940431 -745520.9985412937 0.005885009003030016 
978056.4263322876 -750918.4296999957 0.010708785344044921 
981191.2225705321 -767364.5692635928 0.013280969874090286 
984326.0188087766 -713276.494638605 0.017212520576029282 
987460.8150470211 -552807.4982038763 0.02409040533158763 
990595.6112852657 -337086.61945987283 0.03158962530114599 
993730.4075235102 -154886.60214779078 0.035726864860800754 
996865.2037617547 -47344.993308979894 0.035023175943001396 
999999.9999999992 126636.13214259771 0.027490436941273958 
