#x u 
0.0 207714.9050123309 -0.0015797646058792018 
3134.796238244514 306190.0357408385 -0.006361743092151498 
6269.592476489028 505060.18593038945 -0.005753098501042565 
9404.38871473354 681560.195975462 -0.005052136885139014 
12539.184952978056 831768.956363312 -0.0041528451845848705 
15673.98119122257 949811.9068506329 -0.0030930238864167597 
18808.777429467085 1031125.6820826416 -0.001913594262333855 
21943.5736677116 1072565.8544243497 -0.0006601660220742774 
25078.369905956115 1072529.9340249586 0.0006187908209042086 
28213.16614420063 1031019.3099166034 0.0018738190394734311 
31347.962382445145 949639.1968174338 0.00305638672617229 
34482.75862068966 831536.5615127214 0.0041207640203550075 
37617.55485893417 681278.4297339707 0.005025791480676142 
40752.35109717868 504675.2793966897 0.005736471719580912 
43887.14733542319 308556.3495756381 0.006225322751340743 
47021.943573667704 100505.55401344335 0.006473440719702468 
50156.739811912215 -111431.78861990024 0.006471230909501299 
53291.53605015673 -319060.06698366447 0.0062187787740382895 
56426.33228840124 -514350.3011365576 0.0057258466306035 
59561.12852664575 -689750.6229751578 0.005011496151928804 
62695.92476489026 -838478.3067704039 0.004103351251816017 
65830.72100313478 -954782.0569891575 0.003036529869132853 
68965.51724137929 -1034164.4107378173 0.001852285958061326 
72100.3134796238 -1073555.654531479 0.0005964141987986445 
75235.10971786831 -1071432.5300318561 -0.0006825208814942114 
78369.90595611282 -1027877.1384062587 -0.0019350628976524177 
81504.70219435733 -944573.7654776628 -0.003112776083591378 
84639.49843260185 -824743.7504372254 -0.004170118302079078 
87774.29467084636 -673020.9167443834 -0.005066202157958031 
90909.09090909087 -495272.38229827676 -0.005766376112616734 
94043.88714733538 -298371.6781463561 -0.006243564458055916 
97178.68338557989 -89932.94922360106 -0.006479314333788802 
100313.4796238244 121983.48442737135 -0.006464509298460043 
103448.27586206891 329182.8200156204 -0.006199721862387734 
106583.07210031342 523652.6648054501 -0.005695191348604713 
109717.86833855794 697872.8751280461 -0.004970427938512354 
112852.66457680245 845106.3601349404 -0.0040534582136903955 
115987.46081504696 959659.6049199612 -0.002979741368740781 
119122.25705329147 1037102.838587559 -0.0017907980051859065 
122257.05329153598 1074441.3333742223 -0.0005326045309242681 
125391.84952978049 1070231.2106905675 0.0007461847462266955 
128526.645768025 1024635.275867562 0.001996119079305662 
131661.44200626953 939416.7224787578 0.003168863541262666 
134796.23824451404 817870.9496922097 0.0042190681352884144 
137931.03448275855 664698.1292732598 0.0051061214779714635 
141065.83072100306 485821.4500687581 0.005795721240402767 
144200.62695924757 288158.068453626 0.006261200618312118 
147335.42319749208 79351.62207983741 0.0064845595366723255 
150470.2194357366 -132523.34938604696 0.006457160712116395 
153605.0156739811 -339273.6464946686 0.006180063656453207 
156739.81191222562 -532904.2408162634 0.005663983705374189 
159874.60815047013 -705927.4424750571 0.0049288776567104516 
163009.40438871464 -851652.448915424 0.004003172041597083 
166144.20062695915 -964444.0780567981 0.0029226638712787373 
169278.99686520366 -1039940.6806331995 0.00172913636764721 
172413.79310344817 -1075222.80505307 0.00046874320717448675 
175548.58934169268 -1068926.0925138146 -0.0008097762405153491 
178683.3855799372 -1021294.0367200102 -0.0020569816627590038 
181818.1818181817 -934168.5679883983 -0.0032246436594151155 
184952.97805642622 -810918.8258520635 -0.004267608772470942 
188087.77429467073 -656310.874525286 -0.005145545569049457 
191222.57053291524 -476323.39932853077 -0.0058245042568343345 
194357.36677115975 -277916.5110878717 -0.006278229521625815 
197492.16300940426 -68762.59883649899 -0.006489175819634901 
200626.95924764877 143050.36126288472 -0.006449185863189837 
203761.75548589329 349331.5677387947 -0.00615980606283105 
206896.5517241378 542104.1318836202 -0.005632226727657095 
210031.3479623823 713913.5438254514 -0.004886849336372772 
213166.14420062682 858115.938224379 -0.003952497612656192 
216300.94043887133 969135.0123665354 -0.0028653029125391295 
219435.73667711584 1042677.6616401 -0.0016673070258409347 
222570.53291536035 1075899.9937751933 -0.00040483642128665996 
225705.32915360486 1067517.302081485 0.0008732891967929105 
228840.12539184937 1017853.7450213644 0.0021176447451148675 
231974.9216300939 928829.8110109147 0.0032801110280858145 
235109.7178683384 803888.0531845047 0.004315735505801434 
238244.5141065829 647859.9659576514 0.0051844706075559665 
241379.31034482742 466779.15126789024 0.00585272237032447 
244514.10658307193 267647.9993500892 0.006294649516409723 
247648.90282131644 58166.906494359086 0.006493162734955798 
250783.69905956095 -153563.49907142489 0.006440585525139465 
253918.49529780546 -359355.6082573727 0.006138951046250538 
257053.29153604998 -551251.4457349252 0.005599923495476861 
260188.0877742945 -721830.4046288206 0.0048443470537126295 
263322.884012539 -864496.2011854271 0.003901439841643703 
266457.6802507835 -973731.9529296524 0.0028076640539028306 
269592.476489028 -1045313.5155165907 0.001605316005730929 
272727.27272727253 -1076472.8019105643 0.0003408918359834831 
275862.06896551704 -1066004.4955215903 -0.0009366954297712531 
278996.86520376155 -1014310.3853115238 -0.0021779030888359786 
282131.66144200607 -923372.9461905368 -0.0033339757502793364 
285266.4576802506 -796640.3857969099 -0.0043570755336411375 
288401.2539184951 -638792.081410516 -0.005197492218438387 
291536.0501567396 -455359.8672870134 -0.005796500609954838 
294670.8463949841 -252255.35383895753 -0.0060767702445441735 
297805.6426332286 -35423.78986348377 -0.005939968175551169 
300940.43887147313 188983.68442600223 -0.005288995406063082 
304075.23510971764 413620.7367915941 -0.004087992159695282 
307210.03134796215 628446.7660536941 -0.00244546054940316 
310344.82758620667 819950.4621996258 -0.0006634564469015893 
313479.6238244512 972712.8206963912 0.0008217866455285227 
316614.4200626957 1073806.1849103658 0.0016310379773818583 
319749.2163009402 1118063.3523343578 0.001675343407091486 
322884.0125391847 1110367.1351697987 0.0012552544159739553 
326018.8087774292 1062194.0318592144 0.0008994305494488489 
329153.60501567373 983895.7217650281 0.0010107400254980798 
332288.40125391824 878372.4796880222 0.001579033340317497 
335423.19749216276 741574.2471817887 0.0022096445828831664 
338557.99373040727 569792.2698773049 0.0024657063268444315 
341692.7899686518 367454.4348330476 0.0022357898942414606 
344827.5862068963 148255.39906872192 0.0017978654451623072 
347962.3824451408 -71556.07714044867 0.0015251338762077033 
351097.1786833853 -281459.6729138182 0.001520743864332267 
354231.9749216298 -478734.84505306033 0.0015375054004152598 
357366.77115987433 -662748.3655207067 0.0012541171962889572 
360501.56739811884 -827714.2037866464 0.0006205843537646621 
363636.36363636336 -961651.6708689688 -8.183603386372265e-05 
366771.15987460787 -1052799.4887539048 -0.0005242811514280035 
369905.9561128524 -1096980.8026994662 -0.0006597476187763277 
373040.7523510969 -1098418.0177481212 -0.0007548557060470283 
376175.5485893414 -1063315.3195752213 -0.0010928608783437013 
379310.3448275859 -993038.5565548999 -0.0016610788041696535 
382445.1410658304 -884063.1873477161 -0.0021514109198089307 
385579.93730407493 -734679.7187857119 -0.0022733732166792947 
388714.73354231945 -551286.5532725962 -0.002050748916637927 
391849.52978056396 -347483.5470358212 -0.0017904609940893063 
394984.32601880847 -136700.20604163906 -0.0017569030724702908 
398119.122257053 74155.5590136866 -0.0018943930840854533 
401253.9184952975 283652.9912628175 -0.0018894458884793196 
404388.714733542 488822.63329273276 -0.0015070226270709752 
407523.5109717865 679877.6507635033 -0.0008468456863913532 
410658.307210031 842544.9573077151 -0.00025003656165970434 
413793.10344827553 965858.224824017 4.598950777443857e-05 
416927.89968652005 1047495.8752243819 0.00014194748965725866 
420062.69592476456 1091293.6763728955 0.0003546558682944043 
423197.49216300907 1099742.4705737664 0.0008676972788796411 
426332.2884012536 1069494.9978066324 0.0015227774911751885 
429467.0846394981 994675.545929184 0.001971620319301189 
432601.8808777426 874516.1318571046 0.0020290456803346534 
435736.6771159871 717232.6082375483 0.0018564411370133975 
438871.4733542316 535949.8794325466 0.0017833051673371205 
442006.26959247614 340788.5362190738 0.001955039259190095 
445141.06583072065 135206.52983951912 0.002177575083461808 
448275.86206896516 -79831.2383027984 0.002122132992529991 
451410.65830720967 -298545.56860270747 0.001674598470872148 
454545.4545454542 -507903.3258905799 0.0010620062539525577 
457680.2507836987 -692936.1194423717 0.0006230665026737232 
460815.0470219432 -844545.2026357744 0.00046384016102306823 
463949.8432601877 -961892.9797368929 0.00036014427385760734 
467084.6394984322 -1047148.1119695649 8.578201303663813e-06 
470219.43573667674 -1098350.5467492782 -0.00063853709508533 
473354.23197492125 -1108085.805091892 -0.001307073375313484 
476489.02821316576 -1069489.1692934711 -0.0016737714774371173 
479623.82445141027 -983332.3988026369 -0.0016914126725263252 
482758.6206896548 -858747.5837433272 -0.0016251923887233783 
485893.4169278993 -706772.0424161789 -0.0017627649169420535 
489028.2131661438 -533383.0751693281 -0.0021034129088603956 
492163.0094043883 -339165.4988191161 -0.0023534306762545126 
495297.8056426328 -125726.8819556522 -0.0022325781964903472 
498432.60188087734 98159.6574220988 -0.0017693393498351175 
501567.39811912185 317445.20085136173 -0.00127458711441078 
504702.19435736636 518109.56549342006 -0.0010214136542536136 
507836.99059561087 693527.0263720492 -0.0009676310040656324 
510971.7868338554 843525.8879427456 -0.0008122539645901089 
514106.5830720999 967441.049964907 -0.0003258981151474209 
517241.3793103444 1058742.406134853 0.00039294898368312904 
520376.1755485889 1107119.4452805007 0.0010057147822564877 
523510.9717868334 1106010.541598992 0.001273684048476385 
526645.768025078 1057786.3634942228 0.0012931948876625183 
529780.5642633225 971206.3526866956 0.0013795262490329755 
532915.360501567 853829.1428297202 0.0017223434346193174 
536050.1567398115 707295.9045636061 0.0021755610160215768 
539184.952978056 530317.9978734936 0.002402848192118395 
542319.7492163006 326040.86434817535 0.0022258946004441536 
545454.5454545451 105807.82678079946 0.001809405023159974 
548589.3416927896 -114903.79330088878 0.0014885576593392721 
551724.1379310341 -324401.008979691 0.0014205186231390256 
554858.9341692786 -518544.51177204546 0.0014263125129951888 
557993.7304075231 -696738.9775728877 0.0011888757498090107 
561128.5266457676 -854687.8645198923 0.0005984762486609171 
564263.3228840121 -981835.456161461 -0.00011817651067440836 
567398.1191222566 -1066455.5352813406 -0.0006212411037850134 
570532.9153605012 -1103264.612868424 -0.0007990736963432794 
573667.7115987457 -1095737.155717119 -0.0008693048645329684 
576802.5078369902 -1050817.753594733 -0.0011342002345808024 
579937.3040752347 -971657.1194802618 -0.0016483162231697287 
583072.1003134792 -856007.7952228744 -0.0021484379003705017 
586206.8965517237 -701896.1656682692 -0.0023197660426920712 
589341.6927899682 -514475.43277454184 -0.002118716943901009 
592476.4890282127 -306670.0244889464 -0.0018132803752852096 
595611.2852664572 -92703.73279885246 -0.0016989098014483194 
598746.0815047018 118955.52337280764 -0.0017889126741466675 
601880.8777429463 326122.77421045036 -0.0018047854550313318 
605015.6739811908 526669.0683116236 -0.001476287424167477 
608150.4702194353 712420.5001632896 -0.0008353246944277533 
611285.2664576798 869918.9523018666 -0.00019433350906923694 
614420.0626959243 987542.9652580511 0.0001683718756630235 
617554.8589341688 1061770.4975887516 0.0002858659507812152 
620689.6551724133 1096231.124240767 0.00045163225121743486 
623824.4514106578 1094729.5316970819 0.0008947305144979435 
626959.2476489024 1055701.1128584933 0.0015233551024447824 
630094.0438871469 973985.3865223438 0.002006981241744487 
633228.8401253914 848038.48358733 0.0021112880983048306 
636363.6363636359 684925.9134824148 0.0019342897705050535 
639498.4326018804 497723.463730861 0.0017956728429544024 
642633.2288401249 297896.0696637444 0.0018953101573181592 
645768.0250783694 90452.72398145034 0.0020993642222511214 
648902.8213166139 -123320.8324420044 0.0020793921707948065 
652037.6175548584 -338801.9431709191 0.0016609520101783844 
655172.413793103 -544476.7845864794 0.0010188093429961513 
658307.2100313475 -725963.7317423539 0.0005137542141947912 
661442.006269592 -873553.260471486 0.0003356374741908929 
664576.8025078365 -985374.5449869845 0.00031547152381469594 
667711.598746081 -1062949.7168329875 9.505479786116539e-05 
670846.3949843255 -1104164.4447814815 -0.0005194328111364466 
673981.19122257 -1101704.8109606514 -0.001370224290589711 
677115.9874608145 -1049340.6268831512 -0.0020959528073388437 
680250.783699059 -949878.3826290601 -0.002442351160186624 
683385.5799373036 -816246.8714688617 -0.002417178822274926 
686520.3761755481 -663776.6107474394 -0.002160580884749818 
689655.1724137926 -500653.5056129879 -0.001713957136331829 
692789.9686520371 -325555.5298733156 -0.0009690767050606246 
695924.7648902816 -134447.08089020295 0.00013682711754430324 
699059.5611285261 70430.53552144745 0.0014065225132715454 
702194.3573667706 278120.659757182 0.0024207797345675228 
705329.1536050151 474849.2838250229 0.0028393426265754373 
708463.9498432596 651681.1091896027 0.002680764224508415 
711598.7460815042 806132.9443294383 0.0022906638803218936 
714733.5423197487 936786.2540031278 0.002012607778739537 
717868.3385579932 1037434.8230252801 0.001880853090603154 
721003.1347962377 1097605.6933423572 0.001637427263973929 
724137.9310344822 1109280.970482746 0.0010465655275036085 
727272.7272727267 1072875.5786027836 0.00017595265736316222 
730407.5235109712 996173.4624520707 -0.000647156167355928 
733542.3197492157 887275.079160575 -0.001155322620905246 
736677.1159874602 748875.5772843764 -0.0013983466894896641 
739811.9122257048 579756.2647175118 -0.0016680085081176793 
742946.7084639493 381741.94737273396 -0.002170006522267242 
746081.5047021938 164585.5440478135 -0.0027888658789473053 
749216.3009404383 -56616.80214619826 -0.0031936016286672596 
752351.0971786828 -269054.43451546214 -0.0031734420876116786 
755485.8934169273 -467170.6465683285 -0.0028510150087027574 
758620.6896551718 -650078.3966513772 -0.002549298299288922 
761755.4858934163 -814470.7459433198 -0.002452588750169518 
764890.2821316608 -950791.8497313648 -0.0024180005357685138 
768025.0783699054 -1046973.9073377644 -0.0021353457418215524 
771159.8746081499 -1096050.6244684183 -0.0014667224247486806 
774294.6708463944 -1099837.3641374323 -0.0006081889667917809 
777429.4670846389 -1064952.8216727416 9.69570590206117e-05 
780564.2633228834 -995449.3895879526 0.0004975295895098828 
783699.0595611279 -889817.4047234026 0.0007704358898096191 
786833.8557993724 -745460.6081673842 0.001211366590389523 
789968.6520376169 -565821.4505741686 0.0019013555244845482 
793103.4482758614 -362494.2407713034 0.0026006823300726845 
796238.244514106 -149886.42172632954 0.00298230598321117 
799373.0407523505 62219.82980937152 0.002959933004901206 
802507.836990595 270682.99616743164 0.0027663961192548846 
805642.6332288395 473799.33746039285 0.002700593891209111 
808777.429467084 664684.774994945 0.0028095529559761124 
811912.2257053285 830524.6996148267 0.002840020090385381 
815047.021943573 958785.2482444093 0.002510251849284423 
818181.8181818175 1044132.7586007435 0.0018158648299089297 
821316.614420062 1089029.024864737 0.0010478361953684763 
824451.4106583066 1097574.5893649864 0.0005034057215447665 
827586.2068965511 1069214.5380484161 0.00019333790773563841 
830721.0031347956 999000.0998463238 -0.0001474867754418423 
833855.7993730401 884139.0888685135 -0.0007583342562450506 
836990.5956112846 729892.9239334831 -0.0015780077580269296 
840125.3918495291 548507.0699715475 -0.002286914316822288 
843260.1880877736 352131.3143385755 -0.0026222362492929006 
846394.9843260181 146952.12288491256 -0.0026355177345126837 
849529.7805642626 -65562.61535207549 -0.0026226495544674645 
852664.5768025072 -281919.31679158943 -0.0028006830424956095 
855799.3730407517 -491768.70674763 -0.0030718481234886987 
858934.1692789962 -680394.9682080433 -0.0031230864597892507 
862068.9655172407 -836226.9851159115 -0.0027563712955796724 
865203.7617554852 -955780.163569403 -0.0021023766862768136 
868338.5579937297 -1041114.8925421375 -0.0014927493592522454 
871473.3542319742 -1092728.2262149833 -0.001125106952350723 
874608.1504702187 -1105545.2643984898 -0.0008725311877147829 
877742.9467084632 -1072356.8456963173 -0.00043705635494145547 
880877.7429467078 -991158.1743537385 0.0003152009461108076 
884012.5391849523 -868680.5628552509 0.0011905310747172089 
887147.3354231968 -716351.0966341605 0.001848390334522912 
890282.1316614413 -542815.077132953 0.0021370689909699803 
893416.9278996858 -350708.6296005204 0.002232170029442338 
896551.7241379303 -140844.65360725255 0.0024332714908015148 
899686.5203761748 80862.19584565128 0.0028334755068242703 
902821.3166144193 301313.79441594856 0.0032099030263304205 
905956.1128526638 505496.14512477524 0.003250550201796801 
909090.9090909084 683882.7853050337 0.0028790959473005053 
912225.7053291529 834514.0663164863 0.0023362766567637727 
915360.5015673974 957876.924014376 0.0019324036906666064 
918495.2978056419 1050250.0171416875 0.0017311830331564596 
921630.0940438864 1102748.4454569437 0.0014968675943942671 
924764.8902821309 1107256.638971441 0.0009595748246340164 
927899.6865203754 1063139.8236692483 0.0001189761929156351 
931034.4827586199 977748.7031139284 -0.0007336818158658462 
934169.2789968645 860197.206029528 -0.0012990246561056587 
937304.075235109 714900.4448176767 -0.001561176980481081 
940438.8714733535 541545.3791068783 -0.001781895275958803 
943573.667711598 341342.36189085885 -0.0022044439633838 
946708.4639498425 122752.63454071817 -0.002779507615704717 
949843.260188087 -99599.40011304045 -0.003201958993477926 
952978.0564263315 -311983.069239928 -0.003220207774998136 
956112.852664576 -507486.83657836 -0.0028931984957941397 
959247.6489028205 -684913.1472931792 -0.002525222366202593 
962382.445141065 -842132.8319355075 -0.002347408606798578 
965517.2413793096 -971194.3390602448 -0.0022808309844229322 
968652.0376175541 -1060603.5171198098 -0.002029965434304542 
971786.8338557986 -1102607.6867511603 -0.0014076293953498749 
974921.6300940431 -1098009.1048873267 -0.0005491164434284453 
978056.4263322876 -1053578.4713950849 0.00021017244736340913 
981191.2225705321 -974859.7229207827 0.0006655093810875147 
984326.0188087766 -861935.8311307963 0.0009350157238100882 
987460.8150470211 -712542.9773995463 0.0013121979010893717 
990595.6112852657 -529132.1756767536 0.0019350525898337648 
993730.4075235102 -322205.29881243163 0.0026175397981843766 
996865.2037617547 -109028.17403883647 0.0031513637335475984 
999999.9999999992 207714.9050043722 -0.0015797646062440107 
