#x u 
0.0 -256565.45908004395 -0.00800860181277738 
3134.796238244514 -308162.64784964116 -0.0006888093178313258 
6269.592476489028 -510818.720755795 -0.0008128081394616123 
9404.38871473354 -689351.3386171011 -0.000705059838192283 
12539.184952978056 -841298.4038997997 -0.0005733309426969747 
15673.98119122257 -960711.8613328274 -0.00041940288098865717 
18808.777429467085 -1042974.625374293 -0.0002492569086187551 
21943.5736677116 -1084905.5880179028 -6.947214713590795e-05 
25078.369905956115 -1084883.2807742625 0.00011299909909031236 
28213.16614420063 -1042908.5662345568 0.0002911006732191435 
31347.962382445145 -960604.6054819205 0.0004579453921422236 
34482.75862068966 -841154.0904655417 0.0006070813750651185 
37617.55485893417 -689176.169389129 0.0007327415375383796 
40752.35109717868 -510547.8243740881 0.0008300666044581077 
43887.14733542319 -312176.60871891107 0.0008952930181035986 
47021.943573667704 -101733.53199886771 0.0009258984748130566 
50156.739811912215 112643.57766800123 0.0009206994623984898 
53291.53605015673 322664.7632153849 0.0008798970265302269 
56426.33228840124 520208.51104554575 0.0008050689963060523 
59561.12852664575 697635.8097417576 0.0006991089696426903 
62695.92476489026 848085.5504343645 0.0005661144179227324 
65830.72100313478 965739.8456962814 0.0004112282368864033 
68965.51724137929 1046049.007093695 0.00024043987097619162 
72100.3134796238 1085907.4815161326 6.035370165047803e-05 
75235.10971786831 1083773.9428272394 -0.00012206634366386049 
78369.90595611282 1039730.8948849196 -0.00029976608553583485 
81504.70219435733 955481.4811476233 -0.00046587387875468133 
84639.49843260185 834283.6244967056 -0.0006139663539796491 
87774.29467084636 680824.0436938816 -0.0007383168206123863 
90909.09090909087 501037.014492301 -0.0008341165527327686 
94043.88714733538 301874.88224895875 -0.0008976603251041222 
97178.68338557989 91039.23727863799 -0.0009264907191545678 
100313.4796238244 -123316.77816613167 -0.0009194989850699505 
103448.27586206891 -332903.74631909945 -0.0008769681631601075 
106583.07210031342 -529617.6045270622 -0.0008005126768277169 
109717.86833855794 -705854.8042046832 -0.0006929345376883193 
112852.66457680245 -854801.2057292219 -0.0005583503284562917 
115987.46081504696 -970675.4914794588 -0.00040295287442264956 
119122.25705329147 -1048953.952199037 -0.00023471570906917223 
122257.05329153598 -1086662.4959882207 -5.771818157037148e-05 
125391.84952978049 -1082659.8534536713 0.00013572206400578398 
128526.645768025 -1037374.4318796409 0.0003506670558660525 
131661.44200626953 -951635.1658436977 0.0005365309669450053 
134796.23824451404 -826193.9373197102 0.0005686144135180135 
137931.03448275855 -664902.2051638161 0.0003998687940669895 
141065.83072100306 -479921.96700302424 0.00030840118199893917 
144200.62695924757 -289932.401444169 0.0008260741603897245 
147335.42319749208 -107307.12090244865 0.002163282792347036 
150470.2194357366 71517.3438994081 0.003781264644794677 
153605.0156739811 256633.215625284 0.004837873691733828 
156739.81191222562 447196.41578341543 0.005002815565890682 
159874.60815047013 629667.5613845787 0.004552544913006197 
163009.40438871464 789934.510762062 0.0038279041062001485 
166144.20062695915 919654.7138493734 0.0029552383505380064 
169278.99686520366 1013811.8938812467 0.0019682936073256102 
172413.79310344817 1068764.9952376958 0.0009052350032445037 
175548.58934169268 1082388.9829669313 -0.00019282901407062367 
178683.3855799372 1054157.0178298075 -0.0012834363385967654 
181818.1818181817 985160.8291590309 -0.002324413214420413 
184952.97805642622 878068.4977152231 -0.003275505093744898 
188087.77429467073 737021.2810756499 -0.004099933279171189 
191222.57053291524 567473.471315065 -0.004765817154937343 
194357.36677115975 375981.4776778429 -0.005247407009472814 
197492.16300940426 169950.29040879774 -0.005526079776052489 
200626.95924764877 -42652.870020466355 -0.005591059186286117 
203761.75548589329 -253606.64511295603 -0.005439832488127261 
206896.5517241378 -454753.45805830084 -0.0050782476139272625 
210031.3479623823 -638314.9670086547 -0.00452028704104853 
213166.14420062682 -797192.8533487971 -0.003787527089840999 
216300.94043887133 -925243.3134861127 -0.002908303567914324 
219435.73667711584 -1017514.6395703126 -0.0019166160252194345 
222570.53291536035 -1070438.7019028566 -0.0008508129923662856 
225705.32915360486 -1081968.9284164517 0.0002478909560236898 
228840.12539184937 -1051659.4455618595 0.0013370089678099231 
231974.9216300939 -980682.3202260566 0.0023744248787625276 
235109.7178683384 -871782.235937236 0.003320021843500628 
238244.5141065829 -729170.3560265703 0.004137233652824512 
241379.31034482742 -558361.4780554315 0.004794458748042116 
244514.10658307193 -365960.7767419877 0.0052662822523938495 
247648.90282131644 -159408.38203245876 0.00553445876365357 
250783.69905956095 53308.33052384269 0.005588617903342001 
253918.49529780546 263963.61137222487 0.005426665338983698 
257053.29153604998 464411.42646671063 0.005054863771887557 
260188.0877742945 646900.4641875512 0.0044875907586556605 
263322.884012539 804373.8783531327 0.003746782731455933 
266457.6802507835 930742.1762720649 0.0028610867167801566 
269592.476489028 1021118.6992618107 0.0018647525556999048 
272727.27272727253 1072008.5896085422 0.0007963084634331054 
275862.06896551704 1081443.9366209581 -0.0003029288557022644 
278996.86520376155 1049059.8756838022 -0.0013904519241332769 
282131.66144200607 976108.6975627192 -0.0024242062540466873 
285266.4576802506 865411.4223540266 -0.003364216593301937 
288401.2539184951 721248.7107134424 -0.004174132767356565 
291536.0501567396 549195.3308236352 -0.004822635339538146 
294670.8463949841 355904.5822585036 -0.005284646732818343 
297805.6426332286 148851.01306755602 -0.0055423009790423056 
300940.43887147313 -63958.62079617471 -0.0055856345954367805 
304075.23510971764 -274294.97651353705 -0.005412971872221043 
307210.03134796215 -474024.3528647946 -0.005030989672258977 
310344.82758620667 -655423.2202370804 -0.004454459236951793 
313479.6238244512 -811476.8893068455 -0.0037056749827302053 
316614.4200626957 -936150.7688873769 -0.00281359237657038 
319749.2163009402 -1024623.7234077223 -0.001812708228864873 
322884.0125391847 -1073474.5060955805 -0.0007417267026920912 
326018.8087774292 -1080814.0584979868 0.0003579373751290689 
329153.60501567373 -1046358.5603208995 0.0014437600242787683 
332288.40125391824 -971440.4047523318 0.002473752512111709 
335423.19749216276 -858956.6748536035 0.0034080850568194033 
338557.99373040727 -713257.11343526 0.0042106270440218025 
341692.7899686518 -539975.9186195506 0.004850344196653844 
344827.5862068963 -345813.86955054157 0.005302498669624929 
347962.3824451408 -138279.20744479823 0.005549605661623529 
351097.1786833853 74602.70789456705 0.0055821095519136485 
354231.9749216298 284599.73852568393 0.005398753415931788 
357366.77115987433 483591.3049207766 0.005006627630525987 
360501.56739811884 663882.4085581438 0.004420895689273788 
363636.36363636336 818501.1973080783 0.003664207830593305 
366771.15987460787 941468.5667672527 0.0027658251536327562 
369905.9561128524 1028029.3720652201 0.0017604880923530889 
373040.7523510969 1074836.30918869 0.0006870730038808976 
376175.5485893414 1080079.3551377165 -0.0004129111791762681 
379310.3448275859 1043555.7614664345 -0.0014969280980377262 
382445.1410658304 966677.8945600085 -0.002523058847599815 
385579.93730407493 852418.6194644973 -0.003451622979369195 
388714.73354231945 705196.3392754619 -0.004246712943338992 
391849.52978056396 530704.1356090696 -0.004877582631982132 
394984.32601880847 335689.6172890788 -0.005319836331402591 
398119.122257053 127693.99049506745 -0.005556372102935851 
401253.9184952975 -85239.55947775189 -0.005578043114657042 
404388.714733542 -294876.8979776216 -0.005384011349125589 
407523.5109717865 -493111.3547618084 -0.004981780009497214 
410658.307210031 -672277.2087169066 -0.004386903370859453 
413793.10344827553 -825446.1210881657 -0.00362238529683246 
416927.89968652005 -946695.0541528352 -0.002717789680781354 
420062.69592476456 -1031335.3149296347 -0.0017080972108546632 
423197.49216300907 -1076093.8668102662 -0.0006323526677141779 
426332.2884012536 -1079239.8977970432 0.00046784493608310494 
429467.0846394981 -1040651.7509563024 0.0015499509887822154 
432601.8808777426 -961821.6288887569 0.0025721204784226043 
435736.6771159871 -845797.8902950505 0.003494826138325616 
438871.4733542316 -697067.1700267737 0.004282386965433915 
442006.26959247614 -521380.88103739655 0.004904348003740426 
445141.06583072065 -325532.8073980095 0.00533665803661813 
448275.86206896516 -117096.38884997818 0.005562599646720243 
451410.65830720967 95868.14390621074 0.00557343567805956 
454545.4545454542 305125.458115399 0.00536874710159559 
457680.2507836987 502583.5790639563 0.0049564492190761755 
460815.0470219432 680606.8065243664 0.004352485578531862 
463949.8432601877 832310.9870777014 0.003580211437702173 
467084.6394984322 951829.7241412238 0.002669490616846905 
470219.43573667674 1034541.2313664953 0.0016555406656196445 
473354.23197492125 1077247.0569931904 0.0005775710013696173 
476489.02821316576 1078295.767892666 -0.0005227333179727286 
479623.82445141027 1037646.810442639 -0.0016028235539651751 
482758.6206896548 956872.0787346696 -0.0026209326462250035 
485893.4169278993 839095.1294719062 -0.003537690343531047 
489028.2131661438 688870.3941153694 -0.004317645650379728 
492163.0094043883 512007.05914181826 -0.00493063771602786 
495297.8056426328 315344.4249589017 -0.0053529621537799065 
498432.60188087734 106487.43034229965 -0.005568287688984085 
501567.39811912185 -106487.4303422385 -0.005568287688984092 
504702.19435736636 -315344.4249588432 -0.0053529621537799135 
507836.99059561087 -512007.0591417647 -0.00493063771602794 
510971.7868338554 -688870.3941153226 -0.004317645650379899 
514106.5830720999 -839095.129471868 -0.0035376903435313132 
517241.3793103444 -956872.0787346413 -0.0026209326462253097 
520376.1755485889 -1037646.8104426222 -0.001602823553965493 
523510.9717868334 -1078295.7678926603 -0.0005227333179730612 
526645.768025078 -1077247.0569931965 0.0005775710013692944 
529780.5642633225 -1034541.2313665133 0.001655540665619338 
532915.360501567 -951829.7241412532 0.002669490616846663 
536050.1567398115 -832310.9870777403 0.0035802114377019916 
539184.952978056 -680606.8065244135 0.004352485578531704 
542319.7492163006 -502583.5790640104 0.004956449219076025 
545454.5454545451 -305125.4581154572 0.005368747101595432 
548589.3416927896 -95868.14390627107 0.005573435678059449 
551724.1379310341 117096.38884991803 0.005562599646720217 
554858.9341692786 325532.80739795195 0.005336658036618225 
557993.7304075231 521380.88103734376 0.004904348003740632 
561128.5266457676 697067.1700267271 0.004282386965434166 
564263.3228840121 845797.8902950122 0.0034948261383258676 
567398.1191222566 961821.6288887286 0.002572120478422882 
570532.9153605012 1040651.7509562849 0.0015499509887825086 
573667.7115987457 1079239.8977970376 0.0004678449360834084 
576802.5078369902 1076093.8668102727 -0.0006323526677138992 
579937.3040752347 1031335.3149296537 -0.0017080972108543648 
583072.1003134792 946695.0541528652 -0.0027177896807811085 
586206.8965517237 825446.1210882053 -0.0036223852968322165 
589341.6927899682 672277.2087169538 -0.004386903370859217 
592476.4890282127 493111.35476186103 -0.004981780009497021 
595611.2852664572 294876.8979776784 -0.005384011349125518 
598746.0815047018 85239.55947781134 -0.005578043114657042 
601880.8777429463 -127693.99049500769 -0.005556372102935931 
605015.6739811908 -335689.61728902074 -0.005319836331402721 
608150.4702194353 -530704.135609016 -0.004877582631982279 
611285.2664576798 -705196.3392754161 -0.004246712943339155 
614420.0626959243 -852418.6194644603 -0.003451622979369397 
617554.8589341688 -966677.8945599814 -0.002523058847600082 
620689.6551724133 -1043555.7614664186 -0.0014969280980380332 
623824.4514106578 -1080079.3551377123 -0.00041291117917660743 
626959.2476489024 -1074836.3091886975 0.0006870730038805919 
630094.0438871469 -1028029.3720652396 0.0017604880923528178 
633228.8401253914 -941468.5667672831 0.0027658251536325125 
636363.6363636359 -818501.1973081182 0.003664207830593131 
639498.4326018804 -663882.4085581924 0.004420895689273659 
642633.2288401249 -483591.304920832 0.00500662763052593 
645768.0250783694 -284599.7385257438 0.005398753415931792 
648902.8213166139 -74602.7078946294 0.005582109551913709 
652037.6175548584 138279.2074447362 0.005549605661623651 
655172.413793103 345813.8695504822 0.00530249866962511 
658307.2100313475 539975.9186194964 0.004850344196654062 
661442.006269592 713257.1134352138 0.004210627044022065 
664576.8025078365 858956.6748535666 0.003408085056819694 
667711.598746081 971440.4047523045 0.0024737525121119996 
670846.3949843255 1046358.5603208828 0.0014437600242790914 
673981.19122257 1080814.0584979833 0.0003579373751293951 
677115.9874608145 1073474.5060955882 -0.0007417267026917974 
680250.783699059 1024623.7234077414 -0.0018127082288645546 
683385.5799373036 936150.7688874064 -0.002813592376570081 
686520.3761755481 811476.8893068852 -0.0037056749827299156 
689655.1724137926 655423.2202371289 -0.004454459236951615 
692789.9686520371 474024.3528648495 -0.0050309896722588385 
695924.7648902816 274294.97651359695 -0.005412971872220968 
699059.5611285261 63958.62079623604 -0.00558563459543677 
702194.3573667706 -148851.01306749598 -0.0055423009790423385 
705329.1536050151 -355904.5822584476 -0.0052846467328184175 
708463.9498432596 -549195.3308235846 -0.00482263533953828 
711598.7460815042 -721248.7107133977 -0.004174132767356763 
714733.5423197487 -865411.4223539898 -0.0033642165933021927 
717868.3385579932 -976108.6975626922 -0.0024242062540469345 
721003.1347962377 -1049059.875683786 -0.001390451924133547 
724137.9310344822 -1081443.9366209551 -0.0003029288557026054 
727272.7272727267 -1072008.5896085505 0.0007963084634327699 
730407.5235109712 -1021118.6992618305 0.001864752555699597 
733542.3197492157 -930742.1762720963 0.0028610867167799 
736677.1159874602 -804373.8783531742 0.0037467827314556943 
739811.9122257048 -646900.4641876016 0.004487590758655474 
742946.7084639493 -464411.42646676704 0.00505486377188741 
746081.5047021938 -263963.6113722843 0.00542666533898358 
749216.3009404383 -53308.33052390261 0.005588617903341926 
752351.0971786828 159408.38203239982 0.00553445876365357 
755485.8934169273 365960.77674193116 0.005266282252393915 
758620.6896551718 558361.478055379 0.004794458748042251 
761755.4858934163 729170.356026524 0.004137233652824696 
764890.2821316608 871782.2359371986 0.0033200218435008736 
768025.0783699054 980682.3202260304 0.002374424878762794 
771159.8746081499 1051659.4455618444 0.0013370089678102523 
774294.6708463944 1081968.9284164496 0.00024789095602403914 
777429.4670846389 1070438.7019028673 -0.000850812992365941 
780564.2633228834 1017514.6395703339 -0.0019166160252190984 
783699.0595611279 925243.313486145 -0.002908303567914039 
786833.8557993724 797192.8533488392 -0.003787527089840737 
789968.6520376169 638314.9670087042 -0.0045202870410482755 
793103.4482758614 454753.4580583559 -0.005078247613927046 
796238.244514106 253606.645113015 -0.005439832488127131 
799373.0407523505 42652.87002052759 -0.005591059186286093 
802507.836990595 -169950.29040873636 -0.005526079776052536 
805642.6332288395 -375981.4776777848 -0.00524740700947293 
808777.429467084 -567473.4713150124 -0.004765817154937504 
811912.2257053285 -737021.2810756054 -0.004099933279171396 
815047.021943573 -878068.4977151881 -0.00327550509374516 
818181.8181818175 -985160.8291590057 -0.0023244132144206926 
821316.614420062 -1054157.0178297933 -0.0012834363385970534 
824451.4106583066 -1082388.9829669292 -0.000192829014070911 
827586.2068965511 -1068764.9952377058 0.0009052350032442492 
830721.0031347956 -1013811.8938812686 0.0019682936073253357 
833855.7993730401 -919654.7138494054 0.0029552383505376863 
836990.5956112846 -789934.5107621038 0.0038279041061998233 
840125.3918495291 -629667.5613846292 0.004552544913005916 
843260.1880877736 -445106.385146145 0.0050986178185304775 
846394.9843260181 -241313.17216606703 0.005540109653125158 
849529.7805642626 -16707.946111526544 0.006293602827855866 
852664.5768025072 233668.69059588807 0.007955409858599174 
855799.3730407517 497121.77942647855 0.01032316419308297 
858934.1692789962 728965.5820859208 0.011723994285963248 
862068.9655172407 879319.9861931113 0.010228292388346369 
865203.7617554852 943446.6900116568 0.005943214017710439 
868338.5579937297 972824.7110424897 0.0015078115435109066 
871473.3542319742 1022376.355765246 -0.0003368106544416631 
874608.1504702187 1088254.3312060842 0.00039216020488948766 
877742.9467084632 1107496.207180813 0.0008972517731537862 
880877.7429467078 1023189.9510706608 -0.0014156789452229148 
884012.5391849523 846031.6186989397 -0.006116344619443214 
887147.3354231968 646342.8519359693 -0.010113607327250728 
890282.1316614413 484620.4263908625 -0.010833815430742414 
893416.9278996858 353682.31658597774 -0.00886498627955734 
896551.7241379303 193098.89615622128 -0.007285304642251054 
899686.5203761748 -39584.33696143786 -0.008386515739784377 
902821.3166144193 -316057.3586025782 -0.01124080981220854 
905956.1128526638 -558688.3366431276 -0.012669405198031426 
909090.9090909084 -713927.64335524 -0.010592538963753251 
912225.7053291529 -800791.9119937384 -0.006237371151338957 
915360.5015673974 -883779.7956597315 -0.0028827583084071705 
918495.2978056419 -999015.4013776917 -0.00246136980585053 
921630.0940438864 -1111523.5223663698 -0.0035905769056404704 
924764.8902821309 -1148712.379959169 -0.0030986966614443344 
927899.6865203754 -1074942.6399237746 0.0005629571112024069 
931034.4827586199 -928834.8010508699 0.005613272584409295 
934169.2789968645 -784127.8362678123 0.008735909846324627 
937304.075235109 -675229.4423593057 0.00848944541624176 
940438.8714733535 -565625.2553218167 0.006750172652545654 
943573.667711598 -392149.99204995204 0.006674980360480838 
946708.4639498425 -138304.0079945144 0.009330574893700972 
949843.260188087 140742.7625061727 0.012535353211173814 
952978.0564263315 368007.95915535424 0.013131312829234036 
956112.852664576 517269.5076434998 0.010296285217226833 
959247.6489028205 632372.4748048272 0.00641423160659005 
962382.445141065 773329.2725215364 0.004590128459407772 
965517.2413793096 946224.0057166497 0.005423247409177676 
968652.0376175541 1090888.157457034 0.006429847209388359 
971786.8338557986 1139493.8499395535 0.004718350487434136 
974921.6300940431 1084603.598844369 0.00010017911529327291 
978056.4263322876 985261.2853901123 -0.004636940434025738 
981191.2225705321 904829.4490101482 -0.006581517710514995 
984326.0188087766 845968.1272325844 -0.005678994893888571 
987460.8150470211 751046.7206342407 -0.004710259336053438 
990595.6112852657 567389.9180803942 -0.006295682561342993 
993730.4075235102 308475.2861292345 -0.01007558328415658 
996865.2037617547 49496.70720237728 -0.013169502613685302 
999999.9999999992 -256565.45908014997 -0.008008601812782241 
