#x u 
0.0 -212672.12098763656 0.0013709052735205347 
3134.796238244514 -306303.5824587287 0.006387565572113171 
6269.592476489028 -505758.77624282695 0.005763563117484721 
9404.38871473354 -682497.0610021445 0.005061495786882317 
12539.184952978056 -832912.1661516129 0.004160539425431347 
15673.98119122257 -951117.3571267785 0.0030987511806662774 
18808.777429467085 -1032542.8858183541 0.0019171333786668554 
21943.5736677116 -1074040.0084491062 0.0006613801002148758 
25078.369905956115 -1074004.0328443106 -0.0006199487294190183 
28213.16614420063 -1032436.3501687542 -0.001877304158348447 
31347.962382445145 -950944.3815939373 -0.003062064285954312 
34482.75862068966 -832679.4193533666 -0.004128414469959938 
37617.55485893417 -682214.7663567906 -0.005035118977423518 
40752.35109717868 -505368.8866896575 -0.0057471155694223 
43887.14733542319 -308980.40576338593 -0.006236871356888973 
47021.943573667704 -100643.66085459404 -0.006485447496691511 
50156.739811912215 111584.9717131805 -0.006483231556187881 
53291.53605015673 319498.6164252781 -0.006230309225737727 
56426.33228840124 515057.2582313898 -0.005736461005058615 
59561.12852664575 690698.6497113605 -0.00502078399156486 
62695.92476489026 839630.7429795812 -0.004110953396123959 
65830.72100313478 956094.337994089 -0.003042152343396754 
68965.51724137929 1035585.7906673283 -0.0018557113413525646 
72100.3134796238 1075031.1686619157 -0.0005975100316375245 
75235.10971786831 1072905.12027147 0.0006837969749341189 
78369.90595611282 1029289.8597300815 0.0019386615708721021 
81504.70219435733 945871.987990089 0.003118558175994212 
84639.49843260185 825877.2719086087 0.004177860220307319 
87774.29467084636 673945.9039299052 0.005075604522241985 
90909.09090909087 495953.0659683461 0.005777075333782361 
94043.88714733538 298781.7362817545 0.006255146797508411 
97178.68338557989 90056.52488725931 0.006491331902773017 
100313.4796238244 -122151.16990304503 0.006476497377906508 
103448.27586206891 -329635.28223779105 0.00621121687358654 
106583.07210031342 -524372.4070721521 0.0057057487797819335 
109717.86833855794 -698832.0650251805 0.004979639534088267 
112852.66457680245 -846267.9058149774 0.004060967761511792 
115987.46081504696 -960978.5894426865 0.002985258474795311 
119122.25705329147 -1038528.2568569448 0.0017941093231308184 
122257.05329153598 -1075918.0645041207 0.0005335820121836461 
125391.84952978049 -1071702.149527894 -0.0007475789008268606 
128526.645768025 -1026043.5412470312 -0.001999830957844507 
131661.44200626953 -940707.8568160131 -0.0031747496054968637 
134796.23824451404 -818995.0248571471 -0.004226900771272285 
137931.03448275855 -665611.677309477 -0.005115597797882139 
141065.83072100306 -486489.14409825916 -0.005806474795204113 
144200.62695924757 -288554.0887662443 -0.006272815568329135 
147335.42319749208 -79460.6545807334 -0.006496586732100174 
150470.2194357366 132705.52098075187 -0.006469135061631322 
153605.0156739811 339739.97761430556 -0.006191522112281418 
156739.81191222562 533636.6984489749 -0.005674483169336943 
159874.60815047013 706897.7025038819 -0.004938012114818601 
163009.40438871464 852822.9914111375 -0.004010588264601237 
166144.20062695915 965769.6381725658 -0.002928075074034732 
169278.99686520366 1041369.9989949891 -0.0017323332990899784 
172413.79310344817 1076700.609958265 -0.00046960224205108735 
175548.58934169268 1070395.2372864685 0.0008112883210604908 
178683.3855799372 1022697.7095712693 0.002060806386611872 
181818.1818181817 935452.4889268478 0.0032306331246071624 
184952.97805642622 812033.3456895376 0.004275531366544254 
188087.77429467073 657212.8948096383 0.005155094925504239 
191222.57053291524 476978.03895962104 0.005835311102313239 
194357.36677115975 278298.4551687687 0.006289875955704767 
197492.16300940426 68857.07759986518 0.006501211475021248 
200626.95924764877 -143247.00130828805 0.006461145321413415 
203761.75548589329 -349811.72252769937 0.006171226851963937 
206896.5517241378 -542849.2338432507 0.00564266720609065 
210031.3479623823 -714894.779883065 0.004895905771086703 
213166.14420062682 -859295.3640080125 0.00395981979156364 
216300.94043887133 -970467.0195128511 0.002870607687178623 
219435.73667711584 -1044110.7414685664 0.0016703892607198077 
222570.53291536035 -1077378.7291273782 0.00040557692646499277 
225705.32915360486 -1068984.5103010824 -0.0008749190566304196 
228840.12539184937 -1019252.6892059739 -0.0021215819433321164 
231974.9216300939 -930106.394026534 -0.003286203313333562 
235109.7178683384 -804992.9096002476 -0.004323747289573013 
238244.5141065829 -648750.3710056308 -0.005194092074388365 
241379.31034482742 -467420.6730088433 -0.0058635814583540054 
244514.10658307193 -268015.8301555436 -0.006306326304994255 
247648.90282131644 -58246.822356958655 -0.006505205682994774 
250783.69905956095 153774.5884959379 -0.006452528932156072 
253918.49529780546 359849.540146629 -0.006150333061016618 
257053.29153604998 552009.1197560485 -0.005610303975787434 
260188.0877742945 722822.5215477885 -0.00485332458667317 
263322.884012539 865684.3958676602 -0.003908667266296043 
266457.6802507835 975070.2778772084 -0.0028128618878336285 
269592.476489028 1046750.2184604622 -0.0016082832158053617 
272727.27272727253 1077952.3562425107 -0.00034151227506793076 
275862.06896551704 1067470.1053943343 0.000938464936163273 
278996.86520376155 1015708.8142743687 0.0021821517335479496 
282131.66144200607 924670.0906183836 0.0033414547820734258 
285266.4576802506 797874.399422164 0.004371543864026415 
288401.2539184951 640224.9266547876 0.0052325854623064185 
291536.0501567396 457817.9731890419 0.0058912831214610155 
294670.8463949841 257707.2110106025 0.006322165020722767 
297805.6426332286 47630.9179120185 0.006508568968633428 
300940.43887147313 -164287.26150144846 0.00644328672953964 
304075.23510971764 -369852.4569302673 0.006128842765871743 
307210.03134796215 -561115.467794765 0.005577396617249506 
310344.82758620667 -730680.1586077914 0.004810272691412066 
313479.6238244512 -871989.467335132 0.0038571356499440216 
316614.4200626957 -979578.9668080428 0.0027548432766093586 
319749.2163009402 -1049288.1739749168 0.0015460211878435956 
322884.0125391847 -1078421.4356690394 0.00027741450131363917 
326018.8087774292 -1065852.1694442297 -0.0010019197965178235 
329153.60501567373 -1012066.4284878388 -0.002242509882735103 
332288.40125391824 -919144.105956024 -0.003396382172079269 
335423.19749216276 -790678.5055589504 -0.004418916454308857 
338557.99373040727 -631637.3886059386 -0.0052705713563928475 
341692.7899686518 -448170.87082961854 -0.005918413405407195 
344827.5862068963 -247373.59759089805 -0.006337390564360865 
347962.3824451408 -37010.394033490666 -0.006511300998382581 
351097.1786833853 174784.00075147173 -0.006433419610968414 
354231.9749216298 379819.5037156283 -0.006106758096327819 
357366.77115987433 570167.3964584101 -0.005543948399956773 
360501.56739811884 738466.9265613757 -0.00476675415028971 
363636.36363636336 878209.953217097 -0.0038052293132921043 
366771.15987460787 983992.636245211 -0.0026965568950164066 
369905.9561128524 1051724.40769697 -0.0014836113164094183 
373040.7523510969 1078786.0707440386 -0.00021329664398457614 
376175.5485893414 1064130.9205117484 0.0010652746807798975 
379310.3448275859 1008325.3142761058 0.0023026767027183558 
382445.1410658304 913527.6228189622 0.0034510421823658512 
385579.93730407493 783405.8064444844 0.004465865942408866 
388714.73354231945 622993.9662783503 0.005307799624259679 
391849.52978056396 438491.0781068393 0.005944475707272063 
394984.32601880847 237016.09251127968 0.006351996857777388 
398119.122257053 26346.746196917178 0.0065152136825518 
401253.9184952975 -185340.83780969214 0.006426460312561368 
404388.714733542 -389765.7983971515 0.006084818474500904 
407523.5109717865 -578945.4632634597 0.005499944065382522 
410658.307210031 -745702.2460607137 0.004700779136823093 
413793.10344827553 -884043.4767100756 0.003739120679664135 
416927.89968652005 -989063.9488904987 0.0026725283648824636 
420062.69592476456 -1056373.2977526877 0.001527156316636775 
423197.49216300907 -1081783.6897923818 0.0002746440334989111 
426332.2884012536 -1062262.6219464282 -0.0011305358850677819 
429467.0846394981 -998145.9032458013 -0.0026532543917358585 
432601.8808777426 -894885.4231631627 -0.004098375467038671 
435736.6771159871 -762135.6971828516 -0.005150508986227001 
438871.4733542316 -609962.0831168987 -0.005542900540090944 
442006.26959247614 -444815.7324698962 -0.005234404613033263 
445141.06583072065 -268555.28863258346 -0.004444483862014249 
448275.86206896516 -81196.57062786641 -0.0035153887235765627 
451410.65830720967 115163.98718660894 -0.0027190530029027205 
454545.4545454542 314406.47391407564 -0.0021538058390437667 
457680.2507836987 507336.4261438444 -0.0017732180304556554 
460815.0470219432 684039.165972965 -0.0014795173654687452 
463949.8432601877 835761.1027760569 -0.001196029867638007 
467084.6394984322 955634.5674365084 -0.0008878534080930716 
470219.43573667674 1038659.3008588119 -0.0005501856021356243 
473354.23197492125 1081534.0687153519 -0.000191927942644704 
476489.02821316576 1082586.953064075 0.00017370527611749022 
479623.82445141027 1041776.2290481053 0.0005326213165230591 
482758.6206896548 960680.0462677578 0.0008709409049406352 
485893.4169278993 842434.3919305071 0.0011755812319833876 
489028.2131661438 691611.8223099997 0.0014347618643962157 
492163.0094043883 514044.64211790747 0.00163846029409297 
495297.8056426328 316599.3694375541 0.0017787995082746387 
498432.60188087734 106911.20765427013 0.001850352593302464 
501567.39811912185 -106911.20765420841 0.0018503525933024605 
504702.19435736636 -316599.3694374945 0.001778799508274644 
507836.99059561087 -514044.64211785246 0.0016384602940929978 
510971.7868338554 -691611.8223099515 0.0014347618643962756 
514106.5830720999 -842434.3919304674 0.0011755812319834361 
517241.3793103444 -960680.0462677284 0.0008709409049406751 
520376.1755485889 -1041776.2290480876 0.000532621316523106 
523510.9717868334 -1082586.953064069 0.00017370527611757327 
526645.768025078 -1081534.0687153575 -0.0001919279426446024 
529780.5642633225 -1038658.3169049304 -0.0005501404999258175 
532915.360501567 -955616.9975890187 -0.0008870480462285068 
536050.1567398115 -835607.9343681302 -0.0011890089760517334 
539184.952978056 -683171.6894817224 -0.0014397542153532688 
542319.7492163006 -503754.763149627 -0.0016090427418640404 
545454.5454545451 -302944.63846496824 -0.0016284213610329359 
548589.3416927896 -85676.95487546152 -0.0013674344818011188 
551724.1379310341 143566.54450407025 -0.0006564909219236841 
554858.9341692786 378427.5179407819 0.0005918093302073827 
557993.7304075231 606816.4077324792 0.002191338025458976 
561128.5266457676 809205.0951672279 0.003589946144686657 
564263.3228840121 963507.6458680744 0.004079923313664071 
567398.1191222566 1056134.351429671 0.0032929087982816008 
570532.9153605012 1091047.4570069432 0.001605141616972056 
573667.7115987457 1086763.5470704737 -7.469181295195401e-06 
576802.5078369902 1060624.856765888 -0.0006952287669133397 
579937.3040752347 1013172.9315849291 -0.00045305025059192306 
583072.1003134792 928223.1860939673 -0.00011627387760439027 
586206.8965517237 790356.3070721088 -0.000555286174706948 
589341.6927899682 603569.2667494058 -0.0018142734893291535 
592476.4890282127 392184.71694108594 -0.0030607439373973727 
595611.2852664572 182373.08408466305 -0.003421592033273791 
598746.0815047018 -17324.79262174033 -0.0028632714173356354 
601880.8777429463 -216633.71069302253 -0.0022071081443025796 
605015.6739811908 -424895.04191496863 -0.002259947031967042 
608150.4702194353 -632876.6733834051 -0.0029657180361438162 
611285.2664576798 -814408.4252164206 -0.003466203984406253 
614420.0626959243 -946447.6479423209 -0.003007601389170076 
617554.8589341688 -1026797.1468967054 -0.001740975278193448 
620689.6551724133 -1071115.8697870898 -0.0005754996048600732 
623824.4514106578 -1092577.7215634026 -0.00023866200439453316 
626959.2476489024 -1085716.6499989866 -0.0005309786400590369 
630094.0438871469 -1031525.3107772075 -0.0005577306371276351 
633228.8401253914 -918459.4782022461 0.0003073340772033247 
636363.6363636359 -757218.6846619851 0.0017407353583902378 
639498.4326018804 -573667.3647262324 0.002787283085298754 
642633.2288401249 -387191.02710806683 0.0028432723663700844 
645768.0250783694 -197034.85568699508 0.002271674600498751 
648902.8213166139 9279.313962757977 0.0020036242596219427 
652037.6175548584 234615.16786464132 0.0025464525710339435 
655172.413793103 460720.3107740916 0.0034419377149726618 
658307.2100313475 658973.3235119578 0.0037442917570532936 
661442.006269592 812393.6170644381 0.0030148831990377987 
664576.8025078365 926081.9135390619 0.0017876679219924465 
667711.598746081 1015410.4171047267 0.0010162466653533685 
670846.3949843255 1084641.4300762021 0.0010841631876687724 
673981.19122257 1118659.0447145307 0.0014186273071563262 
677115.9874608145 1096643.3578612932 0.0011126659862772737 
680250.783699059 1013383.7547740372 -9.975575807467333e-05 
683385.5799373036 885843.5167969246 -0.001541776640299153 
686520.3761755481 738042.6967989341 -0.0022826797776568887 
689655.1724137926 580059.9656167873 -0.0020938145137698776 
692789.9686520371 403066.38197705674 -0.00166721414519937 
695924.7648902816 195383.2802983014 -0.0018684276277156856 
699059.5611285261 -37592.043712365965 -0.0028104016401260933 
702194.3573667706 -270837.34161876503 -0.0037227060246213025 
705329.1536050151 -477519.06308631087 -0.003753510526670601 
708463.9498432596 -648757.4946697287 -0.002860950433949601 
711598.7460815042 -794891.2191387617 -0.0018569657446506254 
714733.5423197487 -927236.0533836874 -0.0015581002442519752 
717868.3385579932 -1039811.761128418 -0.0019363776145361073 
721003.1347962377 -1110492.263268497 -0.0021625060740697107 
724137.9310344822 -1120555.8903571214 -0.001494866753701104 
727272.7272727267 -1072215.3659835726 -7.854168489332663e-05 
730407.5235109712 -985784.263067996 0.0011862575706479955 
733542.3197492157 -879491.7255038164 0.0015682416509884348 
736677.1159874602 -753130.7716192539 0.0012505349737164922 
739811.9122257048 -592617.9772717889 0.0011149556972739295 
742946.7084639493 -390489.4792782063 0.0017933891218258474 
746081.5047021938 -160556.9369085232 0.002984786771061586 
749216.3009404383 68942.54277070789 0.0037563180080721088 
752351.0971786828 276783.90040745924 0.0035120371213371478 
755485.8934169273 462552.86227838346 0.0026108089591567072 
758620.6896551718 638634.8281709111 0.001984486151485153 
761755.4858934163 809156.4289567412 0.0021585569319769564 
764890.2821316608 958336.165485409 0.0027051589276749924 
768025.0783699054 1060766.5216651633 0.0027029598761667698 
771159.8746081499 1103048.1652246092 0.0017194121647211506 
774294.6708463944 1094222.756119226 0.0002819447514291833 
777429.4670846389 1054185.9447681343 -0.0006575275787640872 
780564.2633228834 992356.0906947779 -0.0007019262643130448 
783699.0595611279 899044.9505199417 -0.0004032175742926967 
786833.8557993724 758543.9056027086 -0.0006583979989360882 
789968.6520376169 570042.6251572982 -0.0017437876739015154 
793103.4482758614 354214.6087727376 -0.003003915138159641 
796238.244514106 138334.59461877475 -0.003522403888980374 
799373.0407523505 -64678.02709694285 -0.003069665254133538 
802507.836990595 -261554.3045455255 -0.002331591302684642 
805642.6332288395 -463073.9144581235 -0.0021798110031175317 
808777.429467084 -664310.8734500452 -0.0027516001214226296 
811912.2257053285 -841821.1689854559 -0.003306928647815583 
815047.021943573 -971026.4133200756 -0.003012349376020315 
818181.8181818175 -1045786.9415406486 -0.0018268473330569635 
821316.614420062 -1079829.6323220413 -0.0005579910603848628 
824451.4106583066 -1088735.9224104208 -2.940698667996738e-05 
827586.2068965511 -1071575.8466699265 -0.00023469474428420949 
830721.0031347956 -1011571.6288238085 -0.0003664437583262691 
833855.7993730401 -895092.6812526161 0.0003115959440567343 
836990.5956112846 -728949.4914730196 0.001667491340800395 
840125.3918495291 -537693.2871635916 0.0028179335908207342 
843260.1880877736 -343600.9478098234 0.0030363235854600178 
846394.9843260181 -150172.71453343824 0.0024978102379706758 
849529.7805642626 53779.68985637935 0.0020789230209471397 
852664.5768025072 274066.11092334613 0.0024236849427198854 
855799.3730407517 496498.62390703446 0.00325888915162623 
858934.1692789962 693413.3603565958 0.0036784608269184987 
862068.9655172407 844788.1495782626 0.0030974443254560557 
865203.7617554852 952055.0659706631 0.0018722689956101857 
868338.5579937297 1030372.5939520937 0.0009352780881613475 
871473.3542319742 1087735.9337174948 0.0008280080526775559 
874608.1504702187 1113085.2715236498 0.001149329325139479 
877742.9467084632 1086041.5566878165 0.0009976198776859993 
880877.7429467078 998094.0896302188 -5.9300973714127535e-05 
884012.5391849523 862968.7100209567 -0.001507291568195325 
887147.3354231968 705229.610896943 -0.0024039070208648388 
890282.1316614413 538993.9392848737 -0.002346976750952615 
893416.9278996858 358965.7477873239 -0.0018761164226380796 
896551.7241379303 152979.12660209602 -0.0018862996653405267 
899686.5203761748 -77419.07575788903 -0.0026713489516021014 
902821.3166144193 -310290.494416753 -0.0036036925489996794 
905956.1128526638 -517863.1453586759 -0.0037870469035142795 
909090.9090909084 -687337.2649337866 -0.0029955412265357667 
912225.7053291529 -826387.9696610208 -0.0019119931872397574 
915360.5015673974 -947897.9792093374 -0.0014152915830001602 
918495.2978056419 -1050261.7363588645 -0.0016664305546202855 
921630.0940438864 -1114206.3344232535 -0.001953716567782777 
924764.8902821309 -1119648.3037469874 -0.0014588042829327022 
927899.6865203754 -1064984.4326473635 -0.0001369904944189932 
931034.4827586199 -968606.6524605192 0.0012144600740790074 
934169.2789968645 -851066.9032974009 0.001772066478682467 
937304.075235109 -716595.3640293358 0.0015287086486980971 
940438.8714733535 -553279.9324055783 0.0012781775823331011 
943573.667711598 -351526.92483116855 0.0017593976847193292 
946708.4639498425 -121155.04848705149 0.002861308985866992 
949843.260188087 111116.88976501752 0.003724915451654511 
952978.0564263315 321436.5408908034 0.003635196142001945 
956112.852664576 505370.2873480484 0.0027651943140585486 
959247.6489028205 674172.9660066755 0.0019904796430915486 
962382.445141065 835034.3263507773 0.0019697822108187173 
965517.2413793096 976384.385662383 0.002458694466186037 
968652.0376175541 1073977.4500194588 0.0025774918496663628 
971786.8338557986 1111580.4041093402 0.001750479336856371 
974921.6300940431 1094693.3262215282 0.00032840144098831496 
978056.4263322876 1043013.0660666203 -0.0007608243975231492 
981191.2225705321 969644.1223367038 -0.0009660029346332021 
984326.0188087766 868922.5970963299 -0.0006688698293034374 
987460.8150470211 725585.1659864509 -0.0007590819964825874 
990595.6112852657 535507.423022553 -0.0016764022020071554 
993730.4075235102 315955.8203771279 -0.0029251403496043434 
996865.2037617547 97193.99191244469 -0.003702022018346827 
999999.9999999992 -212672.12098874478 0.0013709052734697403 
