#x u 
0.0 465723.06852445833 -0.0245839495433574 
3134.796238244514 490413.4085055836 -0.026088670075380828 
6269.592476489028 614691.7582355918 -0.0211503753149758 
9404.38871473354 712628.2410025795 -0.015512079429599673 
12539.184952978056 783153.7603253424 -0.009267223431004456 
15673.98119122257 823380.0594648925 -0.0026646772936678685 
18808.777429467085 831659.6873339827 0.004036026159614546 
21943.5736677116 807691.2873578902 0.01057663340804504 
25078.369905956115 752513.2028773305 0.01670932960805389 
28213.16614420063 668346.3992429728 0.022200962001467216 
31347.962382445145 558416.4613836646 0.026837833457647883 
34482.75862068966 426858.8085133293 0.030435338883535376 
37617.55485893417 278680.03334140126 0.032850661985999535 
40752.35109717868 119649.63824499963 0.03399220981044347 
43887.14733542319 -43963.847919531174 0.033821285527285416 
47021.943573667704 -205760.00906254348 0.032347867250007815 
50156.739811912215 -359531.7887555972 0.029626658620490166 
53291.53605015673 -499453.986023899 0.02575733548053081 
56426.33228840124 -620181.1433908849 0.020886529867308802 
59561.12852664575 -716984.7063994819 0.015205347732536522 
62695.92476489026 -785997.5822074302 0.008939150439625183 
65830.72100313478 -824491.8921272065 0.0023329630917332624 
68965.51724137929 -831043.3563574329 -0.0043607003206915015 
72100.3134796238 -805511.3560962689 -0.01088816312362331 
75235.10971786831 -748909.9821294844 -0.016998235537111252 
78369.90595611282 -663310.1985506079 -0.02244924110486462 
81504.70219435733 -551829.6619474525 -0.027021566525228257 
84639.49843260185 -418624.1946674754 -0.03053128942790853 
87774.29467084636 -268746.1830631285 -0.03283816632110197 
90909.09090909087 -107835.86610612273 -0.033845860750842886 
94043.88714733538 58239.237025270886 -0.03349913837923768 
97178.68338557989 223636.14905054393 -0.031784860375950075 
100313.4796238244 382622.49969177693 -0.02873890339995756 
103448.27586206891 529583.93888435 -0.024454593321921476 
106583.07210031342 659078.508687765 -0.0190865557110558 
109717.86833855794 765968.2442380846 -0.012848350288052994 
112852.66457680245 845548.5787889722 -0.006007388210544774 
115987.46081504696 893609.6698441773 0.001119880709748329 
119122.25705329147 906502.377951652 0.008175767301061506 
122257.05329153598 881397.2477371484 0.014780577705053258 
125391.84952978049 816865.514405656 0.020568912812024796 
128526.645768025 713680.7527959999 0.025238011456781687 
131661.44200626953 575508.3629294914 0.02859243382989362 
134796.23824451404 409103.2504223195 0.03056717743206962 
137931.03448275855 223813.05504053514 0.031219393210502724 
141065.83072100306 30459.911313980305 0.030691487081692264 
144200.62695924757 -160113.0841547798 0.029158169170428155 
147335.42319749208 -338459.1202417644 0.026773954230409 
150470.2194357366 -497545.03633318783 0.023637297747911883 
153605.0156739811 -633074.330800259 0.01978444928085623 
156739.81191222562 -742987.0413122353 0.015218590775457282 
159874.60815047013 -826307.3264987451 0.00996618913012503 
163009.40438871464 -881856.3318155807 0.00413670174499539 
166144.20062695915 -907513.7486998099 -0.002045718172201265 
169278.99686520366 -900492.9762809944 -0.008259744052427737 
172413.79310344817 -858533.5652696856 -0.014149021200223346 
175548.58934169268 -781344.781366299 -0.019398109939821113 
178683.3855799372 -671461.9396374413 -0.023783420740588763 
181818.1818181817 -534052.0876329638 -0.027177447330660465 
184952.97805642622 -375871.78528485366 -0.029515083178460248 
188087.77429467073 -204059.41065724407 -0.030752757499253092 
191222.57053291524 -25413.04184834918 -0.030849672971075843 
194357.36677115975 153659.46492857096 -0.029779144948973643 
197492.16300940426 326834.73838727176 -0.027555005851386472 
200626.95924764877 487697.38632479217 -0.024250369339099815 
203761.75548589329 629949.2046963435 -0.019996584906309872 
206896.5517241378 747890.968322715 -0.014967238250142213 
210031.3479623823 836871.7395105446 -0.009360945556179792 
213166.14420062682 893498.9857236483 -0.0033922856896376895 
216300.94043887133 915642.1391398126 0.0027106473135725642 
219435.73667711584 902405.7753788319 0.008710058686487845 
222570.53291536035 854191.3815249833 0.014368892575256706 
225705.32915360486 772802.8279070294 0.01946554522261597 
228840.12539184937 661454.4584550699 0.02380600266168525 
231974.9216300939 524596.4810152483 0.027229037084778876 
235109.7178683384 367611.4942009549 0.02960641918686884 
238244.5141065829 196520.3609057534 0.030843935590894295 
241379.31034482742 17791.21295187281 0.030886949526128846 
244514.10658307193 -161778.26237079423 0.029728582959195306 
247648.90282131644 -335220.82765863044 0.027414697483223466 
250783.69905956095 -495689.0979626392 0.02404120502792744 
253918.49529780546 -636846.4314000676 0.019744578699640095 
257053.29153604998 -753232.1380140419 0.014691067000481608 
260188.0877742945 -840477.8635333959 0.009070025774965417 
263322.884012539 -895358.1888052905 0.003092019560253445 
266457.6802507835 -915777.0296038287 -0.003012980340745047 
269592.476489028 -900817.8600642168 -0.0090030755707264 
272727.27272727253 -850891.4617501857 -0.014638942820200463 
275862.06896551704 -767878.8891220444 -0.019700369793702786 
278996.86520376155 -655115.1809385828 -0.02399735843217287 
282131.66144200607 -517151.0897695589 -0.027372461857132557 
285266.4576802506 -359394.51851753436 -0.02969850351018175 
288401.2539184951 -187819.3812439515 -0.03087973565322401 
291536.0501567396 -8844.460359949802 -0.0308605780434072 
294670.8463949841 170704.9652093264 -0.02963738591391222 
297805.6426332286 343753.7591783277 -0.027263509039127935 
300940.43887147313 503364.93801934406 -0.023841984186539947 
304075.23510971764 643248.6090960327 -0.01951051822685361 
307210.03134796215 758137.0921120443 -0.014430117407905032 
310344.82758620667 843865.254379793 -0.008784516054569131 
313479.6238244512 897256.5071303066 -0.002785680116816165 
316614.4200626957 916090.3384153557 0.003327270687673368 
319749.2163009402 899325.3314385274 0.009303596325463619 
322884.0125391847 847452.3063720351 0.014904973818984295 
326018.8087774292 762652.3022125157 0.019922824718935674 
329153.60501567373 648556.0457679968 0.024179221419357307 
332288.40125391824 509749.66684116697 0.027517546342891906 
335423.19749216276 351401.12648586347 0.029799553774157043 
338557.99373040727 179241.246872832 0.030919006706564254 
341692.7899686518 -260.0754428840828 0.03082402037250137 
344827.5862068963 -179931.64504466852 0.029528805255874938 
347962.3824451408 -352389.8322222816 0.027103420389635043 
351097.1786833853 -510768.40683807444 0.023650698055689885 
354231.9749216298 -649208.8590086483 0.019291962770673996 
357366.77115987433 -762838.4222965073 0.014173731501571675 
360501.56739811884 -847465.6364835468 0.008484639760059637 
363636.36363636336 -899509.7962771992 0.002458810529443598 
366771.15987460787 -916431.4320579002 -0.003646584567130944 
369905.9561128524 -897373.4399407242 -0.00958615671007118 
373040.7523510969 -843429.3568742792 -0.015146566928942846 
376175.5485893414 -757258.9002159333 -0.020139091464909522 
379310.3448275859 -642391.2863700661 -0.024379699888836304 
382445.1410658304 -502857.2511813729 -0.027685559894608046 
385579.93730407493 -343432.24125079124 -0.029900399411730814 
388714.73354231945 -170096.5599654149 -0.030930106377491506 
391849.52978056396 9974.9161458461 -0.030756497017806937 
394984.32601880847 189152.8223622626 -0.029416812983613663 
398119.122257053 360343.35982181336 -0.02697042277246767 
401253.9184952975 517465.38840741635 -0.02348723116525073 
404388.714733542 655152.8439085386 -0.019069395617214217 
407523.5109717865 768218.7043093881 -0.013881457981624082 
410658.307210031 851679.3934409217 -0.008152057295728477 
413793.10344827553 901556.6082521989 -0.002137167982495798 
416927.89968652005 915820.498382654 0.003925980164863108 
420062.69592476456 894608.6604320453 0.009834515853694638 
423197.49216300907 839529.4638321552 0.015396081257190887 
426332.2884012536 752768.510014894 0.020398163511172043 
429467.0846394981 636908.9920525266 0.024611952349096432 
432601.8808777426 495610.7385843752 0.02783689284115492 
435736.6771159871 334337.10993358085 0.02994824731938958 
438871.4733542316 160183.24039548432 0.030903730041603274 
442006.26959247614 -19269.529782884794 0.03070520858154926 
445141.06583072065 -197146.21028973462 0.02935740581588485 
448275.86206896516 -367517.235496372 0.0268689448681808 
451410.65830720967 -524660.4142899205 0.023296356608543158 
454545.4545454542 -662359.1823875159 0.018784202958368725 
457680.2507836987 -774247.0787959737 0.013554715798544089 
460815.0470219432 -855120.3803592465 0.007850319915266924 
463949.8432601877 -902077.4403897474 0.0018812575739923785 
467084.6394984322 -914438.2954654312 -0.004173713206265079 
470219.43573667674 -892603.5346520346 -0.010120719115432365 
473354.23197492125 -837095.3905451426 -0.01571502448315885 
476489.02821316576 -748829.9468791661 -0.02068389825859887 
479623.82445141027 -630350.8083753949 -0.024795332932252924 
482758.6206896548 -486668.48051241646 -0.027910000170826874 
485893.4169278993 -324663.20622192835 -0.029968147371613574 
489028.2131661438 -151448.77130594323 -0.030929104385232546 
492163.0094043883 26822.497276682872 -0.030730689563402847 
495297.8056426328 204672.27140878217 -0.029315696102605402 
498432.60188087734 376038.9511585176 -0.026701445233779084 
501567.39811912185 533623.2444802758 -0.02301985799990927 
504702.19435736636 669828.3074346532 -0.01848219829636993 
507836.99059561087 778618.0214481838 -0.01329918983453912 
510971.7868338554 856593.8515852644 -0.00763420601029054 
514106.5830720999 902325.9343635179 -0.0016336377244286432 
517241.3793103444 914753.6854426027 0.004502920546816265 
520376.1755485889 892443.9738997205 0.010494505528141736 
523510.9717868334 834598.504822639 0.016033285828094275 
526645.768025078 742822.6456280968 0.02087612973505476 
529780.5642633225 621769.5456222198 0.024886377674024556 
532915.360501567 477848.3955769225 0.02798816429477874 
536050.1567398115 317164.0131102196 0.030086268031596117 
539184.952978056 144667.92143784856 0.031041701754378957 
542319.7492163006 -34754.42421750724 0.03073570017501069 
545454.5454545451 -214595.81285836967 0.029160338184661523 
548589.3416927896 -386476.64417822566 0.02644186010444705 
551724.1379310341 -541920.2890894344 0.022769272537993705 
554858.9341692786 -674609.5534565556 0.01829862951884996 
557993.7304075231 -781005.0766651079 0.013129849423116628 
561128.5266457676 -858854.054293867 0.007377481561928943 
564263.3228840121 -905310.792514238 0.0012564192701771354 
567398.1191222566 -916818.517935866 -0.004915948328483957 
570532.9153605012 -891054.39420566 -0.010814860353246273 
573667.7115987457 -829007.9910378325 -0.01621189762669786 
576802.5078369902 -735007.700179148 -0.02098678054157306 
579937.3040752347 -614565.8978162068 -0.0250409196771011 
583072.1003134792 -472172.5689466035 -0.02820986393412387 
586206.8965517237 -311237.9435516292 -0.03027498912164831 
589341.6927899682 -136126.70338265187 -0.031071240344160565 
592476.4890282127 46032.168707636854 -0.030584210637491227 
595611.2852664572 225935.1663375056 -0.02893630045598707 
598746.0815047018 394805.21701689286 -0.02627466957396633 
601880.8777429463 546674.4676004068 -0.022676466470152395 
605015.6739811908 678086.9812520193 -0.018170050973477347 
608150.4702194353 785721.8574661419 -0.012848974162445936 
611285.2664576798 864635.6003325451 -0.0069548130312309915 
614420.0626959243 909210.493400739 -0.0008331199284755274 
617554.8589341688 916043.5357385016 0.005202404555919242 
620689.6551724133 885883.4513025518 0.010964798522154415 
623824.4514106578 822601.4885321736 0.016355219511370558 
626959.2476489024 730219.4429009879 0.02123740000840818 
630094.0438871469 611053.7230722645 0.02536497392309245 
633228.8401253914 466881.4721746201 0.028448561843829424 
636363.6363636359 301831.59542466496 0.030302629528762923 
639498.4326018804 123795.27955610697 0.03092463617836138 
642633.2288401249 -57400.97362404602 0.030425376172900694 
645768.0250783694 -233456.92636207383 0.02888344164309971 
648902.8213166139 -399333.68301185383 0.026277363815177715 
652037.6175548584 -551651.9313278547 0.022568795847777174 
655172.413793103 -685637.3572752257 0.017850000921867865 
658307.2100313475 -794073.4618096809 0.012396747603360694 
661442.006269592 -869658.4909064465 0.006562401125078401 
664576.8025078365 -908556.067885543 0.0006144485277313673 
667711.598746081 -911566.7142400912 -0.0053227447602979885 
670846.3949843255 -881733.7591645463 -0.01116442342243738 
673981.19122257 -820897.4723822466 -0.016716163456739812 
677115.9874608145 -728835.5291721296 -0.02164525338461945 
680250.783699059 -605921.3632721013 -0.02561501898330201 
683385.5799373036 -456472.3673137812 -0.02845197830124386 
686520.3761755481 -289110.83238034166 -0.030176747596091624 
689655.1724137926 -113495.63818311768 -0.030868715541618026 
692789.9686520371 63420.68581972241 -0.030508526184379978 
695924.7648902816 237903.33484982688 -0.028967710876218432 
699059.5611285261 406364.14327073755 -0.026161048012030282 
702194.3573667706 562153.8552092685 -0.02220325403683212 
705329.1536050151 695885.8894523823 -0.017401492960209233 
708463.9498432596 799287.7871680752 -0.012083594489723706 
711598.7460815042 868813.0305526863 -0.006434481611519433 
714733.5423197487 905380.0333501893 -0.0005072689874559985 
717868.3385579932 910586.1358669266 0.005606876942636994 
721003.1347962377 883441.7455258241 0.011635392671081645 
724137.9310344822 821158.8812123935 0.017169244243853573 
727272.7272727267 723257.2203405377 0.021862011566913156 
730407.5235109712 594664.2722885482 0.025584541191746153 
733542.3197492157 444403.8922328393 0.028378571548311915 
736677.1159874602 281018.96485483175 0.03026131663044066 
739811.9122257048 109317.61940807496 0.031090803241442158 
742946.7084639493 -68305.02506230462 0.030640449677430515 
746081.5047021938 -247521.9413223096 0.028811185093635908 
749216.3009404383 -419512.44678765285 0.025760321190611557 
752351.0971786828 -573210.66911937 0.02180803136363771 
755485.8934169273 -700355.6076474278 0.01721318564296663 
758620.6896551718 -798308.9845913949 0.012048991362361676 
761755.4858934163 -867841.31378798 0.006306487333896167 
764890.2821316608 -908324.675543582 0.00011388094242674603 
768025.0783699054 -915526.5391031519 -0.0061664560126823515 
771159.8746081499 -884502.6832684083 -0.012077639067703348 
774294.6708463944 -814685.3488358161 -0.017310910181644962 
777429.4670846389 -711826.0262282732 -0.021805657923540122 
780564.2633228834 -584625.657382925 -0.025606716291358626 
783699.0595611279 -439421.31764372345 -0.028633015308355818 
786833.8557993724 -278378.7422141822 -0.030607602249622938 
789968.6520376169 -102989.14122040321 -0.03123207822630455 
793103.4482758614 80959.60972721176 -0.0304302494211161 
796238.244514106 262444.5265782784 -0.02840790001118101 
799373.0407523505 429670.6279573598 -0.025463889314775983 
802507.836990595 575610.7181480359 -0.021747794900223428 
805642.6332288395 699045.7091824388 -0.01721698617378843 
808777.429467084 800139.4176231304 -0.011836600438148404 
811912.2257053285 875299.3082990488 -0.005806723972149496 
815047.021943573 916883.0807108067 0.0004334475232847157 
818181.8181818175 918271.5492349316 0.0064430960379026495 
821316.614420062 879164.9441450193 0.012020081148394913 
824451.4106583066 805641.6115020745 0.017194939074719588 
827586.2068965511 704955.9785767305 0.021983329619570505 
830721.0031347956 580570.2463462685 0.02615712740712215 
833855.7993730401 432659.06099096907 0.02928147244533111 
836990.5956112846 263474.28454741614 0.03099196683111511 
840125.3918495291 81637.78059019595 0.031235644696080984 
843260.1880877736 -99665.75648703094 0.030235055098380807 
846394.9843260181 -269299.04043399246 0.028222558505840982 
849529.7805642626 -423125.40383140853 0.025231072753456513 
852664.5768025072 -562348.13464712 0.021164742829594876 
855799.3730407517 -687021.0424294318 0.016071332422365747 
858934.1692789962 -791505.4321699877 0.0103151341711906 
862068.9655172407 -866616.0170610186 0.0044444800934454985 
865203.7617554852 -906189.4643705616 -0.0011327109163751857 
868338.5579937297 -911147.4404304007 -0.006343007547871332 
871473.3542319742 -886756.6703562062 -0.011315011038282516 
874608.1504702187 -836013.6435110475 -0.016059822616007358 
877742.9467084632 -756295.9288933005 -0.020299070285041652 
880877.7429467078 -643090.2616362631 -0.023621856240995137 
884012.5391849523 -497124.112955881 -0.02580658276558042 
887147.3354231968 -327458.18809495884 -0.02696778581236834 
890282.1316614413 -147121.49321076844 -0.027369898192961192 
893416.9278996858 34412.17036803543 -0.027101963838291086 
896551.7241379303 214283.93537335942 -0.025959188696356023 
899686.5203761748 391876.97828968073 -0.02366434276616051 
902821.3166144193 561881.5871654935 -0.02020360756853531 
905956.1128526638 712455.4229377767 -0.015924730106047703 
909090.9090909084 830843.5025519464 -0.011288761316527864 
912225.7053291529 910924.7694272278 -0.006529184151306501 
915360.5015673974 954971.0369958861 -0.0015724548186257688 
918495.2978056419 967846.8492192765 0.0036983657277033046 
921630.0940438864 949792.3049959649 0.009117983422465312 
924764.8902821309 895473.5768231682 0.014203101580623403 
927899.6865203754 800421.4429045685 0.01845749373675598 
931034.4827586199 668122.2678782425 0.021708797792857486 
934169.2789968645 510172.3091742388 0.02412875035197603 
937304.075235109 339073.03256760055 0.025917044107266307 
940438.8714733535 160979.13760681517 0.026983458336699215 
943573.667711598 -24161.023630763462 0.02696875085081504 
946708.4639498425 -215366.27120204567 0.025590314512796298 
949843.260188087 -404113.6160030678 0.02295321553778486 
952978.0564263315 -575748.4231394652 0.01949660554140324 
956112.852664576 -717735.2844127769 0.01562451700806693 
959247.6489028205 -826404.2981002826 0.011403225906539381 
962382.445141065 -905285.9871712114 0.006641517857071579 
965517.2413793096 -956886.3364618066 0.0012688381367117467 
968652.0376175541 -976679.7100333162 -0.004391070871553362 
971786.8338557986 -955837.0980262219 -0.009749723514935724 
974921.6300940431 -890012.3255699974 -0.01436373762446658 
978056.4263322876 -785003.196277078 -0.01820377025205186 
981191.2225705321 -653213.7558258572 -0.021503767424802804 
984326.0188087766 -504426.79630437604 -0.024350936808124828 
987460.8150470211 -340414.6914686717 -0.026452687249297318 
990595.6112852657 -158952.39975751724 -0.027335056919840197 
993730.4075235102 37108.07108603614 -0.026773419008385965 
996865.2037617547 234758.85299288682 -0.02497263118814968 
999999.9999999992 465469.8184797494 -0.02459555794963192 
