#x u 
0.0 23620.342007907057 0.050082563176858524 
3134.796238244514 27638.06283884451 0.04750313102369284 
6269.592476489028 47196.37586520688 0.043848089157978984 
9404.38871473354 63848.285377602995 0.03844787757065664 
12539.184952978056 78068.68664570409 0.031562606654523734 
15673.98119122257 89269.06370030009 0.02345675969871444 
18808.777429467085 97017.44197722041 0.014443842012358932 
21943.5736677116 101014.15732642196 0.004872381295405454 
25078.369905956115 101104.65795995467 -0.0048874942737621085 
28213.16614420063 97285.44418796914 -0.014458370570825657 
31347.962382445145 89704.2049052192 -0.023470142066693754 
34482.75862068966 78654.10643089158 -0.031574323799944785 
37617.55485893417 64562.45577585604 -0.038457527280871893 
40752.35109717868 47974.17669202485 -0.04385357921595394 
43887.14733542319 29530.737485517056 -0.04755381442195885 
47021.943573667704 9945.345454513605 -0.0494151449029681 
50156.739811912215 -10024.632817789694 -0.04936559305933145 
53291.53605015673 -29606.95880858713 -0.047407075059509876 
56426.33228840124 -48044.384498374755 -0.04361532674189277 
59561.12852664575 -64623.93513150235 -0.03813697491196397 
62695.92476489026 -78704.47993080472 -0.031183867287676293 
65830.72100313478 -89741.52460751278 -0.023024880353894883 
68965.51724137929 -97308.266940759 -0.013975521915957417 
72100.3134796238 -101112.1012079833 -0.004385730421325631 
75235.10971786831 -101005.93324035584 0.005373657150768435 
78369.90595611282 -96993.86855032938 0.014925245545337583 
81504.70219435733 -89231.05357158516 0.023899675096001934 
84639.49843260185 -78017.67615061166 0.03194990485335583 
87774.29467084636 -63787.357290755215 0.03876463264914956 
90909.09090909087 -47090.38303968002 0.04408033314276493 
94043.88714733538 -28572.42494270055 0.047691448339050625 
97178.68338557989 -8949.571941487702 0.04945833651046764 
100313.4796238244 11019.360766053174 0.04931267213893816 
103448.27586206891 30562.175089075972 0.04726008806179237 
106583.07210031342 48923.15092320822 0.04337995765010041 
109717.86833855794 65392.269826661985 0.037822325442547336 
112852.66457680245 79332.67141428933 0.030802104927156928 
115987.46081504696 90205.28073154722 0.02259076784248865 
119122.25705329147 97589.65426849708 0.01350584637280731 
122257.05329153598 101200.23849902776 0.0038986541870558796 
125391.84952978049 100897.41222803158 -0.005859298851275897 
128526.645768025 96692.88573926495 -0.015390672960582849 
131661.44200626953 88749.2479589911 -0.02432689016035259 
134796.23824451404 77373.67914657228 -0.03232238717176104 
137931.03448275855 63006.07224209927 -0.039067978340372476 
141065.83072100306 46202.02221823089 -0.044302811837082734 
144200.62695924757 27611.341237535846 -0.04782445679133649 
147335.42319749208 7952.930433642163 -0.0494967312874482 
150470.2194357366 -12013.019976269687 -0.049254968515620036 
153605.0156739811 -31514.427226724758 -0.04710851743573762 
156739.81191222562 -49797.17242373088 -0.04314038125334286 
159874.60815047013 -66154.26230213621 -0.03750400768790753 
163009.40438871464 -79953.16863617717 -0.030417355153647355 
166144.20062695915 -90660.28808896267 -0.022154464313505127 
169278.99686520366 -97861.5766391647 -0.013034860934083637 
172413.79310344817 -101278.56065218564 -0.003411199832842923 
175548.58934169268 -100779.10544812342 0.006344372274208121 
178683.3855799372 -96382.52494628867 0.015854607676012954 
181818.1818181817 -88258.83479646564 0.024751745825309937 
184952.97805642622 -76722.17787830433 0.03269173462910593 
188087.77429467073 -62218.676404615966 0.039367534933861005 
191222.57053291524 -45309.18038739443 0.04452099372129963 
194357.36677115975 -26647.579582936596 0.0479528268786859 
197492.16300940426 -6955.517592548049 0.049530325510104146 
200626.95924764877 13005.514076113188 0.04919248778589569 
203761.75548589329 32463.62286516402 0.04695237788177136 
206896.5517241378 50666.364230952066 0.04289662078748808 
210031.3479623823 66909.83865432505 0.03718205252082421 
213166.14420062682 80565.91141611262 0.03002965528298938 
216300.94043887133 91106.50254982119 0.02171601208284579 
219435.73667711584 98124.00767974267 0.012562611279392705 
222570.53291536035 101347.0600712006 0.002923414635568701 
225705.32915360486 100651.02437488333 -0.006828830373603377 
228840.12539184937 96062.81627245227 -0.016317004695852518 
231974.9216300939 87759.86164785307 -0.02517420088527024 
235109.7178683384 76063.23553315632 -0.03305791140337793 
238244.5141065829 61425.246145699435 -0.039663273376429935 
241379.31034482742 44411.94414148702 -0.044734857634543664 
244514.10658307193 25681.23345154091 -0.04807654615083054 
247648.90282131644 5957.430154581913 -0.04955911592022236 
250783.69905956095 -13996.746806262563 -0.049125236009602335 
253918.49529780546 -33409.66994447558 -0.04679168454344737 
257053.29153604998 -51530.642044307824 -0.04264869989420545 
260188.0877742945 -67658.9256019225 -0.0368564911668597 
263322.884012539 -81170.84032583074 -0.02963904291714656 
266457.6802507835 -91543.88083698749 -0.02127545367480846 
269592.476489028 -98376.92193775295 -0.012089143210953224 
272727.27272727253 -101405.73011249834 -0.002435345904202258 
275862.06896551704 -100513.18143055 0.007312626163178804 
278996.86520376155 -95733.79072543778 0.016777819173463094 
282131.66144200607 -87252.37690721353 0.02559421436745787 
285266.4576802506 -75396.91602016657 0.03342088198008041 
288401.2539184951 -60625.858418010204 0.039955164985206314 
291536.0501567396 -43510.40050103239 0.04494438283473137 
294670.8463949841 -24712.39656665489 0.04819560260857237 
297805.6426332286 -4958.7649215500005 0.0495830997254988 
300940.43887147313 14986.622029731607 0.04905321970930828 
304075.23510971764 34352.476710107134 0.04662645300597869 
307210.03134796215 52389.92203982582 0.04239664261867306 
310344.82758620667 68401.45049300743 0.036527355201330734 
313479.6238244512 81767.89669490897 0.029245555940557718 
316614.4200626957 91972.38053032197 0.020832831817963686 
319749.2163009402 98620.29488372518 0.011614502649154814 
322884.0125391847 101454.56508583177 0.0019470409752120896 
326018.8087774292 100365.58998413905 -0.007795712720887017 
329153.60501567373 95395.4802165466 -0.017237006415692743 
332288.40125391824 86736.42979412345 -0.026011745535899272 
335423.19749216276 74723.28396386633 -0.03378061115567717 
338557.99373040727 59820.59075200341 -0.04024318145041104 
341692.7899686518 42604.63690431083 -0.04514954900057926 
344827.5862068963 23741.16261120909 -0.04830998471787042 
347962.3824451408 3959.623833162367 -0.04960227436686785 
351097.1786833853 -15974.839446177073 -0.04897643650526094 
354231.9749216298 -35289.240600166624 -0.04645657502307531 
357366.77115987433 -53222.28357246885 -0.042139472434796016 
360501.56739811884 -69012.05409550495 -0.036188933665083245 
363636.36363636336 -81804.9985170924 -0.02882392898679759 
366771.15987460787 -90441.4151694121 -0.020298780897378844 
369905.9561128524 -93173.9443536844 -0.010878370073804846 
373040.7523510969 -87616.93885136105 -0.0008224744319391623 
376175.5485893414 -71449.96812988611 0.00959625810897262 
379310.3448275859 -44196.217398448236 0.0200254482089648 
382445.1410658304 -9450.596607614425 0.029945325331141193 
385579.93730407493 24303.24411339569 0.038645004989432345 
388714.73354231945 46282.45143709557 0.04535363948015165 
391849.52978056396 49274.636956488685 0.04952016570539894 
394984.32601880847 35219.37855383096 0.051077673827928945 
398119.122257053 15431.88523176132 0.05045968494656363 
401253.9184952975 3574.512522080273 0.04828127379472099 
404388.714733542 5817.734567242092 0.044888502268219735 
407523.5109717865 16358.319016964044 0.04015053798271311 
410658.307210031 22859.424272731558 0.03370378876521592 
413793.10344827553 17562.489906282222 0.025453438956845844 
416927.89968652005 4033.529418380378 0.01587259826686003 
420062.69592476456 -6854.644266450516 0.005806161898767453 
423197.49216300907 -7807.612348503113 -0.004041541513278149 
426332.2884012536 -2100.4266801467456 -0.013441511651595942 
429467.0846394981 261.43437890155474 -0.022478764068106536 
432601.8808777426 -6828.963547070074 -0.031079569940453015 
435736.6771159871 -19149.30011490715 -0.03873036281173779 
438871.4733542316 -26538.14912240363 -0.044691348387031316 
442006.26959247614 -23472.330012256898 -0.048491942532254084 
445141.06583072065 -14757.775537729069 -0.05020003510672581 
448275.86206896516 -10393.935299092576 -0.05019247932382438 
451410.65830720967 -15025.565364194103 -0.048674737326264955 
454545.4545454542 -23065.95392682684 -0.04545762775517519 
457680.2507836987 -24607.05470398345 -0.04022564577560781 
460815.0470219432 -15894.251053725806 -0.03301174056783979 
463949.8432601877 -3350.9918255415105 -0.024373866118768416 
467084.6394984322 3074.9826892314595 -0.015079797124918177 
470219.43573667674 245.93810319376644 -0.005621371274593184 
473354.23197492125 -5011.9626765796565 0.003943535541975576 
476489.02821316576 -3240.051729499799 0.013669292609540265 
479623.82445141027 7556.003476462589 0.023274361622385723 
482758.6206896548 19665.569497736287 0.03205301339256145 
485893.4169278993 23644.330765977415 0.0392543364729095 
489028.2131661438 18116.378489740135 0.04454383989073661 
492163.0094043883 11106.690158229867 0.04807502687742967 
495297.8056426328 11513.324871424618 0.05010678834787571 
498432.60188087734 19693.975632950867 0.05057767275258621 
501567.39811912185 27065.30056215726 0.049090530686595406 
504702.19435736636 25131.17381712953 0.045326492794121515 
507836.99059561087 14442.770776356716 0.03945295062260122 
510971.7868338554 4070.4711779979407 0.03209385382843903 
514106.5830720999 2147.05323053099 0.02388818121498657 
517241.3793103444 7426.206131366052 0.015092708491033292 
520376.1755485889 10725.305762532516 0.005636003115667095 
523510.9717868334 4724.079995778942 -0.004445941311201183 
526645.768025078 -8192.5102432672 -0.014664572037670425 
529780.5642633225 -18296.110978254874 -0.024201703150942836 
532915.360501567 -18597.550154891826 -0.03238607502779985 
536050.1567398115 -12051.632618426986 -0.039037178945873933 
539184.952978056 -8317.83366427118 -0.04432899239425333 
542319.7492163006 -13494.319729315575 -0.04832978789242072 
545454.5454545451 -23626.147802762298 -0.050712705173655136 
548589.3416927896 -28812.304866825507 -0.05094964866909192 
551724.1379310341 -23588.277659140105 -0.048790186889253774 
554858.9341692786 -12666.005418766566 -0.044524816851425286 
557993.7304075231 -6002.053253488528 -0.03875592030638343 
561128.5266457676 -8389.224252586515 -0.03191435074751124 
564263.3228840121 -14517.793024994084 -0.024024040245575022 
567398.1191222566 -14683.541082520154 -0.014953817353595094 
570532.9153605012 -5109.4891662785085 -0.004881638085221967 
573667.7115987457 7993.623740019393 0.005528762931669174 
576802.5078369902 14873.481255878112 0.015439398855651123 
579937.3040752347 12332.486025625461 0.024328366768429838 
583072.1003134792 6786.854911155853 0.032162087627226575 
586206.8965517237 7119.915723087004 0.03908174479002231 
589341.6927899682 15067.601855183384 0.04493805034998153 
592476.4890282127 23530.80011938249 0.04916312366540866 
595611.2852664572 24676.00872085793 0.05112047200753587 
598746.0815047018 18992.61208750517 0.05058746442324945 
601880.8777429463 15147.754509789811 0.04789799602046123 
605015.6739811908 20208.342252452276 0.04362548069858914 
608150.4702194353 30400.8519218625 0.038144833479989045 
611285.2664576798 32653.907376940362 0.031506427465726794 
614420.0626959243 16280.10570662233 0.0237030835600161 
617554.8589341688 -16484.582124295383 0.014994370752774232 
620689.6551724133 -51595.803848417214 0.0059102897243372195 
623824.4514106578 -74955.81821073024 -0.0030746200485930906 
626959.2476489024 -83325.21270119853 -0.01182785062555489 
630094.0438871469 -84146.45245646065 -0.020463935329375803 
633228.8401253914 -85473.5424366091 -0.02893751296685206 
636363.6363636359 -86946.93649608392 -0.03675160995566784 
639498.4326018804 -80964.94975211767 -0.0431172057578034 
642633.2288401249 -62139.674816093815 -0.04743955443635823 
645768.0250783694 -34498.97726937621 -0.04965765786055541 
648902.8213166139 -8572.070693140979 -0.05010189000701782 
652037.6175548584 8598.429163488072 -0.04902666540690183 
655172.413793103 19926.55088207651 -0.046308356993959784 
658307.2100313475 34355.23271331386 -0.041621883548903345 
661442.006269592 56633.809866471944 -0.034905176490182245 
664576.8025078365 81556.16319000765 -0.026617116606233126 
667711.598746081 98735.60154964018 -0.017510129297794677 
670846.3949843255 102915.52149080712 -0.008146880966076174 
673981.19122257 98996.79414379445 0.001342605708525392 
677115.9874608145 96519.8089657655 0.011021736178426231 
680250.783699059 99422.88717353449 0.020692351854910654 
683385.5799373036 101854.50140442318 0.029717415412044496 
686520.3761755481 94439.35804545079 0.037322495883033276 
689655.1724137926 74399.9584699352 0.04307304712300612 
692789.9686520371 48880.87498198012 0.04703866571061105 
695924.7648902816 27970.101900100537 0.04948317831638989 
699059.5611285261 14739.808163828178 0.05041581168505517 
702194.3573667706 2752.7921847843754 0.0494819829506203 
705329.1536050151 -16377.54884058956 0.04631213293087457 
708463.9498432596 -43358.225416080124 0.040962522522273295 
711598.7460815042 -69673.55985390159 0.0339825358929909 
714733.5423197487 -85775.6567205904 0.026033097678466455 
717868.3385579932 -90421.48199572598 0.017450048624558057 
721003.1347962377 -91367.60105661416 0.008201516757289027 
724137.9310344822 -96721.67375373587 -0.0017281711764859317 
727272.7272727267 -106067.46189588934 -0.011945445326581941 
730407.5235109712 -110706.6076986045 -0.02167305684902686 
733542.3197492157 -102764.52090418997 -0.03018210904206005 
736677.1159874602 -83583.72296060144 -0.03719101752156389 
739811.9122257048 -62577.472525841265 -0.04282623155894658 
742946.7084639493 -47744.85716453667 -0.0471992630707933 
746081.5047021938 -37807.672518501146 -0.05005612560623901 
749216.3009404383 -24212.710610017944 -0.05087667066670933 
752351.0971786828 -862.589781642142 -0.04932558002086736 
755485.8934169273 28687.78150628679 -0.04558439411547345 
758620.6896551718 54162.85362364279 -0.04021641301906082 
761755.4858934163 68568.81419618306 -0.03370464119748257 
764890.2821316608 74778.28608245804 -0.026143678997248603 
768025.0783699054 81807.37913483562 -0.01740162408625551 
771159.8746081499 94732.7549721346 -0.007571369491992737 
774294.6708463944 108875.63293613616 0.0027753952296066912 
777429.4670846389 114382.2702460645 0.012811956667339522 
780564.2633228834 106392.00547268626 0.021937160346289484 
783699.0595611279 90107.7372277058 0.030022460835827637 
786833.8557993724 75443.59386192376 0.037180776310569756 
789968.6520376169 66878.63466992791 0.043314611964121535 
793103.4482758614 59175.020842663886 0.047931500150118295 
796238.244514106 43441.35976488762 0.050431689712268954 
799373.0407523505 17138.92585843724 0.0505742403778065 
802507.836990595 -12516.02652620247 0.04863779419709942 
805642.6332288395 -35354.38205615597 0.0451107979212943 
808777.429467084 -48133.763069655426 0.04023778163980637 
811912.2257053285 -57139.34580040522 0.03389643456161432 
815047.021943573 -70807.96143533054 0.025929288459128338 
818181.8181818175 -90165.48368765821 0.016573180721410948 
821316.614420062 -107158.11131697151 0.006524767668154124 
824451.4106583066 -112649.29057748066 -0.0034387001609066927 
827586.2068965511 -105687.53205128424 -0.012898054975997488 
830721.0031347956 -94314.85399546777 -0.021843791592939716 
833855.7993730401 -87079.0504673516 -0.03030163149484502 
836990.5956112846 -84179.67985317181 -0.03794083176526191 
840125.3918495291 -77550.36637853298 -0.044091101147934506 
843260.1880877736 -59773.650965166526 -0.048162858683479255 
846394.9843260181 -32434.27782070457 -0.05003978068496236 
849529.7805642626 -5108.71685876491 -0.050039790005128176 
852664.5768025072 13965.967011206973 -0.04849201886213887 
855799.3730407517 25757.820636531324 -0.04537813574812979 
858934.1692789962 38603.41320156671 -0.04041552348626877 
862068.9655172407 58637.72318683955 -0.033492103320345794 
865203.7617554852 82587.05448703229 -0.02499015081965031 
868338.5579937297 100528.88621569978 -0.015650810821817754 
871473.3542319742 105737.18714625735 -0.0061117386530455675 
874608.1504702187 101281.60316370061 0.0034081275515360364 
877742.9467084632 96463.7584795855 0.01295912241090023 
880877.7429467078 96856.65959990537 0.022418823318421568 
884012.5391849523 98429.21188145893 0.031237344115182974 
887147.3354231968 91930.16153358392 0.03865240381602204 
890282.1316614413 72910.51751118958 0.044161810776739786 
893416.9278996858 46833.51011457244 0.0477692252851577 
896551.7241379303 23886.95630961396 0.0497559124526508 
899686.5203761748 8936.7084928799 0.05022741298278039 
902821.3166144193 -2840.1690835800255 0.04891792158636559 
905956.1128526638 -20084.75727995606 0.04546111373017487 
909090.9090909084 -45357.239938937346 0.03984274428909882 
912225.7053291529 -71649.66501409147 0.03255650746862961 
915360.5015673974 -89002.84531130962 0.02429406387792831 
918495.2978056419 -94293.90937388196 0.015487308046531008 
921630.0940438864 -93929.96345889414 0.00617373115963329 
924764.8902821309 -96643.7576714268 -0.003686155315497785 
927899.6865203754 -103989.3613697738 -0.013787115158834759 
931034.4827586199 -108542.97387646139 -0.023411274783310457 
934169.2789968645 -101701.46720857942 -0.03180019184481422 
937304.075235109 -82874.56015749533 -0.03859028312838082 
940438.8714733535 -60401.03131685182 -0.04386783512428235 
943573.667711598 -43219.907757770714 -0.04779867440559475 
946708.4639498425 -32041.223374183803 -0.05023288757095694 
949843.260188087 -19276.129747278253 -0.05070867339876212 
952978.0564263315 2232.1662190751667 -0.04885695545395108 
956112.852664576 30889.696720158026 -0.044784279086444036 
959247.6489028205 57220.463788067485 -0.03903169606091632 
962382.445141065 73034.47265042525 -0.03215039691438548 
965517.2413793096 79282.6750193763 -0.02433486081437543 
968652.0376175541 84371.66373189286 -0.01549090001739297 
971786.8338557986 94742.59423944054 -0.005656241873372721 
974921.6300940431 107645.6084875378 0.004681143337418563 
978056.4263322876 113721.48333242454 0.014715374852574384 
981191.2225705321 106682.06324735473 0.023780964206902084 
984326.0188087766 89914.677589359 0.03167013519950465 
987460.8150470211 73070.20940469575 0.03849046403942431 
990595.6112852657 62221.09026354042 0.04422680596498617 
993730.4075235102 53965.77625087366 0.04847903885957688 
996865.2037617547 38719.08972598554 0.05070487945287468 
999999.9999999992 23620.34200348112 0.05008256317665565 
