#x u 
0.0 149772.3283257443 -0.030949411540274988 
3134.796238244514 223030.6649930272 -0.0332260536429651 
6269.592476489028 367338.5426952897 -0.030565764128996573 
9404.38871473354 495608.8198213894 -0.02680750088521203 
12539.184952978056 604747.2832862949 -0.02201106287803833 
15673.98119122257 690499.8504458065 -0.016363473022474276 
18808.777429467085 749550.802736023 -0.010083108298563796 
21943.5736677116 779616.6459602829 -0.00341283003317585 
25078.369905956115 779534.7344376086 0.0033894222773118354 
28213.16614420063 749308.235695958 0.010060605719493146 
31347.962382445145 690106.0076285056 0.016342745809026345 
34482.75862068966 604217.3988027108 0.0219929123575739 
37617.55485893417 494963.71941236017 0.026792613576633994 
40752.35109717868 366569.806301694 0.03055624514912741 
43887.14733542319 224000.6486382446 0.03313826754334833 
47021.943573667704 72769.39191523459 0.0344388340227416 
50156.739811912215 -81275.85523639919 0.03440765171652081 
53291.53605015673 -232178.1672515149 0.03304592644362903 
56426.33228840124 -374102.1557821853 0.03040631608375281 
59561.12852664575 -501559.6240082029 0.02659089429853053 
62695.92476489026 -609621.7950605443 0.02174720334580174 
65830.72100313478 -694109.9076903621 0.01606254862446371 
68965.51724137929 -751756.8088541079 0.009756755579732636 
72100.3134796238 -780333.2944338808 0.003073669059088239 
75235.10971786831 -778734.3125007211 -0.003728276161421503 
78369.90595611282 -747021.6956429867 -0.010386049043020817 
81504.70219435733 -686421.7699018286 -0.016642193687402863 
84639.49843260185 -599277.932776151 -0.022254785149394427 
87774.29467084636 -488960.0341043441 -0.02700678466808046 
90909.09090909087 -359734.0640616455 -0.03071443254985256 
94043.88714733538 -216597.1874347765 -0.033234354150819656 
97178.68338557989 -65084.50339400894 -0.034469104170432 
100313.4796238244 88944.99664290948 -0.034370934858633025 
103448.27586206891 239534.99605133914 -0.03294364242007025 
106583.07210031342 380862.1836034554 -0.030242420214963664 
109717.86833855794 507461.4407568465 -0.02637172443335007 
112852.66457680245 614437.1776415886 -0.021481234777023087 
115987.46081504696 697652.6453888802 -0.015760066349489718 
119122.25705329147 753889.904098562 -0.009429456580002946 
122257.05329153598 780974.2604885257 -0.0027342099781214445 
125391.84952978049 777858.3632254584 0.004066768450092306 
128526.645768025 744662.7039727373 0.010710485051694604 
131661.44200626953 682670.9579810479 0.016940027484348173 
134796.23824451404 594280.3444009582 0.022514499509692008 
137931.03448275855 482908.92588282545 0.02721833644440121 
141065.83072100306 352863.43218601577 0.03086964104069472 
144200.62695924757 209172.71905491786 0.03332721744801584 
147335.42319749208 57393.302502530336 0.03449603125277666 
150470.2194357366 -96605.51151434908 0.03433088445657596 
153605.0156739811 -246868.59299864908 0.032838163281582136 
156739.81191222562 -387585.27262988104 0.030075591215493525 
159874.60815047013 -513314.0401905159 0.026149996845821397 
163009.40438871464 -619192.9676197765 0.021213182801283467 
166144.20062695915 -701127.7196410111 0.015456055548233216 
169278.99686520366 -755949.8815967479 0.009101243042739418 
172413.79310344817 -781539.4819583044 0.002394485713511415 
175548.58934169268 -776906.9715677921 -0.004404866313871419 
178683.3855799372 -742231.4894774454 -0.011033882279341767 
181818.1818181817 -678853.9356472897 -0.017236218313766313 
184952.97805642622 -589225.1183797423 -0.022772030249471976 
188087.77429467073 -476810.98162845924 -0.027427248387760634 
191222.57053291524 -345958.57703884476 -0.03102185556840137 
194357.36677115975 -201727.96357781417 -0.03341684842837634 
197492.16300940426 -49696.5351896072 -0.03451961265819058 
200626.95924764877 104256.65687806434 -0.03428750439473001 
203761.75548589329 254178.24682767678 -0.032729499258301424 
206896.5517241378 394270.7708072064 -0.0299058452656364 
210031.3479623823 519116.85468139127 -0.025925733040704467 
213166.14420062682 623888.7037438747 -0.020943073416220273 
216300.94043887133 704534.7934086794 -0.015150545705880996 
219435.73667711584 757936.5415570065 -0.008772146800486899 
222570.53291536035 782028.9040239103 -0.0020545292141972288 
225705.32915360486 775880.2298006283 0.004742536961560068 
228840.12539184937 739728.2879540398 0.011356209360538577 
231974.9216300939 674971.0731032423 0.017530737448908616 
235109.7178683384 584112.7450052229 0.02302735239152331 
238244.5141065829 470666.7927643901 0.027633500236353352 
241379.31034482742 339020.16830338526 0.03117106137009647 
244514.10658307193 194263.64305019454 0.03350323839883433 
247648.90282131644 41994.94794391732 0.03453984609957685 
250783.69905956095 -111897.69067012535 0.03424079888041028 
253918.49529780546 -261463.2485948346 0.03261766088925851 
257053.29153604998 -400918.02972701524 0.029733198828593876 
260188.0877742945 -524869.3214301644 0.025698954768740366 
263322.884012539 -628523.9305871177 0.020670932819013443 
266457.6802507835 -707873.5362490041 0.014843566453007717 
269592.476489028 -759849.6912985549 0.008442199771401288 
272727.27272727253 -782442.4792176201 0.0017143734516418682 
275862.06896551704 -774778.2375048802 -0.0050797476433937765 
278996.86520376155 -737153.3421812782 -0.011677435033651606 
282131.66144200607 -671022.7469372597 -0.017823556325159303 
285266.4576802506 -578943.7201126894 -0.02328044117284081 
288401.2539184951 -464476.95519890735 -0.027837071986369585 
291536.0501567396 -332048.87891716807 -0.03131724397471226 
294670.8463949841 -186780.48141635276 -0.03358637898065995 
297805.6426332286 -34289.28772161386 -0.03455672961454874 
300940.43887147313 119527.87180729587 -0.03419077244345841 
304075.23510971764 268722.89174747013 -0.03250265902135463 
307210.03134796215 407526.40468961286 -0.029557668648877513 
310344.82758620667 530570.8825206172 -0.025469684024541257 
313479.6238244512 633098.1985913706 -0.020396787403844752 
316614.4200626957 711143.6243463317 -0.014535147562702338 
319749.2163009402 761689.1452701644 -0.008111433956154069 
322884.0125391847 782780.1674278917 -0.0013740514166342794 
326018.8087774292 773601.1015598029 0.00541646565421911 
329153.60501567373 734506.901896195 0.011997528143870263 
332288.40125391824 667009.3400868344 0.018114646542806295 
335423.19749216276 573718.5450319092 0.023531272047027024 
338557.99373040727 458242.0692676434 0.028037943893934932 
341692.7899686518 325045.38500672905 0.031460389204392564 
344827.5862068963 179279.20444793397 0.03366626211027261 
347962.3824451408 26580.301873877506 0.034570261565619625 
351097.1786833853 -127146.4602589093 0.034137429935803515 
354231.9749216298 -275956.47219239763 0.03238450480831061 
357366.77115987433 -414095.2547665559 0.029379271750685658 
360501.56739811884 -536220.9849737338 0.0252379430444576 
363636.36363636336 -637611.0641107268 0.02012066375933772 
366771.15987460787 -714344.7405436446 0.014225318947680218 
369905.9561128524 -763454.7250681607 0.007779881434828582 
373040.7523510969 -783041.9359032577 0.0010335961160897822 
376175.5485893414 -772348.9361326356 -0.005752658336665254 
379310.3448275859 -731789.2237698932 -0.01231645764622793 
382445.1410658304 -662931.242508461 -0.018403979902202303 
385579.93730407493 -568437.7129020863 -0.023779820061610016 
388714.73354231945 -451962.24430699047 -0.028236073770465962 
391849.52978056396 -318004.1989406106 -0.03160020050004437 
394984.32601880847 -171713.77834373512 -0.033740736606979106 
398119.122257053 -18616.194398610198 -0.034568864612431596 
401253.9184952975 135798.8275429305 -0.03403282520751934 
404388.714733542 286631.3035743232 -0.032104243777034136 
407523.5109717865 430072.9040340042 -0.028764906538786342 
410658.307210031 563337.165330615 -0.024017414231895583 
413793.10344827553 683426.8876199119 -0.017946520362737868 
416927.89968652005 784860.2927168427 -0.010825394208315693 
420062.69592476456 857932.5606648851 -0.0031944612699610496 
423197.49216300907 890016.693882941 0.004201921404208076 
426332.2884012536 871026.8376783468 0.010672293773168747 
429467.0846394981 800408.5348157922 0.015907371303293807 
432601.8808777426 689943.553747602 0.020119589142477093 
435736.6771159871 558315.1739196654 0.02380665599200986 
438871.4733542316 420058.771705688 0.02725894463336627 
442006.26959247614 277644.32930873067 0.030211108018442324 
445141.06583072065 124128.71211988255 0.03197829274809436 
448275.86206896516 -45335.409637330784 0.031997858127655356 
451410.65830720967 -223639.29661123018 0.030294513461425976 
454545.4545454542 -393147.7884617089 0.027426431274978076 
457680.2507836987 -537349.4396076262 0.023960906154548503 
460815.0470219432 -651426.3082822994 0.01999718963930383 
463949.8432601877 -741360.698683341 0.015212137087903439 
467084.6394984322 -812789.590164941 0.009372987402933127 
470219.43573667674 -861328.8683040013 0.0027798873536170653 
473354.23197492125 -874532.0313771869 -0.0038277267058914894 
476489.02821316576 -843493.7121858206 -0.009809539904708576 
479623.82445141027 -771993.7466655619 -0.015052477981789268 
482758.6206896548 -673615.8698291196 -0.019849707405867365 
485893.4169278993 -559842.2951911179 -0.024367659042771193 
489028.2131661438 -431544.7846756682 -0.028269914877812694 
492163.0094043883 -282669.84508441057 -0.030900683105293432 
495297.8056426328 -112057.01675703505 -0.031841150728800616 
498432.60188087734 69248.02875524464 -0.03125883937393122 
501567.39811912185 243104.7445534242 -0.02968642148078008 
504702.19435736636 396683.3095350147 -0.027464632271082715 
507836.99059561087 529376.6602748509 -0.02443498864962522 
510971.7868338554 647210.8695205718 -0.020203184473365676 
514106.5830720999 750879.1024266185 -0.014692164520401799 
517241.3793103444 830200.7487046751 -0.008397965258932657 
520376.1755485889 871012.7232973614 -0.0020728433221708946 
523510.9717868334 867386.1866594567 0.003838812744191826 
526645.768025078 826421.5483432171 0.009427621112059923 
529780.5642633225 760638.8780233557 0.014980259456541644 
532915.360501567 675985.1310291064 0.020440158499473057 
536050.1567398115 568044.3296188938 0.025243110662897465 
539184.952978056 430348.0665578375 0.028708361861331244 
542319.7492163006 265870.20931054786 0.030582886553295108 
545454.5454545451 89355.52228196136 0.031177035193395836 
548589.3416927896 -82240.11641539057 0.0309574610275587 
551724.1379310341 -241308.45877991006 0.030025894977615153 
554858.9341692786 -390997.7082661474 0.028021984739027235 
557993.7304075231 -534979.8252273626 0.02453919680590175 
561128.5266457676 -666585.3342554291 0.019613740762511926 
564263.3228840121 -769399.298579236 0.01378849158618988 
567398.1191222566 -829602.4630942354 0.007711766702589792 
570532.9153605012 -847775.3798002156 0.0017098045298644476 
573667.7115987457 -837820.4315731945 -0.004229373941875386 
576802.5078369902 -813509.004154311 -0.010086579662698592 
579937.3040752347 -775783.9456268275 -0.015503590605099695 
583072.1003134792 -713237.4339062066 -0.019912427543506084 
586206.8965517237 -614839.6317990511 -0.02299149491331019 
589341.6927899682 -481841.9000810254 -0.02495868937686546 
592476.4890282127 -327267.9054386684 -0.02635222856689848 
595611.2852664572 -164615.7718848879 -0.027478620840561685 
598746.0815047018 1704.4822631432594 -0.028074158124359212 
601880.8777429463 174293.95634267374 -0.027534791217869205 
605015.6739811908 352044.7939476961 -0.025499207765883512 
608150.4702194353 523054.3401722049 -0.022205742392247797 
611285.2664576798 669397.2266635739 -0.01826997603795714 
614420.0626959243 779146.8067244773 -0.01412145042133033 
617554.8589341688 853167.1659149174 -0.009684000145798816 
620689.6551724133 899614.3730205382 -0.004623734362320176 
623824.4514106578 922011.5404243178 0.0011075351796552549 
626959.2476489024 913520.7024718056 0.007014446126466725 
630094.0438871469 863492.2480648961 0.012365374049358141 
633228.8401253914 769420.3224404851 0.016749858405109484 
636363.6363636359 641703.0668496017 0.020308231861539627 
639498.4326018804 496126.1899056049 0.023400088795783723 
642633.2288401249 341847.3388873452 0.02606759154554367 
645768.0250783694 177338.15395267674 0.027864065313214115 
648902.8213166139 -1670.8981823969452 0.028232735096691615 
652037.6175548584 -190847.71958005478 0.027040616607050483 
655172.413793103 -374708.83582718443 0.024708212125571775 
658307.2100313475 -535811.8847684646 0.021799332042073235 
661442.006269592 -666293.2069518872 0.018501352755755165 
664576.8025078365 -769883.4004223268 0.01453952106521954 
667711.598746081 -852530.1087442724 0.009610796297047289 
670846.3949843255 -911704.005848699 0.003875215763973985 
673981.19122257 -935802.2644205237 -0.002018466879950463 
677115.9874608145 -914395.722881955 -0.007407009244984525 
680250.783699059 -848615.9602307471 -0.012095961522068578 
683385.5799373036 -750785.4184665873 -0.016352237277837488 
686520.3761755481 -633654.8212761281 -0.02042230172220547 
689655.1724137926 -500483.79944877315 -0.024090560540810685 
692789.9686520371 -346256.75095035415 -0.02674920702067681 
695924.7648902816 -168568.84545649376 -0.02791182524393282 
699059.5611285261 23484.85778369134 -0.027635394064635894 
702194.3573667706 212006.1967427486 -0.026410590552102667 
705329.1536050151 381999.43756122433 -0.024637985869723926 
708463.9498432596 530049.4832245698 -0.022241346436203815 
711598.7460815042 661126.1366195399 -0.01882312060047276 
714733.5423197487 777144.1138173931 -0.014195385742591028 
717868.3385579932 869550.4870708338 -0.008723496078846942 
721003.1347962377 923937.8310113982 -0.0031156587282999207 
724137.9310344822 931994.9374829561 0.0021267084446274635 
727272.7272727267 898350.9877505763 0.007027355959779595 
730407.5235109712 835195.0646366107 0.011895860384247996 
733542.3197492157 750355.0236300299 0.016790821251051066 
736677.1159874602 641337.169079386 0.021258262540043957 
739811.9122257048 501500.5745810993 0.024627784543033823 
742946.7084639493 331730.02915559604 0.02656177818431117 
746081.5047021938 145151.7474264577 0.02728620611492967 
749216.3009404383 -40279.08166887669 0.027265361616866615 
752351.0971786828 -213765.74434405615 0.0266662633209329 
755485.8934169273 -375894.4014376668 0.0251776973797418 
758620.6896551718 -530935.4064416208 0.022374103181439304 
761755.4858934163 -675596.3013584506 0.018239997478508872 
764890.2821316608 -796313.1549259727 0.013300568047572821 
768025.0783699054 -878160.5045372891 0.008216995871939504 
771159.8746081499 -916212.7440101481 0.0032665631399773016 
774294.6708463944 -917579.4576483498 -0.0017526334836502093 
777429.4670846389 -892102.8329099666 -0.007100067856490403 
780564.2633228834 -841574.3766871494 -0.012605915008612077 
783699.0595611279 -758824.2990965687 -0.01763905321707027 
786833.8557993724 -637596.5955568529 -0.021571412011439084 
789968.6520376169 -482731.3975607079 -0.024257906410201195 
793103.4482758614 -309811.1079599588 -0.02603440634341501 
796238.244514106 -134466.22332882407 -0.027242172271578418 
799373.0407523505 37630.340706137744 -0.027783727011698216 
802507.836990595 209811.28299644002 -0.027180316646532757 
805642.6332288395 383780.7523050643 -0.025071962498012572 
808777.429467084 550758.9394128649 -0.02163427257966345 
811912.2257053285 693986.3114416567 -0.017472425026635475 
815047.021943573 800207.5014694207 -0.013101077486221094 
818181.8181818175 868294.0622661568 -0.008552713609885507 
821316.614420062 906149.0227084571 -0.0035202752296400338 
824451.4106583066 919320.559556544 0.002123048776074974 
827586.2068965511 903418.7610461584 0.007981154769080316 
830721.0031347956 848372.2110865122 0.013337672500381467 
833855.7993730401 750055.7562024349 0.017698805504197453 
836990.5956112846 617021.0308722879 0.021113626158768082 
840125.3918495291 465165.18032903934 0.023942962578285456 
843260.1880877736 305808.61158402753 0.026327134995927287 
846394.9843260181 139533.74612337828 0.027918177931237305 
849529.7805642626 -37964.23330983398 0.028162513303972604 
852664.5768025072 -224422.95262263695 0.026839771840408148 
855799.3730407517 -406267.45452828397 0.024292842877327213 
858934.1692789962 -565833.2651078668 0.021107588095689175 
862068.9655172407 -693229.4894804414 0.017577719981990675 
865203.7617554852 -790627.5369564762 0.013514390606787961 
868338.5579937297 -864708.3681884783 0.008595846470371454 
871473.3542319742 -915419.4627248836 0.0028833834533792497 
874608.1504702187 -933025.9269155285 -0.0030457598892867214 
877742.9467084632 -906666.268178205 -0.008495645844394497 
880877.7429467078 -835476.0899464785 -0.013169181849544213 
884012.5391849523 -730595.9762925624 -0.017270113740023147 
887147.3354231968 -605916.3804734971 -0.02109066080723613 
890282.1316614413 -467201.08690994064 -0.024526281346662144 
893416.9278996858 -310879.7801208727 -0.0270345859473427 
896551.7241379303 -133584.91276399788 -0.028087131484276218 
899686.5203761748 57823.22480141395 -0.027643413271527015 
902821.3166144193 246532.82248293003 -0.026151925754001073 
905956.1128526638 416329.12934632954 -0.024079096032807546 
909090.9090909084 561595.1646228463 -0.021461578640075377 
912225.7053291529 686524.4681603538 -0.017950880182244413 
915360.5015673974 794639.403290117 -0.013299859503793263 
918495.2978056419 879874.7889306941 -0.007774747118932205 
921630.0940438864 928800.3965555851 -0.0020537266749329278 
924764.8902821309 931799.1635494553 0.003287868611086831 
927899.6865203754 891558.145510954 0.008171963357946026 
931034.4827586199 820010.7673442373 0.01288536185858883 
934169.2789968645 726961.3797989221 0.017568385416673656 
937304.075235109 612310.4106952641 0.02187044337381048 
940438.8714733535 469952.79346767266 0.025142109046047124 
943573.667711598 299097.0928906372 0.026968254528058507 
946708.4639498425 110912.02705120205 0.02748736228066268 
949843.260188087 -76708.27670720566 0.027166018291985672 
952978.0564263315 -251001.1617061519 0.026269094913167063 
956112.852664576 -410614.8686525361 0.024584295973398156 
959247.6489028205 -559989.2014238642 0.021690339824092766 
962382.445141065 -698024.7080044538 0.017484759527518653 
965517.2413793096 -813212.9398378556 0.012413031916931508 
968652.0376175541 -890575.6059484783 0.007153675198348231 
971786.8338557986 -923309.7053368803 0.0020847739510269536 
974921.6300940431 -917052.535830944 -0.002914081085880936 
978056.4263322876 -882399.6510077602 -0.008124169303008057 
981191.2225705321 -823608.933487951 -0.013477764635934584 
984326.0188087766 -735373.7967249989 -0.018420392742646438 
987460.8150470211 -611003.852115269 -0.022297849520644834 
990595.6112852657 -453305.54273059516 -0.024868349462352068 
993730.4075235102 -276545.1238697664 -0.026409469042124448 
996865.2037617547 -98909.67676247664 -0.027237186373428937 
999999.9999999992 149772.32832240494 -0.030949411540428063 
