#x u 
0.0 163609.17340813082 0.02399512387991769 
3134.796238244514 282411.7709184616 0.01988785967513232 
6269.592476489028 464078.1161697871 0.018393650935573852 
9404.38871473354 626365.9081476139 0.016122490102556584 
12539.184952978056 764490.5978366472 0.013230552250506619 
15673.98119122257 873050.0828137939 0.009826880486789695 
18808.777429467085 947848.8117020543 0.006043206596323407 
21943.5736677116 985994.2512970164 0.002025842012803325 
25078.369905956115 986011.3197199921 -0.0020698618262952485 
28213.16614420063 947899.3569227246 -0.006085524164232754 
31347.962382445145 873132.1514818646 -0.009865859446376243 
34482.75862068966 764600.9492213463 -0.013264682209017041 
37617.55485893417 626502.6488142272 -0.01615056006731672 
40752.35109717868 464177.5078238472 -0.018411896202094855 
43887.14733542319 283902.63508745236 -0.019961244805825916 
47021.943573667704 92649.25508624488 -0.020738692609664933 
50156.739811912215 -102186.86911784983 -0.020714175727942635 
53291.53605015673 -293071.4298409181 -0.019888642227816042 
56426.33228840124 -472622.9262526025 -0.018294015467536784 
59561.12852664575 -633898.1068147244 -0.015991959621046034 
62695.92476489026 -770660.4646315665 -0.013071495126026355 
65830.72100313478 -877621.4030038331 -0.009645556265970058 
68965.51724137929 -950644.7453208007 -0.005846624004473526 
72100.3134796238 -986906.6808986389 -0.0018216029499372192 
75235.10971786831 -985004.9616636209 0.0022738594416910705 
78369.90595611282 -945013.1270474282 0.0062813917498522505 
81504.70219435733 -868477.6602193055 0.01004602280795056 
84639.49843260185 -758358.1856234905 0.01342217443419863 
87774.29467084636 -618913.0203815394 0.016279290935992716 
90909.09090909087 -455534.50528373756 0.018506887695035036 
94043.88714733538 -274540.4831157393 0.02001882360455254 
97178.68338557989 -82929.9878479301 0.02075663214357952 
100313.4796238244 111887.40782000675 0.020691782275751143 
103448.27586206891 302378.1204361473 0.01982678174371264 
106583.07210031342 481175.8792658416 0.01819508009477819 
109717.86833855794 641366.5797829668 0.015859775187835143 
112852.66457680245 776755.651905964 0.012911173200840533 
115987.46081504696 882107.6038559824 0.009463296493363554 
119122.25705329147 953348.4784835018 0.005649474364992522 
122257.05329153598 987723.3930865055 0.0016171872146873106 
125391.84952978049 983903.0706548815 -0.0024776365224840695 
128526.645768025 942035.2429310441 -0.0064766501216456576 
131661.44200626953 863738.9375041955 -0.010225211826058095 
134796.23824451404 752041.8703122193 -0.013578364851392693 
137931.03448275855 611263.36555392 -0.016406442934305574 
141065.83072100306 446847.3278561644 -0.018600084537920225 
144200.62695924757 265151.7132438878 -0.02007446124600464 
147335.42319749208 73202.64274116373 -0.02077255695662833 
150470.2194357366 -121577.23303479022 -0.020667375650056972 
153605.0156739811 -311655.48412021756 -0.019762998316958616 
156739.81191222562 -489681.1732139193 -0.018094425460824466 
159874.60815047013 -648770.9589879095 -0.0157261391613792 
163009.40438871464 -782778.240411218 -0.012749473613358413 
166144.20062695915 -886524.9016325991 -0.009279355695736555 
169278.99686520366 -955976.2601102415 -0.0054510199642618645 
172413.79310344817 -988387.5926044026 -0.0014152143673705742 
175548.58934169268 -982513.3557156199 0.002672354224977263 
178683.3855799372 -938853.3713354288 0.006666118003076736 
181818.1818181817 -859525.0237541873 0.010431305082873082 
184952.97805642622 -747308.1828268011 0.013809125736496852 
188087.77429467073 -604621.831221001 0.016580931147171983 
191222.57053291524 -434679.4104717646 0.018533914741852564 
194357.36677115975 -245440.80936559415 0.01965618754358484 
197492.16300940426 -51829.36703480943 0.02025296954963568 
200626.95924764877 129628.51880610354 0.020715530981051153 
203761.75548589329 290985.185884897 0.02106864534571868 
206896.5517241378 436197.6220331433 0.02083126665929652 
210031.3479623823 572285.4423451966 0.019433415771152596 
213166.14420062682 698651.1191966989 0.01671531524366769 
216300.94043887133 806582.1422109165 0.012957446940530033 
219435.73667711584 886469.5556829565 0.008554267761679647 
222570.53291536035 932577.5606161141 0.0037973605855579264 
225705.32915360486 942622.8163568543 -0.0011063904222979436 
228840.12539184937 916216.8731357942 -0.005967357342273912 
231974.9216300939 854380.848067248 -0.010597566714283788 
235109.7178683384 759505.9385778729 -0.014817968466416313 
238244.5141065829 635260.9548664775 -0.01846535977640126 
241379.31034482742 486450.4471122885 -0.0213986961203583 
244514.10658307193 318828.9136487092 -0.023504545460742765 
247648.90282131644 138878.2746675062 -0.024701474660187385 
250783.69905956095 -46442.783460713734 -0.02494319849873453 
253918.49529780546 -229967.90040133387 -0.02422036952204743 
257053.29153604998 -404600.16481717187 -0.02256093950721803 
260188.0877742945 -563586.5517390528 -0.020029078568298404 
263322.884012539 -700779.061859783 -0.016722693699715914 
266457.6802507835 -810872.4645020417 -0.012769642715431417 
269592.476489028 -889609.4507460159 -0.00832278999071135 
272727.27272727253 -933945.2634508553 -0.0035540952008467205 
275862.06896551704 -942165.4379314338 0.0013520363548665884 
278996.86520376155 -913952.100261625 0.006205884701092852 
282131.66144200607 -850396.2594504767 0.01081975165280142 
285266.4576802506 -753955.6181531652 0.015015219099034596 
288401.2539184951 -628359.5333754114 0.01863004842646086 
291536.0501567396 -478464.80233834696 0.021524454282189836 
294670.8463949841 -310067.8502605695 0.023586510069609788 
297805.6426332286 -129680.58275080594 0.024736476146868983 
300940.43887147313 55721.429406876174 0.024929883356681906 
304075.23510971764 238968.6953877193 0.024159252647445728 
307210.03134796215 412975.0483436842 0.022454384287964656 
310344.82758620667 571011.6672849188 0.01988120549185665 
313479.6238244512 706967.2804065029 0.01653922101397558 
316614.4200626957 815584.4878048123 0.012557665304216606 
319749.2163009402 892663.0649904225 0.008090505014813728 
322884.0125391847 935222.3854561773 0.003310485114038156 
326018.8087774292 941616.6814240669 -0.0015975511570797147 
329153.60501567373 911598.6856409527 -0.0064438101679108045 
332288.40125391824 846329.1931965977 -0.011040887212820026 
335423.19749216276 748332.1736087567 -0.015211013446094202 
338557.99373040727 621397.1689897933 -0.01879293019842545 
341692.7899686518 470432.752555095 -0.021648124845317362 
344827.5862068963 301276.7142288246 -0.023666187086549603 
347962.3824451408 120470.31346452585 -0.02476907850951849 
351097.1786833853 -64994.67108205145 -0.024914150332554105 
354231.9749216298 -247946.31344556378 -0.024095792632160544 
357366.77115987433 -421309.87853530503 -0.022345651278606788 
360501.56739811884 -578381.4019509271 -0.019731404190974217 
363636.36363636336 -713086.9321055324 -0.016354144233845597 
366771.15987460787 -820217.4097702157 -0.012344469958950041 
369905.9561128524 -895630.1022543767 -0.007857435362679332 
373040.7523510969 -936408.8027674671 -0.0030665539522168545 
376175.5485893414 -940976.6000571669 0.001842911017119532 
379310.3448275859 -909156.8575251098 0.006681110666979 
382445.1410658304 -842180.0437593916 0.011260951946998565 
385579.93730407493 -742636.1503473545 0.015405332518029818 
388714.73354231945 -614374.53697055 0.018953989294831573 
391849.52978056396 -462355.07676935964 0.02176969581526679 
394984.32601880847 -292456.35818202636 0.023743568783903338 
398119.122257053 -111248.36008781967 0.024799278586120625 
401253.9184952975 74261.60909956312 0.024896000952254492 
404388.714733542 256899.8838599283 0.024029995631007373 
407523.5109717865 429603.8470193568 0.02223475102486541 
410658.307210031 585695.0409664081 0.019579689194474736 
413793.10344827553 719137.423428375 0.016167481309423127 
416927.89968652005 824770.7810636614 0.012130077356872677 
420062.69592476456 898510.2747729454 0.007623603639104492 
423197.49216300907 937504.400317312 0.002822325373607513 
426332.2884012536 940245.2559104956 -0.0020880921381957462 
429467.0846394981 906626.852740409 -0.006917763183162841 
432601.8808777426 837949.2135536544 -0.011479924511852691 
435736.6771159871 736868.1008108718 -0.01559815746835943 
438871.4733542316 607292.3184237974 -0.01911321009499243 
442006.26959247614 454232.5584131031 -0.02188915540119798 
445141.06583072065 283607.637582691 -0.023818647656629135 
448275.86206896516 102015.61703304344 -0.024827073447651567 
451410.65830720967 -83521.34468411694 -0.024875436976042577 
454545.4545454542 -265828.5382481961 -0.02396186802545979 
457680.2507836987 -437856.1493862314 -0.022121694282656763 
460815.0470219432 -592951.875001263 -0.019426075216786156 
463949.8432601877 -725118.1675542158 -0.015979250344641198 
467084.6394984322 -829244.1600659601 -0.011914508291344075 
470219.43573667674 -901303.3032059711 -0.007389032522796661 
473354.23197492125 -938509.0718466633 -0.002577823065280559 
476489.02821316576 -939422.7199151478 0.002333070740853333 
479623.82445141027 -904008.9166651841 0.007153744764173752 
482758.6206896548 -833637.1129161861 0.011697783669824654 
485893.4169278993 -731028.5844268618 0.015789469595511772 
489028.2131661438 -600151.2002347928 0.019270577156512418 
492163.0094043883 -446065.98526745 0.02200649201704824 
495297.8056426328 -274731.4106443362 0.02389141642302986 
498432.60188087734 -92772.97975901463 0.024852460398362773 
501567.39811912185 92772.97975896286 0.024852460398362933 
504702.19435736636 274731.4106442856 0.02389141642303031 
507836.99059561087 446065.98526740255 0.022006492017048934 
510971.7868338554 600151.200234751 0.019270577156513334 
514106.5830720999 731028.584426828 0.015789469595512844 
517241.3793103444 833637.1129161618 0.01169778366982585 
520376.1755485889 904008.9166651688 0.007153744764175036 
523510.9717868334 939422.7199151427 0.0023330707408547365 
526645.768025078 938509.0718466688 -0.0025778230652791817 
529780.5642633225 901303.3032059866 -0.007389032522795306 
532915.360501567 829244.1600659848 -0.011914508291342833 
536050.1567398115 725118.1675542488 -0.015979250344640105 
539184.952978056 592951.8750013034 -0.01942607521678528 
542319.7492163006 437856.14938627684 -0.022121694282656132 
545454.5454545451 265828.53824824624 -0.02396186802545944 
548589.3416927896 83521.34468417053 -0.02487543697604251 
551724.1379310341 -102015.61703298932 -0.024827073447651754 
554858.9341692786 -283607.6375826397 -0.02381864765662957 
557993.7304075231 -454232.5584130565 -0.02188915540119865 
561128.5266457676 -607292.3184237577 -0.019113210094993293 
564263.3228840121 -736868.1008108394 -0.0155981574683605 
567398.1191222566 -837949.2135536306 -0.011479924511853949 
570532.9153605012 -906626.8527403948 -0.006917763183164195 
573667.7115987457 -940245.2559104916 -0.0020880921381971397 
576802.5078369902 -937504.4003173173 0.002822325373606112 
579937.3040752347 -898510.2747729606 0.007623603639103145 
583072.1003134792 -824770.7810636865 0.012130077356871462 
586206.8965517237 -719137.4234284094 0.01616748130942209 
589341.6927899682 -585695.0409664499 0.019579689194473917 
592476.4890282127 -429603.8470194041 0.022234751024864795 
595611.2852664572 -256899.88385997954 0.02402999563100701 
598746.0815047018 -74261.60909961605 0.024896000952254378 
601880.8777429463 111248.36008776755 0.024799278586120757 
605015.6739811908 292456.35818197724 0.023743568783903733 
608150.4702194353 462355.0767693144 0.021769695815267474 
611285.2664576798 614374.5369705098 0.018953989294832482 
614420.0626959243 742636.1503473211 0.015405332518030904 
617554.8589341688 842180.0437593672 0.011260951946999834 
620689.6551724133 909156.8575250952 0.006681110666980353 
623824.4514106578 940976.6000571621 0.0018429110171209325 
626959.2476489024 936408.8027674735 -0.0030665539522154446 
630094.0438871469 895630.1022543936 -0.007857435362677991 
633228.8401253914 820217.4097702425 -0.012344469958948818 
636363.6363636359 713086.9321055677 -0.016354144233844542 
639498.4326018804 578381.4019509692 -0.01973140419097335 
642633.2288401249 421309.8785353525 -0.022345651278606146 
645768.0250783694 247946.31344561436 -0.024095792632160145 
648902.8213166139 64994.67108210272 -0.02491415033255397 
652037.6175548584 -120470.31346447421 -0.024769078509518656 
655172.413793103 -301276.71422877506 -0.023666187086550064 
658307.2100313475 -470432.7525550491 -0.021648124845318084 
661442.006269592 -621397.1689897527 -0.01879293019842637 
664576.8025078365 -748332.173608724 -0.01521101344609528 
667711.598746081 -846329.1931965752 -0.01104088721282127 
670846.3949843255 -911598.6856409397 -0.006443810167912127 
673981.19122257 -941616.6814240639 -0.0015975511570811012 
677115.9874608145 -935222.3854561843 0.00331048511403678 
680250.783699059 -892663.06499044 0.008090505014812358 
683385.5799373036 -815584.4878048394 0.01255766530421536 
686520.3761755481 -706967.2804065394 0.016539221013974516 
689655.1724137926 -571011.6672849625 0.019881205491855812 
692789.9686520371 -412975.0483437324 0.02245438428796404 
695924.7648902816 -238968.69538777164 0.024159252647445416 
699059.5611285261 -55721.42940693064 0.024929883356681885 
702194.3573667706 129680.58275075143 0.024736476146869232 
705329.1536050151 310067.850260517 0.02358651006961031 
708463.9498432596 478464.80233829876 0.021524454282190596 
711598.7460815042 628359.5333753702 0.01863004842646185 
714733.5423197487 753955.6181531321 0.015015219099035767 
717868.3385579932 850396.2594504531 0.010819751652802741 
721003.1347962377 913952.1002616126 0.006205884701094261 
724137.9310344822 942165.4379314313 0.0013520363548680302 
727272.7272727267 933945.2634508631 -0.0035540952008452837 
730407.5235109712 889609.4507460343 -0.008322789990709987 
733542.3197492157 810872.4645020694 -0.01276964271543016 
736677.1159874602 700779.0618598185 -0.01672269369971481 
739811.9122257048 563586.5517390949 -0.020029078568297498 
742946.7084639493 404600.1648172199 -0.022560939507217395 
746081.5047021938 229967.9004013856 -0.024220369522047057 
749216.3009404383 46442.78346076745 -0.02494319849873445 
752351.0971786828 -138878.27466745256 -0.02470147466018759 
755485.8934169273 -318828.9136486591 -0.023504545460743258 
758620.6896551718 -486450.44711224386 -0.021398696120359006 
761755.4858934163 -635260.9548664397 -0.01846535977640216 
764890.2821316608 -759505.938577842 -0.014817968466417381 
768025.0783699054 -854380.8480672253 -0.010597566714285037 
771159.8746081499 -916216.873135781 -0.005967357342275236 
774294.6708463944 -942622.8163568517 -0.0011063904222993622 
777429.4670846389 -932577.5606161229 0.003797360585556504 
780564.2633228834 -886469.5556829754 0.00855426776167828 
783699.0595611279 -806094.6262361096 0.012979793564426571 
786833.8557993724 -694102.5674200411 0.016923810515780915 
789968.6520376169 -551667.4757544583 0.020378496483833723 
793103.4482758614 -376022.4512487227 0.023589559677200708 
796238.244514106 -165087.4749352662 0.02683951018175684 
799373.0407523505 68351.54731137429 0.029790487095629342 
802507.836990595 288721.2396560931 0.03111155440667223 
805642.6332288395 456190.72720563016 0.029316484628314765 
808777.429467084 562104.6943494956 0.024374800047912263 
811912.2257053285 641039.5405716412 0.018250236146569548 
815047.021943573 736628.7993873815 0.013319607079676896 
818181.8181818175 852142.4116420436 0.0100929029283429 
821316.614420062 940690.9821178069 0.006750349903455285 
824451.4106583066 949779.5033649001 0.0011719088550519357 
827586.2068965511 874695.3551136326 -0.006626608049723606 
830721.0031347956 763681.1178435523 -0.014265392094437453 
833855.7993730401 668622.9424708628 -0.019267486094175123 
836990.5956112846 593005.5134410826 -0.021448223961161472 
840125.3918495291 491953.9483747599 -0.02291427439762607 
843260.1880877736 324231.04262603313 -0.025678283288941783 
846394.9843260181 101292.2703095563 -0.029405569768169687 
849529.7805642626 -118411.26232464533 -0.03166790265310429 
852664.5768025072 -284105.707754479 -0.030439873959594535 
855799.3730407517 -399096.3621027106 -0.026214179420739187 
858934.1692789962 -510394.02405993966 -0.021512920615739846 
862068.9655172407 -652775.4919363684 -0.0183092644280637 
865203.7617554852 -806365.2052151142 -0.016068423016890793 
868338.5579937297 -912546.3356254767 -0.012462431990207766 
871473.3542319742 -931629.1920241592 -0.005999660406683112 
874608.1504702187 -881780.1719841929 0.002203444971748584 
877742.9467084632 -818409.1603950406 0.009378166698026734 
880877.7429467078 -775781.8019054604 0.013788727113804832 
884012.5391849523 -732265.0336198582 0.016331739239418646 
887147.3354231968 -635675.4528686366 0.019377968772773462 
890282.1316614413 -461943.1510749963 0.02408413723287857 
893416.9278996858 -245253.44969701424 0.029009227886359894 
896551.7241379303 -47813.02637391827 0.031495466890767675 
899686.5203761748 99157.70475217012 0.030365610415864153 
902821.3166144193 221404.22917881087 0.027103976539008617 
905956.1128526638 367565.97598781786 0.02428290070032703 
909090.9090909084 551180.5810458438 0.022891086352479773 
912225.7053291529 730011.5646949973 0.02137179561997521 
915360.5015673974 844654.641414921 0.017377807768952945 
918495.2978056419 876023.8083266342 0.010391921080698398 
921630.0940438864 861466.4012472185 0.0024517997862697274 
924764.8902821309 852746.9818619533 -0.0037885456581744177 
927899.6865203754 860213.1252938232 -0.007628947495578724 
931034.4827586199 841900.7028515126 -0.010831203676978011 
934169.2789968645 749002.0287265539 -0.015541175961126242 
937304.075235109 579810.2794279706 -0.02181963370960331 
940438.8714733535 385325.5329343113 -0.02738596126721981 
943573.667711598 220514.03903205367 -0.02985011367726141 
946708.4639498425 92305.32167200853 -0.029091304175844365 
949843.260188087 -41228.13646352116 -0.0272879935235725 
952978.0564263315 -219930.35555661374 -0.026572968876138192 
956112.852664576 -432709.7164797162 -0.02678222309750966 
959247.6489028205 -622397.2023631909 -0.025664327280457422 
962382.445141065 -739435.2369818914 -0.02132713315179794 
965517.2413793096 -788174.071147223 -0.014345220523588753 
968652.0376175541 -817337.57760496 -0.0073083630312398345 
971786.8338557986 -864909.9122483048 -0.0022814767004536705 
974921.6300940431 -915559.7234693096 0.0011594791710799993 
978056.4263322876 -915452.0317611443 0.005259336975584556 
981191.2225705321 -828889.5751803943 0.011496027536403525 
984326.0188087766 -677211.7962883775 0.018803662493282542 
987460.8150470211 -519019.0177876508 0.024482401662316265 
990595.6112852657 -392448.6398647639 0.02684508737671266 
993730.4075235102 -279980.89531662565 0.026821160158559683 
996865.2037617547 -135530.43271955225 0.026974919256143568 
999999.9999999992 163609.17340796517 0.023995123879910093 
