#x u 
0.0 -219421.57739120076 -0.04236910841061047 
3134.796238244514 -289565.5778274973 -0.03760882833362822 
6269.592476489028 -388692.4174197046 -0.033236285513736225 
9404.38871473354 -470948.39529581944 -0.027494257245631624 
12539.184952978056 -534709.5654326386 -0.0206760807640288 
15673.98119122257 -577208.5376652194 -0.013031558002022277 
18808.777429467085 -596428.2821682689 -0.004839169270538037 
21943.5736677116 -591060.2211468494 0.003610202957350692 
25078.369905956115 -560567.3995625875 0.01202395034133048 
28213.16614420063 -505335.60617356084 0.02011307986745201 
31347.962382445145 -426910.1886444046 0.027591850702313542 
34482.75862068966 -328259.07867706555 0.03417402822348996 
37617.55485893417 -213963.836610081 0.0395699348942641 
40752.35109717868 -90214.26317948101 0.04348977806168831 
43887.14733542319 35529.80432942232 0.04565938703556348 
47021.943573667704 155308.80098129305 0.045852901583326625 
50156.739811912215 261831.06133355066 0.04394091863651126 
53291.53605015673 349775.56160879583 0.03994228624800074 
56426.33228840124 416752.093002471 0.03405795515285303 
59561.12852664575 463411.36537580227 0.02666401816230099 
62695.92476489026 492473.58072971064 0.018253792093111516 
65830.72100313478 506963.1552551134 0.009342646568550071 
68965.51724137929 508431.691760091 0.0003719806948302075 
72100.3134796238 496086.5163356953 -0.008345041444680453 
75235.10971786831 467347.5744274438 -0.01661147903545654 
78369.90595611282 419588.296528959 -0.024279006161670055 
81504.70219435733 352116.06011901784 -0.031167523401937264 
84639.49843260185 267275.6551318151 -0.03702276962437185 
87774.29467084636 170072.6847574977 -0.04153926046629963 
90909.09090909087 66616.50166930162 -0.044434601019498324 
94043.88714733538 -37614.94583162517 -0.04552911244719512 
97178.68338557989 -138664.435365506 -0.04478383473528785 
100313.4796238244 -233785.95782496964 -0.04228083156950543 
103448.27586206891 -320451.76302421663 -0.03816963474396502 
106583.07210031342 -395611.80975584907 -0.03262303609745247 
109717.86833855794 -455817.31717096176 -0.025830662640853534 
112852.66457680245 -498047.2173042166 -0.01802341327592372 
115987.46081504696 -520507.0674672417 -0.009495795293880685 
119122.25705329147 -522767.5310124635 -0.0005977027017524887 
122257.05329153598 -505250.0000912561 0.008303453070721358 
125391.84952978049 -468650.59750691545 0.016862606470719473 
128526.645768025 -413887.59497965616 0.024771557817119004 
131661.44200626953 -342586.76437746576 0.03174701630021571 
134796.23824451404 -257546.8110349517 0.037517338672964334 
137931.03448275855 -162617.49848007545 0.04183365934610764 
141065.83072100306 -61991.89798053317 0.04450513181161979 
144200.62695924757 40500.75399607425 0.04543129007649934 
147335.42319749208 141508.27543464338 0.04460433592268996 
150470.2194357366 237680.05623757277 0.04208170353664622 
153605.0156739811 325221.0635903044 0.037957456048181695 
156739.81191222562 400089.4342115114 0.03236097842996722 
159874.60815047013 458806.1959275139 0.025481925601059507 
163009.40438871464 499196.5706125027 0.01759070148764309 
166144.20062695915 520403.12764184474 0.009024750545714468 
169278.99686520366 522213.6204496395 0.00014317851582477508 
172413.79310344817 504434.19744160015 -0.00871624098927489 
175548.58934169268 466995.8376107202 -0.01724559302493235 
178683.3855799372 410718.8138901886 -0.025143809457914806 
181818.1818181817 337939.9789890124 -0.032098103936903294 
184952.97805642622 252286.38422896867 -0.03780230195668508 
188087.77429467073 157712.38435624866 -0.04200638843750081 
191222.57053291524 57668.93754048703 -0.044557243934474605 
194357.36677115975 -44847.30899935582 -0.04539619881494971 
197492.16300940426 -146522.8804625442 -0.044520643086497294 
200626.95924764877 -243165.3648286022 -0.0419524882187137 
203761.75548589329 -330104.10929960985 -0.03774825560789156 
206896.5517241378 -403324.6805766355 -0.032040613040015875 
210031.3479623823 -460319.37001217296 -0.025065113895324526 
213166.14420062682 -499880.11540615524 -0.017137151288320766 
216300.94043887133 -521123.31826397404 -0.008592920321763087 
219435.73667711584 -522832.2071545939 0.00025529335431732805 
222570.53291536035 -503882.60144724837 0.009113830359081337 
225705.32915360486 -464376.2556449007 0.017669056112941884 
228840.12539184937 -406315.8117591313 0.02556837043169388 
231974.9216300939 -333065.2110191434 0.03245502629625787 
235109.7178683384 -248063.2051042994 0.03803493223786473 
238244.5141065829 -154034.72801704254 0.04211807843015837 
241379.31034482742 -53439.3085973338 0.04460050008943385 
244514.10658307193 50403.94550297002 0.04541237146011563 
247648.90282131644 152823.336126348 0.04449222417649897 
250783.69905956095 248628.13106377475 0.041819251786629284 
253918.49529780546 333588.8015512845 0.03747276425928463 
257053.29153604998 405175.99414703046 0.03165549683602447 
260188.0877742945 461899.7241731407 0.024650997005216394 
263322.884012539 502033.7640480243 0.016751547526717932 
266457.6802507835 523165.03330177045 0.008223149114461975 
269592.476489028 523156.81990147795 -0.0006648912188332795 
272727.27272727253 501611.23716090224 -0.00958712597217018 
275862.06896551704 460331.5180863871 -0.01815406695213188 
278996.86520376155 402266.66444007214 -0.025972425349190996 
282131.66144200607 329979.4756710239 -0.0327253150418471 
285266.4576802506 245183.52346176334 -0.038201187934614605 
288401.2539184951 149781.36519457624 -0.042251387791710567 
291536.0501567396 47237.18125109951 -0.0447296078306265 
294670.8463949841 -57288.73661685426 -0.045485243349383954 
297805.6426332286 -158364.62819053477 -0.0444253711556334 
300940.43887147313 -251960.71104274396 -0.04158542184375858 
304075.23510971764 -335765.717325297 -0.037135176056171476 
307210.03134796215 -407930.2768554713 -0.03131050178494456 
310344.82758620667 -465670.09417531954 -0.024336928085663116 
313479.6238244512 -505332.52691524185 -0.016419040390495035 
316614.4200626957 -524003.45188634656 -0.007799749815388115 
319749.2163009402 -521079.9146950912 0.0011821789339560961 
322884.0125391847 -498203.6243386242 0.010109344803670218 
326018.8087774292 -457615.11494735186 0.018574382762229655 
329153.60501567373 -400629.77579514217 0.026261600470243552 
332288.40125391824 -327818.2646007906 0.03294858477426471 
335423.19749216276 -240678.9806860549 0.0384371285346129 
338557.99373040727 -142979.76287519874 0.04249673893062767 
341692.7899686518 -40229.82742750486 0.04489107711766649 
344827.5862068963 62333.77229727356 0.045469628228642534 
347962.3824451408 161294.91079532378 0.044235230738630386 
351097.1786833853 254648.51775798044 0.04131912383863574 
354231.9749216298 339979.5685301933 0.03688884740772597 
357366.77115987433 413279.80784435617 0.031083243819984507 
360501.56739811884 469811.6246592215 0.02403958216477699 
363636.36363636336 506278.2686402801 0.01597933022177128 
366771.15987460787 522141.91689007 0.007254163856218798 
369905.9561128524 518762.8010703863 -0.0017080460473459357 
373040.7523510969 497282.334677213 -0.010514400903626257 
376175.5485893414 457491.10407305905 -0.018872033316454574 
379310.3448275859 398895.7952891643 -0.026550897949031385 
382445.1410658304 322867.02244967007 -0.033295090219672946 
385579.93730407493 233554.92284963763 -0.03878834385501099 
388714.73354231945 136489.97206863383 -0.04272304005285821 
391849.52978056396 36190.163513318636 -0.04491198153323673 
394984.32601880847 -64846.72243170904 -0.045333815202645025 
398119.122257053 -164820.18369957738 -0.04406879013375358 
401253.9184952975 -260483.13099000178 -0.04119419294472482 
404388.714733542 -346585.8525482169 -0.036750116129884734 
407523.5109717865 -417678.47554379504 -0.030811223072443626 
410658.307210031 -470552.7848539371 -0.02358612809744418 
413793.10344827553 -504881.2799028759 -0.015432935572674182 
416927.89968652005 -521453.2646664207 -0.006763957889461782 
420062.69592476456 -519913.7709315332 0.002072472187785732 
423197.49216300907 -498443.2220382971 0.010820784222636503 
426332.2884012536 -455776.7066067019 0.019238719370862602 
429467.0846394981 -393463.83351742144 0.027005354019625134 
432601.8808777426 -315948.6635510349 0.03372709926095874 
435736.6771159871 -228283.3961286835 0.03904984307432049 
438871.4733542316 -133761.59859521774 0.0427721759736074 
442006.26959247614 -33857.23136086787 0.044850136463563325 
445141.06583072065 69561.13642023498 0.045294803757865626 
448275.86206896516 172191.29469227517 0.0440750926275574 
451410.65830720967 267747.00043433555 0.04113193861651162 
454545.4545454542 350618.23158087325 0.036491379413727806 
457680.2507836987 418118.2736761337 0.030356605311001796 
460815.0470219432 470078.50076326175 0.023076765198399424 
463949.8432601877 506304.5494786572 0.015016562893180496 
467084.6394984322 524656.1119525877 0.00645379160768438 
470219.43573667674 521871.9540456448 -0.0023973851355995842 
473354.23197492125 496364.8718026159 -0.011272381432160118 
476489.02821316576 450087.04661720805 -0.019783730273783225 
479623.82445141027 387473.7959691724 -0.02748102262539044 
482758.6206896548 312501.2375606046 -0.03399533292294597 
485893.4169278993 226873.4409011355 -0.0391295344226603 
489028.2131661438 131179.135429014 -0.04280988067883993 
492163.0094043883 27723.48613551974 -0.04495801161187382 
495297.8056426328 -78067.57792677156 -0.045425526458820954 
498432.60188087734 -179322.8353243374 -0.04406690454340784 
501567.39811912185 -270909.86752898735 -0.04087890470549524 
504702.19435736636 -350941.26903677033 -0.036060634448201456 
507836.99059561087 -419139.9669768731 -0.029927574914859048 
510971.7868338554 -473889.0601238222 -0.02276366144556585 
514106.5830720999 -511191.5845256954 -0.01475975579863421 
517241.3793103444 -526771.4211821957 -0.006095481569917199 
520376.1755485889 -519219.3474138618 0.002931093612310941 
523510.9717868334 -490927.141872662 0.011874665013278985 
526645.768025078 -445815.7623447686 0.020259806346212487 
529780.5642633225 -386207.02164664044 0.027735799689778615 
532915.360501567 -312094.21229666483 0.03411951513289594 
536050.1567398115 -223546.60929955216 0.03929228735187991 
539184.952978056 -123654.74114413756 0.04306937707601134 
542319.7492163006 -18795.092531274913 0.04518950348228726 
545454.5454545451 84235.16419363732 0.0454449827171788 
548589.3416927896 181374.7201604587 0.043822399867763276 
551724.1379310341 271570.37361169624 0.04050840789818002 
554858.9341692786 353997.4547775163 0.03575323353419396 
557993.7304075231 425278.2646550141 0.029732038796916885 
561128.5266457676 479778.25448290515 0.022545736566986517 
564263.3228840121 512830.6674673742 0.014354911047911366 
567398.1191222566 523623.91155544284 0.005497686552484543 
570532.9153605012 514776.9706846012 -0.0035442485206354903 
573667.7115987457 489062.34321266436 -0.01230983935283599 
576802.5078369902 446724.78705516923 -0.020494481935583474 
579937.3040752347 386225.64289990684 -0.027927250171251094 
583072.1003134792 307627.56430212245 -0.034425084589276664 
586206.8965517237 215007.15823863255 -0.03968917023704765 
589341.6927899682 115240.72430558977 -0.043364924836774975 
592476.4890282127 14285.31223050856 -0.04521398979993162 
595611.2852664572 -85282.07717860112 -0.04522568585055531 
598746.0815047018 -183002.195133064 -0.04355499732612898 
601880.8777429463 -276994.0134890331 -0.040353520827964 
605015.6739811908 -362006.56663171214 -0.03567096964140763 
608150.4702194353 -431289.16836496285 -0.029529670248881375 
611285.2664576798 -480488.70195069816 -0.022090375994207566 
614420.0626959243 -509605.37183516845 -0.013727981878343336 
617554.8589341688 -521023.1384519413 -0.004926747351424505 
620689.6551724133 -515729.2122721684 0.003907494110814196 
623824.4514106578 -491744.64473585004 0.012533216846573133 
626959.2476489024 -446467.2325221511 0.02077865716648069 
630094.0438871469 -380484.29844557925 0.02837829876205554 
633228.8401253914 -298803.8116457716 0.03492566740839592 
636363.6363636359 -208105.8924200128 0.04000615723728591 
639498.4326018804 -112777.8922272532 0.043382965648358404 
642633.2288401249 -13787.798506609579 0.04505011424907396 
645768.0250783694 88521.05831187908 0.04510286122352581 
648902.8213166139 190772.5356477553 0.043565759061992004 
652037.6175548584 286045.73181328474 0.04036225427213709 
655172.413793103 367238.1269893362 0.03545953883625429 
658307.2100313475 430944.1690280969 0.02903501492509077 
661442.006269592 477899.66859374347 0.02148376833373917 
664576.8025078365 509611.1230315426 0.01325009065062278 
667711.598746081 524791.6986069735 0.004649602374810314 
670846.3949843255 519441.07964746654 -0.004141572986043413 
673981.19122257 490569.7836008286 -0.012929996206257312 
677115.9874608145 439690.87821258995 -0.02135763924325349 
680250.783699059 372378.1648724379 -0.02893330006462316 
683385.5799373036 294275.48113238637 -0.03522464211079815 
686520.3761755481 207663.30473728915 -0.04002228785503935 
689655.1724137926 112114.79549107351 -0.04331380171281256 
692789.9686520371 8468.7046083124 -0.045102818386292175 
695924.7648902816 -98179.74605915064 -0.04527032048353179 
699059.5611285261 -199785.8767819003 -0.043630119908028675 
702194.3573667706 -289777.7207652601 -0.04012450045748155 
705329.1536050151 -366111.50744580076 -0.03495485701731347 
708463.9498432596 -429873.12276730797 -0.02850617907202547 
711598.7460815042 -480999.01665834826 -0.02113794407989053 
714733.5423197487 -515728.38909297565 -0.013053317845620978 
717868.3385579932 -528592.5339169772 -0.004375818920095884 
721003.1347962377 -516958.87497133843 0.004656863094207921 
724137.9310344822 -483404.1734567112 0.01359794291990718 
727272.7272727267 -433409.03862689785 0.02190992774585314 
730407.5235109712 -370750.20298835076 0.029186895069550915 
733542.3197492157 -295388.1316709721 0.03526032247002721 
736677.1159874602 -206028.71810734016 0.04008825213679077 
739811.9122257048 -104598.68300601587 0.043554065123688694 
742946.7084639493 2191.9744609346053 0.045395956593722815 
746081.5047021938 106013.11175950509 0.04535015696016813 
749216.3009404383 201656.66020845145 0.04336373876364888 
752351.0971786828 288523.3978494762 0.039655582134648856 
755485.8934169273 367412.9994389694 0.034559711747252496 
758620.6896551718 436114.0092607342 0.02831165193244396 
761755.4858934163 488575.37315466313 0.0209974239684117 
764890.2821316608 518685.8277642598 0.012712732492913544 
768025.0783699054 524812.0193864855 0.0037564491772818244 
771159.8746081499 510387.06177853583 -0.00535686167140327 
774294.6708463944 479940.3836783216 -0.014092738717471591 
777429.4670846389 434734.7011145749 -0.02210945386346494 
780564.2633228834 372594.74816333246 -0.029276839243393776 
783699.0595611279 292097.5305826988 -0.03549310486598829 
786833.8557993724 196664.71126201178 -0.04050371149841812 
789968.6520376169 94138.43483493791 -0.04392459186288495 
793103.4482758614 -7870.698680122145 -0.045456340264160046 
796238.244514106 -106128.52209566743 -0.04507229275666547 
799373.0407523505 -201188.0567331127 -0.04298681599463533 
802507.836990595 -292805.5189773576 -0.03943787817288842 
805642.6332288395 -376321.5244546228 -0.03451153724692772 
808777.429467084 -443982.83659582946 -0.0281909397402482 
811912.2257053285 -489987.3317684172 -0.020574478829261434 
815047.021943573 -514079.62415379233 -0.012026520273101735 
818181.8181818175 -519990.7545509527 -0.003091339718231159 
821316.614420062 -510399.80044697656 0.005752257372812632 
824451.4106583066 -483749.26740781247 0.014250676662908461 
827586.2068965511 -436301.93292973726 0.022293824155573974 
830721.0031347956 -367292.84443551494 0.02968983973424709 
833855.7993730401 -281718.05474665243 0.03604605006459753 
836990.5956112846 -187724.19631443336 0.04089494891256852 
840125.3918495291 -91209.91135708345 0.04394526916673091 
843260.1880877736 6810.056615217041 0.04520358013089437 
846394.9843260181 107415.89269126901 0.044844384621192404 
849529.7805642626 208620.11719442587 0.04296869936179133 
852664.5768025072 303414.80260155286 0.03950723732524895 
855799.3730407517 383267.7398688638 0.034371031498098205 
858934.1692789962 443569.9409035938 0.027689403711238417 
862068.9655172407 485441.45382272464 0.01987925871324761 
865203.7617554852 512085.45769582206 0.011463358018202106 
868338.5579937297 523594.39675975585 0.0028174492641752347 
871473.3542319742 515743.875951694 -0.00589896429671201 
874608.1504702187 484111.23442517704 -0.01456624627279448 
877742.9467084632 429217.2419418526 -0.02287990954789657 
880877.7429467078 357253.16899087606 -0.03032765153323593 
884012.5391849523 275554.1705486804 -0.03640742612957476 
887147.3354231968 187499.8041505184 -0.040871604498980176 
890282.1316614413 92138.81826195758 -0.043752045866836516 
893416.9278996858 -11144.967528350937 -0.0451478180381058 
896551.7241379303 -117971.49490332717 -0.04500395003904365 
899686.5203761748 -219430.6455147638 -0.04311667167940326 
902821.3166144193 -307447.0354893197 -0.03936010551458395 
905956.1128526638 -379620.471348795 -0.033894271536587306 
909090.9090909084 -438559.6233645119 -0.02713275465845853 
912225.7053291529 -486401.56889075704 -0.01950171199429578 
915360.5015673974 -520216.033485063 -0.011242540923213017 
918495.2978056419 -533090.5068517076 -0.0024636174707440544 
921630.0940438864 -519809.45814342884 0.006621004960006107 
924764.8902821309 -481321.3701637974 0.015534218447899269 
927899.6865203754 -423551.53851557104 0.023651962113927068 
931034.4827586199 -352093.3142920961 0.030501332841769896 
934169.2789968645 -268576.9657305348 0.0359535218771999 
937304.075235109 -172568.99102015694 0.0401238585177065 
940438.8714733535 -66771.09251376492 0.04308593406060705 
943573.667711598 40447.44864708382 0.044691694327444895 
946708.4639498425 138494.68253919898 0.04467283383526953 
949843.260188087 220959.96627078945 0.042903606603407723 
952978.0564263315 288629.2919886842 0.03954046447535085 
956112.852664576 346037.9416178345 0.03489105597874383 
959247.6489028205 395043.90837576246 0.029157457174195718 
962382.445141065 431922.73769510613 0.022335716025371107 
965517.2413793096 450783.159030455 0.014389063995318854 
968652.0376175541 449524.2150977847 0.0055181877008456 
971786.8338557986 431970.03447266784 -0.0037598097653510658 
974921.6300940431 403926.6167561131 -0.012820145126619224 
978056.4263322876 367378.7082319511 -0.021226093246329406 
981191.2225705321 319057.8267557295 -0.02882068575374341 
984326.0188087766 255019.8900466864 -0.03553653314516245 
987460.8150470211 176491.8891669393 -0.041140604081464784 
990595.6112852657 90819.4310063283 -0.04519775011270099 
993730.4075235102 6345.684257231045 -0.04730113979964996 
996865.2037617547 -71014.00210944381 -0.04745168428878604 
999999.9999999992 -219421.752551611 -0.04236911643956544 
