#x u 
0.0 2.3871669766168093e+17 10942230688.092821 
3134.796238244514 -5973926451072524.0 -273831206.50352937 
6269.592476489028 147014514673765.06 6738811.148291646 
9404.38871473354 -6163086544109.711 -282501.83093374857 
12539.184952978056 -2393483486735.6045 -109711.79415290647 
15673.98119122257 -2551511208976.7295 -116955.42449468446 
18808.777429467085 -2612882427009.374 -119768.54230631716 
21943.5736677116 -2678305628299.44 -122767.39565948832 
25078.369905956115 -2745302447240.549 -125838.38181379151 
28213.16614420063 -2813976787319.217 -128986.26330138076 
31347.962382445145 -2884369004036.961 -132212.8896985165 
34482.75862068966 -2956522116672.1167 -135520.23263209176 
37617.55485893417 -3030480178656.2964 -138910.3110908733 
40752.35109717868 -3106288345699.2573 -142385.1945611569 
43887.14733542319 -3183992902170.0703 -145947.0042464175 
47021.943573667704 -3263641289139.4224 -149597.91437165625 
50156.739811912215 -3345282133219.71 -153340.15351662843 
53291.53605015673 -3428965276171.347 -157176.00598679858 
56426.33228840124 -3514741805336.122 -161107.81322096285 
59561.12852664575 -3602664084876.895 -165137.97523466384 
62695.92476489026 -3692785787799.946 -169268.9520982909 
65830.72100313478 -3785161928800.4966 -173503.26544910218 
68965.51724137929 -3879848897979.824 -177843.50003958342 
72100.3134796238 -3976904495440.5215 -182292.3053264786 
75235.10971786831 -4076387966829.264 -186852.3970983121 
78369.90595611282 -4178360039775.9463 -191526.55914127233 
81504.70219435733 -4282882961208.283 -196317.644942373 
84639.49843260185 -4390020535544.5166 -201228.5794318282 
87774.29467084636 -4499838163842.744 -206262.36076674116 
90909.09090909087 -4612402883956.01 -211422.06215899126 
94043.88714733538 -4727783411680.762 -216710.8337489143 
97178.68338557989 -4846050182881.345 -222131.9045233684 
100313.4796238244 -4967275396593.453 -227688.5842771549 
103448.27586206891 -5091533059132.018 -233384.26562051973 
106583.07210031342 -5218899029272.381 -239222.42603695905 
109717.86833855794 -5349451064572.764 -245206.62999424821 
112852.66457680245 -5483268868846.098 -251340.53110965126 
115987.46081504696 -5620434140748.187 -257627.8743691766 
119122.25705329147 -5761030623477.103 -264072.4984015534 
122257.05329153598 -5905144155640.412 -270678.33781002933 
125391.84952978049 -6052862723389.17 -277449.4255661571 
128526.645768025 -6204276513897.378 -284389.89546829945 
131661.44200626953 -6359477970208.689 -291503.9846648486 
134796.23824451404 -6518561847445.555 -298796.0362406806 
137931.03448275855 -6681625270403.727 -306270.50186699524 
141065.83072100306 -6848767792611.49 -313931.94451765646 
144200.62695924757 -7020091456954.625 -321785.04125653167 
147335.42319749208 -7195700857919.887 -329834.58609908074 
150470.2194357366 -7375703205441.017 -338085.49294878525 
153605.0156739811 -7560208390312.398 -346542.79860774806 
156739.81191222562 -7749329051184.179 -355211.6658624038 
159874.60815047013 -7943180643227.002 -364097.3866477574 
163009.40438871464 -8141881508584.177 -373205.3852939158 
166144.20062695915 -8345552948686.509 -382541.22185622307 
169278.99686520366 -8554319298441.38 -392110.59552725387 
172413.79310344817 -8768308002293.082 -401919.34812836186 
175548.58934169268 -8987649692198.299 -411973.4676813276 
178683.3855799372 -9212478267613.545 -422279.09206442675 
181818.1818181817 -9442930977586.227 -432842.51275846706 
184952.97805642622 -9679148504974.246 -443670.17868616193 
188087.77429467073 -9921275052748.924 -454768.7001455339 
191222.57053291524 -10169458432334.361 -466144.85283801414 
194357.36677115975 -10423850154010.451 -477805.58199466154 
197492.16300940426 -10684605519485.844 -489758.0066066136 
200626.95924764877 -10951883716757.34 -502009.4237654784 
203761.75548589329 -11225847917314.947 -514567.31311586907 
206896.5517241378 -11506665375699.064 -527439.3414189982 
210031.3479623823 -11794507531431.592 -540633.3672265798 
213166.14420062682 -12089550113418.365 -554157.4456679246 
216300.94043887133 -12391973246980.162 -568019.8333564299 
219435.73667711584 -12701961563650.357 -582228.9934213732 
222570.53291536035 -13019704313793.695 -596793.6006676176 
225705.32915360486 -13345395482036.145 -611722.5468633266 
228840.12539184937 -13679233905515.857 -627024.9461570563 
231974.9216300939 -14021423395048.156 -642710.1406296046 
235109.7178683384 -14372172859358.252 -658787.7059886982 
238244.5141065829 -14731696432511.361 -675267.4574130723 
241379.31034482742 -15100213604586.29 -692159.4555482913 
244514.10658307193 -15477949355588.098 -709474.0126539714 
247648.90282131644 -15865134292635.75 -727221.6989036698 
250783.69905956095 -16262004790556.244 -745413.3488428083 
253918.49529780546 -16668803136070.424 -764060.0680122596 
257053.29153604998 -17085777675712.207 -783173.2397431824 
260188.0877742945 -17513182967528.17 -802764.5321243916 
263322.884012539 -17951279936557.938 -822845.9051415331 
266457.6802507835 -18400336034149.117 -843429.617989876 
269592.476489028 -18860625401257.89 -864528.2365671898 
272727.27272727253 -19332429035927.082 -886154.6411552271 
275862.06896551704 -19816034965073.836 -908322.034295714 
278996.86520376155 -20311738420620.688 -931043.9488623594 
282131.66144200607 -20819842019970.98 -954334.2563290328 
285266.4576802506 -21340655950899.598 -978207.1752376545 
288401.2539184951 -21874498161034.97 -1002677.2798741622 
291536.0501567396 -22421694552138.484 -1027759.5091624429 
294670.8463949841 -22982579179314.97 -1053469.1757827883 
297805.6426332286 -23557494455189.594 -1079821.9755170292 
300940.43887147313 -24146791359070.727 -1106833.996821778 
304075.23510971764 -24750829651206.77 -1134521.730635318 
307210.03134796215 -25369978092352.28 -1162902.0804285102 
310344.82758620667 -26004614668874.914 -1191992.3725108781 
313479.6238244512 -26655126823548.547 -1221810.36659899 
316614.4200626957 -27321911692081.055 -1252374.2666497778 
319749.2163009402 -28005376345427.688 -1283702.7319614578 
322884.0125391847 -28705938038044.58 -1315814.8885493772 
326018.8087774292 -29424024462341.555 -1348730.3408087778 
329153.60501567373 -30160074009591.89 -1382469.1834763256 
332288.40125391824 -30914536037455.59 -1417052.0138974967 
335423.19749216276 -31687871144180.117 -1452499.94460259 
338557.99373040727 -32480551449562.44 -1488834.616194902 
341692.7899686518 -33293060882872.07 -1526078.2105598652 
344827.5862068963 -34125895478031.71 -1564253.4644082973 
347962.3824451408 -34979563676330.72 -1603383.6831658888 
351097.1786833853 -35854586636831.37 -1643492.755215713 
354231.9749216298 -36751498554543.07 -1684605.1664966668 
357366.77115987433 -37670846986477.65 -1726746.0154624663 
360501.56739811884 -38613193185826.266 -1769941.0284117307 
363636.36363636336 -39579112444584.734 -1814216.5752036453 
366771.15987460787 -40569194444911.59 -1859599.6853718597 
369905.9561128524 -41584043619379.68 -1906118.0646436166 
373040.7523510969 -42624279520207.87 -1953800.1118679044 
376175.5485893414 -43690537197621.83 -2002674.9363592605 
379310.3448275859 -44783467587627.53 -2052772.37567027 
382445.1410658304 -45903737909557.44 -2104123.013809298 
385579.93730407493 -47052032073687.22 -2156758.199917331 
388714.73354231945 -48229051099092.05 -2210710.0674119303 
391849.52978056396 -49435513541856.805 -2266011.5536039458 
394984.32601880847 -50672155933839.445 -2322696.419796508 
398119.122257053 -51939733232329.266 -2380799.271882534 
401253.9184952975 -53239019281003.914 -2440355.5814597504 
404388.714733542 -54570807282509.01 -2501401.7074786327 
407523.5109717865 -55935910282854.13 -2563974.9184327032 
410658.307210031 -57335161667786.27 -2628113.4150990387 
413793.10344827553 -58769415671407.11 -2693856.353841751 
416927.89968652005 -60239547897449.17 -2761243.870497761 
420062.69592476456 -61746455853666.15 -2830317.104866142 
423197.49216300907 -63291059499694.47 -2901118.2258175886 
426332.2884012536 -64874301808617.34 -2973690.4570347685 
429467.0846394981 -66497149342448.81 -3048078.103393486 
432601.8808777426 -68160592841882.24 -3124326.5780004356 
435736.6771159871 -69865647830791.54 -3202482.4299096656 
438871.4733542316 -71613355235990.86 -3282593.372540667 
442006.26959247614 -73404782022642.11 -3364708.3128155996 
445141.06583072065 -75241021845579.5 -3448877.3810274564 
448275.86206896516 -77123195716829.28 -3535151.961451518 
451410.65830720967 -79052452689745.62 -3623584.7237187857 
454545.4545454542 -81029970560321.0 -3714229.6549764755 
457680.2507836987 -83056956586219.78 -3807142.092860155 
460815.0470219432 -85134648223954.7 -3902378.7592962515 
463949.8432601877 -87264313884513.4 -3999997.7951485766 
467084.6394984322 -89447253707781.12 -4100058.795724302 
470219.43573667674 -91684800356261.67 -4202622.847162097 
473354.23197492125 -93978319828723.66 -4307752.563730936 
476489.02821316576 -96329212294366.56 -4415512.126066737 
479623.82445141027 -98738912947964.39 -4525967.320367723 
482758.6206896548 -101208892886346.73 -4639185.578565232 
485893.4169278993 -103740660006649.92 -4755236.019489848 
489028.2131661438 -106335759926934.78 -4874189.4910606155 
492163.0094043883 -108995776929881.5 -4996118.613530194 
495297.8056426328 -111722334930215.6 -5121097.823816495 
498432.60188087734 -114517098466381.45 -5249203.420944829 
501567.39811912185 -117381773716902.78 -5380513.612621349 
504702.19435736636 -120318109541972.27 -5515108.562963184 
507836.99059561087 -123327898550986.02 -5653070.441418567 
510971.7868338554 -126412978196833.0 -5794483.472914592 
514106.5830720999 -129575231897671.6 -5939433.989266708 
517241.3793103444 -132816590186786.39 -6088010.4818774685 
520376.1755485889 -136139031891075.62 -6240303.6557500465 
523510.9717868334 -139544585338838.47 -6396406.484847476 
526645.768025078 -143035329597713.7 -6556414.268836758 
529780.5642633225 -146613395743688.2 -6720424.6912599 
532915.360501567 -150280968161997.16 -6888537.879169467 
536050.1567398115 -154040285880601.62 -7060856.464259964 
539184.952978056 -157893643936916.88 -7237485.6455253875 
542319.7492163006 -161843394778602.62 -7418533.253480108 
545454.5454545451 -165891949699409.94 -7604109.815987804 
548589.3416927896 -170041780311108.47 -7794328.625745213 
551724.1379310341 -174295420052414.2 -7989305.809462143 
554858.9341692786 -178655465735705.47 -8189160.398773388 
557993.7304075231 -183124579132336.62 -8394014.40291906 
561128.5266457676 -187705488597516.06 -8603992.883237222 
564263.3228840121 -192400990735887.28 -8819224.029520396 
567398.1191222566 -197213952108951.3 -9039839.238287944 
570532.9153605012 -202147310985359.78 -9265973.193021024 
573667.7115987457 -207204079134989.9 -9497763.946401713 
576802.5078369902 -212387343667768.28 -9735353.00460067 
579937.3040752347 -217700268918390.9 -9978885.413665568 
583072.1003134792 -223146098378230.97 -10228509.848070081 
586206.8965517237 -228728156675720.78 -10484378.701482175 
589341.6927899682 -234449851606362.5 -10746648.179805137 
592476.4890282127 -240314676213443.0 -11015478.396541027 
595611.2852664572 -246326210920615.5 -11291033.470530296 
598746.0815047018 -252488125717705.88 -11573481.626130167 
601880.8777429463 -258804182401224.3 -11862995.29590039 
605015.6739811908 -265278236871036.62 -12159751.22586358 
608150.4702194353 -271914241484521.7 -12463930.583401212 
611285.2664576798 -278716247469496.25 -12775719.067844888 
614420.0626959243 -285688407397309.3 -13095307.023827314 
617554.8589341688 -292834977717700.94 -13422889.557466622 
620689.6551724133 -300160321357131.94 -13758666.655462468 
623824.4514106578 -307668910382232.9 -14102843.30717981 
626959.2476489024 -315365328729911.1 -14455629.629790917 
630094.0438871469 -323254275005638.9 -14817240.996545296 
633228.8401253914 -331340565351598.9 -15187898.168244569 
636363.6363636359 -339629136386550.8 -15567827.428007178 
639498.4326018804 -348125048219364.0 -15957260.719412113 
642633.2288401249 -356833487538093.0 -16356435.788106848 
645768.0250783694 -365759770776371.3 -16765596.326960895 
648902.8213166139 -374909347358928.06 -17184992.124846887 
652037.6175548584 -384287803028210.4 -17614879.219139546 
655172.413793103 -393900863254259.56 -18055520.05203053 
658307.2100313475 -403754396730052.9 -18507183.630760193 
661442.006269592 -413854418954440.94 -18970145.691862747 
664576.8025078365 -424207095904732.6 -19444688.869519353 
667711.598746081 -434818747801063.44 -19931102.8681158 
670846.3949843255 -445695852964858.3 -20429684.639111046 
673981.19122257 -456845051773872.6 -20940738.56232977 
677115.9874608145 -468273150716316.25 -21464576.63179399 
680250.783699059 -479987126546484.56 -22001518.646204825 
683385.5799373036 -491994130544302.8 -22551892.40418464 
686520.3761755481 -504301492881284.56 -23116033.904394507 
689655.1724137926 -516916727095620.9 -23694287.55065203 
692789.9686520371 -529847534679253.9 -24287006.36218022 
695924.7648902816 -543101809779795.06 -24894552.189119678 
699059.5611285261 -556687644020083.7 -25517295.933432046 
702194.3573667706 -570613331438197.0 -26155617.775324874 
705329.1536050151 -584887373550886.9 -26809907.40533389 
708463.9498432596 -599518484543600.6 -27480564.262209002 
711598.7460815042 -614515596590392.0 -28167997.776755024 
714733.5423197487 -629887865306987.8 -28872627.621778253 
717868.3385579932 -645644675340257.5 -29594883.968287308 
721003.1347962377 -661795646097378.0 -30335207.74809995 
724137.9310344822 -678350637618185.0 -31094050.923015814 
727272.7272727267 -695319756594387.8 -31871876.76072398 
730407.5235109712 -712713362539421.5 -32669160.117618058 
733542.3197492157 -730542074112679.2 -33486387.728690345 
736677.1159874602 -748816775601872.6 -34324058.50467669 
739811.9122257048 -767548623567393.9 -35182683.836629495 
742946.7084639493 -786749053652792.1 -36062787.90810614 
746081.5047021938 -806429787565656.6 -36964908.015170425 
749216.3009404383 -826602840233308.8 -37889594.89440687 
752351.0971786828 -847280527137649.0 -38837413.059148006 
755485.8934169273 -868475471833617.5 -39808941.14411708 
758620.6896551718 -890200613655822.4 -40804772.2586955 
761755.4858934163 -912469215618164.4 -41825514.34903522 
764890.2821316608 -935294872511369.0 -42871790.56924058 
768025.0783699054 -958691519203302.9 -43944239.661844045 
771159.8746081499 -982673439146963.9 -45043516.34779759 
774294.6708463944 -1007255273101044.0 -46170291.72620614 
777429.4670846389 -1032452028068274.5 -47325253.68404018 
780564.2633228834 -1058279086457004.4 -48509107.31607864 
783699.0595611279 -1084752215471715.4 -49722575.355342805 
786833.8557993724 -1111887576738269.9 -50966398.614287384 
789968.6520376169 -1139701736169802.8 -52241336.4370202 
793103.4482758614 -1168211674079420.8 -53548167.1628333 
796238.244514106 -1197434795546145.5 -54887688.60134082 
799373.0407523505 -1227388941040691.5 -56260718.519526355 
802507.836990595 -1258092397317635.0 -57668095.141001284 
805642.6332288395 -1289563908580409.5 -59110677.657768555 
808777.429467084 -1321822687925493.5 -60589346.75478593 
811912.2257053285 -1354888429072448.8 -62105005.14763212 
815047.021943573 -1388781318386815.2 -63658578.13359984 
818181.8181818175 -1423522047203294.0 -65251014.15655489 
821316.614420062 -1459131824456891.0 -66883285.38591427 
824451.4106583066 -1495632389629830.0 -68556388.31010108 
827586.2068965511 -1533046026022323.0 -70271344.34484698 
830721.0031347956 -1571395574355543.8 -72029200.45672518 
833855.7993730401 -1610704446715452.8 -73831029.80230965 
836990.5956112846 -1650996640846065.2 -75677932.38335419 
840125.3918495291 -1692296754800662.8 -77571035.71838158 
843260.1880877736 -1734630001959386.2 -79511495.53106794 
846394.9843260181 -1778022226421991.8 -81500496.45582482 
849529.7805642626 -1822499918785085.0 -83539252.76100604 
852664.5768025072 -1868090232313798.5 -85629009.09019487 
855799.3730407517 -1914820999518148.0 -87771041.2220401 
858934.1692789962 -1962720749144340.2 -89966656.8491118 
862068.9655172407 -2011818723591341.0 -92217196.37624864 
865203.7617554852 -2062144896763200.8 -94524033.73887764 
868338.5579937297 -2113729992368087.2 -96888577.24180718 
871473.3542319742 -2166605502675258.5 -99312270.41900878 
874608.1504702187 -2220803707741430.8 -101796592.91491224 
877742.9467084632 -2276357695117985.5 -104343061.38773847 
880877.7429467078 -2333301380050786.5 -106953230.43540934 
884012.5391849523 -2391669526184898.5 -109628693.54459894 
887147.3354231968 -2451497766787195.5 -112371084.0635212 
890282.1316614413 -2512822626500205.5 -115182076.19906622 
893416.9278996858 -2575681543640565.0 -118063386.03889813 
896551.7241379303 -2640112893055374.0 -121016772.59912497 
899686.5203761748 -2706156009549928.0 -124044038.89815898 
902821.3166144193 -2773851211901108.5 -127147033.0574214 
905956.1128526638 -2843239827471319.0 -130327649.42957565 
909090.9090909084 -2914364217438433.0 -133587829.75499786 
912225.7053291529 -2987267802657152.0 -136929564.34719184 
915360.5015673974 -3061995090167291.0 -140354893.30785862 
918495.2978056419 -3138591700364777.5 -143865907.7723465 
921630.0940438864 -3217104394851998.0 -147464751.18624264 
924764.8902821309 -3297581104984887.5 -151153620.61390594 
927899.6865203754 -3380070961134563.0 -154934768.0797531 
931034.4827586199 -3464624322681239.5 -158810501.94311637 
934169.2789968645 -3551292808758338.0 -162783188.30749 
937304.075235109 -3640129329765230.0 -166855252.46500975 
940438.8714733535 -3731188119667899.5 -171029180.3770547 
943573.667711598 -3824524769107888.0 -175307520.19189712 
946708.4639498425 -3920196259340025.0 -179692883.80034477 
949843.260188087 -4018260997019463.0 -184187948.43031305 
952978.0564263315 -4118778849858710.5 -188795458.2812767 
956112.852664576 -4221811183176071.0 -193518226.19958156 
959247.6489028205 -4327420897358153.5 -198359135.39565277 
962382.445141065 -4435672466259822.0 -203321141.20417237 
965517.2413793096 -4546631976565393.0 -208407272.88831732 
968652.0376175541 -4660367168134760.0 -213620635.4891398 
971786.8338557986 -4776947475358406.0 -218964411.72119266 
974921.6300940431 -4896444069546265.0 -224441863.91553968 
978056.4263322876 -5018929902376776.0 -230056336.01135963 
981191.2225705321 -5144479750433275.0 -235811255.597391 
984326.0188087766 -5273170260855229.0 -241710136.00447324 
987460.8150470211 -5405079998131480.0 -247756578.45043382 
990595.6112852657 -5540289492063514.0 -253954274.2386056 
993730.4075235102 -5678881286927856.0 -260307007.01130137 
996865.2037617547 -5820939991865841.0 -266818655.0597578 
999999.9999999992 -5966552332635561.0 -273493193.6872668 
