#x u 
0.0 1.2907683521706084e+19 591658866457.8517 
3134.796238244514 -3.2301700198293843e+17 -14806364977.74482 
6269.592476489028 7949242163420600.0 364375187.8515026 
9404.38871473354 -333245066849932.75 -15275196.183383266 
12539.184952978056 -129418344636507.89 -5932242.639953877 
15673.98119122257 -137963089856527.2 -6323914.329560734 
18808.777429467085 -141281508861400.3 -6476023.109383237 
21943.5736677116 -144819023896296.6 -6638174.754859921 
25078.369905956115 -148441626599256.44 -6804226.627477066 
28213.16614420063 -152154934820210.62 -6974436.23670552 
31347.962382445145 -155961130298432.8 -7148903.588319549 
34482.75862068966 -159862538819268.6 -7327735.290868505 
37617.55485893417 -163861542108879.9 -7511040.517113093 
40752.35109717868 -167960581530127.06 -7698931.173218965 
43887.14733542319 -172162159514530.7 -7891521.964620223 
47021.943573667704 -176468841091417.5 -8088930.466114668 
50156.739811912215 -180883255454836.6 -8291277.193604346 
53291.53605015673 -185408097568163.5 -8498685.677706903 
56426.33228840124 -190046129808859.38 -8711282.539208718 
59561.12852664575 -194800183655948.28 -8929197.566333037 
62695.92476489026 -199673161418055.47 -9152563.794016406 
65830.72100313478 -204668038005277.06 -9381517.585141491 
68965.51724137929 -209787862745688.94 -9616198.713788463 
72100.3134796238 -215035761246432.75 -9856750.450607922 
75235.10971786831 -220414937302442.47 -10103319.65027661 
78369.90595611282 -225928674853358.66 -10356056.841116242 
81504.70219435733 -231580339987514.44 -10615116.31703671 
84639.49843260185 -237373382996689.66 -10880656.23174795 
87774.29467084636 -243311340482795.6 -11152838.695302185 
90909.09090909087 -249397837517393.72 -11431829.873041919 
94043.88714733538 -255636589854958.56 -11717800.087030988 
97178.68338557989 -262031406201367.38 -12010923.920024319 
100313.4796238244 -268586190538917.66 -12311380.322045168 
103448.27586206891 -275304944509490.03 -12619352.719627967 
106583.07210031342 -282191769857649.3 -12935029.127778774 
109717.86833855794 -289250870934843.9 -13258602.264735892 
112852.66457680245 -296486557266153.94 -13590269.669603612 
115987.46081504696 -303903246180976.7 -13930233.822939584 
119122.25705329147 -311505465509526.0 -14278702.27035904 
122257.05329153598 -319297856347008.25 -14635887.749223942 
125391.84952978049 -327285175886979.75 -15002008.318502959 
128526.645768025 -335472300325451.6 -15377287.491888553 
131661.44200626953 -343864227837558.25 -15761954.3742492 
134796.23824451404 -352466081628721.75 -16156243.801495686 
137931.03448275855 -361283113062254.7 -16560396.483944923 
141065.83072100306 -370320704865188.8 -16974659.15327577 
144200.62695924757 -379584374414246.3 -17399284.713168174 
147335.42319749208 -389079777104093.25 -17834532.39370942 
150470.2194357366 -398812709799936.25 -18280667.90966068 
153605.0156739811 -408789114376483.94 -18737963.622684192 
156739.81191222562 -419015081345407.1 -19206698.707632434 
159874.60815047013 -429496853573516.94 -19687159.323001035 
163009.40438871464 -440240830093989.6 -20179638.785645347 
166144.20062695915 -451253570013032.06 -20684437.749862157 
169278.99686520366 -462541796514348.4 -21201864.390945286 
172413.79310344817 -474112400963735.06 -21732234.593332957 
175548.58934169268 -485972447116246.8 -22275872.143465076 
178683.3855799372 -498129175428627.8 -22833108.92746268 
181818.1818181817 -510590007479707.0 -23404285.13374584 
184952.97805642622 -523362550501392.9 -23989749.46071451 
188087.77429467073 -536454602022957.7 -24589859.32962247 
191222.57053291524 -549874154631436.1 -25204981.102775343 
194357.36677115975 -563629400851089.0 -25835490.30718562 
197492.16300940426 -577728738144943.2 -26481771.863819934 
200626.95924764877 -592180774041441.4 -27144220.32257893 
203761.75548589329 -606994331389306.5 -27823240.10315388 
206896.5517241378 -622178453743833.4 -28519245.74190723 
210031.3479623823 -637742410887900.6 -29232662.144929 
213166.14420062682 -653695704491089.0 -29963924.847424872 
216300.94043887133 -670048073910327.1 -30713480.27959516 
219435.73667711584 -686809502135610.8 -31481786.03916601 
222570.53291536035 -703990221884420.8 -32269311.17073831 
225705.32915360486 -721600721848573.6 -33076536.452123523 
228840.12539184937 -739651753097301.8 -33903954.68784325 
231974.9216300939 -758154335640446.5 -34752071.00997321 
235109.7178683384 -777119765155769.8 -35621403.186515346 
238244.5141065829 -796559619884544.9 -36512481.937484115 
241379.31034482742 -816485767699678.8 -37425851.2589006 
244514.10658307193 -836910373350678.0 -38362068.75489579 
247648.90282131644 -857845905889951.1 -39321705.978128254 
250783.69905956095 -879305146285045.0 -40305348.77872545 
253918.49529780546 -901301195221487.2 -41313597.66196172 
257053.29153604998 -923847481100979.6 -42347068.154892266 
260188.0877742945 -946957768239789.2 -43406391.182164975 
263322.884012539 -970646165272335.0 -44492213.45123433 
266457.6802507835 -994927133765015.4 -45605197.84720763 
269592.476489028 -1019815497045380.8 -46746023.83755988 
272727.27272727253 -1045326449251894.1 -47915387.886961125 
275862.06896551704 -1071475564609742.0 -49114003.88246407 
278996.86520376155 -1098278806938398.6 -50342603.56931126 
282131.66144200607 -1125752539396827.9 -51601936.99763067 
285266.4576802506 -1153913534472429.0 -52892772.98029982 
288401.2539184951 -1182778984219952.8 -54215899.56226714 
291536.0501567396 -1212366510756816.8 -55572124.5016239 
294670.8463949841 -1242694177021325.5 -56962275.76272604 
297805.6426332286 -1273780497800383.5 -58387202.02166724 
300940.43887147313 -1305644451033362.0 -59847773.18440807 
304075.23510971764 -1338305489398784.2 -61344880.91786952 
307210.03134796215 -1371783552190692.5 -62879439.19430317 
310344.82758620667 -1406099077491710.2 -64452384.8492632 
313479.6238244512 -1441273014650135.5 -66064678.15351602 
316614.4200626957 -1477326837068731.5 -67717303.39923987 
319749.2163009402 -1514282555313233.2 -69411269.50088166 
322884.0125391847 -1552162730548789.8 -71147610.61104609 
326018.8087774292 -1590990488312792.0 -72927386.7518072 
329153.60501567373 -1630789532632595.5 -74751684.46183135 
332288.40125391824 -1671584160496811.8 -76621617.45971045 
335423.19749216276 -1713399276688894.8 -78538327.32390487 
338557.99373040727 -1756260408991853.5 -80502984.1897003 
341692.7899686518 -1800193723773156.5 -82516787.46359426 
344827.5862068963 -1845226041959184.8 -84580966.55554004 
347962.3824451408 -1891384855408959.8 -86696781.62949468 
351097.1786833853 -1938698343697257.8 -88865524.37273233 
354231.9749216298 -1987195391317584.0 -91088518.7844036 
357366.77115987433 -2036905605315666.0 -93367121.98382843 
360501.56739811884 -2087859333364323.0 -95702725.0390194 
363636.36363636336 -2140087682290683.2 -98096753.81594029 
366771.15987460787 -2193622537067001.8 -100550669.84901206 
369905.9561128524 -2248496580276520.2 -103065971.23339315 
373040.7523510969 -2304743312066201.0 -105644193.53957267 
376175.5485893414 -2362397070598431.5 -108286910.7508333 
379310.3448275859 -2421493053014183.5 -110995736.22415486 
382445.1410658304 -2482067336920481.5 -113772323.67514814 
385579.93730407493 -2544156902415384.0 -116618368.18762605 
388714.73354231945 -2607799654664028.5 -119535607.24843058 
391849.52978056396 -2673034447039532.5 -122525821.80814953 
394984.32601880847 -2739901104842840.0 -125590837.36836821 
398119.122257053 -2808440449615880.5 -128732525.09611695 
401253.9184952975 -2878694324062815.0 -131952802.96618912 
404388.714733542 -2950705617594582.5 -135253636.93203282 
407523.5109717865 -3024518292512436.5 -138637042.12592983 
410658.307210031 -3100177410846472.0 -142105084.08920005 
413793.10344827553 -3177729161865571.0 -145659880.03318176 
416927.89968652005 -3257220890275474.5 -149303600.13175792 
420062.69592476456 -3338701125122240.0 -153038468.8462151 
423197.49216300907 -3422219609418677.0 -156866766.2832482 
426332.2884012536 -3507827330511948.0 -160790829.58693781 
429467.0846394981 -3595576551210875.5 -164813054.36555558 
432601.8808777426 -3685520841691892.0 -168935896.15406203 
435736.6771159871 -3777715112203081.5 -173161871.9131923 
438871.4733542316 -3872215646586341.5 -177493561.56604093 
442006.26959247614 -3969080136638058.0 -181933609.57308868 
445141.06583072065 -4068367717329440.0 -186484726.54663414 
448275.86206896516 -4170139002907967.0 -191149690.90561393 
451410.65830720967 -4274456123901949.0 -195931350.57182303 
454545.4545454542 -4381382765050704.0 -200832624.70856106 
457680.2507836987 -4490984204183574.5 -205856505.5027718 
460815.0470219432 -4603327352071483.0 -211006059.99176124 
463949.8432601877 -4718480793275516.0 -216284431.93561587 
467084.6394984322 -4836514828017367.0 -221694843.73645875 
470219.43573667674 -4957501515097194.0 -227240598.40571508 
473354.23197492125 -5081514715885011.0 -232925081.5805825 
476489.02821316576 -5208630139412491.0 -238751763.59093958 
479623.82445141027 -5338925388592726.0 -244724201.57795656 
482758.6206896548 -5472480007596347.0 -250846041.6657031 
485893.4169278993 -5609375530412684.0 -257121021.18707943 
489028.2131661438 -5749695530625763.0 -263552970.96542528 
492163.0094043883 -5893525672435271.0 -270145817.65319616 
495297.8056426328 -6040953762953848.0 -276903586.1291385 
498432.60188087734 -6192069805812509.0 -283830401.9554309 
501567.39811912185 -6346966056107195.0 -290930493.896292 
504702.19435736636 -6505737076719857.0 -298208196.4995975 
507836.99059561087 -6668479796048247.0 -305667952.74307 
510971.7868338554 -6835293567179819.0 -313314316.7466608 
514106.5830720999 -7006280228545766.0 -321151956.55278325 
517241.3793103444 -7181544166092450.0 -329185656.97609764 
520376.1755485889 -7361192377008101.0 -337420322.5245921 
523510.9717868334 -7545334535043729.0 -345860980.3937386 
526645.768025078 -7734083057467976.0 -354512783.5355473 
529780.5642633225 -7927553173696715.0 -363381013.8043929 
532915.360501567 -8125862995639461.0 -372471085.1815359 
536050.1567398115 -8329133589805625.0 -381788547.0803136 
539184.952978056 -8537489051214608.0 -391339087.73402184 
542319.7492163006 -8751056579154860.0 -401128537.6685451 
545454.5454545451 -8969966554837982.0 -411162873.26185775 
548589.3416927896 -9194352620995232.0 -421448220.3925576 
551724.1379310341 -9424351763465188.0 -431990858.17967576 
554858.9341692786 -9660104394822522.0 -442797222.81604135 
557993.7304075231 -9901754440098870.0 -453873911.4975449 
561128.5266457676 -1.014944942464803e+16 -465227686.4506956 
564263.3228840121 -1.0403340564209076e+16 -476865479.06091875 
567398.1191222566 -1.066358285722226e+16 -488794394.1041157 
570532.9153605012 -1.0930335179454228e+16 -501021714.08408195 
573667.7115987457 -1.1203760380990556e+16 -513554903.67842263 
576802.5078369902 -1.1484025385654576e+16 -526401614.2956945 
579937.3040752347 -1.1771301292913246e+16 -539569688.7465345 
583072.1003134792 -1.2065763482331998e+16 -553067166.0316324 
586206.8965517237 -1.2367591720642478e+16 -566902286.2494643 
589341.6927899682 -1.267697027148859e+16 -581083495.6267953 
592476.4890282127 -1.2994088007918054e+16 -595619451.6750262 
595611.2852664572 -1.3319138527687988e+16 -610519028.4755313 
598746.0815047018 -1.365232027145494e+16 -625791322.097201 
601880.8777429463 -1.3993836643921088e+16 -641445656.1495035 
605015.6739811908 -1.4343896138010952e+16 -657491587.4744428 
608150.4702194353 -1.470271246215455e+16 -673938911.9809167 
611285.2664576798 -1.5070504670754548e+16 -690797670.6250194 
614420.0626959243 -1.5447497297917412e+16 -708078155.5399603 
617554.8589341688 -1.5833920494529524e+16 -725790916.3193138 
620689.6551724133 -1.6230010168762294e+16 -743946766.4574379 
623824.4514106578 -1.6636008130091702e+16 -762556789.9510077 
626959.2476489024 -1.7052162236920884e+16 -781632348.0656908 
630094.0438871469 -1.7478726547895622e+16 -801185086.2721114 
633228.8401253914 -1.7915961477005112e+16 -821226941.3553253 
636363.6363636359 -1.836413395256257e+16 -841770148.7021308 
639498.4326018804 -1.8823517580162436e+16 -862827249.7706714 
642633.2288401249 -1.9294392809714104e+16 -884411099.7468874 
645768.0250783694 -1.9777047106654236e+16 -906534875.392506 
648902.8213166139 -2.027177512744228e+16 -929212083.0893672 
652037.6175548584 -2.077887889944609e+16 -952456567.0849808 
655172.413793103 -2.129866800532718e+16 -976282517.944335 
658307.2100313475 -2.183145977203832e+16 -1000704481.2131318 
661442.006269592 -2.237757946454874e+16 -1025737366.2977276 
664576.8025078365 -2.2937360484415732e+16 -1051396455.5672162 
667711.598746081 -2.3511144573323828e+16 -1077697413.6832247 
670846.3949843255 -2.409928202171543e+16 -1104656297.1630824 
673981.19122257 -2.4702131882640264e+16 -1132289564.1822016 
677115.9874608145 -2.5320062190954188e+16 -1160614084.6216633 
680250.783699059 -2.5953450188001308e+16 -1189647150.3671281 
683385.5799373036 -2.6602682551916924e+16 -1219406485.8653903 
686520.3761755481 -2.7268155633691716e+16 -1249910258.9450138 
689655.1724137926 -2.7950275699141188e+16 -1281177091.9076383 
692789.9686520371 -2.864945917692775e+16 -1313226072.8967226 
695924.7648902816 -2.936613291278665e+16 -1346076767.5506735 
699059.5611285261 -3.010073443011183e+16 -1379749230.9474826 
702194.3573667706 -3.0853712197060344e+16 -1414264019.8481746 
705329.1536050151 -3.1625525900338576e+16 -1449642205.2465415 
708463.9498432596 -3.2416646725837456e+16 -1485905385.2328117 
711598.7460815042 -3.3227557646286948e+16 -1523075698.1790814 
714733.5423197487 -3.4058753716106544e+16 -1561175836.254589 
717868.3385579932 -3.4910742373631464e+16 -1600229059.2790754 
721003.1347962377 -3.5784043750899572e+16 -1640259208.9227123 
724137.9310344822 -3.667919099118788e+16 -1681290723.2612581 
727272.7272727267 -3.759673057449235e+16 -1723348651.6953008 
730407.5235109712 -3.853722265114884e+16 -1766458670.24268 
733542.3197492157 -3.950124138380004e+16 -1810647097.2134807 
736677.1159874602 -4.048937529791675e+16 -1855940909.2771213 
739811.9122257048 -4.15022276410882e+16 -1902367757.931405 
742946.7084639493 -4.254041675130021e+16 -1949955986.3835588 
746081.5047021938 -4.360457643442555e+16 -1998734646.8535378 
749216.3009404383 -4.469535635115696e+16 -2048733518.3101623 
752351.0971786828 -4.581342241361899e+16 -2099983124.650913 
755485.8934169273 -4.6959457191902024e+16 -2152514753.3365455 
758620.6896551718 -4.813416033076602e+16 -2206360474.491844 
761755.4858934163 -4.933824897676847e+16 -2261553160.484225 
764890.2821316608 -5.057245821607645e+16 -2318126505.992046 
768025.0783699054 -5.183754152323032e+16 -2376115048.5749397 
771159.8746081499 -5.3134271221133224e+16 -2435554189.7586846 
774294.6708463944 -5.446343895254797e+16 -2496480216.647569 
777429.4670846389 -5.5825856163389096e+16 -2558930324.0773973 
780564.2633228834 -5.722235459810412e+16 -2622942637.3226557 
783699.0595611279 -5.865378680744689e+16 -2688556235.371672 
786833.8557993724 -6.012102666895215e+16 -2755811174.7839956 
789968.6520376169 -6.16249699204302e+16 -2824748514.1445704 
793103.4482758614 -6.316653470680756e+16 -2895410339.1296487 
796238.244514106 -6.474666214064751e+16 -2967839788.199795 
799373.0407523505 -6.636631687669207e+16 -3042081078.9355316 
802507.836990595 -6.8026487700775144e+16 -3118179535.031811 
805642.6332288395 -6.972818813346794e+16 -3196181613.9676914 
808777.429467084 -7.1472457048824104e+16 -3276134935.3682213 
811912.2257053285 -7.32603593086042e+16 -3358088310.0758204 
815047.021943573 -7.509298641236531e+16 -3442091769.9489183 
818181.8181818175 -7.697145716381315e+16 -3528196598.4059687 
821316.614420062 -7.889691835382166e+16 -3616455361.7335334 
824451.4106583066 -8.087054546053888e+16 -3706921941.177551 
827586.2068965511 -8.289354336700651e+16 -3799651565.837336 
830721.0031347956 -8.496714709673078e+16 -3894700846.3825154 
833855.7993730401 -8.709262256765507e+16 -3992127809.613399 
836990.5956112846 -8.927126736499246e+16 -4091991933.8858757 
840125.3918495291 -9.15044115333902e+16 -4194354185.4224396 
843260.1880877736 -9.379341838891042e+16 -4299277055.531544 
846394.9843260181 -9.613968535132318e+16 -4406824598.758035 
849529.7805642626 -9.854464479722024e+16 -4517062471.987962 
852664.5768025072 -1.0100976493446946e+17 -4630057974.5315895 
855799.3730407517 -1.0353655069854368e+17 -4745880089.209098 
858934.1692789962 -1.0612654467127144e+17 -4864599524.464015 
862068.9655172407 -1.0878132802256949e+17 -4986288757.530151 
865203.7617554852 -1.1150252147573429e+17 -5111022078.6783285 
868338.5579937297 -1.1429178629688021e+17 -5238875636.570042 
871473.3542319742 -1.1715082530912978e+17 -5369927484.745598 
874608.1504702187 -1.2008138393217336e+17 -5504257629.275203 
877742.9467084632 -1.2308525124783278e+17 -5641948077.601968 
880877.7429467078 -1.2616426109228083e+17 -5783082888.606783 
884012.5391849523 -1.2932029317558293e+17 -5927748223.925531 
887147.3354231968 -1.3255527422924504e+17 -6076032400.550106 
890282.1316614413 -1.3587117918246774e+17 -6228025944.745206 
893416.9278996858 -1.392700323678246e+17 -6383821647.313878 
896551.7241379303 -1.4275390875710048e+17 -6543514620.245503 
899686.5203761748 -1.4632493522804278e+17 -6707202354.7808485 
902821.3166144193 -1.499852918628042e+17 -6874984780.929628 
905956.1128526638 -1.5373721327886413e+17 -7046964328.476964 
909090.9090909084 -1.575829899932451e+17 -7223245989.515936 
912225.7053291529 -1.615249698208546e+17 -7403937382.544366 
915360.5015673974 -1.655655593078059e+17 -7589148818.165007 
918495.2978056419 -1.697072252005949e+17 -7778993366.429179 
921630.0940438864 -1.7395249595202614e+17 -7973586925.865103 
924764.8902821309 -1.7830396326481514e+17 -8173048294.233005 
927899.6865203754 -1.827642836738003e+17 -8377499241.0501795 
931034.4827586199 -1.8733618016773686e+17 -8587064581.930301 
934169.2789968645 -1.9202244385165718e+17 -8801872254.782242 
937304.075235109 -1.9682593565081738e+17 -9022053397.915152 
940438.8714733535 -2.0174958805726822e+17 -9247742430.09727 
943573.667711598 -2.0679640692011805e+17 -9479077132.617495 
946708.4639498425 -2.1196947328057914e+17 -9716198733.399782 
949843.260188087 -2.172719452529176e+17 -9959251993.221666 
952978.0564263315 -2.227070599524563e+17 -10208385294.089453 
956112.852664576 -2.2827813547180643e+17 -10463750729.82423 
959247.6489028205 -2.3398857290653514e+17 -10725504198.913912 
962382.445141065 -2.3984185843150637e+17 -10993805499.687979 
965517.2413793096 -2.4584156542916387e+17 -11268818427.873114 
968652.0376175541 -2.5199135667105088e+17 -11550710876.589163 
971786.8338557986 -2.582949865539015e+17 -11839654938.846466 
974921.6300940431 -2.647563033916682e+17 -12135827012.607176 
978056.4263322876 -2.7137925176488643e+17 -12439407908.474812 
981191.2225705321 -2.7816787492880758e+17 -12750582960.077658 
984326.0188087766 -2.8512631728177472e+17 -13069542137.213354 
987460.8150470211 -2.922588268953445e+17 -13396480161.82408 
990595.6112852657 -2.995697581076997e+17 -13731596626.87258 
993730.4075235102 -3.0706357418193254e+17 -14075096118.19185 
996865.2037617547 -3.1474485003082797e+17 -14427188339.383276 
999999.9999999992 -3.226182750099232e+17 -14788088239.833899 
