#x u 
0.0 58393.08671914633 -0.043150603773187635 
3134.796238244514 150319.5342732338 -0.041960425322923156 
6269.592476489028 247415.0408337304 -0.03864425250506895 
9404.38871473354 333699.0967975115 -0.03389072583759686 
12539.184952978056 407123.4376873473 -0.027824609600282088 
15673.98119122257 464803.88127761474 -0.020682536851651067 
18808.777429467085 504510.34800455486 -0.012740672025878738 
21943.5736677116 524707.4143641964 -0.004306125699352757 
25078.369905956115 524614.0590899069 0.0042949383908195155 
28213.16614420063 504233.8922576929 0.01272991732892791 
31347.962382445145 464355.0143704983 0.020672630706228302 
34482.75862068966 406519.540563902 0.027815934009996966 
37617.55485893417 332963.96705483453 0.033883595893557474 
40752.35109717868 246532.68589301384 0.038640980035029325 
43887.14733542319 150567.99239686746 0.041904118517585846 
47021.943573667704 48780.83868344237 0.04354682586385096 
50156.739811912215 -54892.66875017511 0.043505578624916254 
53291.53605015673 -156443.47815926446 0.04178197183040222 
56426.33228840124 -251944.6224746328 0.038442657308705684 
59561.12852664575 -337703.075013588 0.033616766262587944 
62695.92476489026 -410402.5587224581 0.02749091576903622 
65830.72100313478 -467231.7865210785 0.020301992301914706 
68965.51724137929 -505993.1736985884 0.012327991338389941 
72100.3134796238 -525187.8184551115 0.003877267281303979 
75235.10971786831 -524073.46439404885 -0.004723390597291934 
78369.90595611282 -502693.2035569771 -0.013141395088500549 
81504.70219435733 -461873.81005555997 -0.021051222185003236 
84639.49843260185 -403193.7687388807 -0.02814699908567016 
87774.29467084636 -328922.235226765 -0.034154332288555314 
90909.09090909087 -241931.28772301064 -0.038840918380237066 
94043.88714733538 -145584.86382861205 -0.042025527202562404 
97178.68338557989 -43608.677164978784 -0.04358501001799907 
100313.4796238244 60053.85587399049 -0.04345906166811266 
103448.27586206891 161394.10792920372 -0.04165255257248561 
106583.07210031342 256493.2541606541 -0.03823534038844318 
109717.86833855794 341673.8130330985 -0.03333956861432061 
112852.66457680245 413641.8546352278 -0.027154556613428214 
115987.46081504696 469614.37792214565 -0.019919478688013997 
119122.25705329147 507426.92895918037 -0.011914115200220109 
122257.05329153598 525617.2894937388 -0.00344803297778936 
125391.84952978049 523482.0060925158 0.005151386305388947 
128526.645768025 501103.6612863935 0.013551602824441003 
131661.44200626953 459347.9111613073 0.021427767318553545 
134796.23824451404 399829.86040199746 0.028475289881503118 
137931.03448275855 324849.71838447446 0.03442170498002007 
141065.83072100306 237301.86216468457 0.0390372988129619 
144200.62695924757 140571.55255696544 0.042143596228299655 
147335.42319749208 38429.00836886479 0.043619117226138565 
150470.2194357366 -65124.28478400986 0.04340443656414657 
153605.0156739811 -166146.20344590917 0.04151071069329238 
156739.81191222562 -261075.2301568056 0.03802698383936398 
159874.60815047013 -346554.8052471372 0.03310238040560966 
163009.40438871464 -418472.8190470857 0.026890361194177637 
166144.20062695915 -471625.4056267537 0.019520089256570818 
169278.99686520366 -502491.92305728677 0.011209409868543765 
172413.79310344817 -514074.24184002104 0.0024720079469141296 
175548.58934169268 -515887.8896021511 -0.005897541092881853 
178683.3855799372 -514789.5601240601 -0.013258076990802866 
181818.1818181817 -505412.7454672924 -0.019572903381450193 
184952.97805642622 -473705.84758721717 -0.025258540218822585 
188087.77429467073 -410918.16720234393 -0.030552438099756614 
191222.57053291524 -320733.17981070257 -0.035192333897393055 
194357.36677115975 -213114.73689066677 -0.038701939494164506 
197492.16300940426 -96331.63752815888 -0.04075727397295921 
200626.95924764877 24176.60366724767 -0.04123652576316506 
203761.75548589329 143749.93624893978 -0.04012116221094166 
206896.5517241378 257764.46266125888 -0.03745431439486184 
210031.3479623823 361811.2442336423 -0.03333910924826299 
213166.14420062682 451866.7947204581 -0.02793468164350805 
216300.94043887133 524448.6684059368 -0.021450020650750162 
219435.73667711584 576750.1261863555 -0.014135887936209568 
222570.53291536035 606748.672095709 -0.006275120815283671 
225705.32915360486 613284.2631703308 0.0018283050588339764 
228840.12539184937 596104.1682791045 0.00986103042548887 
231974.9216300939 555872.7412295088 0.017512430010748935 
235109.7178683384 494145.7302237464 0.024486624398395034 
238244.5141065829 413310.1171175958 0.030513921678989905 
241379.31034482742 316491.8128962377 0.035361246428764384 
244514.10658307193 207434.77878050983 0.03884115272998719 
247648.90282131644 90356.24734717184 0.04081907269956319 
250783.69905956095 -30216.35774144093 0.04121852022545424 
253918.49529780546 -149620.49708869687 0.0400240486825752 
257053.29153604998 -263238.81583676406 0.03728184825337032 
260188.0877742945 -366677.696654801 0.03309795975470037 
263322.884012539 -455937.16080300143 0.027634174042306014 
266457.6802507835 -527565.5472029024 0.021101775562766673 
269592.476489028 -578792.9880784766 0.013753371989632756 
272727.27272727253 -607638.5196685498 0.005873125891481938 
275862.06896551704 -612986.6860421766 -0.002234233826966669 
278996.86520376155 -594630.6737494998 -0.01025519578340406 
282131.66144200607 -553280.3092922919 -0.01787958959465499 
285266.4576802506 -490534.6101522184 -0.024812580157055023 
288401.2539184951 -408819.95082782186 -0.030786068911981292 
291536.0501567396 -311296.23499790544 -0.03556906120990534 
294670.8463949841 -201734.70213124112 -0.03897659886727897 
297805.6426332286 -84372.09375772029 -0.04087691249451886 
300940.43887147313 36253.18121268193 -0.041196517014758176 
304075.23510971764 155476.54664042205 -0.03992305332979332 
307210.03134796215 268687.638190274 -0.03710576624607902 
310344.82758620667 371508.585996203 -0.032853600179386815 
313479.6238244512 459963.30677136395 -0.02733098627717684 
316614.4200626957 530631.2588418901 -0.020751483870546813 
319749.2163009402 580779.7144014458 -0.01336952214064115 
322884.0125391847 608469.4340220133 -0.005470561349057575 
326018.8087774292 612629.656990429 0.0026399459027930078 
329153.60501567373 593099.5075963712 0.010648366517569622 
332288.40125391824 550634.2161917507 0.01824501508544174 
335423.19749216276 486875.9144533114 0.025136129410560405 
338557.99373040727 404290.13419484533 0.031055230287272365 
341692.7899686518 306070.4653182516 0.0357734262438372 
344827.5862068963 196015.0597779026 0.039108264769484785 
347962.3824451408 78379.75714670258 0.04093078774810074 
351097.1786833853 -42286.48858576255 0.041170518265108806 
354231.9749216298 -161317.51694168252 0.03981818594786253 
357366.77115987433 -274110.40125522483 0.03692608545070624 
360501.56739811884 -376303.44372293743 0.03260605422209759 
363636.36363636336 -463944.8421405213 0.027025147753483133 
366771.15987460787 -533645.5059878078 0.020399179547935985 
369905.9561128524 -582710.1124680424 0.012984375617795259 
373040.7523510969 -609241.3345679612 0.005067466231658652 
376175.5485893414 -612213.210642372 -0.0030454019373942196 
379310.3448275859 -591510.8183233902 -0.011040504495417578 
382445.1410658304 -547934.7185653136 -0.018608671041477544 
385579.93730407493 -483169.99797404406 -0.025457240778742663 
388714.73354231945 -399721.1065533508 -0.03132137969962801 
391849.52978056396 -300815.010690567 -0.035974321709747126 
394984.32601880847 -190276.4064531642 -0.039236137666684254 
398119.122257053 -72379.81869466783 -0.040980693235093485 
401253.9184952975 48315.69470648926 -0.04114052649805477 
404388.714733542 167142.84149253485 -0.03970945670758722 
407523.5109717865 279506.57909246173 -0.036742823294007375 
410658.307210031 381061.804794695 -0.032355345891646896 
413793.10344827553 467881.3807521047 -0.026716688133677682 
416927.89968652005 536607.9962969588 -0.020044896763979355 
420062.69592476456 584583.9950541657 -0.012597969775416551 
423197.49216300907 609954.1464418387 -0.0046638796343923565 
426332.2884012536 611737.3873880089 0.003450562606684089 
429467.0846394981 589864.7600132384 0.011431571684544204 
432601.8808777426 545182.0782299646 0.018970522192753005 
435736.6771159871 479417.2201412486 0.025775883117877194 
438871.4733542316 395113.3110409923 0.031584491335935425 
442006.26959247614 295530.380827207 0.036171728123326335 
445141.06583072065 184519.2987335173 0.039360205156830336 
448275.86206896516 66372.86031944586 0.041026624115298616 
451410.65830720967 -54340.21481844049 0.041106544622416454 
454545.4545454542 -172951.955310482 0.039596876154322655 
457680.2507836987 -284875.6483412713 0.03655599755008409 
460815.0470219432 -385783.20771088696 0.0321014995035587 
463949.8432601877 -471772.540811865 0.026405637334426156 
467084.6394984322 -539518.4424454081 0.01968866987960754 
470219.43573667674 -586401.180417004 0.012210342089964283 
473354.23197492125 -610607.800509949 0.004259840700032939 
476489.02821316576 -611202.2333761543 -0.0038553886152234143 
479623.82445141027 -588161.4923126684 -0.011821530156398816 
482758.6206896548 -542376.5621568592 -0.019330533444302092 
485893.4169278993 -475617.9449267152 -0.026092025523703887 
489028.2131661438 -390467.1945554157 -0.03184453967770735 
492163.0094043883 -290217.0882701519 -0.03636562633865975 
495297.8056426328 -178744.29498529283 -0.039480455206952154 
498432.60188087734 -60359.46461971052 -0.04106857593400407 
501567.39811912185 60359.464619676524 -0.0410685759340043 
504702.19435736636 178744.29498526093 -0.0394804552069528 
507836.99059561087 290217.0882701215 -0.03636562633866083 
510971.7868338554 390467.19455538807 -0.031844539677708804 
514106.5830720999 475617.9449266921 -0.02609202552370569 
517241.3793103444 542376.562156842 -0.019330533444304163 
520376.1755485889 588161.4923126581 -0.011821530156401031 
523510.9717868334 611202.2333761523 -0.0038553886152257323 
526645.768025078 610607.8005099542 0.0042598407000306255 
529780.5642633225 586401.1804170155 0.012210342089962046 
532915.360501567 539518.4424454245 0.01968866987960547 
536050.1567398115 471772.5408118864 0.02640563733442438 
539184.952978056 385783.2077109125 0.032101499503557285 
542319.7492163006 284875.6483413008 0.036555997550083 
545454.5454545451 172951.955310515 0.039596876154321996 
548589.3416927896 54340.21481847421 0.04110654462241625 
551724.1379310341 -66372.86031941112 0.04102662411529885 
554858.9341692786 -184519.29873348412 0.03936020515683101 
557993.7304075231 -295530.3808271763 0.03617172812332744 
561128.5266457676 -395113.31104096636 0.0315844913359369 
564263.3228840121 -479417.2201412284 0.025775883117878987 
567398.1191222566 -545182.0782299502 0.018970522192755045 
570532.9153605012 -589864.7600132299 0.011431571684546433 
573667.7115987457 -611737.3873880061 0.003450562606686402 
576802.5078369902 -609954.146441842 -0.004663879634390057 
579937.3040752347 -584583.9950541751 -0.012597969775414379 
583072.1003134792 -536607.9962969742 -0.020044896763977357 
586206.8965517237 -467881.38075212686 -0.02671668813367595 
589341.6927899682 -381061.8047947225 -0.03235534589164545 
592476.4890282127 -279506.5790924931 -0.03674282329400631 
595611.2852664572 -167142.84149256814 -0.03970945670758657 
598746.0815047018 -48315.694706523995 -0.04114052649805457 
601880.8777429463 72379.81869463358 -0.040980693235093735 
605015.6739811908 190276.40645313184 -0.03923613766668495 
608150.4702194353 300815.0106905375 -0.035974321709748236 
611285.2664576798 399721.10655332543 -0.03132137969962953 
614420.0626959243 483169.99797402346 -0.025457240778744505 
617554.8589341688 547934.718565298 -0.018608671041479598 
620689.6551724133 591510.8183233807 -0.011040504495419797 
623824.4514106578 612213.2106423683 -0.003045401937396489 
626959.2476489024 609241.3345679643 0.005067466231656398 
630094.0438871469 582710.1124680532 0.012984375617793106 
633228.8401253914 533645.5059878251 0.02039917954793398 
636363.6363636359 463944.8421405438 0.027025147753481346 
639498.4326018804 376303.44372296496 0.032606054222096156 
642633.2288401249 274110.401255255 0.03692608545070521 
645768.0250783694 161317.51694171477 0.03981818594786194 
648902.8213166139 42286.48858579635 0.041170518265108653 
652037.6175548584 -78379.75714666818 0.04093078774810105 
655172.413793103 -196015.05977786964 0.03910826476948554 
658307.2100313475 -306070.4653182215 0.035773426243838356 
661442.006269592 -404290.13419481926 0.03105523028727391 
664576.8025078365 -486875.91445329064 0.02513612941056228 
667711.598746081 -550634.216191736 0.018245015085443853 
670846.3949843255 -593099.507596363 0.010648366517571877 
673981.19122257 -612629.6569904286 0.0026399459027953718 
677115.9874608145 -608469.4340220196 -0.0054705613490552245 
680250.783699059 -580779.7144014594 -0.013369522140638909 
683385.5799373036 -530631.258841909 -0.020751483870544707 
686520.3761755481 -459963.3067713876 -0.027330986277174986 
689655.1724137926 -371508.5859962314 -0.032853600179385344 
692789.9686520371 -268687.63819030666 -0.037105766246077955 
695924.7648902816 -155476.54664045558 -0.03992305332979271 
699059.5611285261 -36253.18121271675 -0.04119651701475803 
702194.3573667706 84372.0937576861 -0.040876912494519156 
705329.1536050151 201734.70213120757 -0.03897659886727976 
708463.9498432596 311296.2349978749 -0.03556906120990654 
711598.7460815042 408819.9508277949 -0.030786068911982854 
714733.5423197487 490534.6101521962 -0.02481258015705686 
717868.3385579932 553280.3092922762 -0.017879589594657054 
721003.1347962377 594630.6737494911 -0.010255195783406291 
724137.9310344822 612986.6860421747 -0.002234233826969004 
727272.7272727267 607638.5196685543 0.005873125891479593 
730407.5235109712 578792.9880784883 0.013753371989630515 
733542.3197492157 527565.5472029193 0.021101775562764647 
736677.1159874602 455937.16080302326 0.027634174042304328 
739811.9122257048 366677.6966548278 0.03309795975469905 
742946.7084639493 263238.81583679526 0.037281848253369367 
746081.5047021938 149620.49708873083 0.04002404868257468 
749216.3009404383 30216.357741476226 0.041218520225454164 
752351.0971786828 -90356.24734713697 0.04081907269956356 
755485.8934169273 -207434.77878047666 0.038841152729988004 
758620.6896551718 -316491.8128962072 0.03536124642876562 
761755.4858934163 -413310.11711756914 0.030513921678991474 
764890.2821316608 -494145.73022372473 0.024486624398396887 
768025.0783699054 -555872.7412294941 0.017512430010751073 
771159.8746081499 -596104.1682790965 0.00986103042549118 
774294.6708463944 -613284.2631703294 0.001828305058836355 
777429.4670846389 -606748.6720957139 -0.006275120815281362 
780564.2633228834 -576750.1261863669 -0.014135887936207433 
783699.0595611279 -524448.6684059538 -0.021450020650748254 
786833.8557993724 -451866.79472048057 -0.027934681643506376 
789968.6520376169 -361811.24423366896 -0.03333910924826161 
793103.4482758614 -257764.46266129013 -0.03745431439486084 
796238.244514106 -143749.93624897342 -0.04012116221094109 
799373.0407523505 -24176.60366728293 -0.041236525763164965 
802507.836990595 96331.63752812293 -0.040757273972959585 
805642.6332288395 213114.73689063298 -0.03870193949416534 
808777.429467084 321633.0152287226 -0.03515108748764566 
811912.2257053285 418555.9266967509 -0.03020234056931024 
815047.021943573 505235.1889964192 -0.023813306891948077 
818181.8181818175 589204.7336192577 -0.015732069149277345 
821316.614420062 673964.1231677609 -0.005961876911140047 
824451.4106583066 741321.6363404194 0.00443582932421762 
827586.2068965511 752561.2270012307 0.013403709136218406 
830721.0031347956 682219.8082563579 0.019447727506940418 
833855.7993730401 552677.7984915819 0.023235346669368384 
836990.5956112846 422950.13740683434 0.027095591288408584 
840125.3918495291 333834.6981692326 0.03251931961686986 
843260.1880877736 267159.5858338844 0.03830587687055288 
846394.9843260181 166831.6107942046 0.04154212820783293 
849529.7805642626 1976.9309572026323 0.04050990543296618 
852664.5768025072 -195003.59698740946 0.03644209406296753 
855799.3730407517 -356764.60415397544 0.032233798267352266 
858934.1692789962 -446389.65649175673 0.029453189691159114 
862068.9655172407 -491083.56726724515 0.02680192328708482 
865203.7617554852 -548861.019191448 0.021644040391385625 
868338.5579937297 -643477.9365830931 0.0129876655808027 
871473.3542319742 -736210.3252801246 0.0027748478721468612 
874608.1504702187 -764254.0938283624 -0.005885058790657314 
877742.9467084632 -705421.6693412273 -0.011689856956955638 
880877.7429467078 -601157.6980376882 -0.016210520553815673 
884012.5391849523 -513719.1696873158 -0.021941142068373505 
887147.3354231968 -462547.84082823934 -0.0293962958306367 
890282.1316614413 -406664.56499346637 -0.036318596924893726 
893416.9278996858 -291452.62785817997 -0.039837798597086194 
896551.7241379303 -110464.71970214974 -0.039318065206323936 
899686.5203761748 82898.56210319407 -0.03690644783654653 
902821.3166144193 226271.42299877806 -0.0352121650406353 
905956.1128526638 308439.7838887229 -0.03456062792471585 
909090.9090909084 375701.1316659983 -0.0327092128654205 
912225.7053291529 478027.46350377635 -0.027319687621527703 
915360.5015673974 611865.3937264197 -0.01858196622021364 
918495.2978056419 719885.3781770552 -0.009224558502782924 
921630.0940438864 748059.8919882668 -0.0018943439425984216 
924764.8902821309 700154.3917221443 0.0033477587838161766 
927899.6865203754 632440.3048493839 0.008793477414444964 
931034.4827586199 594278.9616690613 0.016374811137393613 
934169.2789968645 577081.4975042471 0.02533725330530795 
937304.075235109 525260.2271410436 0.03275573015546096 
940438.8714733535 397543.63839443895 0.03635972163785261 
943573.667711598 214055.0338660793 0.03670588471050692 
946708.4639498425 39531.835063619976 0.03642300791457663 
949843.260188087 -79801.00807017891 0.03733152671137373 
952978.0564263315 -159503.75786091803 0.03847153898210348 
956112.852664576 -255070.90411720437 0.03711394263621795 
959247.6489028205 -398182.2635452652 0.03168970817732867 
962382.445141065 -558306.9313220668 0.02355438673853074 
965517.2413793096 -670202.549510729 0.015729304374609156 
968652.0376175541 -698536.1622210993 0.009938299309733873 
971786.8338557986 -671824.9776173801 0.0050479230016280624 
974921.6300940431 -650162.326430056 -0.0014599087446286352 
978056.4263322876 -660788.5184383151 -0.010543774123918673 
981191.2225705321 -669305.2950213876 -0.020294497724389342 
984326.0188087766 -616775.6315201474 -0.027648576522830245 
987460.8150470211 -483628.93094972835 -0.0313314444411707 
990595.6112852657 -313100.2389837379 -0.03294648919245016 
993730.4075235102 -169473.28113907675 -0.03507627415298587 
996865.2037617547 -75770.16891970766 -0.038363400673871506 
999999.9999999992 58393.086719009094 -0.04315060377319393 
