#x u 
0.0 105785.13891564013 -0.026349261306246038 
3134.796238244514 259512.79952239874 -0.026350322284350025 
6269.592476489028 427805.94950583874 -0.024204770325746743 
9404.38871473354 577169.9232967077 -0.02123258623084346 
12539.184952978056 704308.6005246389 -0.017435036779363557 
15673.98119122257 804209.9263275303 -0.012963355451303473 
18808.777429467085 873012.4751903923 -0.007990381549225767 
21943.5736677116 908055.6560516788 -0.0027084197644417734 
25078.369905956115 907984.3490897812 0.0026782765386870067 
28213.16614420063 872801.311775434 0.007961403959562373 
31347.962382445145 803867.071231467 0.01293666410214062 
34482.75862068966 703847.3125382276 0.017411663797268773 
37617.55485893417 576609.796085355 0.021213354972425307 
40752.35109717868 427074.79272832366 0.02419472635429637 
43887.14733542319 261024.8336017135 0.026240487631920606 
47021.943573667704 84881.11832052044 0.027271526880779513 
50156.739811912215 -94544.99834346665 0.02724797924794032 
53291.53605015673 -270316.06772485445 0.026170799069151464 
56426.33228840124 -435635.6035065314 0.024081667285093485 
59561.12852664575 -584101.5418643067 0.021060950608640414 
62695.92476489026 -709949.8528220314 0.017224412399316734 
65830.72100313478 -808352.2385484235 0.012722164915663726 
68965.51724137929 -875747.8383914287 0.007739510714208867 
72100.3134796238 -909684.5992728372 0.0024761940031922253 
75235.10971786831 -907638.1336722319 -0.0029198106963452437 
78369.90595611282 -866930.7892070285 -0.008366204974832203 
81504.70219435733 -790147.2314106853 -0.013606057265186669 
84639.49843260185 -691786.6430447048 -0.017908235254730138 
87774.29467084636 -589266.9831176478 -0.02048232263209361 
90909.09090909087 -479975.4853721524 -0.021530263344765918 
94043.88714733538 -342440.6908556872 -0.0221894603659353 
97178.68338557989 -169978.6804832265 -0.02298458464580571 
100313.4796238244 18984.57176331607 -0.02334598043604353 
103448.27586206891 207213.69113025782 -0.02280458779058289 
106583.07210031342 387429.8626330799 -0.021381342348465882 
109717.86833855794 552664.1317657016 -0.019131280972668765 
112852.66457680245 696526.8937838427 -0.016141413476090407 
115987.46081504696 813454.9795486699 -0.012527357954427276 
119122.25705329147 898926.7831278027 -0.008428869837521646 
122257.05329153598 949637.112175135 -0.004004437550647711 
125391.84952978049 963624.999629986 0.0005748462286321387 
128526.645768025 940349.5342606057 0.005131900719708179 
131661.44200626953 880710.77768696 0.009490504747947708 
134796.23824451404 787014.9590220905 0.013482111212779627 
137931.03448275855 662885.2930543296 0.01695236479954154 
141065.83072100306 513121.87062885595 0.019767070895346912 
144200.62695924757 343516.03926378966 0.021817384891157202 
147335.42319749208 160626.45189739074 0.02302402119988649 
150470.2194357366 -28474.556044704528 0.02334031922792214 
153605.0156739811 -216474.45367022045 0.02275404773902514 
156739.81191222562 -396103.28999321297 0.021287877835906518 
159874.60815047013 -560414.8227432136 0.018998506269295216 
163009.40438871464 -703055.1293670464 0.01597446297611189 
166144.20062695915 -818508.3130431038 0.01233268762918874 
169278.99686520366 -902309.802263119 0.008214007583265499 
172413.79310344817 -951218.99569234 0.003777692084968474 
175548.58934169268 -963344.5761360053 -0.0008047066646737968 
178683.3855799372 -938217.6477244109 -0.005355987429231336 
181818.1818181817 -876809.8681035789 -0.009700152303920677 
184952.97805642622 -781495.8744602203 -0.013669212549850275 
188087.77429467073 -655961.4563655714 -0.017109684714036427 
191222.57053291524 -505061.0263917852 -0.019888525830402796 
194357.36677115975 -334629.90010830126 -0.021898278187701327 
197492.16300940426 -151258.64458568196 -0.023061224716316678 
200626.95924764877 37961.77865578514 -0.023332394305258415 
203761.75548589329 225714.2209374096 -0.02270130083381383 
206896.5517241378 404738.300364741 -0.021192348669553822 
210031.3479623823 568111.1606002063 -0.01886388895209526 
213166.14420062682 709515.1775315248 -0.015805963156100975 
216300.94043887133 823482.2616262563 -0.01213682118987578 
219435.73667711584 905605.3088069824 -0.00799834867459193 
222570.53291536035 952708.6230474766 -0.003550580231133745 
225705.32915360486 962970.7204526478 0.0010344890543887697 
228840.12539184937 935994.7659917811 0.005579554675995036 
231974.9216300939 872823.9190985069 0.009908859068312419 
235109.7178683384 775900.9947235513 0.013854988146903086 
238244.5141065829 648973.9997462777 0.01726534520640763 
241379.31034482742 496951.19764944597 0.020008051831038067 
244514.10658307193 325711.30610231275 0.02197704762937013 
247648.90282131644 141876.16710643933 0.02309619158682774 
250783.69905956095 -47445.319456451194 0.02332220643666933 
253918.49529780546 -234932.09679174452 0.022646352190728993 
257053.29153604998 -413334.05626132403 0.021094764114523767 
260188.0877742945 -575752.3988896526 0.018727442077238955 
263322.884012539 -715906.411734651 0.015635930358400135 
266457.6802507835 -828376.3428882841 0.011939777633045375 
269592.476489028 -908812.9831371085 0.007781914027676232 
272727.27272727253 -954105.8497656094 0.003323124016109177 
275862.06896551704 -962503.4688391674 -0.0012641711118034707 
278996.86520376155 -933681.1046540168 -0.005802580776815726 
282131.66144200607 -868753.3172581764 -0.010116604799217378 
285266.4576802506 -770230.8624443635 -0.014039419986064429 
288401.2539184951 -641923.6008910015 -0.017419331179564287 
291536.0501567396 -488793.1709522327 -0.020125637304748693 
294670.8463949841 -316761.12223617826 -0.02205368557652812 
297805.6426332286 -132479.92944082007 -0.023128918420077315 
300940.43887147313 56924.25866368675 -0.023309756610248686 
304075.23510971764 244127.187216338 -0.022589207139091013 
307210.03134796215 421889.72400380776 -0.020995133635278714 
310344.82758620667 583337.7965084824 -0.018589178878340298 
313479.6238244512 722228.2121078739 -0.015464381074031374 
316614.4200626957 833190.0821654582 -0.011741576069420213 
319749.2163009402 911932.5141498259 -0.007564724633930478 
322884.0125391847 955410.540333491 -0.0030953455002588038 
326018.8087774292 961942.8666130365 0.0014937305606753763 
329153.60501567373 931276.8881068828 0.0060250441009940155 
332288.40125391824 864598.4573792687 0.010323369347938042 
335423.19749216276 764486.0275534769 0.01422249017978822 
338557.99373040727 634810.9435988903 0.017571627698822617 
341692.7899686518 480587.7375251267 0.020241270847237015 
344827.5862068963 307780.21656406275 0.02212818459626776 
347962.3824451408 123070.8429045437 0.02315940204197812 
351097.1786833853 -66397.67694077236 0.023295046033471496 
354231.9749216298 -253298.60040419403 0.02252987122124428 
357366.77115987433 -430404.47380107496 0.020893466894710055 
360501.56739811884 -590866.6177694583 0.018449112765173657 
363636.36363636336 -728479.9655168444 0.015291331941096655 
366771.15987460787 -837923.0125862058 0.011542235722034715 
369905.9561128524 -914963.599290246 0.007346801557967431 
373040.7523510969 -956622.568212708 0.0028672667752058754 
376175.5485893414 -961288.9681455514 -0.001723145136653333 
379310.3448275859 -928782.34952885 -0.006246923072412804 
382445.1410658304 -860359.742430424 -0.010529132660939093 
385579.93730407493 -758667.0472269151 -0.014404180972590698 
388714.73354231945 -627636.7177073702 -0.017722219993354403 
391849.52978056396 -472335.69319096167 -0.020354941243517943 
394984.32601880847 -298769.4601197608 -0.022200537463130207 
398119.122257053 -113649.82005951063 -0.02318763949600609 
401253.9184952975 75864.65548644721 -0.023278076133077037 
404388.714733542 262445.44684471196 -0.02246835019201927 
407523.5109717865 438877.4798305357 -0.020789773753200305 
410658.307210031 598338.1324725385 -0.018307257322373108 
413793.10344827553 734661.0656208819 -0.015116799743163989 
416927.89968652005 842574.6751163838 -0.011341775924370918 
420062.69592476456 917905.9445816035 -0.007128165935557896 
423197.49216300907 957741.8158519466 -0.002638909961690122 
426332.2884012536 960541.8368565582 0.0019523925894370216 
429467.0846394981 926197.7308584809 0.006468196171629659 
432601.8808777426 856037.583513163 0.010733874781792356 
435736.6771159871 752774.4858318713 0.014584474742772378 
438871.4733542316 620401.6190252411 0.017871093457619606 
442006.26959247614 464037.8382932352 0.02046663746900668 
445141.06583072065 289729.7268322067 0.022270737159806285 
448275.86206896516 104217.77462528458 0.023213628043486704 
451410.65830720967 -85324.27612402586 0.023258848554929868 
454545.4545454542 -271566.83940995333 0.022404650018174273 
457680.2507836987 -447307.92031821306 0.020684064267667238 
460815.0470219432 -605751.6159756851 0.018163626308115022 
463949.8432601877 -740770.9129317756 0.014940801407640057 
467084.6394984322 -847144.6186038035 0.011140216118483351 
470219.43573667674 -920759.2646537744 0.006908838971580512 
473354.23197492125 -958768.1746984023 0.0024102972074223606 
476489.02821316576 -959701.5452083044 -0.0021814506849349743 
479623.82445141027 -923523.2827709616 -0.00668884193796419 
482758.6206896548 -851632.399822007 -0.010937575853112377 
485893.4169278993 -746808.9148719616 -0.014763354004127397 
489028.2131661438 -613106.3492651867 -0.018018233652783027 
492163.0094043883 -455694.97761849174 -0.02057634869058802 
495297.8056426328 -280661.8934407309 -0.022338776877817098 
498432.60188087734 -94775.62139049344 -0.023237365163860987 
501567.39811912185 94775.62139043871 -0.023237365163861136 
504702.19435736636 280661.8934406791 -0.02233877687781744 
507836.99059561087 455694.9776184449 -0.020576348690588577 
510971.7868338554 613106.3492651462 -0.018018233652783808 
514106.5830720999 746808.9148719279 -0.014763354004128398 
517241.3793103444 851632.3998219813 -0.010937575853113533 
520376.1755485889 923523.282770946 -0.006688841937965479 
523510.9717868334 959701.5452082996 -0.002181450684936355 
526645.768025078 958768.1746984078 0.002410297207421027 
529780.5642633225 920759.2646537896 0.006908838971579295 
532915.360501567 847144.6186038284 0.011140216118482272 
536050.1567398115 740770.9129318094 0.01494080140763911 
539184.952978056 605751.6159757267 0.018163626308114227 
542319.7492163006 447307.9203182619 0.020684064267666627 
545454.5454545451 271566.8394100056 0.022404650018173895 
548589.3416927896 85324.27612407989 0.023258848554929726 
551724.1379310341 -104217.77462523221 0.023213628043486815 
554858.9341692786 -289729.72683215706 0.022270737159806694 
557993.7304075231 -464037.83829318825 0.02046663746900734 
561128.5266457676 -620401.6190251991 0.0178710934576205 
564263.3228840121 -752774.4858318366 0.01458447474277344 
567398.1191222566 -856037.5835131374 0.010733874781793554 
570532.9153605012 -926197.730858466 0.006468196171630916 
573667.7115987457 -960541.8368565543 0.001952392589438336 
576802.5078369902 -957741.8158519538 -0.0026389099616888276 
579937.3040752347 -917905.9445816214 -0.007128165935556596 
583072.1003134792 -842574.6751164114 -0.011341775924369718 
586206.8965517237 -734661.0656209185 -0.015116799743162913 
589341.6927899682 -598338.1324725829 -0.018307257322372216 
592476.4890282127 -438877.4798305853 -0.02078977375319961 
595611.2852664572 -262445.44684476464 -0.022468350192018805 
598746.0815047018 -75864.65548650247 -0.023278076133076833 
601880.8777429463 113649.82005945523 -0.023187639496006218 
605015.6739811908 298769.4601197081 -0.022200537463130627 
608150.4702194353 472335.6931909132 -0.02035494124351861 
611285.2664576798 627636.7177073287 -0.017722219993355277 
614420.0626959243 758667.0472268817 -0.014404180972591718 
617554.8589341688 860359.7424304002 -0.010529132660940212 
620689.6551724133 928782.3495288359 -0.006246923072414017 
623824.4514106578 961288.9681455464 -0.0017231451366546112 
626959.2476489024 956622.5682127138 0.002867266775204588 
630094.0438871469 914963.5992902627 0.007346801557966191 
633228.8401253914 837923.0125862326 0.011542235722033573 
636363.6363636359 728479.9655168803 0.01529133194109561 
639498.4326018804 590866.6177695012 0.018449112765172804 
642633.2288401249 430404.4738011233 0.020893466894709486 
645768.0250783694 253298.60040424572 0.022529871221244 
648902.8213166139 66397.67694082543 0.02329504603347146 
652037.6175548584 -123070.84290449086 0.023159402041978302 
655172.413793103 -307780.2165640126 0.02212818459626813 
658307.2100313475 -480587.737525081 0.020241270847237612 
661442.006269592 -634810.9435988502 0.017571627698823457 
664576.8025078365 -764486.0275534436 0.01422249017978924 
667711.598746081 -864598.4573792443 0.010323369347939218 
670846.3949843255 -931276.8881068685 0.006025044100995277 
673981.19122257 -961942.8666130326 0.0014937305606766982 
677115.9874608145 -955410.5403334985 -0.003095345500257498 
680250.783699059 -911932.5141498449 -0.007564724633929225 
683385.5799373036 -833190.0821654865 -0.011741576069419052 
686520.3761755481 -722228.2121079094 -0.015464381074030396 
689655.1724137926 -583337.7965085241 -0.01858917887833953 
692789.9686520371 -421889.7240038549 -0.020995133635278197 
695924.7648902816 -244127.18721638934 -0.022589207139090708 
699059.5611285261 -56924.25866374008 -0.023309756610248575 
702194.3573667706 132479.92944076663 -0.023128918420077436 
705329.1536050151 316761.1222361269 -0.022053685576528533 
708463.9498432596 488793.1709521859 -0.020125637304749346 
711598.7460815042 641923.6008909609 -0.01741933117956517 
714733.5423197487 770230.8624443305 -0.014039419986065487 
717868.3385579932 868753.3172581531 -0.010116604799218543 
721003.1347962377 933681.104654004 -0.005802580776816953 
724137.9310344822 962503.4688391647 -0.001264171111804785 
727272.7272727267 954105.8497656172 0.0033231240161078757 
730407.5235109712 908812.9831371264 0.007781914027675014 
733542.3197492157 828376.342888311 0.011939777633044307 
736677.1159874602 715906.4117346866 0.015635930358399188 
739811.9122257048 575752.3988896958 0.018727442077238168 
742946.7084639493 413334.05626137304 0.021094764114523157 
746081.5047021938 234932.09679179764 0.022646352190728622 
749216.3009404383 47445.31945650567 0.02332220643666926 
752351.0971786828 -141876.16710638558 0.02309619158682793 
755485.8934169273 -325711.3061022618 0.0219770476293706 
758620.6896551718 -496951.19764939934 0.020008051831038782 
761755.4858934163 -648973.999746238 0.01726534520640852 
764890.2821316608 -775900.9947235199 0.013854988146904121 
768025.0783699054 -872823.9190984848 0.00990885906831359 
771159.8746081499 -935994.7659917687 0.005579554675996318 
774294.6708463944 -962970.7204526449 0.0010344890543900846 
777429.4670846389 -952708.6230474839 -0.003550580231132484 
780564.2633228834 -905605.3088069996 -0.007998348674590726 
783699.0595611279 -823482.2616262842 -0.01213682118987464 
786833.8557993724 -709515.1775315624 -0.01580596315609998 
789968.6520376169 -568111.1606002509 -0.018863888952094433 
793103.4482758614 -404738.3003647913 -0.02119234866955326 
796238.244514106 -225714.2209374623 -0.022701300833813547 
799373.0407523505 -37961.778655839524 -0.02333239430525843 
802507.836990595 151258.6445856283 -0.023061224716316955 
805642.6332288395 334629.9001082501 -0.02189827818770181 
808777.429467084 505061.0263917392 -0.019888525830403465 
811912.2257053285 655961.4563655313 -0.01710968471403731 
815047.021943573 781495.8744601879 -0.013669212549851366 
818181.8181818175 876809.8681035556 -0.009700152303921872 
821316.614420062 938217.647724397 -0.00535598742923264 
824451.4106583066 963344.576136003 -0.0008047066646751251 
827586.2068965511 951218.9956923487 0.003777692084967153 
830721.0031347956 902309.8022631386 0.008214007583264266 
833855.7993730401 818508.3130431327 0.012332687629187667 
836990.5956112846 703055.1293670832 0.015974462976111013 
840125.3918495291 560414.8227432572 0.018998506269294543 
843260.1880877736 396103.2899932623 0.02128787783590604 
846394.9843260181 216474.4536702737 0.0227540477390249 
849529.7805642626 28474.556044759895 0.02334031922792213 
852664.5768025072 -160626.4518973364 0.023024021199886717 
855799.3730407517 -343516.0392637386 0.021817384891157678 
858934.1692789962 -513121.87062880973 0.01976707089534764 
862068.9655172407 -662885.2930542894 0.01695236479954248 
865203.7617554852 -787014.9590220589 0.013482111212780725 
868338.5579937297 -880710.777686938 0.009490504747948894 
871473.3542319742 -940349.5342605944 0.005131900719709462 
874608.1504702187 -963624.9996299852 0.0005748462286334675 
877742.9467084632 -949637.1121751439 -0.004004437550646428 
880877.7429467078 -898926.7831278214 -0.00842886983752043 
884012.5391849523 -813454.9795486981 -0.012527357954426168 
887147.3354231968 -696526.8937838798 -0.01614141347608946 
890282.1316614413 -552664.1317657458 -0.019131280972668016 
893416.9278996858 -387429.8626331301 -0.021381342348465372 
896551.7241379303 -207213.69113031242 -0.022804587790582635 
899686.5203761748 -18984.571763371387 -0.023345980436043592 
902821.3166144193 169978.68048317166 -0.02298458464580606 
905956.1128526638 352114.29324222583 -0.021746044425888292 
909090.9090909084 530518.0624228183 -0.01921350652349854 
912225.7053291529 721139.4601505597 -0.014437588102688378 
915360.5015673974 915591.6686684617 -0.007649521710549421 
918495.2978056419 1055017.0105004476 -0.0014650287846192092 
921630.0940438864 1079621.0305973298 0.001383032130028885 
924764.8902821309 1002875.8445861783 0.0014456694448908847 
927899.6865203754 907596.7215891893 0.0023804904370524098 
931034.4827586199 859390.7300197002 0.0069897380550405595 
934169.2789968645 836209.4709109608 0.013999077112536463 
937304.075235109 753377.3588276096 0.01921503054029514 
940438.8714733535 557102.8153703063 0.01982339036892586 
943573.667711598 286664.89726267813 0.017253188802220945 
946708.4639498425 39530.00608478411 0.015592090705668187 
949843.260188087 -123943.84564101134 0.01723294738353295 
952978.0564263315 -236223.48488115094 0.020334336881058884 
956112.852664576 -380506.66639529885 0.020763712063779197 
959247.6489028205 -595447.8934184604 0.016476886222191203 
962382.445141065 -827194.4377852259 0.00972712471193121 
965517.2413793096 -979404.0945019951 0.004780767402319939 
968652.0376175541 -1008855.1126646576 0.0035404783320280055 
971786.8338557986 -966330.8236148271 0.003674223780238679 
974921.6300940431 -940012.9480884902 0.0012101583789941276 
978056.4263322876 -961078.6720184493 -0.00513887426627035 
981191.2225705321 -970829.9993501526 -0.01247411446178348 
984326.0188087766 -883872.130026247 -0.016614889834325578 
987460.8150470211 -680806.0234992937 -0.016357733013988712 
990595.6112852657 -432863.60887140164 -0.014617689840082961 
993730.4075235102 -232427.9196124726 -0.015260853946864316 
996865.2037617547 -104439.14127229186 -0.0188679813080198 
999999.9999999992 105785.13891557357 -0.026349261306249084 
