#x u 
0.0 186018.1657965946 -0.016391716610747897 
3134.796238244514 280946.3781902935 -0.02000194122755713 
6269.592476489028 462901.52855542395 -0.018351584619322014 
9404.38871473354 624620.0437753999 -0.01609866090871568 
12539.184952978056 762235.9752367561 -0.013220843762923167 
15673.98119122257 870375.2841924524 -0.00983182176625846 
18808.777429467085 944857.2189607781 -0.006062602814819523 
21943.5736677116 982801.5503532195 -0.0020589431813036645 
25078.369905956115 982740.9722185192 0.0020243357295732685 
28213.16614420063 944677.8271137871 0.006029333632229306 
31347.962382445145 870084.0158365355 0.009801177365452843 
34482.75862068966 761844.0790630677 0.013194009833503745 
37617.55485893417 624143.6522378889 0.016076630296074257 
40752.35109717868 462307.6071636235 0.01833756789738923 
43887.14733542319 282594.13935159275 0.01988939224120145 
47021.943573667704 91952.76376967036 0.020672094321863534 
50156.739811912215 -102244.42271465593 0.020655407070962823 
53291.53605015673 -292487.82012191415 0.019839975784042937 
56426.33228840124 -471420.7213899298 0.01825733316704249 
59561.12852664575 -632123.7960380949 0.015968679967404302 
62695.92476489026 -768382.6604910031 0.013062518342817492 
65830.72100313478 -874928.1881242017 0.009651229485159408 
68965.51724137929 -947640.2662490782 0.005866727842827604 
72100.3134796238 -983707.120759739 0.0018553599925674085 
75235.10971786831 -981734.0473620797 -0.002227754578715543 
78369.90595611282 -941797.3447513325 -0.006224721940342926 
81504.70219435733 -865441.3641435746 -0.009980979471917322 
84639.49843260185 -755618.7892557287 -0.013351272795696909 
87774.29467084636 -616576.4561056269 -0.01620527275947681 
90909.09090909087 -453691.12797739427 -0.018432615261400546 
94043.88714733538 -273261.57612983434 -0.019947169026810985 
97178.68338557989 -82265.00648121837 -0.02069036630232536 
100313.4796238244 111912.74875595528 -0.020633467669283843 
103448.27586206891 301762.8410080218 -0.01977867339629613 
106583.07210031342 479943.7723125804 -0.018159038354913577 
109717.86833855794 639565.2908472915 -0.015837193788635233 
112852.66457680245 774454.836782572 -0.012902925364405658 
115987.46081504696 879396.2350042262 -0.00946970116328859 
119122.25705329147 950331.4044648511 -0.005670283872823326 
122257.05329153598 984517.2840688212 -0.00165159685746749 
125391.84952978049 980631.9067710937 0.002430957363955894 
128526.645768025 938825.5200072955 0.006419506529482508 
131661.44200626953 860714.7756294281 0.010159813550131772 
134796.23824451404 749320.2140222179 0.013507240853990465 
137931.03448275855 608949.4598876651 0.01633234351722922 
141065.83072100306 445030.64651364397 0.018525874895826383 
144200.62695924757 263902.51000562176 0.020003011190354664 
147335.42319749208 72569.27053190648 0.020706631580024247 
150470.2194357366 -121570.22068192076 0.020609527083286644 
153605.0156739811 -311008.5947309492 0.01971545272841964 
156739.81191222562 -488420.27478461934 0.018058982346684654 
159874.60815047013 -646944.7559457768 0.01570417160320157 
163009.40438871464 -780451.9007905767 0.012742080966101075 
166144.20062695915 -883778.9916213966 0.009287254400506494 
169278.99686520366 -952930.3725606074 0.005473289959268518 
172413.79310344817 -985231.9587830416 0.0014476736723723809 
175548.58934169268 -979434.6064196425 -0.002633922043167996 
178683.3855799372 -935762.1138991619 -0.006613644341827709 
181818.1818181817 -855900.8298987678 -0.010337484459429227 
184952.97805642622 -742926.9794132734 -0.013660891146791157 
188087.77429467073 -601162.8666384084 -0.016453221872824286 
191222.57053291524 -435944.89718751336 -0.01859982290637431 
194357.36677115975 -253286.16558694316 -0.02000045576271496 
197492.16300940426 -59450.96024377691 -0.020564328170674794 
200626.95924764877 139445.9709619066 -0.020206339977793822 
203761.75548589329 337571.47932364425 -0.018855159360334217 
206896.5517241378 528955.3692343779 -0.016485510517914505 
210031.3479623823 706484.0179775427 -0.013175863701067818 
213166.14420062682 860845.829219661 -0.009166347989877564 
216300.94043887133 980539.45365257 -0.004865593904305752 
219435.73667711584 1053949.556794414 -0.0007601698400014315 
222570.53291536035 1073271.6601046496 0.0027635506245181516 
225705.32915360486 1038261.2199793858 0.005592345262337385 
228840.12539184937 956935.9688126473 0.007922281751846238 
231974.9216300939 841827.9361487443 0.010093548696344394 
235109.7178683384 703683.316994948 0.012310730396358698 
238244.5141065829 547050.112779822 0.01445169117317889 
241379.31034482742 371293.1131545173 0.016126884341485584 
244514.10658307193 176306.43497153212 0.01695513983020866 
247648.90282131644 -31963.8640110661 0.016831360392725647 
250783.69905956095 -241121.16754103694 0.015959397085468494 
253918.49529780546 -437441.48453592934 0.014631304805090253 
257053.29153604998 -611839.0824215708 0.012966923837593129 
260188.0877742945 -761291.9898541984 0.010860008691426656 
263322.884012539 -884844.8222760481 0.008170914572686136 
266457.6802507835 -978637.5887732577 0.004961559097779601 
269592.476489028 -1035234.6575483868 0.0015306286403614004 
272727.27272727253 -1048003.7103633163 -0.0017855131967025259 
275862.06896551704 -1016048.8383013741 -0.004840198573367531 
278996.86520376155 -944634.5710734173 -0.007699975555521979 
282131.66144200607 -840720.4573114704 -0.010446681624760673 
285266.4576802506 -708274.1914167647 -0.012971779519426671 
288401.2539184951 -548179.8984289591 -0.01498338326603851 
291536.0501567396 -362666.636192731 -0.016222105023185746 
294670.8463949841 -159388.0374446838 -0.016662038222729377 
297805.6426332286 49382.0580349805 -0.016488455380796043 
300940.43887147313 251866.99224988167 -0.01587783006207493 
304075.23510971764 441135.6583500165 -0.014812567926787212 
307210.03134796215 614422.1762296066 -0.013125157316611043 
310344.82758620667 768443.8545916415 -0.010724163543366727 
313479.6238244512 895935.5259950161 -0.0077624415816617606 
316614.4200626957 987309.9797794756 -0.004567992527330195 
319749.2163009402 1035926.6457735195 -0.001406769070659189 
322884.0125391847 1041613.5616368859 0.0016772771621407611 
326018.8087774292 1008875.1766010422 0.004781440204485148 
329153.60501567373 941749.7728966505 0.007912757614749234 
332288.40125391824 840740.3911275094 0.010854216962413399 
335423.19749216276 704998.607619068 0.013274138743087312 
338557.99373040727 537357.1194954083 0.014968180806158297 
341692.7899686518 346758.7719341972 0.015983602426427684 
344827.5862068963 145321.22676694056 0.01649873945489196 
347962.3824451408 -57123.54959445131 0.016587289701970938 
351097.1786833853 -255554.59427092582 0.016117136252271715 
354231.9749216298 -447001.4054265996 0.014890893289534538 
357366.77115987433 -625713.8416007658 0.012880205178182804 
360501.56739811884 -781648.8276503498 0.010306401310776925 
363636.36363636336 -904154.7057419828 0.007480856822476649 
366771.15987460787 -987242.5022737622 0.004570209360146538 
369905.9561128524 -1031130.9671815089 0.001529709837072941 
373040.7523510969 -1038627.380061704 -0.0017295392459352656 
376175.5485893414 -1010283.1264216212 -0.005120064791577556 
379310.3448275859 -943490.5527523968 -0.008340984933150263 
382445.1410658304 -836480.3439387585 -0.011068252640825586 
385579.93730407493 -692965.4549217109 -0.013176917692547675 
388714.73354231945 -522441.715282029 -0.014766318901131366 
391849.52978056396 -335669.4056325583 -0.015965960192116584 
394984.32601880847 -139877.51951138416 -0.016729750026018744 
398119.122257053 61519.75387048876 -0.01683760167725177 
401253.9184952975 264682.2106744322 -0.016104385280491053 
404388.714733542 461342.2801478994 -0.014577306618070615 
407523.5109717865 639560.0903687753 -0.012514125806637612 
410658.307210031 788744.9304731842 -0.010164181252513445 
413793.10344827553 903952.8197949455 -0.007580529440868396 
416927.89968652005 985207.3227235534 -0.0046577889671533396 
420062.69592476456 1032788.1034717697 -0.0013521358020498607 
423197.49216300907 1043623.8338511854 0.0021521568448306157 
426332.2884012536 1012708.6187577606 0.005509326025684127 
429467.0846394981 938119.6717655763 0.008446615372146402 
432601.8808777426 824368.6230765511 0.01092503069092586 
435736.6771159871 680513.1622890775 0.013062286927449325 
438871.4733542316 514907.1515119828 0.014903668403253526 
442006.26959247614 331944.9671645947 0.016285853287714085 
445141.06583072065 134007.40564049105 0.01694021436438511 
448275.86206896516 -73693.77551600657 0.016729489657020608 
451410.65830720967 -280751.3863857066 0.015770710399429382 
454545.4545454542 -474465.61826166365 0.014316064264050063 
457680.2507836987 -645269.9734840351 0.012516941949169462 
460815.0470219432 -789281.2597316836 0.010318153998560915 
463949.8432601877 -905585.242083913 0.007591367642463816 
467084.6394984322 -991377.6097625326 0.004364416980963847 
470219.43573667674 -1040294.5949011841 0.000901718043555675 
473354.23197492125 -1045864.5134452613 -0.0024528869029136146 
476489.02821316576 -1006573.7028747133 -0.005510165450569763 
479623.82445141027 -927287.5480513043 -0.008305266223822522 
482758.6206896548 -815541.7626728956 -0.0109349845638405 
485893.4169278993 -676551.5853062996 -0.013338609729725613 
489028.2131661438 -512072.7605238047 -0.015257306784140485 
492163.0094043883 -324141.09974561445 -0.016418650834231142 
495297.8056426328 -119540.29287288626 -0.016755564587008012 
498432.60188087734 89954.68181450354 -0.01643209396922759 
501567.39811912185 292096.804103833 -0.015650784156412613 
504702.19435736636 478998.9700837625 -0.014445069554473892 
507836.99059561087 647510.041970901 -0.012674723858999643 
510971.7868338554 795048.7159708341 -0.010227834157311967 
514106.5830720999 915566.9058584481 -0.007214733390694796 
517241.3793103444 1000146.9020464477 -0.003947081865317654 
520376.1755485889 1041824.2204873309 -0.0007205539573628723 
523510.9717868334 1039739.4716390918 0.0023745629891142837 
526645.768025078 998377.7242293291 0.005420470930163334 
529780.5642633225 922762.5334539951 0.008456337533814908 
532915.360501567 814662.9068435277 0.011311821977202563 
536050.1567398115 673742.2420810559 0.013669462362093519 
539184.952978056 502321.7916076446 0.015294701703218953 
542319.7492163006 308578.2832606825 0.016195644421995496 
545454.5454545451 104597.32071559716 0.01654800885769554 
548589.3416927896 -98924.86139615886 0.016466895004435666 
551724.1379310341 -296045.90035215305 0.015867071978278174 
554858.9341692786 -483777.26129639766 0.01455931691696163 
557993.7304075231 -657326.4820850325 0.01248111421068819 
561128.5266457676 -807690.5464662478 0.00981788212927457 
564263.3228840121 -924416.5622280248 0.006885217732156254 
567398.1191222566 -1000883.4492018062 0.003893120376353182 
570532.9153605012 -1036771.4328923109 0.0008364112270962566 
573667.7115987457 -1035298.8783428476 -0.0023778424090840833 
576802.5078369902 -998254.4347020831 -0.005704722873695113 
579937.3040752347 -924109.4658531371 -0.008879847691125717 
583072.1003134792 -811193.194407591 -0.011572425039485724 
586206.8965517237 -662528.757728825 -0.013616757748741234 
589341.6927899682 -487126.2214683637 -0.015083278249543114 
592476.4890282127 -296202.75063008204 -0.016118536922867896 
595611.2852664572 -98086.58757853383 -0.0167258278532479 
598746.0815047018 103096.23353465353 -0.01671962559484324 
601880.8777429463 303862.19295469584 -0.015903241282488417 
605015.6739811908 496988.23660097463 -0.014283466426308667 
608150.4702194353 671225.4437411154 -0.012096238285678343 
611285.2664576798 815711.3683124038 -0.009615203690228356 
614420.0626959243 924726.2572639023 -0.006942377048755086 
617554.8589341688 998050.74536595 -0.003997938049889953 
620689.6551724133 1036770.5936349456 -0.000716008398337304 
623824.4514106578 1039112.7262102695 0.002763858629400702 
626959.2476489024 1000806.5991306595 0.0061154961752387105 
630094.0438871469 919646.0769855471 0.009040272991633846 
633228.8401253914 799450.675182496 0.011456305372069538 
636363.6363636359 649198.9230898044 0.01346866918636008 
639498.4326018804 478126.2904538806 0.015156551526858571 
642633.2288401249 291768.0273709811 0.016405171600051508 
645768.0250783694 92883.66872807402 0.016962407950801298 
648902.8213166139 -113972.6816473302 0.016662930822922306 
652037.6175548584 -319331.97673968424 0.015585698665502115 
655172.413793103 -510724.7719964986 0.013979930691453677 
658307.2100313475 -677925.6345582309 0.012037180416530756 
661442.006269592 -816316.2972275277 0.009747893983231153 
664576.8025078365 -925119.0250485659 0.006990944144771267 
667711.598746081 -1002616.7449556318 0.0037587912112096683 
670846.3949843255 -1043603.02594251 0.000277705320899745 
673981.19122257 -1041909.4130474668 -0.00310760201367497 
677115.9874608145 -995463.8477495101 -0.0061682405404552155 
680250.783699059 -908616.1211073276 -0.008902913240717406 
683385.5799373036 -789281.8997270281 -0.011414765476443545 
686520.3761755481 -643844.5891979658 -0.01368774002841991 
689655.1724137926 -475051.0861988707 -0.015502058005724594 
692789.9686520371 -284933.2866591318 -0.016581501097663067 
695924.7648902816 -79456.19440541654 -0.016820755190790466 
699059.5611285261 130257.06963188786 -0.016356214156698926 
702194.3573667706 331698.6963891217 -0.01540746096824769 
705329.1536050151 516084.18252689636 -0.014056794796801756 
708463.9498432596 679735.1104168165 -0.012198197283319816 
711598.7460815042 820589.1995971599 -0.009707899047548546 
714733.5423197487 933794.6863246578 -0.006654841259049164 
717868.3385579932 1011276.2564740803 -0.003326713216303083 
721003.1347962377 1045940.3667632049 -4.0516937385776846e-05 
724137.9310344822 1036258.8737039401 0.003067564655705338 
727272.7272727267 986517.8600059948 0.006057104971476469 
730407.5235109712 902523.2642134567 0.008992661970399399 
733542.3197492157 787282.3222607678 0.011752477466973943 
736677.1159874602 641153.6554335725 0.014041503023944107 
739811.9122257048 466192.76795444504 0.015598653978379558 
742946.7084639493 269917.95513828564 0.01638525967417045 
746081.5047021938 64239.585026157736 0.016563129783714922 
749216.3009404383 -139658.4344326445 0.01629132406215721 
752351.0971786828 -335384.4857683762 0.015556508765288137 
755485.8934169273 -520232.73699323053 0.014208715422348715 
758620.6896551718 -690135.1701894073 0.01215300802089141 
761755.4858934163 -836118.848443031 0.009486473649412179 
764890.2821316608 -946382.8947163562 0.006439205872898568 
768025.0783699054 -1012491.4075836963 0.0031980696856756144 
771159.8746081499 -1033957.5469074154 -0.00017884095985546203 
774294.6708463944 -1016956.6961512137 -0.003653599473972366 
777429.4670846389 -968555.055252937 -0.007028377717148172 
780564.2633228834 -891958.9385133421 -0.009916360318687428 
783699.0595611279 -786833.8653851819 -0.011941817004489715 
786833.8557993724 -653435.840383935 -0.01300242305649939 
789968.6520376169 -495717.0880529779 -0.01333902826688812 
793103.4482758614 -320270.27813481673 -0.01332926468343627 
796238.244514106 -132851.38424603976 -0.013186070216219386 
799373.0407523505 63111.67972087261 -0.012833898556614882 
802507.836990595 264008.222350843 -0.01206004728185871 
805642.6332288395 462261.16690835624 -0.01077222702501582 
808777.429467084 645821.1524508473 -0.009103023408416865 
811912.2257053285 802265.4637741913 -0.007272793877784058 
815047.021943573 923930.0737646596 -0.005373939241063547 
818181.8181818175 1009201.778659607 -0.003312664415382036 
821316.614420062 1058908.031863867 -0.0009692987475432996 
824451.4106583066 1071738.99413684 0.0015970475241050045 
827586.2068965511 1043569.9826048146 0.004121750507866477 
830721.0031347956 971408.2015260182 0.006320271254105392 
833855.7993730401 857791.4328938673 0.00809604377980866 
836990.5956112846 710950.9842358858 0.009556316964573507 
840125.3918495291 540455.9338650831 0.010822966105965958 
843260.1880877736 352753.0015198485 0.011840302985642533 
846394.9843260181 151073.85285507634 0.012384407779384824 
849529.7805642626 -60454.166921872275 0.012265942995849727 
852664.5768025072 -273108.2733913356 0.011514379623048323 
855799.3730407517 -474481.2749217896 0.010350559366531717 
858934.1692789962 -653361.999755638 0.008976439313560253 
862068.9655172407 -803767.7424774304 0.007402316371110724 
865203.7617554852 -924190.1327561146 0.005491601353556897 
868338.5579937297 -1013122.7071857676 0.0031737804736179324 
871473.3542319742 -1065808.3668770667 0.000598901529971 
874608.1504702187 -1075812.001820715 -0.0019318817970521876 
877742.9467084632 -1039894.4376669365 -0.004189959676048186 
880877.7429467078 -961135.0330138359 -0.006165497642989867 
884012.5391849523 -847032.4645005875 -0.007986219503832617 
887147.3354231968 -704531.743657047 -0.009697809748707736 
890282.1316614413 -537094.610484007 -0.011140170772306546 
893416.9278996858 -346722.5133814658 -0.012052478729806807 
896551.7241379303 -138583.31656552368 -0.012298894991560842 
899686.5203761748 76883.94786262298 -0.011979456333746872 
902821.3166144193 286888.63068537676 -0.011310884589470521 
905956.1128526638 481471.37340600503 -0.010403305293655074 
909090.9090909084 655820.060337217 -0.009167484550900922 
912225.7053291529 807601.4583134722 -0.007449120961878493 
915360.5015673974 932415.6616829952 -0.005247306118971974 
918495.2978056419 1022423.5367476013 -0.0027852735855125885 
921630.0940438864 1069819.8086123425 -0.00035646326156733984 
924764.8902821309 1071681.9437294796 0.0018952524903295873 
927899.6865203754 1031226.4558702972 0.004033538276768878 
931034.4827586199 954224.565062396 0.006168537130739966 
934169.2789968645 844356.1455082437 0.008249876558503864 
937304.075235109 702331.6723280882 0.01003489121520743 
940438.8714733535 529587.0049722111 0.011268626586774017 
943573.667711598 332492.16921780683 0.011889164195546116 
946708.4639498425 122428.32124651031 0.012044834993222927 
949843.260188087 -88607.2079622383 0.011907202230174187 
952978.0564263315 -292537.4981143263 0.011477746137577394 
956112.852664576 -485427.52820547245 0.010591970846626213 
959247.6489028205 -663480.378640353 0.00911626542789749 
962382.445141065 -819334.5814228278 0.00712952187726131 
965517.2413793096 -942852.202247107 0.004897008996549245 
968652.0376175541 -1025834.9762196939 0.0026619074480384642 
971786.8338557986 -1065937.9378959893 0.0004710458440838433 
974921.6300940431 -1065848.9174210473 -0.0017851435289976977 
978056.4263322876 -1028726.5936267171 -0.004164042752416443 
981191.2225705321 -954762.2757333143 -0.006516628097437414 
984326.0188087766 -842483.4739541431 -0.008553324569829528 
987460.8150470211 -693367.5306188154 -0.01006407356609421 
990595.6112852657 -514795.61019659025 -0.01106438883135697 
993730.4075235102 -318017.37526390457 -0.011719151318752254 
996865.2037617547 -115448.97988094838 -0.012016652308564925 
999999.9999999992 186018.16577972777 -0.01639171661152103 
