#x u 
0.0 524969.1087058978 -0.018743065454282847 
3134.796238244514 557518.3905077025 -0.02125560559689732 
6269.592476489028 695787.7648647974 -0.017111997676517943 
9404.38871473354 804484.3245656985 -0.012428905670859596 
12539.184952978056 882385.8364810997 -0.007250779613079262 
15673.98119122257 926237.2811148774 -0.0017889763616342899 
18808.777429467085 934080.9944839468 0.003733290032164688 
21943.5736677116 905548.4091916594 0.009099482708173408 
25078.369905956115 841946.4699607206 0.014111423261734351 
28213.16614420063 745995.0523659247 0.018587235785522675 
31347.962382445145 621447.6157284863 0.022355812695307797 
34482.75862068966 472898.41217227787 0.025261247527574783 
37617.55485893417 305836.3402849207 0.027179475880088323 
40752.35109717868 126701.93465853464 0.0280354145623053 
43887.14733542319 -57338.44939293653 0.02780693032986794 
47021.943573667704 -238919.56063163758 0.02651424541942011 
50156.739811912215 -411024.0824274152 0.02420714531624237 
53291.53605015673 -567251.859393296 0.0209631513140327 
56426.33228840124 -701800.7064574183 0.01689674699186208 
59561.12852664575 -809438.306791714 0.012166523898610351 
62695.92476489026 -885732.8334640219 0.00696775215979724 
65830.72100313478 -927506.3013448445 0.0015119043730728425 
68965.51724137929 -933198.0812755404 -0.003992551577092132 
72100.3134796238 -902870.2217664657 -0.009345691618132677 
75235.10971786831 -837909.5613549286 -0.01435032203934165 
78369.90595611282 -740747.6061046254 -0.01880922302064741 
81504.70219435733 -614848.6462125618 -0.02253654036066351 
84639.49843260185 -464882.85300453147 -0.025379047431976734 
87774.29467084636 -296755.82245954056 -0.027231702741226015 
90909.09090909087 -117270.7908567622 -0.028036696540698937 
94043.88714733538 66450.98174917325 -0.027771177059274864 
97178.68338557989 247437.22031620023 -0.02643935030300794 
100313.4796238244 418997.6337548344 -0.024078579701802993 
103448.27586206891 574658.8581461512 -0.020772782154548496 
106583.07210031342 708243.7221798098 -0.01665702393753294 
109717.86833855794 814273.6406451636 -0.011904802198177362 
112852.66457680245 888509.1101903144 -0.006706271759678709 
115987.46081504696 928262.1921344878 -0.0012540830421775132 
119122.25705329147 932310.5637359356 0.00425536354069854 
122257.05329153598 900613.751535531 0.009614338541761117 
125391.84952978049 834190.4866493633 0.014606122876875901 
128526.645768025 735294.7991244923 0.019023265856398623 
131661.44200626953 607659.7199037517 0.022690773408410674 
134796.23824451404 456451.1430017957 0.02547737720211228 
137931.03448275855 287827.9817933865 0.027289606127533315 
141065.83072100306 108375.94002067846 0.02806036311395291 
144200.62695924757 -75217.89633717132 0.02774827725029822 
147335.42319749208 -256160.22028882045 0.02635137854740262 
150470.2194357366 -427491.6187875366 0.0239219605448298 
153605.0156739811 -582313.7314133671 0.02056648154696978 
156739.81191222562 -714341.3185190528 0.01642836997956755 
159874.60815047013 -818459.7048858975 0.011668066928165865 
163009.40438871464 -890934.655576785 0.006456267638779233 
166144.20062695915 -929251.2797301953 0.0009813241155673794 
169278.99686520366 -931907.7855711209 -0.004544126890882707 
172413.79310344817 -898492.205631416 -0.009892241459172769 
175548.58934169268 -830022.1142957046 -0.014843620865030053 
178683.3855799372 -729195.1872215348 -0.01920908449325063 
181818.1818181817 -600234.8497831794 -0.022834692070446493 
184952.97805642622 -448386.9860363662 -0.02559211302030171 
188087.77429467073 -279443.4028782395 -0.027371044242494393 
191222.57053291524 -99599.66967634608 -0.028087225452955354 
194357.36677115975 84430.5992470475 -0.027701917893180047 
197492.16300940426 265420.4899768827 -0.026235085014808486 
200626.95924764877 436022.9792161423 -0.023759407568523138 
203761.75548589329 589420.3390989134 -0.020380728720682015 
206896.5517241378 719821.3564227889 -0.016223254421990324 
210031.3479623823 822539.7561480625 -0.011431420790007758 
213166.14420062682 893801.311430738 -0.006181457032971066 
216300.94043887133 930679.8757878813 -0.000684192792981104 
219435.73667711584 931387.470494007 0.004831204854946358 
222570.53291536035 895723.5918739105 0.010143519241957883 
225705.32915360486 825266.9908926161 0.015056473886866102 
228840.12539184937 723106.9335770338 0.01939680249611671 
231974.9216300939 593340.3849694103 0.023003377081178958 
235109.7178683384 440757.5137789756 0.025726285071147794 
238244.5141065829 270893.9777171934 0.02744351385185017 
241379.31034482742 90200.43808967216 0.028083251348771196 
244514.10658307193 -94080.66875519372 0.02763244856014815 
247648.90282131644 -274461.35729595186 0.026125123944074208 
250783.69905956095 -443878.4209960067 0.023623594388083577 
253918.49529780546 -596061.2523219595 0.02021172522529205 
257053.29153604998 -725480.9808182378 0.01600513348480484 
260188.0877742945 -827189.3975556018 0.011163900485592954 
263322.884012539 -896948.6123221163 0.005889209221654616 
266457.6802507835 -931713.7524443142 0.0004009506499038285 
269592.476489028 -930116.5917622936 -0.005087550770166618 
272727.27272727253 -892545.9283022519 -0.010379045416773633 
275862.06896551704 -820790.2153140435 -0.015284294324141814 
278996.86520376155 -717614.6080540032 -0.019613169945799154 
282131.66144200607 -586661.7599779604 -0.023182362463108033 
285266.4576802506 -432674.6146023844 -0.02583913740566138 
288401.2539184951 -261651.63382469147 -0.027482764276841102 
291536.0501567396 -80571.21570425175 -0.02806641227258633 
294670.8463949841 103260.7141158571 -0.027581425816543534 
297805.6426332286 282813.69606350403 -0.026042969484876593 
300940.43887147313 451524.66016661585 -0.02349310605075434 
304075.23510971764 603152.8896755178 -0.020017451383848868 
307210.03134796215 731721.963599351 -0.01575558685193506 
310344.82758620667 831867.2679474837 -0.010890326055001821 
313479.6238244512 899455.7374368927 -0.005621746889860912 
316614.4200626957 932021.1659188771 -0.00014682694161397513 
319749.2163009402 928706.8708912925 0.005341174047814923 
322884.0125391847 889876.0500200411 0.010640808650390398 
326018.8087774292 816848.8286091686 0.015538822356169976 
329153.60501567373 712039.7557652597 0.019827042610765473 
332288.40125391824 579294.5540198165 0.02333014457318389 
335423.19749216276 423961.2214897024 0.02592250679514804 
338557.99373040727 252459.59870223695 0.02752281848109729 
341692.7899686518 71598.8993063371 0.028077320381445555 
344827.5862068963 -111873.99718274473 0.027553248056115132 
347962.3824451408 -291277.7980450762 0.025951908918360148 
351097.1786833853 -459820.1948721206 0.023328569616455432 
354231.9749216298 -610705.6297863288 0.019797418778569335 
357366.77115987433 -737688.2929212737 0.015513848617402539 
360501.56739811884 -835745.6995879582 0.010648641642278314 
363636.36363636336 -901391.8358707074 0.0053759151951511906 
366771.15987460787 -932489.553975215 -0.00011883318016663784 
369905.9561128524 -927904.8469513471 -0.005626263474989292 
373040.7523510969 -887464.0174240485 -0.010917315023136111 
376175.5485893414 -812303.0941200003 -0.015767772842111165 
379310.3448275859 -705227.774226693 -0.019985450618175974 
382445.1410658304 -570630.0269859477 -0.023418773065137954 
385579.93730407493 -413915.9369386117 -0.025944195934767975 
388714.73354231945 -240865.00679283473 -0.027451197900987864 
391849.52978056396 -57378.91243459099 -0.027845282343128948 
394984.32601880847 130348.61191731921 -0.027069879638034755 
398119.122257053 315647.4625657277 -0.025127961730419885 
401253.9184952975 491565.7625375308 -0.02208483037078782 
404388.714733542 651388.6324763396 -0.018054135157013734 
407523.5109717865 789029.6190733062 -0.013187439087318746 
410658.307210031 898942.9831257456 -0.007683166852823421 
413793.10344827553 975729.9439987142 -0.0018068107181334375 
416927.89968652005 1014033.0906576705 0.004104926942715682 
420062.69592476456 1009181.5276461522 0.009677230553477056 
423197.49216300907 958455.9818713096 0.0145613763471941 
426332.2884012536 862326.7319371395 0.01850014064821077 
429467.0846394981 725021.6726682328 0.02136461636406245 
432601.8808777426 554231.6787909502 0.023153182943778793 
435736.6771159871 360187.6278643335 0.023962893523728643 
438871.4733542316 154407.97617039894 0.0239464543814423 
442006.26959247614 -51752.43612025169 0.02326023019108398 
445141.06583072065 -248629.47999190478 0.022008337174613722 
448275.86206896516 -429438.5024778847 0.02020125155093276 
451410.65830720967 -590469.3306157709 0.017758459434907427 
454545.4545454542 -729924.4708390429 0.014571350999226688 
457680.2507836987 -845883.9198298687 0.010603865973823482 
460815.0470219432 -934656.5727612005 0.005972902068969369 
463949.8432601877 -990724.8228218361 0.0009530115675472379 
467084.6394984322 -1008464.3717298971 -0.004103098636626566 
470219.43573667674 -984550.0697557798 -0.00887845268529049 
473354.23197492125 -919462.9738503296 -0.013167442611511043 
476489.02821316576 -817214.6134781401 -0.016872462241005373 
479623.82445141027 -683727.1055168271 -0.01994106393218946 
482758.6206896548 -525175.7791844612 -0.022302659260889368 
485893.4169278993 -347370.23950942716 -0.0238531921428684 
489028.2131661438 -156231.0156124806 -0.024489899797842166 
492163.0094043883 41462.52630540916 -0.02415852625727878 
495297.8056426328 237928.17102881236 -0.022873524679813118 
498432.60188087734 425036.24949245714 -0.020702785155775207 
501567.39811912185 595249.5048482547 -0.017739958445404536 
504702.19435736636 742198.400427338 -0.014092050806725646 
507836.99059561087 860687.4294197302 -0.009888465588085187 
510971.7868338554 946449.1736219707 -0.005294109542204054 
514106.5830720999 996086.7303568658 -0.0005057088900385152 
517241.3793103444 1007343.3577870978 0.0042723159054830285 
520376.1755485889 979471.4548564272 0.00885643743520886 
523510.9717868334 913392.3306249228 0.013097016350615337 
526645.768025078 811566.8361817177 0.01686908458391081 
529780.5642633225 677766.9559107344 0.02005205660031684 
532915.360501567 516983.8655179154 0.022516863891084864 
536050.1567398115 335503.7697189273 0.024131849350706898 
539184.952978056 140932.31854166443 0.024784646359225622 
542319.7492163006 -58118.640053661205 0.0244073261074264 
545454.5454545451 -252782.9864260416 0.022992344787011173 
548589.3416927896 -434923.27757487993 0.02059516346456239 
551724.1379310341 -597927.9610019303 0.017328476152725956 
554858.9341692786 -736961.5046016313 0.013355655446619062 
557993.7304075231 -848617.9207600224 0.00888551253928941 
561128.5266457676 -930298.6049136278 0.004162138591051775 
564263.3228840121 -979791.670738767 -0.0005585036644384933 
567398.1191222566 -995330.4433604332 -0.005044634889873264 
570532.9153605012 -975993.801420887 -0.009122592175668978 
573667.7115987457 -922031.5101401386 -0.01268816450101491 
576802.5078369902 -834819.0732744643 -0.015686873162879044 
579937.3040752347 -716570.8280782021 -0.01807783378645149 
583072.1003134792 -570245.3899575341 -0.019809984271423053 
586206.8965517237 -399910.35081846436 -0.02082916181559017 
589341.6927899682 -211300.52621013203 -0.021106192861312118 
592476.4890282127 -11937.563008942696 -0.020655739936376774 
595611.2852664572 189575.29978954402 -0.019524605470437106 
598746.0815047018 384756.4929850346 -0.017760142536425223 
601880.8777429463 566120.0964989557 -0.015392902187535808 
605015.6739811908 727165.2719972513 -0.012456391089546954 
608150.4702194353 861785.0592171643 -0.009028739534142762 
611285.2664576798 964008.3112293475 -0.005254150922637049 
614420.0626959243 1028677.0558658611 -0.001316888457963503 
617554.8589341688 1052665.4253602282 0.002613549125159177 
620689.6551724133 1035562.9943664933 0.00641609191900765 
623824.4514106578 979143.6083893337 0.009998986432849273 
626959.2476489024 886106.1403644674 0.013249805565390786 
630094.0438871469 759333.3068047412 0.01601135417178955 
633228.8401253914 602415.131619306 0.01811734351819819 
636363.6363636359 420843.2659510077 0.01946022849554504 
639498.4326018804 222463.44782160537 0.020026009129071938 
642633.2288401249 16402.358882625667 0.01985957787178465 
645768.0250783694 -188785.33943476682 0.018994269941768685 
648902.8213166139 -386136.4111249771 0.017419031428245906 
652037.6175548584 -569629.257436002 0.015120983434676803 
655172.413793103 -732750.1117117329 0.012162319876345652 
658307.2100313475 -868053.8232891494 0.008709582566386837 
661442.006269592 -968543.5975355591 0.004977174322014742 
664576.8025078365 -1029777.0313923758 0.001134934454692764 
667711.598746081 -1050710.1571414184 -0.0027292435396403273 
670846.3949843255 -1032450.9745361533 -0.006553825067614875 
673981.19122257 -976213.4708757312 -0.010214194883219157 
677115.9874608145 -882641.52099485 -0.013498636912505708 
680250.783699059 -753287.8506498692 -0.016185454923429418 
683385.5799373036 -592720.6794502145 -0.01815086150968615 
686520.3761755481 -408906.35795359284 -0.019399401529523262 
689655.1724137926 -211159.12395312724 -0.019983918549799556 
692789.9686520371 -7458.08716180424 -0.019897037957611767 
695924.7648902816 196321.59813531186 -0.01905035415896736 
699059.5611285261 394635.25558639015 -0.017369555364423687 
702194.3573667706 580015.0659584258 -0.014910426259271529 
705329.1536050151 743028.9222541467 -0.011871813834708698 
708463.9498432596 874922.9036287267 -0.008483531804833412 
711598.7460815042 970558.319094081 -0.0048783630173929275 
714733.5423197487 1028776.727277596 -0.0010793016228573776 
717868.3385579932 1049873.3904092072 0.0028834715958415908 
721003.1347962377 1032875.4587240091 0.006849517839747001 
724137.9310344822 975611.7964852042 0.010535820705384908 
727272.7272727267 877675.9323288047 0.013679696896019344 
730407.5235109712 743241.3658962668 0.016177280944757046 
733542.3197492157 580633.3000948259 0.018075308580144257 
736677.1159874602 398808.9894761642 0.019422733414103038 
739811.9122257048 204149.38110919634 0.020137647143699283 
742946.7084639493 750.9303778493922 0.020035133622934034 
746081.5047021938 -206208.72138273047 0.018995955721943153 
749216.3009404383 -407777.5187203135 0.017103795274823478 
752351.0971786828 -592422.8362794098 0.014603161909895536 
755485.8934169273 -750331.6796641441 0.011713268519925674 
758620.6896551718 -876680.0533809887 0.008487087872911449 
761755.4858934163 -970625.424461978 0.004864038075979073 
764890.2821316608 -1031155.4410002034 0.000864104006228724 
768025.0783699054 -1054279.7117427732 -0.0032824186271340192 
771159.8746081499 -1034761.2731246616 -0.007216122181272409 
774294.6708463944 -970827.3830758275 -0.010669034695017461 
777429.4670846389 -867000.1336594035 -0.013601588942516441 
780564.2633228834 -731925.8939348652 -0.01611267469806512 
783699.0595611279 -573218.5128643275 -0.018214764883188458 
786833.8557993724 -394534.457736707 -0.01971286011389012 
789968.6520376169 -197879.27051777247 -0.02032423328471858 
793103.4482758614 11348.999972154354 -0.01992409699357234 
796238.244514106 222119.27858899906 -0.01866269766289023 
799373.0407523505 421125.2497793447 -0.016825145304484708 
802507.836990595 598698.2030031338 -0.014572942957117778 
805642.6332288395 751396.6242630893 -0.011836178591641286 
808777.429467084 878696.571268939 -0.008474034518961608 
811912.2257053285 977363.405804368 -0.004539148509058601 
815047.021943573 1039649.5078982 -0.00036392451208266475 
818181.8181818175 1057572.5042425073 0.003634692662828959 
821316.614420062 1029089.6814139864 0.007240212551267182 
824451.4106583066 959759.3694970388 0.010517503963336759 
827586.2068965511 857991.3633442716 0.013602429000160822 
830721.0031347956 728677.8394319977 0.016419551707586022 
833855.7993730401 571824.6934208036 0.01863099040433636 
836990.5956112846 387657.0950246065 0.0198835210353559 
840125.3918495291 182787.70678198512 0.020105372584431708 
843260.1880877736 -29321.038540148904 0.01954191343562666 
846394.9843260181 -234564.03936991206 0.01848550631704075 
849529.7805642626 -424997.91201479256 0.01697730693465129 
852664.5768025072 -599346.1132433608 0.014796598805861805 
855799.3730407517 -756777.6038711944 0.011756763005290903 
858934.1692789962 -890654.8296723791 0.008000546107608371 
862068.9655172407 -989170.2466170279 0.003977128666202246 
865203.7617554852 -1042654.6306747905 0.00011068849481013043 
868338.5579937297 -1050198.0336392424 -0.0035023527174415483 
871473.3542319742 -1018671.1030389534 -0.007050584637043701 
874608.1504702187 -955036.9667126911 -0.010660088319607757 
877742.9467084632 -859939.5254018812 -0.014108005016599649 
880877.7429467078 -729380.2892694545 -0.016909157832986597 
884012.5391849523 -562848.3107166521 -0.01870038364352172 
887147.3354231968 -369305.5410188768 -0.01952802606433076 
890282.1316614413 -164400.00800423246 -0.019734287197088484 
893416.9278996858 38641.77163178409 -0.01955426038230331 
896551.7241379303 235238.54308710826 -0.018845001139425603 
899686.5203761748 426406.0565706599 -0.0172389004653209 
902821.3166144193 609722.0170167144 -0.014570245966468871 
905956.1128526638 774040.8899823576 -0.011128184858044132 
909090.9090909084 903977.1994507224 -0.007459794416849277 
912225.7053291529 989947.3211382247 -0.003915904970787911 
915360.5015673974 1033502.4797127491 -0.00041006822420012155 
918495.2978056419 1042353.567801107 0.0033527984168941656 
921630.0940438864 1020225.7426356727 0.007413626678873955 
924764.8902821309 962253.6756917116 0.011353146308028708 
927899.6865203754 860977.2404158856 0.014574302926835304 
931034.4827586199 716818.4629197984 0.016792362310726634 
934169.2789968645 541937.61233013 0.018223423527265144 
937304.075235109 353040.9617777447 0.01926794111443552 
940438.8714733535 160272.55518312892 0.02001567595726763 
943573.667711598 -36375.14102656861 0.02009567743270545 
946708.4639498425 -239410.49059183674 0.019041307569744474 
949843.260188087 -443085.4345080168 0.016796927759445517 
952978.0564263315 -631182.5616202676 0.013831674636668175 
956112.852664576 -786226.3289224413 0.010727843251777744 
959247.6489028205 -900933.5981819537 0.007664479333889035 
962382.445141065 -980083.5811997053 0.004337651238445612 
965517.2413793096 -1030819.5749363821 0.00040827802660019404 
968652.0376175541 -1051574.4725507088 -0.003989790693985775 
971786.8338557986 -1031472.4248908303 -0.008224746487705 
974921.6300940431 -961177.9081431869 -0.01166927278407083 
978056.4263322876 -843980.5516443889 -0.014216358874293265 
981191.2225705321 -695318.6712523192 -0.016267428875459806 
984326.0188087766 -530863.565789197 -0.018197995043062912 
987460.8150470211 -355368.3628498786 -0.019859770371711393 
990595.6112852657 -163915.76688712568 -0.02065202079544586 
993730.4075235102 45733.78457918819 -0.020103478404714447 
996865.2037617547 261659.58843181716 -0.018308488725630748 
999999.9999999992 524944.8896029164 -0.018744175602900332 
