#x u 
0.0 1.5431715781755684e+23 7073547667619265.0 
3134.796238244514 -3.8618134376214833e+21 -177016747980569.56 
6269.592476489028 9.503676282868303e+19 4356269137873.3745 
9404.38871473354 -3.9840945462194555e+18 -182621835987.70288 
12539.184952978056 -1.5472544736953439e+18 -70922627323.98439 
15673.98119122257 -1.6494107441099162e+18 -75605238503.20285 
18808.777429467085 -1.6890839357369362e+18 -77423767409.2169 
21943.5736677116 -1.731376518919796e+18 -79362363268.23572 
25078.369905956115 -1.7746863634285614e+18 -81347588073.46606 
28213.16614420063 -1.8190806331529416e+18 -83382520464.56114 
31347.962382445145 -1.8645854116986025e+18 -85468356056.35555 
34482.75862068966 -1.911228504856429e+18 -87606369401.59415 
37617.55485893417 -1.9590383872045466e+18 -89797865710.8737 
40752.35109717868 -2.0080442463042647e+18 -92044182874.98064 
43887.14733542319 -2.0582759998255565e+18 -94346692252.03938 
47021.943573667704 -2.109764313834669e+18 -96706799505.19156 
50156.739811912215 -2.162540621518772e+18 -99125945460.55356 
53291.53605015673 -2.2166371423821624e+18 -101605606986.53128 
56426.33228840124 -2.2720869019081713e+18 -104147297895.79578 
59561.12852664575 -2.328923751715247e+18 -106752569869.71428 
62695.92476489026 -2.387182390227156e+18 -109423013405.45323 
65830.72100313478 -2.446898383858027e+18 -112160258786.87378 
68965.51724137929 -2.508108188733586e+18 -114965977079.4296 
72100.3134796238 -2.570849172936881e+18 -117841881150.81677 
75235.10971786831 -2.6351596393179156e+18 -120789726716.81628 
78369.90595611282 -2.701078848881486e+18 -123811313412.94757 
81504.70219435733 -2.768647044761927e+18 -126908485892.84645 
84639.49843260185 -2.8379054767841464e+18 -130083134954.73442 
87774.29467084636 -2.908896426648772e+18 -133337198695.6226 
90909.09090909087 -2.9816632337457224e+18 -136672663694.46051 
94043.88714733538 -3.0562503216094254e+18 -140091566225.06827 
97178.68338557989 -3.132703225038891e+18 -143595993499.2723 
100313.4796238244 -3.211068617899677e+18 -147188084940.9763 
103448.27586206891 -3.2913943416182676e+18 -150870033492.24503 
106583.07210031342 -3.37372943438545e+18 -154644086952.23468 
109717.86833855794 -3.4581241610936684e+18 -158512549349.4565 
112852.66457680245 -3.5446300440255816e+18 -162477782348.26697 
115987.46081504696 -3.633299894308495e+18 -166542206690.61862 
119122.25705329147 -3.7241878441544166e+18 -170708303673.936 
122257.05329153598 -3.8173493799058703e+18 -174978616665.99405 
125391.84952978049 -3.9128413759098383e+18 -179355752657.62354 
128526.645768025 -4.010722129240612e+18 -183842383854.1868 
131661.44200626953 -4.111051395290062e+18 -188441249306.91977 
134796.23824451404 -4.213890424245937e+18 -193155156585.185 
137931.03448275855 -4.319301998484574e+18 -197986983490.4723 
141065.83072100306 -4.4273504709009403e+18 -202939679813.18268 
144200.62695924757 -4.5381018041953894e+18 -208016269133.45914 
147335.42319749208 -4.651623611141762e+18 -213219850667.13046 
150470.2194357366 -4.767985195864486e+18 -218553601157.7532 
153605.0156739811 -4.887257596149616e+18 -224020776815.92227 
156739.81191222562 -5.009513626812801e+18 -229624715307.15973 
159874.60815047013 -5.134827924150777e+18 -235368837789.59576 
163009.40438871464 -5.263276991505819e+18 -241256651002.57376 
166144.20062695915 -5.394939245971417e+18 -247291749407.4397 
169278.99686520366 -5.529895066266044e+18 -253477817381.89474 
172413.79310344817 -5.668226841803468e+18 -259818631469.28967 
175548.58934169268 -5.810019022990063e+18 -266318062684.20514 
178683.3855799372 -5.955358172780635e+18 -272980078875.69757 
181818.1818181817 -6.104333019524571e+18 -279808747149.62805 
184952.97805642622 -6.257034511134367e+18 -286808236351.5689 
188087.77429467073 -6.413555870608915e+18 -293982819611.8349 
191222.57053291524 -6.573992652945243e+18 -301336876954.2002 
194357.36677115975 -6.73844280347367e+18 -308874897969.88245 
197492.16300940426 -6.907006717652271e+18 -316601484558.41895 
200626.95924764877 -7.079787302357391e+18 -324521353737.09235 
203761.75548589329 -7.256890038707719e+18 -332639340520.6166 
206896.5517241378 -7.438423046460102e+18 -340960400872.85376 
210031.3479623823 -7.624497150015832e+18 -349489614732.3839 
213166.14420062682 -7.815225946077915e+18 -358232189113.7712 
216300.94043887133 -8.010725873000776e+18 -367193461286.41235 
219435.73667711584 -8.2111162818746e+18 -376378902032.90607 
222570.53291536035 -8.416519509387917e+18 -385794118988.93585 
225705.32915360486 -8.627060952513277e+18 -395444860066.6776 
228840.12539184937 -8.842869145061583e+18 -405337016963.82794 
231974.9216300939 -9.064075836151287e+18 -415476628760.4225 
235109.7178683384 -9.290816070639755e+18 -425869885605.65967 
238244.5141065829 -9.523228271566696e+18 -436523132496.95404 
241379.31034482742 -9.761454324660173e+18 -447442873153.5071 
244514.10658307193 -1.0005639664956852e+19 -458635773986.7648 
247648.90282131644 -1.0255933365589131e+19 -470108668170.1994 
250783.69905956095 -1.051248822879303e+19 -481868559810.90216 
253918.49529780546 -1.0775460879192633e+19 -493922628225.5399 
257053.29153604998 -1.1045011859418063e+19 -506278232323.26953 
260188.0877742945 -1.1321305728115372e+19 -518942915098.29376 
263322.884012539 -1.160451116040833e+19 -531924408234.79315 
266457.6802507835 -1.189480105087317e+19 -545230636827.05566 
269592.476489028 -1.219235261908923e+19 -558869724217.6823 
272727.27272727253 -1.2497347517829997e+19 -572849996956.8284 
275862.06896551704 -1.2809971943960726e+19 -587179989885.4841 
278996.86520376155 -1.3130416752110213e+19 -601868451345.9208 
282131.66144200607 -1.3458877571186014e+19 -616924348522.4802 
285266.4576802506 -1.379555492380413e+19 -632356872915.9706 
288401.2539184951 -1.4140654348706351e+19 -648175445955.007 
291536.0501567396 -1.449438652623991e+19 -664389724747.7151 
294670.8463949841 -1.4856967406976123e+19 -681009607977.3177 
297805.6426332286 -1.52286183435465e+19 -698045241945.193 
300940.43887147313 -1.560956622577675e+19 -715507026765.1084 
304075.23510971764 -1.600004361920106e+19 -733405622712.4071 
307210.03134796215 -1.6400288907041434e+19 -751751956732.0149 
310344.82758620667 -1.6810546435738706e+19 -770557229109.2506 
313479.6238244512 -1.7231066664124131e+19 -789832920307.5067 
316614.4200626957 -1.7662106316322263e+19 -809590797976.9749 
319749.2163009402 -1.8103928538479006e+19 -829842924138.7074 
322884.0125391847 -1.855680305941008e+19 -850601662548.3759 
326018.8087774292 -1.9021006355268264e+19 -871879686244.2429 
329153.60501567373 -1.949682181832985e+19 -893689985283.9486 
332288.40125391824 -1.998453993000324e+19 -916045874674.8304 
335423.19749216276 -2.048445843816542e+19 -938961002502.6266 
338557.99373040727 -2.0996882538934723e+19 -962449358263.5225 
341692.7899686518 -2.1522125062990316e+19 -986525281404.6173 
344827.5862068963 -2.206050666655287e+19 -1011203470078.0424 
347962.3824451408 -2.2612356027142468e+19 -1036498990114.062 
351097.1786833853 -2.3178010044233605e+19 -1062427284218.6351 
354231.9749216298 -2.3757814044929536e+19 -1089004181401.06 
357366.77115987433 -2.4352121994781647e+19 -1116245906637.4514 
360501.56739811884 -2.496129671388242e+19 -1144169090775.9536 
363636.36363636336 -2.5585710098364137e+19 -1172790780689.742 
366771.15987460787 -2.6225743347438305e+19 -1202128449683.9998 
369905.9561128524 -2.68817871961146e+19 -1232200008163.2231 
373040.7523510969 -2.755424215374145e+19 -1263023814565.3757 
376175.5485893414 -2.8243518748513763e+19 -1294618686569.5598 
379310.3448275859 -2.8950037778096976e+19 -1327003912584.0588 
382445.1410658304 -2.9674230566520484e+19 -1360199263521.7375 
385579.93730407493 -3.0416539227497423e+19 -1394225004870.0432 
388714.73354231945 -3.117741693433137e+19 -1429101909062.9004 
391849.52978056396 -3.1957328196574986e+19 -1464851268162.1238 
394984.32601880847 -3.275674914360913e+19 -1501494906856.039 
398119.122257053 -3.3576167815316136e+19 -1539055195783.2676 
401253.9184952975 -3.4416084460023927e+19 -1577555065189.8274 
404388.714733542 -3.527701183990368e+19 -1617018018927.8518 
407523.5109717865 -3.615947554400672e+19 -1657468148804.5068 
410658.307210031 -3.706401430913237e+19 -1698930149289.8296 
413793.10344827553 -3.799118034872223e+19 -1741429332592.505 
416927.89968652005 -3.894153968998192e+19 -1784991644112.751 
420062.69592476456 -3.991567251943617e+19 -1829643678281.7854 
423197.49216300907 -4.091417353712779e+19 -1875412694797.494 
426332.2884012536 -4.193765231967716e+19 -1922326635266.2576 
429467.0846394981 -4.298673369242382e+19 -1970414140261.0686 
432601.8808777426 -4.406205811087696e+19 -2019704566806.3608 
435736.6771159871 -4.51642820517083e+19 -2070228006300.238 
438871.4733542316 -4.629407841352561e+19 -2122015302885.022 
442006.26959247614 -4.745213692767187e+19 -2175098072277.341 
445141.06583072065 -4.863916457930066e+19 -2229508721069.272 
448275.86206896516 -4.985588603898453e+19 -2285280466512.288 
451410.65830720967 -5.1103044105120506e+19 -2342447356796.128 
454545.4545454542 -5.238140015740223e+19 -2401044291834.917 
457680.2507836987 -5.369173462163622e+19 -2461107044573.287 
460815.0470219432 -5.503484744618514e+19 -2522672282825.4653 
463949.8432601877 -5.641155859032986e+19 -2585777591660.6797 
467084.6394984322 -5.782270852484762e+19 -2650461496348.512 
470219.43573667674 -5.926915874511279e+19 -2716763485878.2764 
473354.23197492125 -6.075179229703226e+19 -2784724037066.7046 
476489.02821316576 -6.227151431613793e+19 -2854384639268.714 
479623.82445141027 -6.382925258016457e+19 -2925787819706.3193 
482758.6206896548 -6.542595807545026e+19 -2998977169431.1562 
485893.4169278993 -6.706260557750581e+19 -3073997369936.438 
489028.2131661438 -6.874019424610717e+19 -3150894220434.6636 
492163.0094043883 -7.0459748235274e+19 -3229714665817.6445 
495297.8056426328 -7.222231731850761e+19 -3310506825315.9634 
498432.60188087734 -7.402897752966849e+19 -3393320021875.3853 
501567.39811912185 -7.588083181988662e+19 -3478204812268.0986 
504702.19435736636 -7.777901073090368e+19 -3565213017957.2026 
507836.99059561087 -7.97246730852596e+19 -3654397756733.2964 
510971.7868338554 -8.171900669374407e+19 -3745813475142.446 
514106.5830720999 -8.37632290805454e+19 -3839515981725.348 
517241.3793103444 -8.585858822653862e+19 -3935562481087.97 
520376.1755485889 -8.800636333116775e+19 -4034011608824.519 
523510.9717868334 -9.020786559338637e+19 -4134923467313.954 
526645.768025078 -9.246443901213406e+19 -4238359662412.015 
529780.5642633225 -9.47774612068362e+19 -4344383341061.0923 
532915.360501567 -9.714834425842926e+19 -4453059229840.892 
536050.1567398115 -9.9578535571425e+19 -4564453674483.489 
539184.952978056 -1.0206951875753838e+20 -4678634680376.85 
542319.7492163006 -1.0462281454142097e+20 -4795671954081.558 
545454.5454545451 -1.0723998168905009e+20 -4915636945886.099 
548589.3416927896 -1.0992261795934306e+20 -5038602893426.664 
551724.1379310341 -1.1267236107957531e+20 -5164644866398.117 
554858.9341692786 -1.1549088974519978e+20 -5293839812383.425 
557993.7304075231 -1.183799246446762e+20 -5426266603829.538 
561128.5266457676 -1.2134122950993776e+20 -5562006086198.344 
564263.3228840121 -1.2437661219313469e+20 -5701141127322.181 
567398.1191222566 -1.2748792577031286e+20 -5843756667993.942 
570532.9153605012 -1.3067706967270128e+20 -5989939773822.724 
573667.7115987457 -1.3394599084629932e+20 -6139779688386.678 
576802.5078369902 -1.3729668494047127e+20 -6293367887715.459 
579937.3040752347 -1.4073119752627387e+20 -6450798136135.619 
583072.1003134792 -1.4425162534526036e+20 -6612166543512.934 
586206.8965517237 -1.4786011758952405e+20 -6777571623926.662 
589341.6927899682 -1.5155887721376173e+20 -6947114355811.615 
592476.4890282127 -1.5535016228015974e+20 -7120898243604.599 
595611.2852664572 -1.5923628733692284e+20 -7299029380933.092 
598746.0815047018 -1.632196248312856e+20 -7481616515384.475 
601880.8777429463 -1.673026065578733e+20 -7668771114895.574 
605015.6739811908 -1.714877251432908e+20 -7860607435802.861 
608150.4702194353 -1.7577753556785172e+20 -8057242592595.056 
611285.2664576798 -1.8017465672537194e+20 -8258796629410.516 
614420.0626959243 -1.8468177302198315e+20 -8465392593323.199 
617554.8589341688 -1.8930163601494104e+20 -8677156609461.919 
620689.6551724133 -1.940370660924276e+20 -8894217958008.658 
623824.4514106578 -1.988909541953748e+20 -9116709153123.068 
626959.2476489024 -2.0386626358236e+20 -9344766023841.254 
630094.0438871469 -2.089660316386516e+20 -9578527796998.256 
633228.8401253914 -2.1419337173050645e+20 -9818137182224.95 
636363.6363636359 -2.1955147510585616e+20 -10063740459071.043 
639498.4326018804 -2.2504361284253562e+20 -10315487566307.592 
642633.2288401249 -2.3067313784525e+20 -10573532193463.273 
645768.0250783694 -2.3644348689249488e+20 -10838031874650.662 
648902.8213166139 -2.42358182734681e+20 -11109148084739.479 
652037.6175548584 -2.4842083624474457e+20 -11387046337935.656 
655172.413793103 -2.546351486225569e+20 -11671896288826.404 
658307.2100313475 -2.6100491365447342e+20 -11963871835952.943 
661442.006269592 -2.675340200294111e+20 -12263151227974.156 
664576.8025078365 -2.7422645371285956e+20 -12569917172485.781 
667711.598746081 -2.8108630038028072e+20 -12884356947562.057 
670846.3949843255 -2.8811774791137998e+20 -13206662516087.346 
673981.19122257 -2.95325088946772e+20 -13537030642947.916 
677115.9874608145 -3.0271272350860234e+20 -13875663015155.281 
680250.783699059 -3.102851616867246e+20 -14222766364974.438 
683385.5799373036 -3.180470263920731e+20 -14578552596132.234 
686520.3761755481 -3.2600305617891203e+20 -14943238913182.854 
689655.1724137926 -3.341581081376836e+20 -15317047954109.332 
692789.9686520371 -3.425171608602203e+20 -15700207926242.24 
695924.7648902816 -3.5108531747913584e+20 -16092952745578.402 
699059.5611285261 -3.598678087832444e+20 -16495522179584.607 
702194.3573667706 -3.6886999641091454e+20 -16908161993573.791 
705329.1536050151 -3.780973761233046e+20 -17331124100742.602 
708463.9498432596 -3.8755558115948134e+20 -17764666715962.402 
711598.7460815042 -3.972503856754629e+20 -18209054513417.332 
714733.5423197487 -4.071877082692956e+20 -18664558788185.594 
717868.3385579932 -4.173736155943079e+20 -19131457621863.0 
721003.1347962377 -4.278143260627518e+20 -19610036052329.293 
724137.9310344822 -4.3851621364209294e+20 -20100586247761.684 
727272.7272727267 -4.4948581174626556e+20 -20603407685000.895 
730407.5235109712 -4.6072981722426737e+20 -21118807332379.375 
733542.3197492157 -4.7225509444853e+20 -21647099837122.97 
736677.1159874602 -4.8406867950556224e+20 -22188607717440.39 
739811.9122257048 -4.961777844914221e+20 -22743661559417.914 
742946.7084639493 -5.085898019146422e+20 -23312600218839.508 
746081.5047021938 -5.213123092092949e+20 -23895771028055.406 
749216.3009404383 -5.34353073360953e+20 -24493530008025.652 
752351.0971786828 -5.4772005564837016e+20 -25106242085668.08 
755485.8934169273 -5.614214165037778e+20 -25734281316643.055 
758620.6896551718 -5.754655204947615e+20 -26378031113711.44 
761755.4858934163 -5.898609414307564e+20 -27037884480804.875 
764890.2821316608 -6.046164675972898e+20 -27714244252951.387 
768025.0783699054 -6.197411071211563e+20 -28407523342202.844 
771159.8746081499 -6.35244093469805e+20 -29118144989714.387 
774294.6708463944 -6.511348910882954e+20 -29846543024129.805 
777429.4670846389 -6.674232011772645e+20 -30593162126430.152 
780564.2633228834 -6.841189676154256e+20 -31358458101407.84 
783699.0595611279 -7.012323830302274e+20 -32142898155931.69 
786833.8557993724 -7.187738950203672e+20 -32946961184172.91 
789968.6520376169 -7.367542125339641e+20 -33771138059966.094 
793103.4482758614 -7.551843124062822e+20 -34615931936483.38 
796238.244514106 -7.740754460610002e+20 -35481858553405.62 
799373.0407523505 -7.934391463791085e+20 -36369446551776.92 
802507.836990595 -8.132872347396444e+20 -37279237796735.93 
805642.6332288395 -8.336318282365421e+20 -38211787708319.836 
808777.429467084 -8.54485347076021e+20 -39167665600543.86 
811912.2257053285 -8.758605221590106e+20 -40147455028962.38 
815047.021943573 -8.977704028532697e+20 -41151754146925.16 
818181.8181818175 -9.20228364959911e+20 -42181176070744.71 
821316.614420062 -9.432481188792233e+20 -43236349253999.09 
824451.4106583066 -9.668437179807573e+20 -44317917871197.6 
827586.2068965511 -9.910295671827885e+20 -45426542211043.69 
830721.0031347956 -1.0158204317463995e+21 -46562899079536.055 
833855.7993730401 -1.0412314462895504e+21 -47727682213152.7 
836990.5956112846 -1.0672781240266377e+21 -48921602702371.555 
840125.3918495291 -1.093976366239186e+21 -50145389425785.55 
843260.1880877736 -1.1213424719834566e+21 -51399789495077.016 
846394.9843260181 -1.1493931480408729e+21 -52685568711122.9 
849529.7805642626 -1.178145519117377e+21 -54003512031509.72 
852664.5768025072 -1.207617138297915e+21 -55354424049743.77 
855799.3730407517 -1.2378259977624627e+21 -56739129486449.15 
858934.1692789962 -1.2687905397700965e+21 -58158473692852.625 
862068.9655172407 -1.3005296679178485e+21 -59613323166863.945 
865203.7617554852 -1.3330627586811848e+21 -61104566082065.33 
868338.5579937297 -1.3664096732431872e+21 -62633112829933.914 
871473.3542319742 -1.4005907696196337e+21 -64199896575628.15 
874608.1504702187 -1.4356269150874066e+21 -65805873827677.69 
877742.9467084632 -1.4715394989237996e+21 -67452025021924.195 
880877.7429467078 -1.5083504454644956e+21 -69139355120069.46 
884012.5391849523 -1.5460822274881815e+21 -70868894223195.6 
887147.3354231968 -1.5847578799359936e+21 -72641698200633.56 
890282.1316614413 -1.62440101397416e+21 -74458849334561.97 
893416.9278996858 -1.6650358314084194e+21 -76321456980732.2 
896551.7241379303 -1.7066871394590358e+21 -78230658245720.83 
899686.5203761748 -1.7493803659053975e+21 -80187618681123.89 
902821.3166144193 -1.7931415746094747e+21 -82193532995116.6 
905956.1128526638 -1.8379974814275669e+21 -84249625781812.34 
909090.9090909084 -1.883975470520127e+21 -86357152268867.05 
912225.7053291529 -1.9311036110695558e+21 -88517399083785.53 
915360.5015673974 -1.9794106744162204e+21 -90731685039397.23 
918495.2978056419 -2.0289261516231192e+21 -93001361938980.94 
921630.0940438864 -2.0796802714799398e+21 -95327815401529.34 
924764.8902821309 -2.13170401895746e+21 -97712465707657.22 
927899.6865203754 -2.1850291541236234e+21 -100156768666671.25 
931034.4827586199 -2.2396882315327953e+21 -102662216505329.5 
934169.2789968645 -2.295714620100064e+21 -105230338778833.78 
937304.075235109 -2.3531425234726866e+21 -107862703304610.83 
940438.8714733535 -2.412007000911141e+21 -110560917119452.27 
943573.667711598 -2.472343988692493e+21 -113326627460596.17 
946708.4639498425 -2.5341903220492033e+21 -116161522771352.08 
949843.260188087 -2.597583757656717e+21 -119067333731880.78 
952978.0564263315 -2.6625629966836186e+21 -122045834315761.62 
956112.852664576 -2.7291677084183927e+21 -125098842872988.69 
959247.6489028205 -2.7974385544871926e+21 -128228223240059.03 
962382.445141065 -2.8674172136774125e+21 -131435885877828.22 
965517.2413793096 -2.9391464073822213e+21 -134723789037830.17 
968652.0376175541 -3.012669925681645e+21 -138093939957774.44 
971786.8338557986 -3.088032654076055e+21 -141548396086949.4 
974921.6300940431 -3.165280600888402e+21 -145089266342276.78 
978056.4263322876 -3.244460925351893e+21 -148718712395788.38 
981191.2225705321 -3.325621966400313e+21 -152438949994308.25 
984326.0188087766 -3.408813272178567e+21 -156252250312149.03 
987460.8150470211 -3.4940856302913994e+21 -160160941337644.3 
990595.6112852657 -3.5814910988088084e+21 -164167409294366.56 
993730.4075235102 -3.671083038047049e+21 -168274100097895.88 
996865.2037617547 -3.7629161431447e+21 -172483520849032.9 
999999.9999999992 -3.857046477453581e+21 -176798241364362.75 
