#x u 
0.0 56472347995.60755 2588.5985236362153 
3134.796238244514 -1413467024.8700216 -64.76305582782541 
6269.592476489028 34514546.32407475 1.6006561443579097 
9404.38871473354 -1744588.2364604601 -0.07057013992226792 
12539.184952978056 -864105.8636947019 -0.03976423589331136 
15673.98119122257 -901300.62999841 -0.051016548969476924 
18808.777429467085 -904119.1973410009 -0.060317921372034275 
21943.5736677116 -896791.4469881658 -0.06842430798196499 
25078.369905956115 -879613.428423187 -0.07502281652612602 
28213.16614420063 -853934.043045994 -0.07988966464279837 
31347.962382445145 -821428.6993237552 -0.08286793053220243 
34482.75862068966 -784004.257844183 -0.08387223374768503 
37617.55485893417 -743730.0256635845 -0.08289225378426862 
40752.35109717868 -702808.6775387354 -0.07999546420390335 
43887.14733542319 -663535.0151565337 -0.0753265373883957 
47021.943573667704 -628199.018965545 -0.06910137382297947 
50156.739811912215 -598946.3355492208 -0.0615964173886009 
53291.53605015673 -577655.3396324066 -0.05313613334315045 
56426.33228840124 -565877.3781503269 -0.044081051674804195 
59561.12852664575 -564829.0833460285 -0.03481622286941972 
62695.92476489026 -575382.8451434675 -0.025738047793119587 
65830.72100313478 -598017.5661543622 -0.017238237939994447 
68965.51724137929 -632748.8636133849 -0.009686317492421546 
72100.3134796238 -679095.5892141996 -0.003413826961331943 
75235.10971786831 -736118.3279056582 0.0012975855186542426 
78369.90595611282 -802507.5450715778 0.0042246801727722025 
81504.70219435733 -876664.3531198069 0.005209877472475931 
84639.49843260185 -956740.5150300647 0.004168352517042077 
87774.29467084636 -1040660.2516678763 0.0010935920837381596 
90909.09090909087 -1126175.5546041094 -0.003941209421744354 
94043.88714733538 -1210978.8409020368 -0.0107871600722967 
97178.68338557989 -1292841.5758367828 -0.019227693101615 
100313.4796238244 -1369722.5606372885 -0.02898795630764079 
103448.27586206891 -1439820.130068972 -0.03974421544443134 
106583.07210031342 -1501595.7471828775 -0.051134259448310765 
109717.86833855794 -1553816.9118476026 -0.06277064323018151 
112852.66457680245 -1595634.832477153 -0.07425704166457014 
115987.46081504696 -1626662.3347380015 -0.08520564044115864 
119122.25705329147 -1647002.7640834823 -0.09525277525786835 
122257.05329153598 -1657216.0741835719 -0.10407163365366341 
125391.84952978049 -1658256.4072594463 -0.11138303702964403 
128526.645768025 -1651426.7478910594 -0.1169658565367972 
131661.44200626953 -1638360.8292077023 -0.12066703711784728 
134796.23824451404 -1620999.1967099777 -0.12240928904453217 
137931.03448275855 -1601520.7751441577 -0.12219434245951712 
141065.83072100306 -1582228.2403607692 -0.12010145964940411 
144200.62695924757 -1565425.4529916884 -0.11628283836010571 
147335.42319749208 -1553327.0201023584 -0.11095771961057795 
150470.2194357366 -1548003.7538840417 -0.10440543161295715 
153605.0156739811 -1551332.884376378 -0.09695607325963695 
156739.81191222562 -1564924.5092289858 -0.08897773855463761 
159874.60815047013 -1590031.183255254 -0.08086090655879578 
163009.40438871464 -1627476.851236741 -0.07300209164804113 
166144.20062695915 -1677633.5904548725 -0.0657886323595795 
169278.99686520366 -1740438.90621127 -0.05958496926608315 
172413.79310344817 -1815420.4085456626 -0.054719606640026 
175548.58934169268 -1901704.4345091444 -0.051472320180194056 
178683.3855799372 -1998018.2925001022 -0.050062508271223514 
181818.1818181817 -2102716.8392811804 -0.050640320652696996 
184952.97805642622 -2213852.4993402166 -0.0532814887688965 
188087.77429467073 -2329277.885365926 -0.05798537225731411 
191222.57053291524 -2446753.142514692 -0.06467509533999843 
194357.36677115975 -2564040.1499830023 -0.07319936886210154 
197492.16300940426 -2678986.8299277425 -0.08333680608369856 
200626.95924764877 -2789611.51349829 -0.09480389467415286 
203761.75548589329 -2894183.7637520176 -0.10726688384023698 
206896.5517241378 -2991283.429062249 -0.12035655671511548 
210031.3479623823 -3079824.938880511 -0.1336842997124552 
213166.14420062682 -3159057.092202187 -0.1468582494421137 
216300.94043887133 -3228566.802711307 -0.1594988440197691 
219435.73667711584 -3288309.4505325574 -0.17125315241990874 
222570.53291536035 -3338663.698657297 -0.18180711050189094 
225705.32915360486 -3380487.1577982814 -0.19089500894235467 
228840.12539184937 -3415146.257019822 -0.19830651401331856 
231974.9216300939 -3444503.3969291667 -0.20389245110640491 
235109.7178683384 -3470851.8333861777 -0.20757057941607882 
238244.5141065829 -3496790.192337382 -0.20933149954365257 
241379.31034482742 -3525036.0349609083 -0.2092435605861972 
244514.10658307193 -3558200.860534114 -0.20745515796055583 
247648.90282131644 -3598576.407058264 -0.2041932098082794 
250783.69905956095 -3647989.310401299 -0.1997571114503184 
253918.49529780546 -3707755.771570732 -0.19450756775476413 
257053.29153604998 -3778726.3729930315 -0.1888498258315153 
260188.0877742945 -3861384.552633914 -0.18321181391576316 
263322.884012539 -3955964.4670600607 -0.17801953274302132 
266457.6802507835 -4062568.5951693766 -0.17367349116475186 
269592.476489028 -4181266.7003202946 -0.17052964993751904 
272727.27272727253 -4312143.252471928 -0.16888627398414324 
275862.06896551704 -4455256.516423233 -0.16897593208623687 
278996.86520376155 -4610503.33988557 -0.17096128660390136 
282131.66144200607 -4777437.03582307 -0.1749342390916377 
285266.4576802506 -4955117.6875914475 -0.1809187530777464 
288401.2539184951 -5142052.692264741 -0.18887686793217073 
291536.0501567396 -5336227.623729267 -0.19871567040060337 
294670.8463949841 -5535187.011090764 -0.21029242820000119 
297805.6426332286 -5736136.615270604 -0.22341695527014283 
300940.43887147313 -5936081.376741109 -0.23785325414492806 
304075.23510971764 -6132029.310847865 -0.25332376381846883 
307210.03134796215 -6321252.181943035 -0.2695177612241697 
310344.82758620667 -6501534.44226226 -0.286102343602115 
313479.6238244512 -6671329.083671642 -0.30273316716021936 
316614.4200626957 -6829797.07706084 -0.3190640366035156 
319749.2163009402 -6976785.251692946 -0.3347573637322269 
322884.0125391847 -7112817.95391752 -0.349497975478094 
326018.8087774292 -7239118.639202999 -0.3630097840680036 
329153.60501567373 -7357601.318198277 -0.3750712910994055 
332288.40125391824 -7470763.535633896 -0.3855256331621717 
335423.19749216276 -7581487.839398468 -0.3942845397786525 
338557.99373040727 -7692841.068584194 -0.4013296039544244 
341692.7899686518 -7807959.198728626 -0.4067144440492696 
344827.5862068963 -7930013.783015284 -0.41056735489799706 
347962.3824451408 -8062166.661238976 -0.4130901328462296 
351097.1786833853 -8207429.788799871 -0.4145493703748759 
354231.9749216298 -8368452.52253189 -0.41526146343813214 
357366.77115987433 -8547350.887210112 -0.41557688875717885 
360501.56739811884 -8745670.419482265 -0.4158683289965204 
363636.36363636336 -8964452.741334556 -0.41652171601010746 
366771.15987460787 -9204281.127776576 -0.41792496077449004 
369905.9561128524 -9465216.5622009 -0.42045083526004784 
373040.7523510969 -9746671.862099491 -0.4244367317039214 
376175.5485893414 -10047365.376924524 -0.4301683359475589 
379310.3448275859 -10365441.984731412 -0.43787177488200024 
382445.1410658304 -10698695.692019092 -0.4477117350224109 
385579.93730407493 -11044734.275569389 -0.4597886974562953 
388714.73354231945 -11400996.672685703 -0.4741315886289475 
391849.52978056396 -11764701.464348814 -0.49068974857670905 
394984.32601880847 -12132893.715709042 -0.5093320997815303 
398119.122257053 -12502666.427471124 -0.5298571250566269 
401253.9184952975 -12871449.541920902 -0.5520087526462211 
404388.714733542 -13237176.494912168 -0.5754893361904548 
407523.5109717865 -13598251.124565667 -0.5999659842033656 
410658.307210031 -13953435.904378762 -0.6250754802720938 
413793.10344827553 -14301857.440739214 -0.650436386903049 
416927.89968652005 -14643190.020667149 -0.675670660912423 
420062.69592476456 -14977867.762941059 -0.7004274194981656 
423197.49216300907 -15307113.92428729 -0.7243986216773064 
426332.2884012536 -15632737.638104811 -0.7473238314571679 
429467.0846394981 -15956872.33314589 -0.7689915053603352 
432601.8808777426 -16281879.416281108 -0.7892465394365792 
435736.6771159871 -16610454.384047395 -0.8080053167368189 
438871.4733542316 -16945739.683236845 -0.825268891936169 
442006.26959247614 -17291218.014415376 -0.8411236299495841 
445141.06583072065 -17650374.80163574 -0.8557285678206988 
448275.86206896516 -18026360.62657577 -0.8692999695782515 
451410.65830720967 -18421895.07643878 -0.8821041404618165 
454545.4545454542 -18839410.16859219 -0.8944585237517229 
457680.2507836987 -19281183.203768626 -0.906729825791573 
460815.0470219432 -19749221.444193684 -0.9193185859863117 
463949.8432601877 -20244932.606751326 -0.9326321420699707 
467084.6394984322 -20768865.828387234 -0.9470595000490851 
470219.43573667674 -21320767.009279303 -0.9629598015251947 
473354.23197492125 -21899889.908450976 -0.9806622452113729 
476489.02821316576 -22505251.64175338 -1.000463745528752 
479623.82445141027 -23135590.40717583 -1.0226137709531342 
482758.6206896548 -23789113.526567772 -1.0472909112819733 
485893.4169278993 -24463372.079779387 -1.0745870474854615 
489028.2131661438 -25155494.419421747 -1.1045101616397333 
492163.0094043883 -25862650.220329918 -1.1370002091121947 
495297.8056426328 -26582373.999507096 -1.171941253029662 
498432.60188087734 -27312516.627994295 -1.2091593547922483 
501567.39811912185 -28050981.743432514 -1.2484134086005776 
504702.19435736636 -28795636.00574719 -1.2893966354413962 
507836.99059561087 -29544603.33860313 -1.3317581521446844 
510971.7868338554 -30296738.387854286 -1.3751349168581168 
514106.5830720999 -31051857.96101061 -1.4191743463344975 
517241.3793103444 -31810531.27359797 -1.463538010969776 
520376.1755485889 -32573671.3844155 -1.507897003147189 
523510.9717868334 -33342368.906233307 -1.551938652198986 
526645.768025078 -34118143.89999264 -1.5953920947889186 
529780.5642633225 -34903328.8586086 -1.638058998671333 
532915.360501567 -35701122.68759911 -1.679827840988575 
536050.1567398115 -36515169.4456917 -1.7206645814837402 
539184.952978056 -37349000.57437722 -1.7605948711604884 
542319.7492163006 -38205824.71412725 -1.7996996856468905 
545454.5454545451 -39088787.408333026 -1.8381297855634686 
548589.3416927896 -40001321.55621007 -1.8761215261913893 
551724.1379310341 -40947098.621125326 -1.9139915660844598 
554858.9341692786 -41929503.151275285 -1.9521070429430152 
557993.7304075231 -42951067.975518376 -1.9908514863294 
561128.5266457676 -44013378.55208148 -2.0306100917019863 
564263.3228840121 -45117489.82343905 -2.0717767428909877 
567398.1191222566 -46264373.72356898 -2.1147611632681054 
570532.9153605012 -47454887.52115007 -2.1599733434743054 
573667.7115987457 -48689269.21511956 -2.2077860767185085 
576802.5078369902 -49966694.30503756 -2.25850064809893 
579937.3040752347 -51285404.78072939 -2.3123396350453636 
583072.1003134792 -52643350.88958352 -2.3694646012600358 
586206.8965517237 -54038757.248954535 -2.429992165083084 
589341.6927899682 -55470101.794285625 -2.493985377951031 
592476.4890282127 -56935617.14595261 -2.561425732063376 
595611.2852664572 -58432945.38785846 -2.6321949191568548 
598746.0815047018 -59959439.52786949 -2.706089044234592 
601880.8777429463 -61512932.30378452 -2.782857058588798 
605015.6739811908 -63092284.19887375 -2.8622317460670277 
608150.4702194353 -64697225.32473631 -2.9439307887401607 
611285.2664576798 -66327728.21662076 -3.027638456103624 
614420.0626959243 -67983638.70922363 -3.113000845870869 
617554.8589341688 -69665020.78680415 -3.19965510324577 
620689.6551724133 -71372903.33902462 -3.2872777955126664 
623824.4514106578 -73109654.66045547 -3.375616409128495 
626959.2476489024 -74878557.2796572 -3.464483823451971 
630094.0438871469 -76682969.17823367 -3.5537329173073084 
633228.8401253914 -78525887.58569598 -3.6432482156733927 
636363.6363636359 -80410309.35538019 -3.7329721866326286 
639498.4326018804 -82339931.20365742 -3.8229448755553515 
642633.2288401249 -84319347.37258784 -3.913317969544214 
645768.0250783694 -86353408.13047011 -4.004327670316291 
648902.8213166139 -88446290.41128567 -4.096251557826327 
652037.6175548584 -90601168.93912801 -4.189390185146749 
655172.413793103 -92820785.63937707 -4.284087183939074 
658307.2100313475 -95108294.20891097 -4.380759549587612 
661442.006269592 -97467470.64913802 -4.479896756420015 
664576.8025078365 -99902046.7515286 -4.582017971367686 
667711.598746081 -102414854.80894923 -4.687619388069821 
670846.3949843255 -105007679.00389779 -4.797153247416072 
673981.19122257 -107681946.7744695 -4.9110452025888724 
677115.9874608145 -110439446.82213064 -5.029713301106562 
680250.783699059 -113282142.05662222 -5.153546415308231 
683385.5799373036 -116211025.83029252 -5.282840256396152 
686520.3761755481 -119224967.11244424 -5.417734765469614 
689655.1724137926 -122320572.56349696 -5.558200374998246 
692789.9686520371 -125493162.39537571 -5.704077868576696 
695924.7648902816 -128737970.64860591 -5.855131260663197 
699059.5611285261 -132050659.07220492 -6.011072029348871 
702194.3573667706 -135427176.00544727 -6.171556115213905 
705329.1536050151 -138863856.1549113 -6.336194617903532 
708463.9498432596 -142358457.96296406 -6.5046098886145485 
711598.7460815042 -145911714.81562975 -6.6765172643476385 
714733.5423197487 -149528106.48546773 -6.851772736964194 
717868.3385579932 -153214931.15235263 -7.030343926111976 
721003.1347962377 -156980120.03204513 -7.212224095257037 
724137.9310344822 -160830289.01918322 -7.3973571623558625 
727272.7272727267 -164770235.50682515 -7.585628530860351 
730407.5235109712 -168803764.58175573 -7.77691589566629 
733542.3197492157 -172934694.37056834 -7.971146800109572 
736677.1159874602 -177167125.94688764 -8.168320577592931 
739811.9122257048 -181505191.64707172 -8.36850411005928 
742946.7084639493 -185953205.07653832 -8.571843442364244 
746081.5047021938 -190516604.1853883 -8.778609009221917 
749216.3009404383 -195202886.79535034 -8.989237698933806 
752351.0971786828 -200021274.9496109 -9.204313863705574 
755485.8934169273 -204980797.6817301 -9.424475187723086 
758620.6896551718 -210088015.09073192 -9.650299709054712 
761755.4858934163 -215346150.33221048 -9.882255307442406 
764890.2821316608 -220756279.06595576 -10.120741846163511 
768025.0783699054 -226319445.4834988 -10.366174609874403 
771159.8746081499 -232037848.1989515 -10.619024454978838 
774294.6708463944 -237914269.6665856 -10.879777344562148 
777429.4670846389 -243950660.95644352 -11.148855617564978 
780564.2633228834 -250147499.26111045 -11.426575664875749 
783699.0595611279 -256504556.30531526 -11.713171762497389 
786833.8557993724 -263022145.7775085 -12.00884378690006 
789968.6520376169 -269701436.8875292 -12.313764414600534 
793103.4482758614 -276543522.58929205 -12.628031806687744 
796238.244514106 -283548401.22438186 -12.951621071102421 
799373.0407523505 -290715242.7081807 -13.284397423639462 
802507.836990595 -298043978.12823683 -13.626192792263621 
805642.6332288395 -305536772.1112587 -13.97687968425575 
808777.429467084 -313197928.24354637 -14.336375617935746 
811912.2257053285 -321032331.85837895 -14.704582561435656 
815047.021943573 -329044059.4321659 -15.081335640937152 
818181.8181818175 -337236648.91167957 -15.46642913325563 
821316.614420062 -345614806.95891106 -15.85970894853809 
824451.4106583066 -354185791.4931999 -16.261150304265307 
827586.2068965511 -362958982.37294257 -16.67085186959576 
830721.0031347956 -371944000.9618596 -17.088962381233106 
833855.7993730401 -381149249.9871339 -17.515625016485878 
836990.5956112846 -390582314.84357244 -17.951005145675918 
840125.3918495291 -400251707.43863034 -18.395377316607 
843260.1880877736 -410167985.3939654 -18.849181027190905 
846394.9843260181 -420342891.0349616 -19.312982977157503 
849529.7805642626 -430787226.3925484 -19.787378562490463 
852664.5768025072 -441509548.12252426 -20.27292817662063 
855799.3730407517 -452516959.4537626 -20.770187008178546 
858934.1692789962 -463817096.9287691 -21.27978723031828 
862068.9655172407 -475419137.40302205 -21.80247324926386 
865203.7617554852 -487332659.32138866 -22.339036988017252 
868338.5579937297 -499565468.0937798 -22.890204561093178 
871473.3542319742 -512122653.42988586 -23.45657882148729 
874608.1504702187 -525007927.80793047 -24.0386864224644 
877742.9467084632 -538225931.7223432 -24.637069699732876 
880877.7429467078 -551783160.8246993 -25.252316422848885 
884012.5391849523 -565686598.1605003 -25.88498588485334 
887147.3354231968 -579941566.9587209 -26.53550122893252 
890282.1316614413 -594551200.4542594 -27.20411821900457 
893416.9278996858 -609518282.0165637 -27.891005250444024 
896551.7241379303 -624847721.3878381 -28.59635527701051 
899686.5203761748 -640547217.1726878 -29.320417419083604 
902821.3166144193 -656625513.1103953 -30.063421047782647 
905956.1128526638 -673090179.6055176 -30.825480724257734 
909090.9090909084 -689947384.4012121 -31.606594676672138 
912225.7053291529 -707204046.6231146 -32.40675453778746 
915360.5015673974 -724870228.8510197 -33.22606758010371 
918495.2978056419 -742959292.3032072 -34.064777517293635 
921630.0940438864 -761485621.9678904 -34.923174488341495 
924764.8902821309 -780462266.5999237 -35.80150115871044 
927899.6865203754 -799900952.6157335 -36.69996710287551 
931034.4827586199 -819814446.4151165 -37.61886976912926 
934169.2789968645 -840218729.0496128 -38.55870528811952 
937304.075235109 -861132568.0945055 -39.52015799018765 
940438.8714733535 -882574755.276149 -40.503980587796214 
943573.667711598 -904561742.1300752 -41.51089000125657 
946708.4639498425 -927108038.6420208 -42.54158706930262 
949843.260188087 -950228868.9378068 -43.596876898045615 
952978.0564263315 -973942186.6491622 -44.677757092756956 
956112.852664576 -998267779.9660702 -45.78536998172949 
959247.6489028205 -1023224242.4777932 -46.92085466814314 
962382.445141065 -1048826879.6811792 -48.08523997802453 
965517.2413793096 -1075088720.736125 -49.279478181803604 
968652.0376175541 -1102023595.688025 -50.50457231767732 
971786.8338557986 -1129648064.3636658 -51.76165033471071 
974921.6300940431 -1157980162.25497 -53.051893342255205 
978056.4263322876 -1187036280.873675 -54.37637890772918 
981191.2225705321 -1216829524.8149507 -55.735993133319475 
984326.0188087766 -1247371418.3371022 -57.13149784452047 
987460.8150470211 -1278675353.9984508 -58.56367963973865 
990595.6112852657 -1310758323.9865904 -60.03342240382031 
993730.4075235102 -1343639164.2656393 -61.54162883050673 
996865.2037617547 -1377337610.5447943 -63.088966802705116 
999999.9999999992 -1411799415.6767817 -64.67919158254469 
