#x u 
0.0 61963528.98941604 2.8329941810435977 
3134.796238244514 -2140160.9334560414 -0.09575107566914277 
6269.592476489028 -578538.096396952 -0.014638525547499379 
9404.38871473354 -634525.3462308787 -0.008132956741961937 
12539.184952978056 -624936.2038526481 0.0005682621374095978 
15673.98119122257 -592189.3868203628 0.009201274791877986 
18808.777429467085 -536559.6973015389 0.01747769171021969 
21943.5736677116 -460270.1413555782 0.025074172581971383 
25078.369905956115 -366252.92618452176 0.03169778255236436 
28213.16614420063 -258079.0898599719 0.03709534815335435 
31347.962382445145 -139886.63449076167 0.04106021190616856 
34482.75862068966 -16270.49370778249 0.043437932611426255 
37617.55485893417 107916.50373502575 0.04413323624175019 
40752.35109717868 227825.24039122925 0.0431170897790569 
43887.14733542319 338848.36262390565 0.0404301404337188 
47021.943573667704 436770.29968649376 0.03617985361619314 
50156.739811912215 517849.1757625986 0.03053263963100789 
53291.53605015673 578911.1608910951 0.02370511078844028 
56426.33228840124 617509.002294946 0.015957345975845635 
59561.12852664575 632104.9496867576 0.007586880431826355 
62695.92476489026 622179.5189636771 -0.0010805401824555863 
65830.72100313478 588207.2735693564 -0.009705587294789646 
68965.51724137929 531543.0633373382 -0.017952844617039408 
72100.3134796238 454322.32826693857 -0.025505947001767334 
75235.10971786831 359432.17149788915 -0.03207735506244506 
78369.90595611282 250502.06413217587 -0.037414782867296666 
81504.70219435733 131807.76365346374 -0.041308924594751224 
84639.49843260185 8042.164832619081 -0.043604473090670934 
87774.29467084636 -115975.16850242778 -0.044211121634278996 
90909.09090909087 -235524.49296898008 -0.04310889497321869 
94043.88714733538 -346093.6717603626 -0.04034549648604323 
97178.68338557989 -443437.4451308631 -0.03602918235868343 
100313.4796238244 -523706.83164372516 -0.030322981871454043 
103448.27586206891 -583684.3295968131 -0.02344235167217707 
106583.07210031342 -621029.2177481649 -0.015652384938751925 
109717.86833855794 -634396.2140191868 -0.007258850247700494 
112852.66457680245 -623388.8626255462 0.0014081536876137855 
115987.46081504696 -588449.0170534279 0.010012731509641371 
119122.25705329147 -530819.5619987886 0.018227105818051464 
122257.05329153598 -452607.8181524145 0.025739182914420643 
125391.84952978049 -356834.0322312985 0.0322586634664568 
128526.645768025 -247325.44986380992 0.037527770314348605 
131661.44200626953 -128443.56569434892 0.041336934981764106 
134796.23824451404 -4782.341968299352 0.04353900371751268 
137931.03448275855 119009.56188907455 0.044054933520476444 
141065.83072100306 238270.17714587005 0.04287050590460757 
144200.62695924757 348369.3698810902 0.04003068248804493 
147335.42319749208 444899.9425139846 0.03563841887370274 
150470.2194357366 524000.26369932323 0.029857660029678063 
153605.0156739811 582639.4558156218 0.022913227977692775 
156739.81191222562 618708.9206671338 0.015080950898755224 
159874.60815047013 630937.7823956739 0.0066693833777846665 
163009.40438871464 618806.875074443 -0.0019983206899598636 
166144.20062695915 582609.5494035853 -0.010595037454860365 
169278.99686520366 523620.21361911506 -0.018794077474336326 
172413.79310344817 444177.9309341544 -0.026275727923910013 
175548.58934169268 347538.7759534794 -0.03274223743828354 
178683.3855799372 237556.51817699772 -0.03793819535675552 
181818.1818181817 118404.70042991039 -0.04166631676510279 
184952.97805642622 -5509.747325219811 -0.04379163345742559 
188087.77429467073 -129510.46575210232 -0.04423724958238488 
191222.57053291524 -248709.42996787114 -0.042981673913948644 
194357.36677115975 -358290.07988134027 -0.04006396472940136 
197492.16300940426 -453912.436740794 -0.035592251486691234 
200626.95924764877 -531996.2253582033 -0.02974483834249989 
203761.75548589329 -589744.91479527 -0.022758064916303118 
206896.5517241378 -625023.4684287081 -0.014906606411814507 
210031.3479623823 -636335.4538389081 -0.006488018248994219 
213166.14420062682 -623016.7092483409 0.0021825456764068578 
216300.94043887133 -585501.8770320269 0.010773479966356305 
219435.73667711584 -525401.0591716992 0.01894526675051387 
222570.53291536035 -445279.41857942194 0.02637085338621048 
225705.32915360486 -348307.982673056 0.03275975901203982 
228840.12539184937 -238061.7786869387 0.03787293962601049 
231974.9216300939 -118562.86394310764 0.041523722667214415 
235109.7178683384 5617.571132507503 0.04357321639077327 
238244.5141065829 129473.22262976522 0.04393280482765758 
241379.31034482742 247961.2913509853 0.04257697252613375 
244514.10658307193 356460.9970301974 0.039556369610789344 
247648.90282131644 450996.19945966743 0.0349978663060822 
250783.69905956095 528159.963482161 0.02908914034918437 
253918.49529780546 584978.8977245116 0.02205916191597084 
257053.29153604998 619005.3279627527 0.014168295071292079 
260188.0877742945 628665.4836114293 0.005709853611721196 
263322.884012539 613589.4285479175 -0.002988904806198865 
266457.6802507835 574624.7033255778 -0.01157946350382387 
269592.476489028 513525.70463679626 -0.019718263756716335 
272727.27272727253 432617.54310173297 -0.02709229711209267 
275862.06896551704 334732.5963711365 -0.03343000558549629 
278996.86520376155 223402.90386313753 -0.038497945653590146 
282131.66144200607 102988.50590069266 -0.04209766026438998 
285266.4576802506 -21545.724030546844 -0.044075828096839666 
288401.2539184951 -145147.72218537863 -0.04434509026926158 
291536.0501567396 -263132.62308233965 -0.04289929067702273 
294670.8463949841 -371279.33311568317 -0.03980986522597731 
297805.6426332286 -465645.1006039113 -0.035207169804346544 
300940.43887147313 -542467.2586108121 -0.029264035735140477 
304075.23510971764 -598424.4411994696 -0.02219444014163148 
307210.03134796215 -631134.8084470767 -0.01426213146914155 
310344.82758620667 -639487.5140844882 -0.005781227993107463 
313479.6238244512 -623538.3447812388 0.002902929839188019 
316614.4200626957 -584120.5796484927 0.011445065024789997 
319749.2163009402 -522590.64931385615 0.019523473987699713 
322884.0125391847 -440957.3809241382 0.026843797526402487 
326018.8087774292 -342204.84482270194 0.033131440236041775 
329153.60501567373 -230373.08090371813 0.03813257988591035 
332288.40125391824 -110176.86506750846 0.04163403681493165 
335423.19749216276 13594.905074671802 0.04349111970973823 
338557.99373040727 136431.89562679955 0.04364207975678723 
341692.7899686518 253999.3348139762 0.042099371960240765 
344827.5862068963 361855.31461353577 0.03892981376735052 
347962.3824451408 455466.59026508324 0.034244999354884384 
351097.1786833853 530699.2067526941 0.028209922949382585 
354231.9749216298 584458.2082627272 0.021055569443734344 
357366.77115987433 614970.8814876697 0.013073921523758199 
360501.56739811884 621544.8899879099 0.004589905538691889 
363636.36363636336 604140.4461950734 -0.0040719789296940435 
366771.15987460787 563243.2932641457 -0.012602712874289672 
369905.9561128524 500155.56839258934 -0.02070029589629662 
373040.7523510969 417325.7124809083 -0.02805685482459776 
376175.5485893414 318250.9075947768 -0.034365380696670715 
379310.3448275859 206915.77087975515 -0.03935027312511422 
382445.1410658304 87233.73451472941 -0.04280146767655747 
385579.93730407493 -37009.59546780778 -0.0445882636165211 
388714.73354231945 -161711.64905133095 -0.044649733993243006 
391849.52978056396 -282038.5773365933 -0.042981694277432356 
394984.32601880847 -392582.2663962694 -0.03964084652974672 
398119.122257053 -488091.4759068803 -0.03476385089235457 
401253.9184952975 -564238.3603327979 -0.028577107614824487 
404388.714733542 -617889.458819801 -0.021376383295681527 
407523.5109717865 -646890.1463488442 -0.01348230314358738 
410658.307210031 -649867.9206443084 -0.005201072312107945 
413793.10344827553 -626481.3041149008 0.003184948009445666 
416927.89968652005 -577966.7378229517 0.011400976532177073 
420062.69592476456 -507383.5705575219 0.019165755858148725 
423197.49216300907 -419135.40652799816 0.026202066437985068 
426332.2884012536 -318004.4305122447 0.03226555421591935 
429467.0846394981 -208402.65852690616 0.03716436832810703 
432601.8808777426 -94324.43566880934 0.0407510903236584 
435736.6771159871 20212.355704878002 0.04289850984032805 
438871.4733542316 130910.18571169382 0.043489905738276824 
442006.26959247614 233543.71070823402 0.04244133660336221 
445141.06583072065 324644.8328016193 0.03974055844348459 
448275.86206896516 401842.0581083457 0.0354685769871514 
451410.65830720967 463503.5144203318 0.029785493876911744 
454545.4545454542 508060.0636219389 0.022896641131265365 
457680.2507836987 533742.3466161469 0.015032477816502755 
460815.0470219432 539057.5822387921 0.006457949948282049 
463949.8432601877 523565.9551195768 -0.0025074845477551485 
467084.6394984322 488190.97195151995 -0.011492625145977724 
470219.43573667674 434765.7243125843 -0.020112166992904065 
473354.23197492125 365300.13178905845 -0.028015638390798993 
476489.02821316576 281732.4257627418 -0.034911667039362014 
479623.82445141027 186399.00383033868 -0.04055621897740005 
482758.6206896548 82667.27360275705 -0.044729956971350876 
485893.4169278993 -25039.22261027828 -0.04723997780227662 
489028.2131661438 -131991.78665601305 -0.047953751187839705 
492163.0094043883 -234050.87435705043 -0.04683647673953593 
495297.8056426328 -327914.9523604402 -0.04395600420633015 
498432.60188087734 -410603.5987716492 -0.039450163401526836 
501567.39811912185 -478857.60963650077 -0.03348821049229912 
504702.19435736636 -529229.7354646627 -0.026262306520677604 
507836.99059561087 -558908.6910210312 -0.018011476335969407 
510971.7868338554 -566525.6021334465 -0.009044155226535755 
514106.5830720999 -552177.8574590832 0.0002752021250727527 
517241.3793103444 -516703.7301456833 0.009573376964122887 
520376.1755485889 -461023.79052551184 0.018511573849984638 
523510.9717868334 -386300.9035836501 0.026789587768801224 
526645.768025078 -294805.66871853266 0.03411570024420523 
529780.5642633225 -190601.4810103095 0.04018254383338962 
532915.360501567 -79295.26411577883 0.04468321676363076 
536050.1567398115 32991.95605864532 0.047360401698259086 
539184.952978056 140544.77640951227 0.04804762593944511 
542319.7492163006 238186.92758020433 0.046671688656051105 
545454.5454545451 320889.60194268945 0.04322836336850771 
548589.3416927896 383768.9914733078 0.03777353489797989 
551724.1379310341 423022.15762632806 0.03045527975295517 
554858.9341692786 437299.9264177712 0.021564329558076037 
557993.7304075231 428363.3178143855 0.011550526242982946 
561128.5266457676 400329.5400455588 0.0009739862501023878 
564263.3228840121 357971.07766571763 -0.009587227156051589 
567398.1191222566 305255.572922609 -0.019617926660300617 
570532.9153605012 244919.97226351485 -0.028698210513051797 
573667.7115987457 178824.63439622987 -0.0364986172540903 
576802.5078369902 108245.316637946 -0.042776184420951685 
579937.3040752347 33709.98395792671 -0.047389062867732715 
583072.1003134792 -45102.09482000732 -0.05030569142746099 
586206.8965517237 -128615.37671895059 -0.05157243814681951 
589341.6927899682 -215782.7208542962 -0.05124035034428349 
592476.4890282127 -302782.0033423742 -0.049301580299477024 
595611.2852664572 -383256.42332645 -0.04569392892477659 
598746.0815047018 -450271.1787513549 -0.04038167286428945 
601880.8777429463 -498738.56861040427 -0.033455814849145206 
605015.6739811908 -526667.1027374964 -0.025178802805184877 
608150.4702194353 -534611.5991151489 -0.01594564470630649 
611285.2664576798 -524169.84336525085 -0.006200707354793565 
614420.0626959243 -496918.6216589741 0.0036254049586574655 
617554.8589341688 -454403.35051577346 0.013130182335402163 
620689.6551724133 -398610.3719031998 0.021930386063975765 
623824.4514106578 -332002.37833835813 0.02967172376680974 
626959.2476489024 -256951.95674291812 0.03606414970878735 
630094.0438871469 -175320.55876635743 0.04090817438729386 
633228.8401253914 -88906.77699653356 0.04407873131930109 
636363.6363636359 -502.18606872172495 0.045478427919095406 
639498.4326018804 85561.38691860443 0.045011277847440335 
642633.2288401249 164184.54385538423 0.04261415240913651 
645768.0250783694 231137.80310972533 0.03832524153586298 
648902.8213166139 284167.7477561366 0.032325783361644905 
652037.6175548584 322600.49231838726 0.02491088528625147 
655172.413793103 345913.3181645129 0.016411444702516546 
658307.2100313475 352761.23169110785 0.007135806301793991 
661442.006269592 341471.73862551595 -0.00262186633771458 
664576.8025078365 311508.93802045 -0.01252881987768837 
667711.598746081 264398.257595839 -0.02218514092450913 
670846.3949843255 203145.41593515972 -0.031163150234126802 
673981.19122257 130729.08905605527 -0.03908770602695428 
677115.9874608145 49194.388261188564 -0.045686983791437256 
680250.783699059 -39772.07626765751 -0.05077300307383317 
683385.5799373036 -133481.84281635442 -0.05418355161433208 
686520.3761755481 -227653.20398895562 -0.055756584511792495 
689655.1724137926 -317366.0117247818 -0.05537266707364934 
692789.9686520371 -398722.02703968977 -0.05302697883232729 
695924.7648902816 -469605.88575743407 -0.0488574710928738 
699059.5611285261 -528853.8702744707 -0.043097681171897044 
702194.3573667706 -574794.2028864559 -0.03599872914035761 
705329.1536050151 -604789.3519672047 -0.027795664074053754 
708463.9498432596 -616366.7852755528 -0.018745530733016335 
711598.7460815042 -608840.062446699 -0.009187354170407 
714733.5423197487 -583761.7000518688 0.0004514287979540399 
717868.3385579932 -543723.6994267197 0.009723727737667057 
721003.1347962377 -490724.80215956364 0.018250334431626606 
724137.9310344822 -425772.4677842833 0.02574928843250634 
727272.7272727267 -350090.724981035 0.03198962954673838 
730407.5235109712 -266600.431720042 0.03673030765516835 
733542.3197492157 -180013.7411176546 0.039719996666365325 
736677.1159874602 -95302.49374716061 0.04076866620703353 
739811.9122257048 -15995.762217600324 0.03982415397290448 
742946.7084639493 56043.40609913654 0.03697816101420309 
746081.5047021938 119243.26379401184 0.03239638904463712 
749216.3009404383 170903.10746032646 0.026244245465478717 
752351.0971786828 207336.87646700657 0.01868224219242159 
755485.8934169273 225552.45601031315 0.009930230394676064 
758620.6896551718 224806.3725812595 0.00032485890763230257 
761755.4858934163 206462.2168437319 -0.009701251381184087 
764890.2821316608 172318.77387251626 -0.01971045465504834 
768025.0783699054 123155.49396053297 -0.029340487806201278 
771159.8746081499 59006.910839517805 -0.03830451882348417 
774294.6708463944 -19146.99343337983 -0.04632469488266672 
777429.4670846389 -108100.73928191229 -0.05308247530192525 
780564.2633228834 -202989.0628725806 -0.05825119865872631 
783699.0595611279 -299229.5423276278 -0.06158913645469991 
786833.8557993724 -393939.07385976525 -0.06300564625296877 
789968.6520376169 -485465.93251154135 -0.06253811711960836 
793103.4482758614 -571648.4011904581 -0.06026777554893557 
796238.244514106 -648750.3133920365 -0.056263920397767876 
799373.0407523505 -712323.0026830354 -0.050614130386914084 
802507.836990595 -759221.6543224321 -0.04350541695300337 
805642.6332288395 -788773.0372642283 -0.035264944379980886 
808777.429467084 -801948.4905124509 -0.026308276608394143 
811912.2257053285 -799456.9320008926 -0.01703761699244361 
815047.021943573 -780784.753229432 -0.007783502648042636 
818181.8181818175 -745201.8051513622 0.0011627756961296088 
821316.614420062 -693670.9507171789 0.009474202577172589 
824451.4106583066 -629620.9696477873 0.01676354856294176 
827586.2068965511 -557700.4326902888 0.022649386313051186 
830721.0031347956 -481720.2520951458 0.0268569093777389 
833855.7993730401 -403828.5556634369 0.029259625845295723 
836990.5956112846 -325663.02465590846 0.02982762158073647 
840125.3918495291 -250147.35999323442 0.028543468216800857 
843260.1880877736 -181916.72708162235 0.025378213297408074 
846394.9843260181 -125790.24904956127 0.020354301272524244 
849529.7805642626 -84759.28786963772 0.01362837608543427 
852664.5768025072 -59480.04223907663 0.005503179595554427 
855799.3730407517 -49700.67499275238 -0.003650734857940731 
858934.1692789962 -56047.29860329724 -0.013490750866222187 
862068.9655172407 -80240.74962040133 -0.02372648417726167 
865203.7617554852 -123485.67024347268 -0.03406022126673086 
868338.5579937297 -184713.70549303337 -0.044120039345366416 
871473.3542319742 -260539.18731984374 -0.053470263557711735 
874608.1504702187 -347014.71264182264 -0.06170278497849234 
877742.9467084632 -441413.6294945583 -0.06852755034209705 
880877.7429467078 -542265.3235340862 -0.07378056273799757 
884012.5391849523 -647722.722480921 -0.07735278675401645 
887147.3354231968 -754100.7869463053 -0.07912409859882422 
890282.1316614413 -856246.113955861 -0.07897834117776806 
893416.9278996858 -949476.0239655084 -0.07688756459309434 
896551.7241379303 -1031182.5139461858 -0.07297832827460113 
899686.5203761748 -1100552.7190727498 -0.06750937073004597 
902821.3166144193 -1156828.5462460525 -0.060780388853074664 
905956.1128526638 -1198038.4675034545 -0.053060973192554865 
909090.9090909084 -1221604.7140721653 -0.04460452066885354 
912225.7053291529 -1226230.2917066917 -0.035720363006929504 
915360.5015673974 -1213110.2912508857 -0.026815029630131035 
918495.2978056419 -1185212.3438117977 -0.01834566323009816 
921630.0940438864 -1145379.7958526954 -0.010720656185619447 
924764.8902821309 -1095210.1120701074 -0.004237486533926356 
927899.6865203754 -1035801.9023232976 0.0008917119050557941 
931034.4827586199 -969471.276136867 0.00446773161569733 
934169.2789968645 -900516.5417466264 0.006272837265021291 
937304.075235109 -834120.7171382367 0.00612187298200804 
940438.8714733535 -774437.9273977929 0.003947950399323427 
943573.667711598 -723745.9493068322 -0.00016348271431715312 
946708.4639498425 -683400.6793492368 -0.006025734819248852 
949843.260188087 -655432.6516939307 -0.013433674101951731 
952978.0564263315 -642984.1693146754 -0.022195297223905192 
956112.852664576 -649051.8544108061 -0.03208708532485932 
959247.6489028205 -674809.197067155 -0.042791068579128774 
962382.445141065 -719222.7664251255 -0.053891610135242275 
965517.2413793096 -780306.1331783016 -0.06494712393685874 
968652.0376175541 -856652.816423812 -0.07557389660948524 
971786.8338557986 -947653.2522262706 -0.08546837794324151 
974921.6300940431 -1052249.0105640353 -0.09436073482978924 
978056.4263322876 -1167645.8159561858 -0.10196441737953636 
981191.2225705321 -1289436.1163715895 -0.1079879051013381 
984326.0188087766 -1413075.1317368879 -0.11220582620454646 
987460.8150470211 -1535240.0474488284 -0.11452191545563149 
990595.6112852657 -1653772.5372923813 -0.11496437531644974 
993730.4075235102 -1766520.5474891858 -0.11362115536874123 
996865.2037617547 -1867506.1891051058 -0.11072272016236492 
999999.9999999992 -2057751.7619906066 -0.1015957734480897 
