#x u 
0.0 2.7293374132598397e+20 12510662175708.975 
3134.796238244514 -6.830213857873736e+18 -313081474458.04987 
6269.592476489028 1.680872017669996e+17 7704735175.51821 
9404.38871473354 -7046486896293305.0 -322994938.7857791 
12539.184952978056 -2736558645663931.0 -125437626.58952445 
15673.98119122257 -2917237796659880.5 -133719548.0926113 
18808.777429467085 -2987405966845002.0 -136935897.48912075 
21943.5736677116 -3062206935746583.5 -140364603.84885266 
25078.369905956115 -3138807088510849.0 -143875780.70625788 
28213.16614420063 -3217325214844248.0 -147474873.11233532 
31347.962382445145 -3297807447681759.0 -151163995.69493452 
34482.75862068966 -3380302965831021.0 -154945402.69931784 
37617.55485893417 -3464862131012210.0 -158821402.59112337 
40752.35109717868 -3551536565921773.0 -162794361.63792068 
43887.14733542319 -3640379184590659.5 -166866705.29822677 
47021.943573667704 -3731444224723770.5 -171040919.70329747 
50156.739811912215 -3824787280769043.0 -175319553.17677245 
53291.53605015673 -3920465337883186.0 -179705217.78922808 
56426.33228840124 -4018536806734815.0 -184200590.95217845 
59561.12852664575 -4119061559144528.0 -188808417.0535011 
62695.92476489026 -4222100964634807.5 -193531509.13293672 
65830.72100313478 -4327717927901569.0 -198372750.5991705 
68965.51724137929 -4435976927219656.5 -203335096.9900237 
72100.3134796238 -4546944053809125.0 -208421577.7766738 
75235.10971786831 -4660687052173910.0 -213635298.21357423 
78369.90595611282 -4777275361461770.0 -218979441.2340908 
81504.70219435733 -4896780157867362.0 -224457269.39316675 
84639.49843260185 -5019274398077932.0 -230072126.85941595 
87774.29467084636 -5144832863806214.0 -235827441.45702538 
90909.09090909087 -5273532207447381.0 -241726726.75827062 
94043.88714733538 -5405450998881157.0 -247773584.22823548 
97178.68338557989 -5540669773442035.0 -253971705.4232985 
100313.4796238244 -5679271081077687.0 -260324874.2451554 
103448.27586206891 -5821339536738364.0 -266836969.25116205 
106583.07210031342 -5966961872041484.0 -273511966.0217971 
109717.86833855794 -6116226988224117.0 -280353939.5875476 
112852.66457680245 -6269226010411969.0 -287367066.9168729 
115987.46081504696 -6426052343248428.0 -294555629.46628875 
119122.25705329147 -6586801727919679.0 -301924015.7940378 
122257.05329153598 -6751572300603967.0 -309476724.23924816 
125391.84952978049 -6920464652381395.0 -317218365.66818273 
128526.645768025 -7093581890645267.0 -325153666.2890571 
131661.44200626953 -7271029702048024.0 -333287470.5373394 
134796.23824451404 -7452916417019982.0 -341624744.03332216 
137931.03448275855 -7639353075903496.0 -350170576.6136054 
141065.83072100306 -7830453496743535.0 -358930185.4383308 
144200.62695924757 -8026334344773240.0 -367908918.17617846 
147335.42319749208 -8227115203635971.0 -377112256.26912177 
150470.2194357366 -8432918648389008.0 -386545818.2788489 
153605.0156739811 -8643870320334844.0 -396215363.3168395 
156739.81191222562 -8860099003724850.0 -406126794.56023484 
159874.60815047013 -9081736704381096.0 -416286162.8556836 
163009.40438871464 -9308918730284596.0 -426699670.4133563 
166144.20062695915 -9541783774179674.0 -437373674.5933604 
169278.99686520366 -9780473998244572.0 -448314691.7868767 
172413.79310344817 -1.0025135120880746e+16 -459529401.39436156 
175548.58934169268 -1.0275916505673492e+16 -471024649.90325284 
178683.3855799372 -1.0532971252577712e+16 -482807455.06769043 
181818.1818181817 -1.0796456291384408e+16 -494885010.19280195 
184952.97805642622 -1.1066532477525048e+16 -507264688.5261714 
188087.77429467073 -1.1343364690272142e+16 -519954047.75917196 
191222.57053291524 -1.1627121933397364e+16 -532960834.6408549 
194357.36677115975 -1.1917977438348052e+16 -546292989.7072362 
197492.16300940426 -1.221610877000352e+16 -559958652.128936 
200626.95924764877 -1.2521697935076268e+16 -573966164.6801082 
203761.75548589329 -1.2834931493225592e+16 -588324078.8316276 
206896.5517241378 -1.3156000670951266e+16 -603041159.9716587 
210031.3479623823 -1.3485101478335636e+16 -618126392.7568489 
213166.14420062682 -1.3822434828705848e+16 -633588986.5973896 
216300.94043887133 -1.41682066612901e+16 -649438381.2792541 
219435.73667711584 -1.4522628066942212e+16 -665684252.7270818 
222570.53291536035 -1.4885915417010016e+16 -682336518.911258 
225705.32915360486 -1.5258290495427138e+16 -699405345.9027889 
228840.12539184937 -1.5639980634109864e+16 -716901154.0795995 
231974.9216300939 -1.6031218851741844e+16 -734834624.4880619 
235109.7178683384 -1.643224399602998e+16 -753216705.3636675 
238244.5141065829 -1.6843300889518408e+16 -772058618.8148482 
241379.31034482742 -1.7264640479050126e+16 -791371867.673988 
244514.10658307193 -1.7696519988967702e+16 -811168242.5198092 
247648.90282131644 -1.8139203078146636e+16 -831459828.8754239 
250783.69905956095 -1.8592960000956756e+16 -852259014.5864557 
253918.49529780546 -1.9058067772250276e+16 -873578497.383722 
257053.29153604998 -1.9534810336477076e+16 -895431292.6350917 
260188.0877742945 -2.0023478741030556e+16 -917830741.29127 
263322.884012539 -2.052437131392952e+16 -940790518.030351 
266457.6802507835 -2.1037793845945068e+16 -964324639.6061122 
269592.476489028 -2.1564059777283464e+16 -988447473.4051387 
272727.27272727253 -2.2103490388939284e+16 -1013173746.2179989 
275862.06896551704 -2.265641499883522e+16 -1038518553.2298192 
278996.86520376155 -2.322317116286833e+16 -1064497367.2357712 
282131.66144200607 -2.3804104880985428e+16 -1091126048.0870779 
285266.4576802506 -2.439957080841333e+16 -1118420852.3733501 
288401.2539184951 -2.5009932472173016e+16 -1146398443.3471053 
291536.0501567396 -2.5635562493010236e+16 -1175075901.0965424 
294670.8463949841 -2.6276842812877904e+16 -1204470732.9727767 
297805.6426332286 -2.6934164928108724e+16 -1234600884.2779176 
300940.43887147313 -2.7607930128420564e+16 -1265484749.2205298 
304075.23510971764 -2.8298549741900484e+16 -1297141182.1451452 
307210.03134796215 -2.9006445386116984e+16 -1329589509.0426898 
310344.82758620667 -2.973204922551417e+16 -1362849539.3488195 
313479.6238244512 -3.0475804235244372e+16 -1396941578.0374103 
316614.4200626957 -3.1238164471600884e+16 -1431886438.0165584 
319749.2163009402 -3.2019595349215188e+16 -1467705452.8346868 
322884.0125391847 -3.2820573925188588e+16 -1504420489.704497 
326018.8087774292 -3.3641589190331068e+16 -1542053962.8527272 
329153.60501567373 -3.448314236768598e+16 -1580628847.2038412 
332288.40125391824 -3.5345747218522444e+16 -1620168692.4060175 
335423.19749216276 -3.622993035598175e+16 -1660697637.2080057 
338557.99373040727 -3.7136231566570344e+16 -1702240424.195647 
341692.7899686518 -3.806520413969427e+16 -1744822414.8970296 
344827.5862068963 -3.901741520543782e+16 -1788469605.2654953 
347962.3824451408 -3.999344608079146e+16 -1833208641.5499535 
351097.1786833853 -4.0993892624541224e+16 -1879066836.5621886 
354231.9749216298 -4.201936560103529e+16 -1926072186.3511105 
357366.77115987433 -4.3070491053050664e+16 -1974253387.2941315 
360501.56739811884 -4.414791068398701e+16 -2023639853.6160736 
363636.36363636336 -4.5252282249621576e+16 -2074261735.3463354 
366771.15987460787 -4.638427995966374e+16 -2126149936.7252238 
369905.9561128524 -4.754459488935457e+16 -2179336135.0707407 
373040.7523510969 -4.873393540136265e+16 -2233852800.117338 
376175.5485893414 -4.995302757823444e+16 -2289733213.838429 
379310.3448275859 -5.120261566566178e+16 -2347011490.7647567 
382445.1410658304 -5.248346252683826e+16 -2405722598.811041 
385579.93730407493 -5.3796350108181064e+16 -2465902380.623599 
388714.73354231945 -5.514207991670264e+16 -2527587575.4619937 
391849.52978056396 -5.65214735093248e+16 -2590815841.628036 
394984.32601880847 -5.793537299443247e+16 -2655625779.4558687 
398119.122257053 -5.9384641545974584e+16 -2722056954.877149 
401253.9184952975 -6.087016393042436e+16 -2790149923.5757055 
404388.714733542 -6.239284704692223e+16 -2859946255.746456 
407523.5109717865 -6.395362048092985e+16 -2931488561.473648 
410658.307210031 -6.55534370717345e+16 -3004820516.7439585 
413793.10344827553 -6.719327349414934e+16 -3079986890.1103153 
416927.89968652005 -6.887413085476574e+16 -3157033570.0227365 
420062.69592476456 -7.059703530311982e+16 -3236007592.842815 
423197.49216300907 -7.236303865814832e+16 -3316957171.5590453 
426332.2884012536 -7.417321905031453e+16 -3399931725.220422 
429467.0846394981 -7.602868157979814e+16 -3484981909.1063766 
432601.8808777426 -7.793055899114934e+16 -3572159645.6514044 
435736.6771159871 -7.988001236481957e+16 -3661518156.1432843 
438871.4733542316 -8.187823182599165e+16 -3753111993.2142315 
442006.26959247614 -8.392643727114093e+16 -3846997074.144818 
445141.06583072065 -8.602587911277118e+16 -3943230715.001023 
448275.86206896516 -8.817783904278168e+16 -4041871665.625219 
451410.65830720967 -9.038363081492888e+16 -4142980145.502488 
454545.4545454542 -9.264460104686266e+16 -4246617880.524101 
457680.2507836987 -9.496213004222507e+16 -4352848140.670707 
460815.0470219432 -9.733763263331418e+16 -4461735778.638092 
463949.8432601877 -9.977255904482773e+16 -4573347269.429255 
467084.6394984322 -1.0226839577921349e+17 -4687750750.93684 
470219.43573667674 -1.0482666652416694e+17 -4805016065.540805 
473354.23197492125 -1.0744893308283034e+17 -4925214802.746558 
476489.02821316576 -1.1013679632726102e+17 -5048420342.88984 
479623.82445141027 -1.1289189717575072e+17 -5174707901.934754 
482758.6206896548 -1.1571591759459291e+17 -5304154577.392508 
485893.4169278993 -1.1861058162490963e+17 -5436839395.388803 
489028.2131661438 -1.2157765643516496e+17 -5572843358.908675 
492163.0094043883 -1.246189534000068e+17 -5712249497.2481 
495297.8056426328 -1.277363292060965e+17 -5855142916.702704 
498432.60188087734 -1.3093168698560067e+17 -6001610852.524459 
501567.39811912185 -1.3420697747803782e+17 -6151742722.178046 
504702.19435736636 -1.375642002211886e+17 -6305630179.929501 
507836.99059561087 -1.4100540477179752e+17 -6463367172.80036 
510971.7868338554 -1.4453269195681034e+17 -6625049997.9215555 
514106.5830720999 -1.4814821515591123e+17 -6790777361.321997 
517241.3793103444 -1.5185418161614317e+17 -6960650438.187779 
520376.1755485889 -1.5565285379941328e+17 -7134772934.628767 
523510.9717868334 -1.5954655076370755e+17 -7313251150.990344 
526645.768025078 -1.6353764957885606e+17 -7496194046.748885 
529780.5642633225 -1.6762858677771414e+17 -7683713307.030609 
532915.360501567 -1.7182185984364544e+17 -7875923410.794427 
536050.1567398115 -1.7612002873521395e+17 -8072941700.720379 
539184.952978056 -1.8052571744901782e+17 -8274888454.846381 
542319.7492163006 -1.85041615621617e+17 -8481886959.996974 
545454.5454545451 -1.8967048017153392e+17 -8694063587.048925 
548589.3416927896 -1.9441513698232992e+17 -8911547868.07963 
551724.1379310341 -1.9927848262778294e+17 -9134472575.445335 
554858.9341692786 -2.0426348614022272e+17 -9362973802.837597 
557993.7304075231 -2.0937319082309834e+17 -9597191048.36733 
561128.5266457676 -2.146107161088924e+17 -9837267299.72732 
564263.3228840121 -2.199792594635078e+17 -10083349121.484976 
567398.1191222566 -2.2548209833829485e+17 -10335586744.55887 
570532.9153605012 -2.3112259217090768e+17 -10594134157.933401 
573667.7115987457 -2.3690418443621446e+17 -10859149202.667835 
576802.5078369902 -2.4283040474850998e+17 -11130793668.256985 
579937.3040752347 -2.489048710163157e+17 -11409233391.402332 
583072.1003134792 -2.551312916510851e+17 -11694638357.25399 
586206.8965517237 -2.61513467831157e+17 -11987182803.185251 
589341.6927899682 -2.6805529582234496e+17 -12287045325.163029 
592476.4890282127 -2.7476076935657405e+17 -12594408986.779232 
595611.2852664572 -2.816339820700233e+17 -12909461431.009521 
598746.0815047018 -2.886791300022552e+17 -13232394994.767918 
601880.8777429463 -2.959005141578649e+17 -13563406826.326757 
605015.6739811908 -3.033025431322074e+17 -13902699005.674171 
608150.4702194353 -3.108897358028082e+17 -14250478667.8822 
611285.2664576798 -3.186667240881011e+17 -14606958129.561028 
614420.0626959243 -3.266382557751744e+17 -14972355018.476467 
617554.8589341688 -3.3480919741825766e+17 -15346892406.409988 
620689.6551724133 -3.431845373097124e+17 -15730798945.34217 
623824.4514106578 -3.517693885253421e+17 -16124309007.04286 
626959.2476489024 -3.605689920458836e+17 -16527662826.153154 
630094.0438871469 -3.695887199565806e+17 -16941106646.846626 
633228.8401253914 -3.7883407872679744e+17 -17364892873.159412 
636363.6363636359 -3.883107125716731e+17 -17799280223.080746 
639498.4326018804 -3.980244068978683e+17 -18244533886.498215 
642633.2288401249 -4.079810918355079e+17 -18700925687.09399 
645768.0250783694 -4.18186845858477e+17 -19168734248.29094 
648902.8213166139 -4.2864789949527546e+17 -19648245163.349857 
652037.6175548584 -4.393706391327068e+17 -20139751169.721813 
655172.413793103 -4.5036161091471296e+17 -20643552327.762035 
658307.2100313475 -4.616275247387435e+17 -21159956203.914192 
661442.006269592 -4.7317525835209114e+17 -21689278058.47728 
664576.8025078365 -4.8501186155069997e+17 -22231841038.069412 
667711.598746081 -4.97144560483007e+17 -22787976372.90605 
670846.3949843255 -5.09580762061447e+17 -23358023579.013435 
673981.19122257 -5.223280584843111e+17 -23942330665.500286 
677115.9874608145 -5.353942318707221e+17 -24541254347.01446 
680250.783699059 -5.4878725901155456e+17 -25155160261.51436 
683385.5799373036 -5.6251531623919885e+17 -25784423193.487915 
686520.3761755481 -5.76586784419146e+17 -26429427302.755283 
689655.1724137926 -5.910102540664353e+17 -27090566358.99537 
692789.9686520371 -6.05794530590096e+17 -27768243982.138897 
695924.7648902816 -6.209486396687739e+17 -28462873888.775097 
699059.5611285261 -6.364818327608355e+17 -29174880144.72216 
702194.3573667706 -6.524035927523066e+17 -29904697423.916023 
705329.1536050151 -6.68723639746096e+17 -30652771273.775085 
708463.9498432596 -6.854519369960374e+17 -31419558387.20336 
711598.7460815042 -7.025986969893748e+17 -32205526881.39762 
714733.5423197487 -7.201743876814004e+17 -33011156583.629066 
717868.3385579932 -7.381897388860545e+17 -33836939324.173916 
721003.1347962377 -7.56655748826387e+17 -34683379236.57171 
724137.9310344822 -7.755836908488826e+17 -35550993065.39463 
727272.7272727267 -7.949851203057477e+17 -36440310481.71595 
730407.5235109712 -8.148718816093553e+17 -37351874406.46973 
733542.3197492157 -8.352561154631603e+17 -38286241341.899605 
736677.1159874602 -8.561502662734968e+17 -39243981711.29864 
739811.9122257048 -8.77567089746784e+17 -40225680207.24811 
742946.7084639493 -8.99519660676783e+17 -41231936148.56752 
746081.5047021938 -9.220213809266492e+17 -42263363846.193954 
749216.3009404383 -9.450859876106627e+17 -43320592978.213646 
752351.0971786828 -9.687275614806141e+17 -44404268974.275375 
755485.8934169273 -9.929605355219945e+17 -45515053409.61984 
758620.6896551718 -1.017799703765207e+18 -46653624408.965744 
761755.4858934163 -1.043260230317207e+18 -47820677060.499535 
764890.2821316608 -1.0693576586190607e+18 -49016923840.221115 
768025.0783699054 -1.0961079209350908e+18 -50243095046.9044 
771159.8746081499 -1.1235273480793873e+18 -51499939247.93872 
774294.6708463944 -1.15163267938564e+18 -52788223736.3229 
777429.4670846389 -1.1804410729263572e+18 -54108734999.091484 
780564.2633228834 -1.2099701159877338e+18 -55462279197.45845 
783699.0595611279 -1.2402378358065434e+18 -56849682658.97223 
786833.8557993724 -1.2712627105756198e+18 -58271792381.98163 
789968.6520376169 -1.3030636807246328e+18 -59729476552.72124 
793103.4482758614 -1.335660160483072e+18 -61223625075.33208 
796238.244514106 -1.3690720497324675e+18 -62755150115.14066 
799373.0407523505 -1.4033197461551114e+18 -64324986655.52839 
802507.836990595 -1.4384241576866683e+18 -65934093068.73143 
805642.6332288395 -1.4744067152803054e+18 -67583451700.91878 
808777.429467084 -1.511289385990099e+18 -69274069471.9065 
811912.2257053285 -1.5490946863817472e+18 -71006978489.87375 
815047.021943573 -1.5878456962787405e+18 -72783236681.45633 
818181.8181818175 -1.627566072852417e+18 -74603928437.60274 
821316.614420062 -1.668280065064462e+18 -76470165275.58539 
824451.4106583066 -1.710012528470704e+18 -78383086517.57292 
827586.2068965511 -1.7527889403952154e+18 -80343859986.1768 
830721.0031347956 -1.796635415484001e+18 -82353682717.39694 
833855.7993730401 -1.8415787216477906e+18 -84413781691.40265 
836990.5956112846 -1.8876462964036255e+18 -86525414581.59433 
840125.3918495291 -1.9348662636252321e+18 -88689870522.40259 
843260.1880877736 -1.983267450712422e+18 -90908470896.294 
846394.9843260181 -2.0328794061899668e+18 -93182570140.46379 
849529.7805642626 -2.0837324177467203e+18 -95513556573.70862 
852664.5768025072 -2.1358575307260175e+18 -97902853243.98366 
855799.3730407517 -2.1892865670786053e+18 -100351918797.1623 
858934.1692789962 -2.2440521447896765e+18 -102862248367.52739 
862068.9655172407 -2.3001876977918817e+18 -105435374490.53807 
865203.7617554852 -2.3577274963764536e+18 -108072868038.42957 
868338.5579937297 -2.4167066681149455e+18 -110776339179.21779 
871473.3542319742 -2.47716121930432e+18 -113547438359.69402 
874608.1504702187 -2.539128056948513e+18 -116387857313.0091 
877742.9467084632 -2.602645011289851e+18 -119299330091.46269 
880877.7429467078 -2.667750858904096e+18 -122283634125.12804 
884012.5391849523 -2.734485346373218e+18 -125342591306.95747 
887147.3354231968 -2.802889214550366e+18 -128478069105.03362 
890282.1316614413 -2.873004223431811e+18 -131691981702.64247 
893416.9278996858 -2.9448731776510884e+18 -134986291166.8678 
896551.7241379303 -3.018539952610878e+18 -138363008646.41595 
899686.5203761748 -3.0940495212685676e+18 -141824195599.40588 
902821.3166144193 -3.1714479815918664e+18 -145371965051.8718 
905956.1128526638 -3.2507825847012265e+18 -149008482887.74854 
909090.9090909084 -3.3321017637162793e+18 -152735969171.12445 
912225.7053291529 -3.4154551633238426e+18 -156556699501.57437 
915360.5015673974 -3.5008936700856074e+18 -160473006403.3935 
918495.2978056419 -3.588469443503955e+18 -164487280749.58365 
921630.0940438864 -3.678235947864903e+18 -168601973221.46274 
924764.8902821309 -3.7702479848776074e+18 -172819595804.78378 
927899.6865203754 -3.8645617271303475e+18 -177142723323.28253 
931034.4827586199 -3.9612347523834245e+18 -181573995010.5856 
934169.2789968645 -4.06032607871993e+18 -186116116121.4411 
937304.075235109 -4.1618962005757763e+18 -190771859583.2543 
940438.8714733535 -4.2660071256710687e+18 -195544067688.93698 
943573.667711598 -4.372722412865275e+18 -200435653832.10324 
946708.4639498425 -4.482107210959402e+18 -205449604285.6723 
949843.260188087 -4.594228298468797e+18 -210588980024.96368 
952978.0564263315 -4.709154124390899e+18 -215856918596.3977 
956112.852664576 -4.826954849992767e+18 -221256636032.94135 
959247.6489028205 -4.947702391643951e+18 -226791428817.47006 
962382.445141065 -5.071470464720864e+18 -232464675895.24365 
965517.2413793096 -5.198334628609378e+18 -238279840736.7226 
968652.0376175541 -5.328372332833215e+18 -244240473451.98975 
971786.8338557986 -5.461662964336222e+18 -250350212958.06158 
974921.6300940431 -5.598287895947513e+18 -256612789200.42026 
978056.4263322876 -5.738330536058891e+18 -263032025430.1136 
981191.2225705321 -5.881876379544928e+18 -269611840537.8162 
984326.0188087766 -6.029013059956893e+18 -276356251446.2797 
987460.8150470211 -6.179830403022287e+18 -283269375562.63074 
990595.6112852657 -6.334420481482797e+18 -290355433292.0171 
993730.4075235102 -6.492877671303907e+18 -297618750614.1293 
996865.2037617547 -6.655298709290651e+18 -305063761724.17474 
999999.9999999992 -6.821782752144629e+18 -312695011739.91376 
