#x u 
0.0 4882947953462.203 223823.18478536513 
3134.796238244514 -122195574508.47516 -5601.2159665206655 
6269.592476489028 3008255020.2525816 137.8439638105788 
9404.38871473354 -124973433.22359602 -5.7732229480435056 
12539.184952978056 -47891056.30935539 -2.23533051145745 
15673.98119122257 -51189653.06247101 -2.380367975081864 
18808.777429467085 -52549894.52940112 -2.435242768220228 
21943.5736677116 -54027662.2927161 -2.4944809090493862 
25078.369905956115 -55566840.07311091 -2.5558388254578355 
28213.16614420063 -57163057.35457526 -2.6194717337619493 
31347.962382445145 -58809790.157745145 -2.6854492715090186 
34482.75862068966 -60499941.265714586 -2.753813674593936 
37617.55485893417 -62226089.907113865 -2.824577008713995 
40752.35109717868 -63980850.295509845 -2.8977239837901783 
43887.14733542319 -65757253.6183316 -2.9732169631137237 
47021.943573667704 -67549075.72371516 -3.0510000866704985 
50156.739811912215 -69351072.98100707 -3.1310012099564393 
53291.53605015673 -71159158.98384054 -3.2131334989001483 
56426.33228840124 -72970581.25771534 -3.297299644284829 
59561.12852664575 -74784111.76395495 -3.3833994780773553 
62695.92476489026 -76600195.5500152 -3.4713384839640016 
65830.72100313478 -78420983.76418124 -3.5610337544802904 
68965.51724137929 -80250234.03052813 -3.652416443456003 
72100.3134796238 -82093137.80250698 -3.7454331751381256 
75235.10971786831 -83956152.96927395 -3.840049637342896 
78369.90595611282 -85846862.00072305 -3.936256852905602 
81504.70219435733 -87773803.2822612 -4.034077235849688 
84639.49843260185 -89746214.9723514 -4.133567118313245 
87774.29467084636 -91773698.81493007 -4.23481553714409 
90909.09090909087 -93865885.70756438 -4.337942480759843 
94043.88714733538 -96032184.82539494 -4.443099820812711 
97178.68338557989 -98281618.02100423 -4.550474526751911 
100313.4796238244 -100622659.09647274 -4.66029005992802 
103448.27586206891 -103062995.70564413 -4.772801838684496 
106583.07210031342 -105609210.7543576 -4.888286384162462 
109717.86833855794 -108266457.78225519 -5.007027415954932 
112852.66457680245 -111038202.1669737 -5.1293021529328255 
115987.46081504696 -113926026.75532176 -5.255367826309177 
119122.25705329147 -116929446.61193407 -5.385446046683914 
122257.05329153598 -120045717.39102827 -5.519704590995832 
125391.84952978049 -123269730.08728088 -5.658241225735969 
128526.645768025 -126594154.58837959 -5.801077450510719 
131661.44200626953 -130009942.44898635 -5.948167719726663 
134796.23824451404 -133507152.26016945 -6.099422998126934 
137931.03448275855 -137075931.50133094 -6.2547415880595505 
141065.83072100306 -140707465.4095399 -6.414039092116965 
144200.62695924757 -144394768.36240745 -6.577272327420686 
147335.42319749208 -148133253.21546146 -6.744454710308591 
150470.2194357366 -151921010.08789545 -6.915660385518431 
153605.0156739811 -155758702.9560791 -7.091013233751465 
156739.81191222562 -159649047.9891218 -7.2706593462234705 
159874.60815047013 -163596002.4621442 -7.454729011474234 
163009.40438871464 -167603970.0016057 -7.643302261807708 
166144.20062695915 -171677365.0119321 -7.836393618374571 
169278.99686520366 -175820713.18623003 -8.033963961549258 
172413.79310344817 -180039192.21805972 -8.235954850670762 
175548.58934169268 -184339316.36096144 -8.442331340279134 
178683.3855799372 -188729450.40889868 -8.653118437948791 
181818.1818181817 -193219963.56487587 -8.868422017197592 
184952.97805642622 -197822976.24341407 -9.088431497228196 
188087.77429467073 -202551734.54627198 -9.313405329445683 
191222.57053291524 -207419695.988335 -9.543642574194559 
194357.36677115975 -212439490.64451495 -9.779447571470545 
197492.16300940426 -217622023.17969796 -10.021099398554759 
200626.95924764877 -222975998.5479257 -10.268838666227083 
203761.75548589329 -228507999.15827736 -10.52287718137398 
206896.5517241378 -234222966.0799946 -10.783423481377739 
210031.3479623823 -240124727.74288282 -11.05070776266617 
213166.14420062682 -246216243.83971742 -11.324990945013178 
216300.94043887133 -252499478.5464619 -11.606554016666117 
219435.73667711584 -258975092.54849437 -11.895676533308517 
222570.53291536035 -265642239.33726928 -12.192617641445473 
225705.32915360486 -272498625.70519876 -12.497607329689146 
228840.12539184937 -279540795.80211234 -12.810846490796434 
231974.9216300939 -286764504.1817927 -13.13251012711157 
235109.7178683384 -294165100.61320317 -13.462750696863786 
238244.5141065829 -301737944.9889565 -13.801702994335036 
241379.31034482742 -309478874.4407198 -14.149492124083611 
244514.10658307193 -317384655.6528328 -14.506242017316298 
247648.90282131644 -325453295.9128941 -14.872079166130936 
250783.69905956095 -333684156.24354005 -15.247129385603966 
253918.49529780546 -342077961.32152164 -15.63151227057718 
257053.29153604998 -350636878.0924455 -16.025341458970328 
260188.0877742945 -359364741.27448285 -16.428734414989375 
263322.884012539 -368267317.139586 -16.841826775125845 
266457.6802507835 -377352402.09079456 -17.26478184262569 
269592.476489028 -386629652.84809667 -17.69779030812714 
272727.27272727253 -396110248.0588222 -18.141064481605895 
275862.06896551704 -405806585.849952 -18.59483603347998 
278996.86520376155 -415732123.6798591 -19.05936167131085 
282131.66144200607 -425901268.7052848 -19.534932041533068 
285266.4576802506 -436329136.0018743 -20.021874944857355 
288401.2539184951 -447031105.1888197 -20.5205491290383 
291536.0501567396 -458022306.45236194 -21.031334117640252 
294670.8463949841 -469317243.7259013 -21.55462508022032 
297805.6426332286 -480929632.0900328 -22.090835806775047 
300940.43887147313 -492872322.8495515 -22.640403582771764 
304075.23510971764 -505157127.8843361 -23.203787007473426 
307210.03134796215 -517794503.2191714 -23.781454692549822 
310344.82758620667 -530793256.22065 -24.373872253209374 
313479.6238244512 -544160483.0437374 -24.981497047005977 
316614.4200626957 -557901770.922375 -25.60478233862063 
319749.2163009402 -572021487.8324357 -26.244182953235338 
322884.0125391847 -586522951.4271199 -26.900153174497824 
326018.8087774292 -601408454.8506352 -27.57313624131071 
329153.60501567373 -616679335.4760622 -28.263554423281203 
332288.40125391824 -632336281.179135 -28.97180910101272 
335423.19749216276 -648379861.2758467 -29.698290800989938 
338557.99373040727 -664811058.5300438 -30.443389489086023 
341692.7899686518 -681631586.7905183 -31.207495792346904 
344827.5862068963 -698844002.1352524 -31.990994025925033 
347962.3824451408 -716451822.646505 -32.79425735260038 
351097.1786833853 -734459843.686045 -33.61765404003994 
354231.9749216298 -752874596.8762965 -34.46156275853717 
357366.77115987433 -771704700.8974496 -35.32638559517019 
360501.56739811884 -790960905.2612817 -36.21254978858425 
363636.36363636336 -810655886.496836 -37.12050091927825 
366771.15987460787 -830804053.6308336 -38.05069923238453 
369905.9561128524 -851421548.6425302 -39.003627401480344 
373040.7523510969 -872526359.3549076 -39.97980565065202 
376175.5485893414 -894138278.7165595 -40.97980165521941 
379310.3448275859 -916278544.1291006 -42.00422714119978 
382445.1410658304 -938969276.6395521 -43.05372616795487 
385579.93730407493 -962233015.963838 -44.12896811948782 
388714.73354231945 -986092526.1938187 -45.23065286606465 
391849.52978056396 -1010570751.078623 -46.35952200079438 
394984.32601880847 -1035690636.458121 -47.51636269179436 
398119.122257053 -1061474684.2455071 -48.701997470498675 
401253.9184952975 -1087944408.3996491 -49.917267373022305 
404388.714733542 -1115120007.699092 -51.16302255245246 
407523.5109717865 -1143020395.4116852 -52.44012656665666 
410658.307210031 -1171663408.104335 -53.74946608048046 
413793.10344827553 -1201065885.4019067 -55.09195185050158 
416927.89968652005 -1231243508.7340014 -56.46850596358679 
420062.69592476456 -1262210606.9791589 -57.88004506700808 
423197.49216300907 -1293980242.6163778 -59.327474269269686 
426332.2884012536 -1326564665.0374794 -60.81169607220897 
429467.0846394981 -1359975888.5494628 -62.33362367816999 
432601.8808777426 -1394226064.4793875 -63.89418402881922 
435736.6771159871 -1429327565.5595148 -65.49430736711635 
438871.4733542316 -1465293029.0024555 -67.13491517051929 
442006.26959247614 -1502135666.5740223 -68.81692113052094 
445141.06583072065 -1539869874.6493447 -70.54124720224084 
448275.86206896516 -1578511848.7794566 -72.30884164098379 
451410.65830720967 -1618079871.6723766 -74.12068424095192 
454545.4545454542 -1658594244.6663208 -75.97777771241515 
457680.2507836987 -1700077160.71568 -77.88113906990574 
460815.0470219432 -1742552828.143017 -79.83180531478496 
463949.8432601877 -1786047833.6224196 -81.83085288306766 
467084.6394984322 -1830591414.818173 -83.87941564284836 
470219.43573667674 -1876215335.6840332 -85.97868715669043 
473354.23197492125 -1922953405.286019 -88.12990877351902 
476489.02821316576 -1970840995.5839944 -90.33435944994142 
479623.82445141027 -2019914865.2168689 -92.59336091408592 
482758.6206896548 -2070213232.1304903 -94.90829503980059 
485893.4169278993 -2121775738.3021526 -97.28061653565716 
489028.2131661438 -2174643032.970151 -99.71184785473535 
492163.0094043883 -2228856086.132683 -102.20356090630301 
495297.8056426328 -2284455630.9216924 -104.75736333092118 
498432.60188087734 -2341482018.0944166 -107.37490186450545 
501567.39811912185 -2399975363.1562357 -110.05787692634699 
504702.19435736636 -2459975595.3333235 -112.80805021522448 
507836.99059561087 -2521522163.929919 -115.62723390093997 
510971.7868338554 -2584653571.697534 -118.51726908408105 
514106.5830720999 -2649407152.372118 -121.48001265132754 
517241.3793103444 -2715819325.113261 -124.51734330828486 
520376.1755485889 -2783926127.7805033 -127.63117792871206 
523510.9717868334 -2853763601.3243093 -130.82347892735265 
526645.768025078 -2925367810.965162 -134.09624322836888 
529780.5642633225 -2998774725.163282 -137.45148342376237 
532915.360501567 -3074020373.2253156 -140.89122092649376 
536050.1567398115 -3151141451.6117544 -144.41749945777008 
539184.952978056 -3230176104.4302974 -148.03240683852022 
542319.7492163006 -3311164429.694455 -151.73808507125426 
545454.5454545451 -3394148545.4962144 -155.5367216175687 
548589.3416927896 -3479172497.4614162 -159.43053522318598 
551724.1379310341 -3566282432.699972 -163.42177616539405 
554858.9341692786 -3655527152.1922083 -167.51274635278475 
557993.7304075231 -3746958709.094354 -171.7058242373427 
561128.5266457676 -3840632612.760027 -176.00347445814165 
564263.3228840121 -3936607546.4183064 -180.40823798557648 
567398.1191222566 -4034944951.44598 -184.92271882467563 
570532.9153605012 -4135708908.570799 -189.54958678044576 
573667.7115987457 -4238966373.6941133 -194.29159861204462 
576802.5078369902 -4344787393.370112 -199.15161998831442 
579937.3040752347 -4453244889.078162 -204.13262894455494 
583072.1003134792 -4564414003.789057 -209.23770002656696 
586206.8965517237 -4678371429.515808 -214.46998776870245 
589341.6927899682 -4795195135.088434 -219.83272816986124 
592476.4890282127 -4914964486.081356 -225.32925725785233 
595611.2852664572 -5037760339.822287 -230.9630271192198 
598746.0815047018 -5163664737.740294 -236.73760162822416 
601880.8777429463 -5292760266.44887 -242.65663476743913 
605015.6739811908 -5425129547.735647 -248.72385233901838 
608150.4702194353 -5560855235.466955 -254.94305419687737 
611285.2664576798 -5700020425.585851 -261.3181326074158 
614420.0626959243 -5842709015.050985 -267.853085479794 
617554.8589341688 -5989005664.137527 -274.5520087498378 
620689.6551724133 -6138995499.714774 -281.4190744532154 
623824.4514106578 -6292764036.589961 -288.4585166785804 
626959.2476489024 -6450397629.723655 -295.6746401427787 
630094.0438871469 -6611984269.8198595 -303.0718432636712 
633228.8401253914 -6777614220.509097 -310.6546332479845 
636363.6363636359 -6947380196.383041 -318.4276199547423 
639498.4326018804 -7121377287.019407 -326.3954984901249 
642633.2288401249 -7299703111.5613985 -334.56304328342026 
645768.0250783694 -7482458446.59021 -342.9351252738882 
648902.8213166139 -7669748059.500391 -351.51674038232574 
652037.6175548584 -7861681236.623075 -360.31302623210746 
655172.413793103 -8058371776.992011 -369.3292569077136 
658307.2100313475 -8259937735.663078 -378.57082895579333 
661442.006269592 -8466501408.203732 -388.04326124864326 
664576.8025078365 -8678189733.900188 -397.7522168250214 
667711.598746081 -8895134791.22323 -407.7035316136305 
670846.3949843255 -9117473897.12056 -417.90322741909404 
673981.19122257 -9345349174.685465 -428.35750263828197 
677115.9874608145 -9578906953.346777 -439.0727169949155 
680250.783699059 -9818297489.295658 -450.0553921777335 
683385.5799373036 -10063675113.930742 -461.3122328010219 
686520.3761755481 -10315198436.213861 -472.8501499853506 
689655.1724137926 -10573030148.885328 -484.67626636612 
692789.9686520371 -10837336398.42616 -496.7979001458112 
695924.7648902816 -11108286142.907455 -509.222547131473 
699059.5611285261 -11386050952.154476 -521.9578811565281 
702194.3573667706 -11670805269.745579 -535.0117734350592 
705329.1536050151 -11962726713.862562 -548.3923112010306 
708463.9498432596 -12261996007.599918 -562.1077966899487 
711598.7460815042 -12568796580.998493 -576.1667282982078 
714733.5423197487 -12883314297.824083 -590.5777846595067 
717868.3385579932 -13205737695.984587 -605.3498295306853 
721003.1347962377 -13536258658.996675 -620.491933889553 
724137.9310344822 -13875073052.572206 -636.0133942268723 
727272.7272727267 -14222380964.849958 -651.9237309616992 
730407.5235109712 -14578386664.889585 -668.2326728592328 
733542.3197492157 -14943298735.713428 -684.9501490421097 
736677.1159874602 -15317330685.44909 -702.0863031318092 
739811.9122257048 -15700701857.423834 -719.6515217843707 
742946.7084639493 -16093638158.836222 -737.6564558917739 
746081.5047021938 -16496372324.047169 -756.1120215829235 
749216.3009404383 -16909143911.268425 -775.0293902666788 
752351.0971786828 -17332199488.816452 -794.4199888902866 
755485.8934169273 -17765793229.66677 -814.2955209418459 
758620.6896551718 -18210187655.931274 -834.6679970818379 
761755.4858934163 -18665654064.014233 -855.5497546857041 
764890.2821316608 -19132472437.354733 -876.9534580186405 
768025.0783699054 -19610931123.07665 -898.892091759974 
771159.8746081499 -20101326719.556812 -921.3789677076021 
774294.6708463944 -20603964325.11174 -944.4277502082766 
777429.4670846389 -21119157860.727093 -968.052485425976 
780564.2633228834 -21647230070.302845 -992.2676146346395 
783699.0595611279 -22188512130.76335 -1017.087967401533 
786833.8557993724 -22743343212.242504 -1042.5287501788976 
789968.6520376169 -23312070375.456627 -1068.6055489573882 
793103.4482758614 -23895048829.271755 -1095.3343485891587 
796238.244514106 -24492642186.153004 -1122.7315537438444 
799373.0407523505 -25105222357.18672 -1150.813995955284 
802507.836990595 -25733169116.38206 -1179.5989277795213 
805642.6332288395 -26376869725.71879 -1209.1040202913332 
808777.429467084 -27036718973.462646 -1239.3473773012722 
811912.2257053285 -27713119595.108757 -1270.3475617621532 
815047.021943573 -28406482735.606396 -1302.1236161367337 
818181.8181818175 -29117228197.07515 -1334.6950637653065 
821316.614420062 -29845784584.85498 -1368.0818969688814 
824451.4106583066 -30592589698.16998 -1402.3045700894388 
827586.2068965511 -31358091345.086445 -1437.3840092858545 
830721.0031347956 -32142748369.626495 -1473.341633362202 
833855.7993730401 -32947031483.38828 -1510.1993704461831 
836990.5956112846 -33771423704.96147 -1547.9796637633774 
840125.3918495291 -34616420601.53761 -1586.7054760531762 
843260.1880877736 -35482530684.762665 -1626.4003078115684 
846394.9843260181 -36370276084.14778 -1667.0882328894277 
849529.7805642626 -37280193273.28322 -1708.793938490333 
852664.5768025072 -38212833544.725746 -1751.5427531256769 
855799.3730407517 -39168763201.63598 -1795.3606592640315 
858934.1692789962 -40148563749.20415 -1840.2743028560626 
862068.9655172407 -41152832370.94259 -1886.311013044816 
865203.7617554852 -42182182655.99619 -1933.4988315776486 
868338.5579937297 -43237245252.49645 -1981.8665385602667 
871473.3542319742 -44318668178.46987 -2031.4436638537857 
874608.1504702187 -45427116862.420235 -2082.2604887562557 
877742.9467084632 -46563274233.45761 -2134.348053466025 
880877.7429467078 -47727841063.56358 -2187.7381798568276 
884012.5391849523 -48921536418.67622 -2242.4635026806554 
887147.3354231968 -50145097895.4987 -2298.5574936376506 
890282.1316614413 -51399281519.12419 -2356.0544715663264 
893416.9278996858 -52684861539.45372 -2414.9896085398213 
896551.7241379303 -54002630485.73505 -2475.3989472573653 
899686.5203761748 -55353399574.067406 -2537.3194331382006 
902821.3166144193 -56737999200.632164 -2600.788948125646 
905956.1128526638 -58157279201.03589 -2665.8463310240923 
909090.9090909084 -59612108881.99168 -2732.531384334943 
912225.7053291529 -61103377175.65717 -2800.88488351439 
915360.5015673974 -62631993233.416756 -2870.948603194502 
918495.2978056419 -64198887381.62943 -2942.765356965318 
921630.0940438864 -65805012035.87816 -3016.379032478145 
924764.8902821309 -67451342285.52062 -3091.8346089998054 
927899.6865203754 -69138876307.14384 -3169.178165098784 
931034.4827586199 -70868636051.08969 -3248.4568972909237 
934169.2789968645 -72641668432.50977 -3329.7191607656514 
937304.075235109 -74459046757.09212 -3413.0145203631923 
940438.8714733535 -76321871871.78194 -3498.393788992821 
943573.667711598 -78231272840.27155 -3585.909044861409 
946708.4639498425 -80188407486.26973 -3675.613643758094 
949843.260188087 -82194463325.47508 -3767.5622507533776 
952978.0564263315 -84250658995.33669 -3861.8108967324183 
956112.852664576 -86358245716.35759 -3958.417038733968 
959247.6489028205 -88518508218.20964 -4057.43959837051 
962382.445141065 -90732765085.03484 -4158.938976391297 
965517.2413793096 -93002369076.29738 -4262.9770689380475 
968652.0376175541 -95328707996.06728 -4369.617311691698 
971786.8338557986 -97713206059.81018 -4478.92474940887 
974921.6300940431 -100157325100.49336 -4590.966100411447 
978056.4263322876 -102662565046.16693 -4705.809789644481 
981191.2225705321 -105230463837.23557 -4823.525957581083 
984326.0188087766 -107862597559.67445 -4944.186480065022 
987460.8150470211 -110560581368.89307 -5067.865024900467 
990595.6112852657 -113326070939.62701 -5194.637132569503 
993730.4075235102 -116160763602.15097 -5324.580281020233 
996865.2037617547 -119066398806.5904 -5457.7739027382395 
999999.9999999992 -122044729069.93874 -5594.3007144156345 
