#x u 
0.0 1670581727.5309532 76.53017513313983 
3134.796238244514 -41388256.8262817 -1.938257949709203 
6269.592476489028 1494065.9145878518 0.033338883138184866 
9404.38871473354 460057.18958211306 -0.006729989395360543 
12539.184952978056 504631.00285249774 0.0037166293803599653 
15673.98119122257 501464.53636667994 0.012725700792900547 
18808.777429467085 478869.2160526905 0.02124096299022857 
21943.5736677116 437099.2835473787 0.02890473367919876 
25078.369905956115 377790.50507136283 0.03542159582933998 
28213.16614420063 303133.5925221214 0.04053483241057322 
31347.962382445145 215894.4488510153 0.04404116476845448 
34482.75862068966 119414.59426869151 0.04580353562424404 
37617.55485893417 17497.415916574453 0.04575711801020362 
40752.35109717868 -85834.32777263745 0.04390744834758916 
43887.14733542319 -186601.78736590332 0.04032527469836705 
47021.943573667704 -281030.0517374497 0.035143538244231456 
50156.739811912215 -365589.8677940293 0.028557011312067962 
53291.53605015673 -437027.2901259905 0.020819662215869308 
56426.33228840124 -492493.000155699 0.012234674373387988 
59561.12852664575 -529764.6567023408 0.0031375807087053696 
62695.92476489026 -547436.5893381966 -0.006121467312343649 
65830.72100313478 -544958.2751438803 -0.015190512104739522 
68965.51724137929 -522532.48896329326 -0.02372375576796633 
72100.3134796238 -481002.3796915845 -0.031390115342556216 
75235.10971786831 -421839.5211650934 -0.03788697257742034 
78369.90595611282 -347208.7504278815 -0.04295745663706941 
81504.70219435733 -259973.4682749578 -0.04640445752290931 
84639.49843260185 -163537.8892656106 -0.04809609291374504 
87774.29467084636 -61570.53144199267 -0.0479641675678554 
90909.09090909087 42236.32453067971 -0.046002287193382424 
94043.88714733538 144259.5253792829 -0.0422683925769679 
97178.68338557989 240931.5012829731 -0.0368895620358204 
100313.4796238244 328764.08053027897 -0.030062329366100104 
103448.27586206891 404496.7326117909 -0.02204447169659101 
106583.07210031342 465299.57792557986 -0.013141515183366573 
109717.86833855794 508873.3961510726 -0.003695352250181555 
112852.66457680245 533370.8597732406 0.005921293437812063 
115987.46081504696 537239.7683162675 0.015308819933203497 
119122.25705329147 519182.01867871545 0.024051567553235384 
122257.05329153598 478334.54743594874 0.031739885467912746 
125391.84952978049 414596.3158340107 0.03799943131769409 
128526.645768025 328927.8383485453 0.04251919763501782 
131661.44200626953 223521.5436210412 0.045073050006540626 
134796.23824451404 101884.11863987484 0.04553613233033222 
137931.03448275855 -31088.348664384786 0.04389935511945894 
141065.83072100306 -169083.12778825784 0.040279674216184176 
144200.62695924757 -304583.5749052949 0.034917006677890605 
147335.42319749208 -429504.23526642483 0.028149165120105235 
150470.2194357366 -536212.4450947033 0.02036629842501058 
153605.0156739811 -618634.1022992709 0.01195864790885626 
156739.81191222562 -673048.9846630541 0.003275767734306276 
159874.60815047013 -698335.5713141892 -0.005391620143002852 
163009.40438871464 -695687.2638293754 -0.013807872460530068 
166144.20062695915 -667986.5956714909 -0.021774967507224848 
169278.99686520366 -619021.8207395307 -0.029109362234402858 
172413.79310344817 -552670.5413783881 -0.03561838406992003 
175548.58934169268 -472194.1428626405 -0.04108221326163865 
178683.3855799372 -379872.36611642013 -0.04525141389338204 
181818.1818181817 -277199.13820945245 -0.04786959693011268 
184952.97805642622 -165638.16014533216 -0.04872061725231616 
188087.77429467073 -47593.022322949066 -0.0476839943430322 
191222.57053291524 72951.53442044453 -0.04477322568338322 
194357.36677115975 190512.50036099437 -0.04013852883051023 
197492.16300940426 298889.08723795466 -0.034034975479591084 
200626.95924764877 392224.36608443584 -0.02677495595161869 
203761.75548589329 465850.2443955221 -0.01868774889803972 
206896.5517241378 516657.02761053725 -0.01009812264374969 
210031.3479623823 543049.3422401579 -0.0013213088576899284 
213166.14420062682 544701.9849140695 0.00733516825359886 
216300.94043887133 522271.2226990751 0.015569574124559206 
219435.73667711584 477107.22718007263 0.0230856137922407 
222570.53291536035 411002.7865038707 0.02959476438402126 
225705.32915360486 326078.40005420375 0.03482534308572239 
228840.12539184937 224895.16512073835 0.038541946254698804 
231974.9216300939 110731.48167069272 0.040571775646737224 
235109.7178683384 -12221.643048078906 0.04082608394552827 
238244.5141065829 -138995.4987775276 0.03930485165723768 
241379.31034482742 -264327.0149744239 0.036083439788532394 
244514.10658307193 -383228.9421528553 0.03129286884433935 
247648.90282131644 -491319.65914756013 0.025108474770728133 
250783.69905956095 -584809.0288635507 0.017751543673641408 
253918.49529780546 -660343.907440121 0.009494554383247783 
257053.29153604998 -715014.0703520996 0.0006563136597539563 
260188.0877742945 -746617.4594615538 -0.008417371877238825 
263322.884012539 -753991.1686106196 -0.017378336464312878 
266457.6802507835 -737128.2157200966 -0.025892810020531797 
269592.476489028 -697003.0176426215 -0.033646312815514744 
272727.27272727253 -635305.6125551213 -0.04034536094728535 
275862.06896551704 -554346.1056622406 -0.04572743103159919 
278996.86520376155 -457173.5356197553 -0.04958065530306519 
282131.66144200607 -347687.9489530767 -0.051762556326580625 
285266.4576802506 -230494.43566781137 -0.052205778922861525 
288401.2539184951 -110490.86304309758 -0.05090996016885104 
291536.0501567396 7554.566354385024 -0.047931061335288405 
294670.8463949841 119173.5441651323 -0.04337985278003962 
297805.6426332286 220117.41622568903 -0.03742922875262494 
300940.43887147313 306289.59260742273 -0.030318150673349226 
304075.23510971764 373936.6436046966 -0.022340908480434463 
307210.03134796215 420061.1526237467 -0.013823469326223543 
310344.82758620667 442763.68722062 -0.005100510313019361 
313479.6238244512 441262.97843791166 0.003495081609463169 
316614.4200626957 415645.00042164186 0.011632195920278431 
319749.2163009402 366641.92606818397 0.018984322784527264 
322884.0125391847 295678.62610589573 0.02524560840049497 
326018.8087774292 205110.51013035176 0.030156110095813246 
329153.60501567373 98339.22335597037 0.03352132664598488 
332288.40125391824 -20416.441740822982 0.03521524830669253 
335423.19749216276 -146587.5045215954 0.035171303257543605 
338557.99373040727 -275625.86381286266 0.03337602175380886 
341692.7899686518 -403060.05608868285 0.029875062880619807 
344827.5862068963 -524355.6377716777 0.02478577453954584 
347962.3824451408 -634910.9253409762 0.018300888371330093 
351097.1786833853 -730378.190082206 0.010674500676336778 
354231.9749216298 -807151.6689137756 0.0021975837496082335 
357366.77115987433 -862670.5385954665 -0.006820762286405302 
360501.56739811884 -895352.3082363831 -0.016057670068296535 
363636.36363636336 -904329.3941271522 -0.025174110418999997 
366771.15987460787 -889337.5421823644 -0.03382135030539593 
369905.9561128524 -850914.2618856963 -0.04166306569431926 
373040.7523510969 -790705.8435476916 -0.048403372925979904 
376175.5485893414 -711529.3994629892 -0.05380403247416003 
379310.3448275859 -617054.4210646298 -0.05768405842074152 
382445.1410658304 -511332.834472718 -0.059911680324819534 
385579.93730407493 -398538.21884627367 -0.060404667360168696 
388714.73354231945 -283035.02615673136 -0.059144078907359135 
391849.52978056396 -169536.45363929903 -0.05618996968286665 
394984.32601880847 -63004.06618358489 -0.05168282069122884 
398119.122257053 31793.906819664146 -0.04582665475039978 
401253.9184952975 110789.01217877422 -0.038866384739308577 
404388.714733542 170827.63121781277 -0.03107569654999394 
407523.5109717865 209524.42281495294 -0.022758773426192747 
410658.307210031 225038.73135539237 -0.014253010277833867 
413793.10344827553 216112.26577976233 -0.005917502149450173 
416927.89968652005 182402.44757735103 0.0018938915138392229 
420062.69592476456 124801.90560879302 0.008860268282479706 
423197.49216300907 45411.609177868115 0.0147064427355159 
426332.2884012536 -52840.34191874234 0.019199838135795722 
429467.0846394981 -166607.11880561194 0.02214595015853533 
432601.8808777426 -292234.93433498306 0.02339667744894739 
435736.6771159871 -425592.17982427595 0.02287035717834121 
438871.4733542316 -561948.5418525868 0.020567787411460387 
442006.26959247614 -696202.1062057645 0.016570171003843486 
445141.06583072065 -823399.7972996237 0.011021163095305913 
448275.86206896516 -939193.8377222687 0.004109172444578987 
451410.65830720967 -1039940.4353303312 -0.003936741299205282 
454545.4545454542 -1122510.2051209635 -0.012840576715988983 
457680.2507836987 -1184163.4039661032 -0.022278797654644685 
460815.0470219432 -1222751.3739581325 -0.031897221757931665 
463949.8432601877 -1237136.0527001102 -0.04134013749272681 
467084.6394984322 -1227459.8449249382 -0.050274412541628906 
470219.43573667674 -1195020.6483479254 -0.058396899908535554 
473354.23197492125 -1141883.4817946234 -0.06543065910154398 
476489.02821316576 -1070597.964290668 -0.07112637563413332 
479623.82445141027 -984243.5015645081 -0.07527859256721894 
482758.6206896548 -886648.6724115305 -0.07774917007667731 
485893.4169278993 -782422.4856123042 -0.07848084638572916 
489028.2131661438 -676611.0227268699 -0.07749188303188025 
492163.0094043883 -574168.1736321279 -0.07486004281392081 
495297.8056426328 -479611.15300235554 -0.07071257335129384 
498432.60188087734 -397032.1896958833 -0.06522982919716672 
501567.39811912185 -330268.6788264434 -0.05865335057108726 
504702.19435736636 -282881.93414376513 -0.05128235101296226 
507836.99059561087 -257815.7472321453 -0.043452808517529126 
510971.7868338554 -256964.84496193784 -0.035509910344118864 
514106.5830720999 -281002.9298903182 -0.027790180883629625 
517241.3793103444 -329577.20230931265 -0.020618578884996706 
520376.1755485889 -401627.88089028647 -0.014309952056126677 
523510.9717868334 -495500.9946745696 -0.009160153531247373 
526645.768025078 -608779.7419029156 -0.005423939374599345 
529780.5642633225 -738089.0721964854 -0.00329187577513791 
532915.360501567 -879183.5127231772 -0.002881013184802945 
536050.1567398115 -1027355.1468942516 -0.004241535510677179 
539184.952978056 -1177886.8889773139 -0.007367251594717112 
542319.7492163006 -1326251.1502268917 -0.012196579789059307 
545454.5454545451 -1468035.646262191 -0.01860350314688674 
548589.3416927896 -1598865.7071141745 -0.026391060396904874 
551724.1379310341 -1714585.3624399398 -0.035299508671453886 
554858.9341692786 -1811671.7970178407 -0.0450279988149859 
557993.7304075231 -1887597.0588521357 -0.05525654474622306 
561128.5266457676 -1940889.6855046244 -0.06565674121699419 
564263.3228840121 -1970939.989022346 -0.07589292970674655 
567398.1191222566 -1977826.1627111991 -0.0856261267598844 
570532.9153605012 -1962372.8167876338 -0.09452995420913285 
573667.7115987457 -1926367.5910481503 -0.10231465090035063 
576802.5078369902 -1872662.555353966 -0.10874609438572022 
579937.3040752347 -1804982.2829826407 -0.11365111236951765 
583072.1003134792 -1727541.8023301873 -0.11691326901947839 
586206.8965517237 -1644744.9737160313 -0.11847101313785346 
589341.6927899682 -1561116.6195844917 -0.11832475338239937 
592476.4890282127 -1481354.35100641 -0.11654723851820696 
595611.2852664572 -1410255.9836401227 -0.11328574385792009 
598746.0815047018 -1352417.6228493028 -0.10875104137393482 
601880.8777429463 -1311848.354685896 -0.10319973425815687 
605015.6739811908 -1291740.2994065871 -0.09692090013883461 
608150.4702194353 -1294475.7977040964 -0.09023090003191109 
611285.2664576798 -1321723.450954058 -0.08346976974449195 
614420.0626959243 -1374418.2577620952 -0.07699011787894207 
617554.8589341688 -1452588.9565520755 -0.07113723357021139 
620689.6551724133 -1555196.6504584793 -0.06622838802326513 
623824.4514106578 -1680164.7057325863 -0.06254009460450691 
626959.2476489024 -1824601.4369093594 -0.060303942514586664 
630094.0438871469 -1985044.9972364183 -0.059703740831474804 
633228.8401253914 -2157578.8771778326 -0.060867568590910456 
636363.6363636359 -2337844.9955504998 -0.06385647994936958 
639498.4326018804 -2521115.1436403124 -0.06865769323024049 
642633.2288401249 -2702524.4311677385 -0.07518740480798765 
645768.0250783694 -2877393.6965469616 -0.08330018488505325 
648902.8213166139 -3041473.544847372 -0.09279749306071682 
652037.6175548584 -3191033.6659193197 -0.10343191760091898 
655172.413793103 -3322888.2703674524 -0.11491129688937637 
658307.2100313475 -3434499.0773330866 -0.12690909191103408 
661442.006269592 -3524175.897530044 -0.13908170966009076 
664576.8025078365 -3591245.5197193814 -0.15108653588197862 
667711.598746081 -3636058.776091 -0.16259431362288637 
670846.3949843255 -3659857.2880811007 -0.17329638665264369 
673981.19122257 -3664650.025934204 -0.18291317421748998 
677115.9874608145 -3653202.619140032 -0.19120805147684136 
680250.783699059 -3629069.903308929 -0.1980028964360379 
683385.5799373036 -3596506.591853932 -0.20318719269137547 
686520.3761755481 -3560193.5509403455 -0.2067173090478841 
689655.1724137926 -3524910.0473943097 -0.2086114674377595 
692789.9686520371 -3495342.0455003185 -0.2089487168325374 
695924.7648902816 -3476060.9909107843 -0.20787318736315608 
699059.5611285261 -3471503.378274295 -0.20559564995662594 
702194.3573667706 -3485767.0922091287 -0.20238386881995898 
705329.1536050151 -3522251.0194567507 -0.19854299767590886 
708463.9498432596 -3583373.0296279285 -0.19439693076243475 
711598.7460815042 -3670562.2921795873 -0.1902798027479329 
714733.5423197487 -3784455.2235571668 -0.18653466925484063 
717868.3385579932 -3925016.7594705084 -0.18350694630161826 
721003.1347962377 -4091405.199329124 -0.18152469463846768 
724137.9310344822 -4281716.3820596775 -0.18087249585806922 
727272.7272727267 -4492935.9693431705 -0.18177462739388178 
730407.5235109712 -4721262.016362305 -0.1843956822894778 
733542.3197492157 -4962587.9421539195 -0.18884971101416773 
736677.1159874602 -5212761.245710803 -0.19520081886026075 
739811.9122257048 -5467471.885322291 -0.20344885529675416 
742946.7084639493 -5722044.391179044 -0.2135128343455491 
746081.5047021938 -5971552.685727889 -0.22523119769586808 
749216.3009404383 -6211359.089819755 -0.23838348808661305 
752351.0971786828 -6437713.9101641355 -0.25271688502946343 
755485.8934169273 -6647944.678817706 -0.2679564378485318 
758620.6896551718 -6840161.601161841 -0.2837962689244655 
761755.4858934163 -7012905.530732321 -0.29989186353451064 
764890.2821316608 -7165221.150954254 -0.3158756911227722 
768025.0783699054 -7297158.187473331 -0.33139562717837884 
771159.8746081499 -7410184.092899623 -0.34615098470417927 
774294.6708463944 -7507010.847916177 -0.3599012781256264 
777429.4670846389 -7590919.836485215 -0.37244952439417667 
780564.2633228834 -7665212.739007327 -0.383627570785578 
783699.0595611279 -7733316.544621885 -0.3933076419501546 
786833.8557993724 -7799382.52266155 -0.40143411181836325 
789968.6520376169 -7868648.036376865 -0.40804422264762513 
793103.4482758614 -7947005.7867196 -0.41325450704700134 
796238.244514106 -8040007.83318331 -0.41722450628250507 
799373.0407523505 -8152115.525729093 -0.4201343648688628 
802507.836990595 -8286755.241043273 -0.4221994798029455 
805642.6332288395 -8446889.277421493 -0.4237051219010178 
808777.429467084 -8635261.31121242 -0.4250186292501266 
811912.2257053285 -8853845.562983945 -0.42655494043773634 
815047.021943573 -9102962.572662707 -0.4287162797643967 
818181.8181818175 -9381021.95599842 -0.431852204963531 
821316.614420062 -9685324.284371223 -0.4362641564976899 
824451.4106583066 -10013293.982143661 -0.44223107589271304 
827586.2068965511 -10363032.21755729 -0.45001014316689536 
830721.0031347956 -10732731.555421751 -0.4597949656905563 
833855.7993730401 -11119651.503665581 -0.47166422521086937 
836990.5956112846 -11519808.888220966 -0.48557222656029636 
840125.3918495291 -11928777.204535784 -0.5013961709187917 
843260.1880877736 -12342785.642186599 -0.5189990436471457 
846394.9843260181 -12758946.59426019 -0.5382507481510045 
849529.7805642626 -13174354.948834741 -0.5589932279838089 
852664.5768025072 -13585063.097838651 -0.5809947285848914 
855799.3730407517 -13986184.144856876 -0.6039513232431818 
858934.1692789962 -14373275.785536984 -0.6275445607888888 
862068.9655172407 -14743814.255038464 -0.651503054796604 
865203.7617554852 -15097411.529414143 -0.6756085633963717 
868338.5579937297 -15434687.631537864 -0.6996442035423205 
871473.3542319742 -15756102.175393272 -0.7233454037792317 
874608.1504702187 -16062089.59382217 -0.7464151642339236 
877742.9467084632 -16354430.32362039 -0.7685997370113823 
880877.7429467078 -16637384.185494784 -0.789755924914145 
884012.5391849523 -16917232.764910836 -0.8098465354137856 
887147.3354231968 -17200472.07181121 -0.8288736619075403 
890282.1316614413 -17492321.438198145 -0.846824977109147 
893416.9278996858 -17796929.47681805 -0.8636954420715934 
896551.7241379303 -18118888.980763096 -0.8795660518024195 
899686.5203761748 -18464251.053226624 -0.8946563471828932 
902821.3166144193 -18839695.906406023 -0.9092890562803546 
905956.1128526638 -19250455.562100817 -0.9237942193905211 
909090.9090909084 -19698975.739994068 -0.9384440834500911 
912225.7053291529 -20185630.691167824 -0.9534792692645799 
915360.5015673974 -20710696.499127544 -0.9691901486721611 
918495.2978056419 -21275443.88928922 -0.9859557986242266 
921630.0940438864 -21881105.101776827 -1.0041839047334666 
924764.8902821309 -22526737.469605397 -1.0241989909820979 
927899.6865203754 -23208274.204206295 -1.0461844974780496 
931034.4827586199 -23919917.579928063 -1.0702322037480219 
934169.2789968645 -24656605.76699193 -1.0964413862095264 
937304.075235109 -25415114.40277506 -1.1249564417651623 
940438.8714733535 -26192741.854221933 -1.155895287596126 
943573.667711598 -26985090.277981136 -1.1892382794623073 
946708.4639498425 -27785495.102037605 -1.2247950119658144 
949843.260188087 -28586997.300867736 -1.2622902657135364 
952978.0564263315 -29385062.64153261 -1.301486955012461 
956112.852664576 -30178368.50083541 -1.3422233226801181 
959247.6489028205 -30966919.43571437 -1.3843304717507734 
962382.445141065 -31749552.740687974 -1.4275245646880446 
965517.2413793096 -32523593.797006868 -1.4713999401603512 
968652.0376175541 -33287190.78084885 -1.5155470766698613 
971786.8338557986 -34041973.23056079 -1.5596870089219124 
974921.6300940431 -34793200.67986347 -1.6036918168168834 
978056.4263322876 -35547100.42940655 -1.6474768643603064 
981191.2225705321 -36308045.13825062 -1.6908857378997246 
984326.0188087766 -37078453.72802447 -1.7336995031454872 
987460.8150470211 -37861464.57086111 -1.7757719878954314 
990595.6112852657 -38663443.00870529 -1.8171560719940354 
993730.4075235102 -39493486.253273286 -1.8580858808432625 
996865.2037617547 -40358702.4659084 -1.898893971210818 
999999.9999999992 -41294754.49667599 -1.938350777730402 
