#x u 
0.0 44659053717.26118 2047.0263168406998 
3134.796238244514 -1116479741.2891932 -51.223686689944344 
6269.592476489028 28655858.433100544 1.264912750348882 
9404.38871473354 12218.32448823359 -0.04797990745869551 
12539.184952978056 684547.7256141709 -0.01521813481516605 
15673.98119122257 578385.52789964 -0.016338771525319876 
18808.777429467085 449516.9976491925 -0.016843181428807162 
21943.5736677116 283580.6667424852 -0.01759858116416161 
25078.369905956115 86948.77638753627 -0.018577799814487955 
28213.16614420063 -133251.7519034764 -0.019764827782024798 
31347.962382445145 -368949.09835426364 -0.021134083908434118 
34482.75862068966 -611514.8777045037 -0.02265489730656285 
37617.55485893417 -852130.2807018723 -0.024294182311732755 
40752.35109717868 -1082095.0866748584 -0.026016250678103765 
43887.14733542319 -1293101.0402890733 -0.027781301204795508 
47021.943573667704 -1477525.0684324373 -0.029545672594506245 
50156.739811912215 -1628760.4618043655 -0.03126520018430236 
53291.53605015673 -1741535.5073358603 -0.03289981825929077 
56426.33228840124 -1812141.8351009209 -0.034416231558392664 
59561.12852664575 -1838538.7276867463 -0.035787410542087214 
62695.92476489026 -1820370.7063518867 -0.03699082559046538 
65830.72100313478 -1758961.9899375953 -0.038008434924406614 
68965.51724137929 -1657308.239394599 -0.03882935240176232 
72100.3134796238 -1520021.2711230107 -0.03945304526297425 
75235.10971786831 -1353166.2605252415 -0.039890066871042865 
78369.90595611282 -1163982.3934098468 -0.04015959230215959 
81504.70219435733 -960545.2978031911 -0.04028603121371089 
84639.49843260185 -751444.7576620908 -0.04029762190772152 
87774.29467084636 -545500.5631934075 -0.040227540549322455 
90909.09090909087 -351477.4860079942 -0.040115193237177785 
94043.88714733538 -177752.59257449093 -0.04000499036119446 
97178.68338557989 -31942.32036182919 -0.03994239570528306 
100313.4796238244 79444.25029874896 -0.03996977812949924 
103448.27586206891 151257.74627758644 -0.04012472909737981 
106583.07210031342 179856.07779185363 -0.04044094022748969 
109717.86833855794 163194.98008280338 -0.040949169476312 
112852.66457680245 100909.3832703929 -0.04167592742165154 
115987.46081504696 -5621.376503399599 -0.04264013424456675 
119122.25705329147 -153281.06981123376 -0.04385036192597517 
122257.05329153598 -337343.87933665724 -0.04530491735309345 
125391.84952978049 -551708.5190298826 -0.04699434113556985 
128526.645768025 -789176.4823720964 -0.0489037024097857 
131661.44200626953 -1041721.3420791953 -0.05101262032765998 
134796.23824451404 -1300751.3460733292 -0.05329361250379196 
137931.03448275855 -1557407.9853880655 -0.05571135474839855 
141065.83072100306 -1802925.4173802766 -0.05822470279498245 
144200.62695924757 -2029018.553317817 -0.060790697460225404 
147335.42319749208 -2228231.585058204 -0.06336799531490869 
150470.2194357366 -2394201.7235653535 -0.06591800764209288 
153605.0156739811 -2521851.3611730365 -0.06840448761286072 
156739.81191222562 -2607556.1332276245 -0.07079374669554499 
159874.60815047013 -2649313.1220182707 -0.07305665368246671 
163009.40438871464 -2646879.190772224 -0.07517128783916857 
166144.20062695915 -2601821.277325368 -0.07712410493292679 
169278.99686520366 -2517446.6375075975 -0.07890885763944479 
172413.79310344817 -2398633.6151443585 -0.08052483997245381 
175548.58934169268 -2251610.4447285268 -0.08197682357346824 
178683.3855799372 -2083709.8093915798 -0.08327741952019847 
181818.1818181817 -1903090.1243532947 -0.08445011696573684 
184952.97805642622 -1718406.441824364 -0.08553032286070152 
188087.77429467073 -1538445.6000942655 -0.08656314184493477 
191222.57053291524 -1371776.6090664528 -0.08759889115244322 
194357.36677115975 -1226465.2753198843 -0.088688336693584 
197492.16300940426 -1109857.508843616 -0.08987880933597578 
200626.95924764877 -1028388.5192881813 -0.09121107579877485 
203761.75548589329 -987368.624951882 -0.09271669247730227 
206896.5517241378 -990734.6526536434 -0.09441659422170275 
210031.3479623823 -1040802.2543058883 -0.09632236098001817 
213166.14420062682 -1138070.7359231296 -0.09844068024926197 
216300.94043887133 -1281114.8714790293 -0.10077943045308489 
219435.73667711584 -1466575.7841193972 -0.10335235634327783 
222570.53291536035 -1689259.2890118572 -0.10617983244380051 
225705.32915360486 -1942358.3634938507 -0.10928527459402355 
228840.12539184937 -2217810.117073128 -0.11268868102144047 
231974.9216300939 -2506764.400959418 -0.11639935011315178 
235109.7178683384 -2800100.4117356013 -0.1204093102407029 
238244.5141065829 -3088912.0128950276 -0.12468852733927036 
241379.31034482742 -3364904.4406614373 -0.1291830596294225 
244514.10658307193 -3620684.9379215785 -0.13381740169781114 
247648.90282131644 -3849957.741048025 -0.13850144733786623 
250783.69905956095 -4047639.3706971155 -0.14314089407452055 
253918.49529780546 -4209907.787764576 -0.14764862151684593 
257053.29153604998 -4334205.251150716 -0.15195457586348307 
260188.0877742945 -4419226.319566935 -0.1560127842366069 
263322.884012539 -4464920.892519376 -0.15980519910750526 
266457.6802507835 -4472518.961700288 -0.16334237608271612 
269592.476489028 -4444554.596326147 -0.1666608777469317 
272727.27272727253 -4384856.532474931 -0.16981765070502405 
275862.06896551704 -4298487.738960501 -0.1728826075610188 
278996.86520376155 -4191636.330622336 -0.1759313643034313 
282131.66144200607 -4071461.9623876372 -0.17903960656996967 
285266.4576802506 -3945886.9770109397 -0.1822791447053583 
288401.2539184951 -3823315.5855382713 -0.18571471588008692 
291536.0501567396 -3712285.714863083 -0.18940098420318263 
294670.8463949841 -3621092.758341414 -0.1933804024899343 
297805.6426332286 -3557437.426574227 -0.19768304422507396 
300940.43887147313 -3528124.7690182603 -0.20232840332626684 
304075.23510971764 -3538802.7150782906 -0.20732755712260753 
307210.03134796215 -3593718.2846982135 -0.21268386285546081 
310344.82758620667 -3695500.6700963844 -0.2183920409253582 
313479.6238244512 -3845017.8958621165 -0.22443745841442253 
316614.4200626957 -4041350.6887548575 -0.2307974898984617 
319749.2163009402 -4281877.821884193 -0.23744473327850799 
322884.0125391847 -4562418.868315677 -0.24434977021798832 
326018.8087774292 -4877385.130102254 -0.251481481191182 
329153.60501567373 -5219945.278300136 -0.2588055603674831 
332288.40125391824 -5582258.938189407 -0.26628408069804793 
335423.19749216276 -5955813.246997138 -0.2738781781770919 
338557.99373040727 -6331826.239988467 -0.28155270393952375 
341692.7899686518 -6701629.912691305 -0.2892793841709081 
344827.5862068963 -7056973.152773896 -0.2970362958369449 
347962.3824451408 -7390267.086525652 -0.3048052386208077 
351097.1786833853 -7694846.349526771 -0.3125708986935682 
354231.9749216298 -7965280.499455575 -0.3203238591363059 
357366.77115987433 -8197676.814865867 -0.3280651920908957 
360501.56739811884 -8389868.771274477 -0.33580814095167555 
363636.36363636336 -8541441.273186635 -0.3435749154018697 
366771.15987460787 -8653652.601147885 -0.3513915138128853 
369905.9561128524 -8729361.000143528 -0.3592855803472007 
373040.7523510969 -8772996.05047813 -0.3672890884841497 
376175.5485893414 -8790499.527193127 -0.3754422445533517 
379310.3448275859 -8789122.90243292 -0.383793182570738 
382445.1410658304 -8777058.41875618 -0.39239204548429246 
385579.93730407493 -8763011.226625608 -0.4012839549123045 
388714.73354231945 -8755853.711953819 -0.4105068516652828 
391849.52978056396 -8764397.782231243 -0.4200953173598523 
394984.32601880847 -8797182.693845768 -0.4300851311165372 
398119.122257053 -8862153.677111542 -0.4405122910847066 
401253.9184952975 -8966232.148211477 -0.4514060051534933 
404388.714733542 -9114924.408233399 -0.4627818936485506 
407523.5109717865 -9312123.96772624 -0.47464208446029565 
410658.307210031 -9560113.683619704 -0.48698213012726804 
413793.10344827553 -9859617.427649384 -0.49979759464599105 
416927.89968652005 -10209753.826441193 -0.5130833876559836 
420062.69592476456 -10607910.852548197 -0.5268266505493321 
423197.49216300907 -11049716.919981947 -0.5410012988649209 
426332.2884012536 -11529258.672707722 -0.5555712650763247 
429467.0846394981 -12039502.060921928 -0.570500712819625 
432601.8808777426 -12572708.58490715 -0.585762034196294 
435736.6771159871 -13120680.080779823 -0.6013344209634977 
438871.4733542316 -13674878.073759193 -0.6171956084674572 
442006.26959247614 -14226626.155810004 -0.6333168783287814 
445141.06583072065 -14767537.162504392 -0.6496683704856133 
448275.86206896516 -15290070.15675658 -0.6662309021344404 
451410.65830720967 -15787961.492768051 -0.6830031018796561 
454545.4545454542 -16256367.308036247 -0.6999968916895246 
457680.2507836987 -16691815.85866855 -0.7172262550754294 
460815.0470219432 -17092226.451844156 -0.7347014103532862 
463949.8432601877 -17457133.70199442 -0.752435006776143 
467084.6394984322 -17787976.707732707 -0.7704540656846797 
470219.43573667674 -18088167.10473944 -0.7888046058473296 
473354.23197492125 -18362803.619449977 -0.8075428269789241 
476489.02821316576 -18618205.980163433 -0.8267206097593008 
479623.82445141027 -18861579.93709885 -0.8463793568840359 
482758.6206896548 -19100943.002479356 -0.8665577606244045 
485893.4169278993 -19345119.79531111 -0.8873043046039127 
489028.2131661438 -19603496.09013539 -0.9086797571142441 
492163.0094043883 -19885441.1321745 -0.9307449781417849 
495297.8056426328 -20199648.64834879 -0.9535449667529697 
498432.60188087734 -20553748.61289 -0.9771047352104207 
501567.39811912185 -20954284.272658646 -1.0014408131045736 
504702.19435736636 -21406791.483821716 -1.026575842958468 
507836.99059561087 -21915637.544092037 -1.0525401296249473 
510971.7868338554 -22483570.66729967 -1.0793575585632955 
514106.5830720999 -23111298.524161227 -1.1070302247852004 
517241.3793103444 -23797462.38402164 -1.1355384209341794 
520376.1755485889 -24539034.535824962 -1.1648572078328832 
523510.9717868334 -25331784.420957748 -1.1949733786001675 
526645.768025078 -26170437.898317486 -1.2258857708596764 
529780.5642633225 -27048529.34970111 -1.257589183890836 
532915.360501567 -27958330.471222136 -1.2900598551105493 
536050.1567398115 -28891219.84713268 -1.3232596206394351 
539184.952978056 -29838436.506557804 -1.3571566505897346 
542319.7492163006 -30791771.02095686 -1.3917428290593281 
545454.5454545451 -31743806.31056832 -1.4270305544229511 
548589.3416927896 -32687782.149790134 -1.4630329020244601 
551724.1379310341 -33617544.963088915 -1.4997488345172765 
554858.9341692786 -34527941.36782888 -1.5371703736058717 
557993.7304075231 -35415512.14909136 -1.5753055841985129 
561128.5266457676 -36278965.12800311 -1.6141938061371266 
564263.3228840121 -37119061.5530102 -1.653896634917506 
567398.1191222566 -37938097.26254913 -1.6944731068156804 
570532.9153605012 -38739530.59977776 -1.7359644298877714 
573667.7115987457 -39528104.001539454 -1.7784040938814494 
576802.5078369902 -40310225.258949846 -1.821842457483095 
579937.3040752347 -41094026.36624254 -1.8663588565354763 
583072.1003134792 -41888785.267235436 -1.912046444610292 
586206.8965517237 -42704018.15326952 -1.9589834293236659 
589341.6927899682 -43548877.900292315 -2.0072193416378448 
592476.4890282127 -44432168.4296094 -2.056790002636558 
595611.2852664572 -45362630.01972102 -2.107744821705393 
598746.0815047018 -46348853.903823376 -2.160156463740967 
601880.8777429463 -47398574.988969 -2.2141008473915025 
605015.6739811908 -48517776.47166816 -2.2696268773600052 
608150.4702194353 -49710298.2396757 -2.326747208765882 
611285.2664576798 -50978180.348065406 -2.385460308302846 
614420.0626959243 -52322257.532014765 -2.445781380732871 
617554.8589341688 -53742302.15554785 -2.507749812968381 
620689.6551724133 -55236538.81452892 -2.5714049979914906 
623824.4514106578 -56801086.40740363 -2.6367560903383853 
626959.2476489024 -58430046.390413724 -2.703778818090117 
630094.0438871469 -60116353.59840699 -2.772444965732336 
633228.8401253914 -61852752.09936961 -2.842755672887956 
636363.6363636359 -63632149.205551095 -2.9147447558568715 
639498.4326018804 -65447272.24243755 -2.9884490949119935 
642633.2288401249 -67290314.16077387 -3.063878072667895 
645768.0250783694 -69153296.4455911 -3.1410160078444753 
648902.8213166139 -71029131.91935608 -3.219857335875685 
652037.6175548584 -72912604.82488899 -3.3004391865322646 
655172.413793103 -74800516.09894986 -3.3828373619681775 
658307.2100313475 -76691062.49937646 -3.467129275573706 
661442.006269592 -78583282.44933626 -3.553362360836683 
664576.8025078365 -80477295.93275733 -3.6415615289150436 
667711.598746081 -82375178.05869846 -3.731768460204388 
670846.3949843255 -84281559.6326846 -3.824071199604196 
673981.19122257 -86203245.68216868 -3.9185914742033194 
677115.9874608145 -88148107.0937935 -4.015441243476908 
680250.783699059 -90124231.93058454 -4.114693419616307 
683385.5799373036 -92140037.92840962 -4.216398541043284 
686520.3761755481 -94205018.56536232 -4.3206319370191455 
689655.1724137926 -96330092.62984365 -4.427523665674689 
692789.9686520371 -98526904.99338663 -4.537240787710794 
695924.7648902816 -100806509.49602024 -4.649941173668314 
699059.5611285261 -103178516.07456577 -4.765747898792578 
702194.3573667706 -105651293.0557566 -4.884770790406175 
705329.1536050151 -108232670.05408067 -5.007149233352728 
708463.9498432596 -110929993.04923587 -5.133063182947559 
711598.7460815042 -113749004.26829942 -5.262687883525413 
714733.5423197487 -116692253.17633769 -5.396124433517098 
717868.3385579932 -119758322.17103726 -5.533364902616334 
721003.1347962377 -122942458.40808052 -5.674319087121235 
724137.9310344822 -126237946.32057273 -5.818872486655056 
727272.7272727267 -129637036.85124317 -5.966921422148703 
730407.5235109712 -133130998.39448664 -6.118365644632655 
733542.3197492157 -136710045.924465 -6.273093486103141 
736677.1159874602 -140364212.44012082 -6.431008778393605 
739811.9122257048 -144085241.15739733 -6.592103638840085 
742946.7084639493 -147868290.03399026 -6.756522271132748 
746081.5047021938 -151712046.67673907 -6.9245520733253345 
749216.3009404383 -155617076.50206763 -7.096534481316095 
752351.0971786828 -159583729.51554364 -7.27275681929014 
755485.8934169273 -163611238.89765552 -7.45340049052242 
758620.6896551718 -167698466.5984654 -7.638566779660754 
761755.4858934163 -171845287.64437437 -7.828334372282776 
764890.2821316608 -176053307.21362594 -8.022788959716454 
768025.0783699054 -180325667.03944382 -8.222013896567175 
771159.8746081499 -184666871.11187628 -8.42608455682555 
774294.6708463944 -189083502.3790921 -8.635106254634058 
777429.4670846389 -193585444.0046368 -8.849277820011077 
780564.2633228834 -198186174.3940435 -9.06891495178725 
783699.0595611279 -202901164.57170418 -9.294388440001738 
786833.8557993724 -207745091.27841872 -9.526009505255226 
789968.6520376169 -212729826.48871648 -9.763951623026268 
793103.4482758614 -217864618.45513916 -10.0082731576306 
796238.244514106 -223157953.54336154 -10.259016840494914 
799373.0407523505 -228619128.41162258 -10.516295225317965 
802507.836990595 -234257999.60569978 -10.780291336357612 
805642.6332288395 -240083253.3541755 -11.051189753393935 
808777.429467084 -246100952.84448922 -11.329118281190512 
811912.2257053285 -252314677.2829439 -11.614160128746573 
815047.021943573 -258726806.1137991 -11.906415901590142 
818181.8181818175 -265339318.55355543 -12.206040577867629 
821316.614420062 -272153124.7685927 -12.513210366294196 
824451.4106583066 -279166703.2395837 -12.828055045359859 
827586.2068965511 -286375761.74913025 -13.150634708283427 
830721.0031347956 -293774691.2324934 -13.48099647227865 
833855.7993730401 -301358701.8579178 -13.819260627286315 
836990.5956112846 -309124733.50150585 -14.165649228277935 
840125.3918495291 -317070442.65441114 -14.520425646321842 
843260.1880877736 -325192580.2295913 -14.883805872408924 
846394.9843260181 -333486771.0292603 -15.255934297227647 
849529.7805642626 -341949289.9107983 -15.636951787758145 
852664.5768025072 -350579326.9852658 -16.027087468521763 
855799.3730407517 -359379647.93824524 -16.426678693384655 
858934.1692789962 -368355150.04121184 -16.836096713235488 
862068.9655172407 -377510963.58545256 -17.25565397439823 
865203.7617554852 -386852196.0489004 -17.68558940319589 
868338.5579937297 -396385650.9898598 -18.126147010083958 
871473.3542319742 -406121696.2402452 -18.577664147107352 
874608.1504702187 -416074187.2947954 -19.040573328276277 
877742.9467084632 -426258304.6704193 -19.515310933199608 
880877.7429467078 -436688321.5975444 -20.00222491647259 
884012.5391849523 -447377396.4959828 -20.501577139771566 
887147.3354231968 -458339350.02504957 -21.01363802548052 
890282.1316614413 -469590252.0181783 -21.538773338661713 
893416.9278996858 -481147777.46146506 -22.077429006932217 
896551.7241379303 -493028609.1059373 -22.630026147791042 
899686.5203761748 -505246261.28954864 -23.196874603869194 
902821.3166144193 -517811342.6907366 -23.77819696010281 
905956.1128526638 -530733780.4325576 -24.374240688602505 
909090.9090909084 -544024486.5646728 -24.98536256291761 
912225.7053291529 -557694535.6835351 -25.61199650767615 
915360.5015673974 -571752579.0857284 -26.254537919604935 
918495.2978056419 -586203177.5018764 -26.91326728866233 
921630.0940438864 -601047896.3786844 -27.58839764083212 
924764.8902821309 -616288192.4477652 -28.28020138898911 
927899.6865203754 -631927261.7622424 -28.9890870906173 
931034.4827586199 -647969108.1382744 -29.715546613524083 
934169.2789968645 -664416041.5960912 -30.46002854648868 
937304.075235109 -681267544.7095829 -31.22287298300057 
940438.8714733535 -698522089.1911185 -32.00438072081067 
943573.667711598 -716180408.267432 -32.80494891940497 
946708.4639498425 -734247151.0005131 -33.625132871842546 
949843.260188087 -752729470.332881 -34.46556805145867 
952978.0564263315 -771634280.1900384 -35.32683248884354 
956112.852664576 -790967324.2233794 -36.209393987941745 
959247.6489028205 -810735301.0655154 -37.11369963383146 
962382.445141065 -830949024.754182 -38.04031524422156 
965517.2413793096 -851624393.2244233 -38.9899670511299 
968652.0376175541 -872780116.8994002 -39.963437681061414 
971786.8338557986 -894434494.6307101 -40.96142127233784 
974921.6300940431 -916604514.4425322 -41.98448784845733 
978056.4263322876 -939308105.8108443 -43.033194626673925 
981191.2225705321 -962566999.5041442 -44.10822733979521 
984326.0188087766 -986406908.2568442 -45.21042051935345 
987460.8150470211 -1010854469.7824416 -46.340630674901305 
990595.6112852657 -1035933781.8160993 -47.499591569017596 
993730.4075235102 -1061665827.0167797 -48.687903314454 
996865.2037617547 -1088072151.1758225 -49.906121079248386 
999999.9999999992 -1115117860.1311154 -51.157638706658474 
