#x u 
0.0 -126269.27383592536 -0.04357428766905746 
3134.796238244514 -177955.6281627221 -0.03884706589769689 
6269.592476489028 -294486.4521057737 -0.03590538631175102 
9404.38871473354 -397549.40121669555 -0.03147989973065266 
12539.184952978056 -485296.85403756483 -0.025839732410457502 
15673.98119122257 -554276.238870889 -0.019200267622993546 
18808.777429467085 -601821.8242034848 -0.011818331191685875 
21943.5736677116 -626094.9744734063 -0.003979380151238172 
25078.369905956115 -626157.0489479883 0.004013453411181641 
28213.16614420063 -602005.6471761271 0.011851086838143938 
31347.962382445145 -554574.7032156517 0.019230439055745112 
34482.75862068966 -485698.3703941007 0.025866150712158843 
37617.55485893417 -398040.0946496292 0.03150161901606297 
40752.35109717868 -294989.619148182 0.03591892055968089 
43887.14733542319 -180531.9030064175 0.038947238411100156 
47021.943573667704 -59093.023029819815 0.0404694676004366 
50156.739811912215 64630.98255835515 0.040426743565870636 
53291.53605015673 185855.70978889772 0.03882071844467009 
56426.33228840124 299893.4017194832 0.03571349718508647 
59561.12852664575 402334.2238695795 0.031225235949676036 
62695.92476489026 489216.7924012332 0.025529495679724727 
65830.72100313478 557181.3607255586 0.01884653049831559 
68965.51724137929 603599.740812992 0.011434770489311618 
72100.3134796238 626676.9351537237 0.003580828212961987 
75235.10971786831 625520.5492631329 -0.00441158459409592 
78369.90595611282 600175.3005525132 -0.01223340154352576 
81504.70219435733 551621.2891079823 -0.019582153184218343 
84639.49843260185 481736.09724650334 -0.026173663487832847 
87774.29467084636 393222.18345817714 -0.03175303892817133 
90909.09090909087 289502.3784090982 -0.036104525206982936 
94043.88714733538 174587.5241715328 -0.03905985046687553 
97178.68338557989 52921.37506883778 -0.04050473235951653 
100313.4796238244 -70791.24218473642 -0.04038329734096978 
103448.27586206891 -191766.36400657278 -0.038700241300137134 
106583.07210031342 -305325.8856887898 -0.03552064796886094 
109717.86833855794 -407078.46358150285 -0.03096747213576375 
112852.66457680245 -493089.32823368267 -0.025216784987878514 
115987.46081504696 -560032.4418220249 -0.018490965442580456 
119122.25705329147 -605319.1159441392 -0.011050100760831853 
122257.05329153598 -627198.1161294624 -0.003181928979794317 
125391.84952978049 -624823.3820291453 0.004809287909331191 
128526.645768025 -598286.7445469918 0.012614529764322516 
131661.44200626953 -548614.3747408782 0.01993196809252673 
134796.23824451404 -477727.10181553866 0.02647863775055493 
137931.03448275855 -388366.13470886706 0.03200137919876828 
141065.83072100306 -283987.0596160005 0.03628662817386851 
144200.62695924757 -168626.21256407272 0.039168674213217014 
147335.42319749208 -46744.59440657839 0.0405360686739691 
150470.2194357366 76944.6359596768 0.04033593444909616 
153605.0156739811 197658.41932237882 0.03857601072369249 
156739.81191222562 310728.7569248349 0.03532435370089587 
159874.60815047013 411783.2218523686 0.03070670487034219 
163009.40438871464 496914.0406635444 0.02490162858814241 
166144.20062695915 562829.2068840648 0.018133606998033184 
169278.99686520366 606979.7828086123 0.010664359312914864 
172413.79310344817 627658.4668533744 0.0027827211399261273 
175548.58934169268 624065.6148623808 -0.005206524784717379 
178683.3855799372 596340.1623255133 -0.012994434535937065 
181818.1818181817 545554.2517468468 -0.020279849853066786 
184952.97805642622 473671.77292284806 -0.026781043921694784 
188087.77429467073 383472.419376752 -0.03224661574200156 
191222.57053291524 278444.1976847646 -0.03646521179866267 
194357.36677115975 162648.54635555105 -0.039273699095603264 
197492.16300940426 40563.2801123172 -0.040563473504569666 
200626.95924764877 -83090.56708213064 -0.04028465948384861 
203761.75548589329 -203531.304281782 -0.03844803876412419 
206896.5517241378 -316101.49141772545 -0.03512463341924221 
210031.3479623823 -416448.0423803782 -0.030442959444524343 
213166.14420062682 -500690.5587422894 -0.024584057046684732 
216300.94043887133 -565571.3846609888 -0.01777448982390449 
219435.73667711584 -608581.5803428175 -0.010277583557582223 
222570.53291536035 -628057.9426772849 -0.0023832434114480065 
225705.32915360486 -623247.3212566283 0.005603256693322513 
228840.12539184937 -594335.7426818287 0.013373079012431411 
231974.9216300939 -542441.2169189535 0.020625764725725936 
235109.7178683384 -469570.5038838327 0.027080852671694484 
238244.5141065829 -378541.5120900711 0.03248872477304103 
241379.31034482742 -272874.3302026047 0.03664025876102184 
244514.10658307193 -156655.10530367572 0.03937491492795463 
247648.90282131644 -34378.03169504215 0.04058694419339783 
250783.69905956095 89228.43947482886 0.04022947741824775 
253918.49529780546 209384.4492895219 0.038316337833087265 
257053.29153604998 321443.5680804466 0.034921506494231036 
260188.0877742945 421072.4727371793 0.030176261438267106 
263322.884012539 504418.5161956218 0.024264101163912005 
266457.6802507835 568258.7091963752 0.017413648749999625 
269592.476489028 610124.3531927355 0.009889811007170237 
272727.27272727253 628396.5048571125 0.0019835345386263036 
275862.06896551704 622368.5805759756 -0.005999445157189915 
278996.86520376155 592273.6800191873 -0.013750426470100103 
282131.66144200607 539275.57218204 -0.02096967916115453 
285266.4576802506 465423.6924695001 -0.0273780349229127 
288401.2539184951 373573.8910842069 -0.032727682810385364 
291536.0501567396 267277.99737592734 -0.03681175208361367 
294670.8463949841 150646.4706961109 -0.039472311893620715 
297805.6426332286 28189.449045293575 -0.04060647846409483 
300940.43887147313 -95357.65793856344 -0.04017039360867459 
304075.23510971764 -215217.28506834994 -0.03818092063071841 
307210.03134796215 -326754.3964037009 -0.034714989308139564 
310344.82758620667 -425655.032707141 -0.029906589426895815 
313479.6238244512 -508088.66797438054 -0.023941384772742637 
316614.4200626957 -570836.4472439454 -0.017048621872726648 
319749.2163009402 -611351.1361121342 -0.009489307426696098 
322884.0125391847 -627701.2301401217 -0.0015390382033612614 
326018.8087774292 -618383.8403648711 0.00653465685803491 
329153.60501567373 -582127.4632994137 0.014494366495667065 
332288.40125391824 -518029.3071497861 0.022137936886102282 
335423.19749216276 -426468.72660460626 0.02926601939105705 
338557.99373040727 -310853.79685263743 0.035609047959081576 
341692.7899686518 -179298.16039088415 0.04075475943018837 
344827.5862068963 -44440.67175611792 0.04415802103114244 
347962.3824451408 79965.31478438308 0.04529584702165171 
351097.1786833853 184776.3196101199 0.04392563642495696 
354231.9749216298 269796.86791758373 0.040277197208419796 
357366.77115987433 342634.4014591018 0.034991024885498836 
360501.56739811884 411584.6928968596 0.028780902663340945 
363636.36363636336 477435.78591653594 0.022045315333410438 
366771.15987460787 531139.6771837132 0.014746711911562451 
369905.9561128524 560009.2186504633 0.0066809716655472345 
373040.7523510969 557484.282474515 -0.002089532269369706 
376175.5485893414 527771.359095982 -0.011037304343307502 
379310.3448275859 481093.7625313844 -0.019400388433041815 
382445.1410658304 424196.44206718006 -0.026628949238710925 
385579.93730407493 355404.58046319825 -0.0326210813069162 
388714.73354231945 268984.7507738007 -0.0375298128851248 
391849.52978056396 164140.59591563256 -0.04135500957365873 
394984.32601880847 49260.141418841544 -0.04375010394055094 
398119.122257053 -63043.48966645068 -0.044247951486973205 
401253.9184952975 -165012.23474434085 -0.04267275159868603 
404388.714733542 -257603.200285994 -0.039310032849166 
407523.5109717865 -345277.27579322405 -0.03465843004274701 
410658.307210031 -427369.68149197265 -0.029022754667204748 
413793.10344827553 -495259.03491673234 -0.022371265939033404 
416927.89968652005 -538435.5018021786 -0.014599766682619718 
420062.69592476456 -553197.5677086014 -0.005915643731060622 
423197.49216300907 -544926.2585405315 0.003072467714974731 
426332.2884012536 -521614.3394508633 0.011665288701382488 
429467.0846394981 -485490.1556894484 0.01946971418580236 
432601.8808777426 -431541.1488351226 0.026477743218887656 
435736.6771159871 -354450.82661468623 0.03275769839439773 
438871.4733542316 -256586.83965294337 0.03809485225396771 
442006.26959247614 -148549.55958633835 0.04197038845455719 
445141.06583072065 -41591.99065592913 0.043910128779976805 
448275.86206896516 60253.09954138956 0.04384379758560766 
451410.65830720967 160215.59618242935 0.04210253535803823 
454545.4545454542 261122.92616801814 0.039060467370254995 
457680.2507836987 358255.31872111023 0.03479774939468548 
460815.0470219432 440393.07156988594 0.02913710638274394 
463949.8432601877 498100.827016089 0.022010532654494305 
467084.6394984322 530671.2354078179 0.01376347883996882 
470219.43573667674 544544.6646671604 0.00506780258206597 
473354.23197492125 544961.6967658259 -0.0034754269303201267 
476489.02821316576 529688.8836787329 -0.011637480213700072 
479623.82445141027 491441.51342094154 -0.01946371725020925 
482758.6206896548 426447.8379902927 -0.02689218115053799 
485893.4169278993 340112.78600930574 -0.03350306790233554 
489028.2131661438 243763.61766464397 -0.03867455148685374 
492163.0094043883 145810.57829064757 -0.04199192735435515 
495297.8056426328 46499.63562059856 -0.04348926410546497 
498432.60188087734 -58368.088207730776 -0.04347715976391256 
501567.39811912185 -168819.90733647154 -0.042143217040347604 
504702.19435736636 -276421.6306018711 -0.03934819598714862 
507836.99059561087 -368985.62697703566 -0.034832255447371764 
510971.7868338554 -439482.52484064153 -0.028611890030667487 
514106.5830720999 -489936.4750395305 -0.02114538240188077 
517241.3793103444 -526347.677629801 -0.013085929568118935 
520376.1755485889 -550099.6931752996 -0.004873150070329406 
523510.9717868334 -554974.9642731915 0.0034182653402813705 
526645.768025078 -532971.2807251862 0.011825849343999242 
529780.5642633225 -482826.7970791126 0.020121323509662437 
532915.360501567 -412285.8116846485 0.027717804331182688 
536050.1567398115 -331691.3164653673 0.033972473840974286 
539184.952978056 -245578.62405182782 0.03857843297809606 
542319.7492163006 -151012.88878635608 0.041644734583039175 
545454.5454545451 -44293.5594644588 0.04339005159950058 
548589.3416927896 71167.57549597751 0.04377966871537074 
551724.1379310341 184231.2483157709 0.04249258066245175 
554858.9341692786 283482.7683526699 0.0392557459477024 
557993.7304075231 365076.86295398127 0.03419400190531339 
561128.5266457676 432889.1021769305 0.027825362243311367 
564263.3228840121 490970.2957080704 0.02070198208600265 
567398.1191222566 536375.2410220134 0.01306727321173135 
570532.9153605012 560016.711477361 0.0048804157186097576 
573667.7115987457 554728.3255921731 -0.0038285901559935416 
576802.5078369902 522113.330213732 -0.012658859078567954 
579937.3040752347 471006.99598321575 -0.020921759230691638 
583072.1003134792 409168.661916125 -0.028032677178193733 
586206.8965517237 336903.3224442086 -0.033812213584456165 
589341.6927899682 249248.06913915015 -0.038392381424109306 
592476.4890282127 144323.25263591597 -0.04183763767652904 
595611.2852664572 28944.81430231635 -0.04388862904921818 
598746.0815047018 -84542.6001421872 -0.044105151458362316 
601880.8777429463 -187036.30917469767 -0.042262567173312046 
605015.6739811908 -277992.2677944042 -0.03858721289179078 
608150.4702194353 -361857.74845126725 -0.033583825534170345 
611285.2664576798 -439514.8062847982 -0.02763511246383079 
614420.0626959243 -503866.10966292827 -0.020790278520938038 
617554.8589341688 -544357.6161981426 -0.012956289089951962 
620689.6551724133 -555865.9513905637 -0.004277730958486592 
623824.4514106578 -542767.5514801024 0.004708613401899563 
626959.2476489024 -513943.5076420009 0.013317636603400082 
630094.0438871469 -473806.5624286778 0.021105471505387097 
633228.8401253914 -418505.02839221 0.027995715118736393 
636363.6363636359 -341135.70483115653 0.034017352085622926 
639498.4326018804 -240659.3330988788 0.0389536620105855 
642633.2288401249 -125629.15904988741 0.0423088154509379 
645768.0250783694 -9296.020749963081 0.043663813427757235 
648902.8213166139 98687.33167669266 0.04306426706777362 
652037.6175548584 195793.27105662305 0.041019014739993136 
655172.413793103 282735.3970801297 0.03807253291699524 
658307.2100313475 357445.3040149753 0.03435408834897629 
661442.006269592 414078.5626199811 0.029543935107484078 
664576.8025078365 448234.95461670554 0.023286903442569017 
667711.598746081 462304.16122133745 0.015644321810435055 
670846.3949843255 464283.2104884448 0.007152268091086468 
673981.19122257 460362.79332819 -0.0015383645184233003 
677115.9874608145 448654.99804929295 -0.010051497704359516 
680250.783699059 420857.2460441997 -0.018316663794412987 
683385.5799373036 370671.89033504965 -0.026248668608318124 
686520.3761755481 300686.9894698764 -0.03345350902516883 
689655.1724137926 220780.41348630947 -0.039298457503162174 
692789.9686520371 139732.15772643912 -0.04328777110023759 
695924.7648902816 58693.036268806834 -0.04535564491363353 
699059.5611285261 -26846.92416194594 -0.045771974150794134 
702194.3573667706 -118867.20582496183 -0.044762940675071757 
705329.1536050151 -211188.67130414717 -0.04224742872418176 
708463.9498432596 -292473.6683575514 -0.037966664357965266 
711598.7460815042 -354833.46448376565 -0.03186866426219485 
714733.5423197487 -399119.6846174691 -0.024338809948010066 
717868.3385579932 -431455.66047185287 -0.01602745954159838 
721003.1347962377 -454759.31509962515 -0.0074470806270507586 
724137.9310344822 -464251.0391694533 0.0012483034538083517 
727272.7272727267 -451721.15881749976 0.0100819307220337 
730407.5235109712 -414094.4054652605 0.01887537812842494 
733542.3197492157 -357287.97812729696 0.02708406741111627 
736677.1159874602 -291286.4933270925 0.03403358852732556 
739811.9122257048 -221566.8372195082 0.03932114618569934 
742946.7084639493 -145815.3511280311 0.04297190466097707 
746081.5047021938 -59289.05517894418 0.04519636945074187 
749216.3009404383 36933.90314691692 0.046012472368483284 
752351.0971786828 133615.7151272925 0.045135773980765424 
755485.8934169273 219520.9134513202 0.04225654064530898 
758620.6896551718 289732.9219407884 0.03741301827756464 
761755.4858934163 347516.3882091736 0.031066603631305357 
764890.2821316608 397899.7292290629 0.023795627308130934 
768025.0783699054 439844.9492488024 0.015922985072784182 
771159.8746081499 465335.2232754197 0.007459988491108714 
774294.6708463944 466412.24826928694 -0.001585706481088029 
777429.4670846389 442814.062060311 -0.01087440173894747 
780564.2633228834 402212.1032840131 -0.01973709119601768 
783699.0595611279 352804.70279299247 -0.027527230786471773 
786833.8557993724 296032.44730644656 -0.033965119575828484 
789968.6520376169 227021.44279609557 -0.039125844099894565 
793103.4482758614 142207.65269891263 -0.043095531630944005 
796238.244514106 46026.01697655381 -0.04566772303910877 
799373.0407523505 -50480.504735474315 -0.046407253736355854 
802507.836990595 -137790.8992207135 -0.045020166513299986 
805642.6332288395 -214358.7944050171 -0.04164397930070581 
808777.429467084 -284743.3606435107 -0.036753951107274405 
811912.2257053285 -351523.9131834199 -0.03078216885441352 
815047.021943573 -409629.1422869554 -0.02384547533704095 
818181.8181818175 -449154.97255986935 -0.015861126063072186 
821316.614420062 -463800.407148181 -0.006919113493480945 
824451.4106583066 -456126.13656221045 0.00249143908288715 
827586.2068965511 -434162.88850370917 0.011652118530900236 
830721.0031347956 -402967.6638920247 0.020015811013666944 
833855.7993730401 -360007.45504300686 0.027430494978394518 
836990.5956112846 -299193.51193265786 0.03396468809898558 
840125.3918495291 -219266.47644256343 0.039531234784774154 
843260.1880877736 -127638.1795329533 0.04371680950418771 
846394.9843260181 -35557.20164165773 0.046006361998043054 
849529.7805642626 50428.366328977485 0.046174423285975666 
852664.5768025072 131861.1843554108 0.04443761964097405 
855799.3730407517 213192.57712841715 0.04121149504128991 
858934.1692789962 293618.9587199507 0.036728132530256516 
862068.9655172407 364655.1329770015 0.03091452078737094 
865203.7617554852 416118.12652502547 0.0236546223939125 
868338.5579937297 444339.2042003119 0.015152231349063426 
871473.3542319742 454066.3896509906 0.0060037965871115075 
874608.1504702187 452137.29060650594 -0.0031062499121770433 
877742.9467084632 439630.5534505141 -0.011779599610022971 
880877.7429467078 410772.97636970493 -0.019967653489853316 
884012.5391849523 359745.03613482765 -0.02767168475719444 
887147.3354231968 288197.0177603387 -0.0346085826684397 
890282.1316614413 205520.13181412168 -0.04020644781238904 
893416.9278996858 121514.85628566731 -0.043946127654369255 
896551.7241379303 39070.43331382891 -0.04569947560228591 
899686.5203761748 -45564.409171680716 -0.04571677585953982 
902821.3166144193 -135337.0754992353 -0.04428248069158568 
905956.1128526638 -225738.8440770284 -0.041404510676605846 
909090.9090909084 -306074.56741886464 -0.03686415667360406 
912225.7053291529 -367448.51329171564 -0.03057163248529803 
915360.5015673974 -409193.0113499642 -0.022848453360183867 
918495.2978056419 -437096.0844859257 -0.014332578182355681 
921630.0940438864 -455392.3254505745 -0.005596879135216024 
924764.8902821309 -461014.8669601294 0.003128981871882392 
927899.6865203754 -446199.45824316016 0.01185350543118488 
931034.4827586199 -406721.6053802213 0.02045921660658585 
934169.2789968645 -347101.1202586469 0.028476131094798046 
937304.075235109 -277275.46458844404 0.03524440428888009 
940438.8714733535 -204189.48015433954 0.04030774051093139 
943573.667711598 -127067.11033620991 0.04363546145404224 
946708.4639498425 -41233.601630081386 0.0454498670780486 
949843.260188087 53651.71746179502 0.045848553613957614 
952978.0564263315 149737.74745203124 0.04462441568324828 
956112.852664576 235686.6866310666 0.04147540829566851 
959247.6489028205 305127.3411152464 0.03638361068610395 
962382.445141065 360101.9578415302 0.02976262107877855 
965517.2413793096 406012.2591428298 0.02221352054222636 
968652.0376175541 443495.53437444405 0.014138822499365102 
971786.8338557986 465867.33631132264 0.005610816184446036 
974921.6300940431 464888.31460067426 -0.0033787387198464525 
978056.4263322876 438836.1889564186 -0.012562897138506019 
981191.2225705321 394418.7483462164 -0.021325216643707894 
984326.0188087766 340517.0284412465 -0.028998504055467663 
987460.8150470211 280310.55915962 -0.0352358299993952 
990595.6112852657 210009.14687034828 -0.04007660845083487 
993730.4075235102 125373.08562536714 -0.04364697224737138 
996865.2037617547 31311.912788777336 -0.045922660120743974 
999999.9999999992 -126269.27384207332 -0.04357428766933926 
