#x u 
0.0 115911.80549523911 -0.041839100048861134 
3134.796238244514 89401.67324745982 -0.03927924483495908 
6269.592476489028 125202.83431147467 -0.03219436349403142 
9404.38871473354 157140.69741683148 -0.023824442320634284 
12539.184952978056 185472.26428480187 -0.01442252445496261 
15673.98119122257 209508.14316727134 -0.004332322238343416 
18808.777429467085 228406.7917591 0.00606066569527496 
21943.5736677116 241097.68348139533 0.01633930528420687 
25078.369905956115 246240.76174749405 0.026067353974115193 
28213.16614420063 242207.73273226796 0.03480318263445282 
31347.962382445145 227168.3153549129 0.04211796572579472 
34482.75862068966 199412.69857614677 0.04762382306465242 
37617.55485893417 157952.867960535 0.05101336266237505 
40752.35109717868 103250.83138901772 0.05210320137360101 
43887.14733542319 37760.78176940235 0.05086672886634623 
47021.943573667704 -34024.24832466166 0.04744162621816904 
50156.739811912215 -106150.33213564359 0.04210601452201261 
53291.53605015673 -172283.98521380837 0.03522868766642945 
56426.33228840124 -226984.80853785732 0.027207742441137276 
59561.12852664575 -266787.2935393585 0.018415240021958438 
62695.92476489026 -290750.95099918544 0.009163744487345138 
65830.72100313478 -300270.66825199657 -0.000295404171872971 
68965.51724137929 -298163.4145277272 -0.00974241851070482 
72100.3134796238 -287336.72308734496 -0.018941522253754697 
75235.10971786831 -269584.53662835143 -0.027600025778125155 
78369.90595611282 -245073.2065836 -0.035359263631453364 
81504.70219435733 -212778.82819866942 -0.04182880542613043 
84639.49843260185 -171631.04226213245 -0.04665216812685403 
87774.29467084636 -121710.30799417608 -0.04957358424875733 
90909.09090909087 -64822.70738130438 -0.05047438272051143 
94043.88714733538 -4177.204444686016 -0.049365985549244464 
97178.68338557989 56552.39278862644 -0.046352156630060946 
100313.4796238244 114168.45969919335 -0.04158836662692827 
103448.27586206891 166386.51467976658 -0.03526141962066672 
106583.07210031342 211681.08863426745 -0.027593343735277553 
109717.86833855794 248851.44738242507 -0.01885541557453904 
112852.66457680245 276717.0291483995 -0.009373758769864411 
115987.46081504696 294139.73129238107 0.0004821961875835182 
119122.25705329147 300269.5869307814 0.010323241735158329 
122257.05329153598 294769.0975093675 0.019764220176432618 
125391.84952978049 277860.0513160544 0.028440465542225693 
128526.645768025 250225.54679185565 0.03601780731457548 
131661.44200626953 212905.82972436666 0.04220192902725412 
134796.23824451404 167277.63236215196 0.046750646308644506 
137931.03448275855 115082.72536453599 0.04948702121934714 
141065.83072100306 58404.767997874886 0.05030823066768905 
144200.62695924757 -459.09440528100095 0.0491873502723714 
147335.42319749208 -59183.14825843781 0.04616999110584626 
150470.2194357366 -115553.09803047673 0.041370241690065736 
153605.0156739811 -167504.68644613796 0.03496841086970198 
156739.81191222562 -213100.40288427862 0.027208781894166093 
159874.60815047013 -250539.29805336084 0.018393150430658978 
163009.40438871464 -278259.84739362483 0.00886763137057442 
166144.20062695915 -295103.22198759485 -0.0009954415209361962 
169278.99686520366 -300438.1793969466 -0.010815584378829231 
172413.79310344817 -294169.04524301225 -0.020218123491727514 
175548.58934169268 -276638.76346849726 -0.028844070381668606 
178683.3855799372 -248520.82906508868 -0.036359658203931645 
181818.1818181817 -210793.01613915456 -0.04246923805548025 
184952.97805642622 -164799.08599950187 -0.04693127341582285 
188087.77429467073 -112307.44300692502 -0.04957275088412649 
191222.57053291524 -55459.037862444944 -0.05029661718187114 
194357.36677115975 3416.0827766415314 -0.04908091818057159 
197492.16300940426 62017.16585840851 -0.04597376749575329 
200626.95924764877 118193.46611154532 -0.04109003085660076 
203761.75548589329 169922.93243711063 -0.03461167350851579 
206896.5517241378 215242.34830571283 -0.0267875100011695 
210031.3479623823 252276.78075629726 -0.017925712548397976 
213166.14420062682 279423.31602166843 -0.008376795394150462 
216300.94043887133 295582.9647984118 0.0014877283396070883 
219435.73667711584 300263.3496526971 0.011292472006035345 
222570.53291536035 293476.6014618305 0.020667138669485333 
225705.32915360486 275545.09147466585 0.029251957179878003 
228840.12539184937 247016.41210691413 0.03670826884346552 
231974.9216300939 208776.65888468627 0.04273778656361173 
235109.7178683384 162235.70038390416 0.04710419259059923 
238244.5141065829 109355.81582230722 0.04964608865835634 
241379.31034482742 52424.41446354554 0.05027629745084782 
244514.10658307193 -6281.342120834081 0.04897391532629138 
247648.90282131644 -64674.16403833967 0.04578092347352686 
250783.69905956095 -120765.1781255657 0.04080845639999607 
253918.49529780546 -172465.13693537883 0.0342451418558914 
257053.29153604998 -217567.89050458898 0.02635426750301481 
260188.0877742945 -254032.63320605937 0.017454572531082773 
263322.884012539 -280368.3643775667 0.007893916637745618 
266457.6802507835 -295791.48249802366 -0.001968752591552124 
269592.476489028 -300030.27382454334 -0.01176692941277578 
272727.27272727253 -292999.3544322442 -0.021125318229372303 
275862.06896551704 -274704.04299239255 -0.02966981158172649 
278996.86520376155 -245499.02709815998 -0.03705382297642503 
282131.66144200607 -206441.46961978282 -0.042988503668396356 
285266.4576802506 -159343.92906256934 -0.04725821205034177 
288401.2539184951 -106408.14918316068 -0.04971527909556394 
291536.0501567396 -49742.60931249925 -0.050267507005846986 
294670.8463949841 8803.074735545284 -0.048877881183631046 
297805.6426332286 67372.18096766324 -0.045581471556463846 
300940.43887147313 123745.71931077907 -0.04050364735865859 
304075.23510971764 175358.99401944844 -0.03385840318003695 
307210.03134796215 219783.6468502252 -0.025922534072884557 
310344.82758620667 255276.72715321486 -0.017004068141042772 
313479.6238244512 280896.98872720415 -0.0074281137740886995 
316614.4200626957 296109.262443037 0.0024559092259025836 
319749.2163009402 300323.893682251 0.012265721947363362 
322884.0125391847 292896.9404883893 0.021599932978720447 
326018.8087774292 273639.75357443886 0.03007577677725068 
329153.60501567373 243330.80344679093 0.03736704180493122 
332288.40125391824 203675.57446559583 0.043216226627704926 
335423.19749216276 156700.16452660516 0.0474197245225761 
338557.99373040727 104148.68619460546 0.049811666529063506 
341692.7899686518 47465.05709324651 0.05027259242596298 
344827.5862068963 -11663.964401680692 0.04876152118346801 
347962.3824451408 -70834.36056095884 0.045342271821409263 
351097.1786833853 -127113.1596812658 0.04017662526536564 
354231.9749216298 -177811.24785687358 0.03348784316839549 
357366.77115987433 -221137.2953872343 0.025526826460899047 
360501.56739811884 -256118.53163120107 0.016569219729031893 
363636.36363636336 -281916.98746896477 0.006937818215385387 
366771.15987460787 -297307.5574127819 -0.002984504881326924 
369905.9561128524 -300934.1588971879 -0.012779174309090122 
373040.7523510969 -292146.26027645124 -0.0220440398823091 
376175.5485893414 -271576.1129444669 -0.03043423353094806 
379310.3448275859 -240838.09907659987 -0.037662844816750744 
382445.1410658304 -201619.5760553821 -0.04347320369052414 
385579.93730407493 -155073.24864248768 -0.047623944552483394 
388714.73354231945 -102123.23973626658 -0.0499144126606707 
391849.52978056396 -44337.76191376755 -0.05023406277203595 
394984.32601880847 15607.010090930984 -0.04859077650902996 
398119.122257053 74462.32610026277 -0.04509076030428224 
401253.9184952975 129500.66244797032 -0.03989005955740147 
404388.714733542 179118.99522568274 -0.03316570634426691 
407523.5109717865 222381.15299353958 -0.02513269253252735 
410658.307210031 258029.01221526013 -0.016082640009767137 
413793.10344827553 284069.54857336916 -0.006393682380692776 
416927.89968652005 298465.319721189 0.0035122748861047583 
420062.69592476456 300291.0896553784 0.013235275107384314 
423197.49216300907 290184.96185212885 0.022431815595531354 
426332.2884012536 269611.04074242304 0.030795464042912755 
429467.0846394981 239677.26498717055 0.038017115605023945 
432601.8808777426 200733.98042450342 0.04378050934271742 
435736.6771159871 153177.0926517401 0.04781189371586115 
438871.4733542316 98599.75905995007 0.049944105252429406 
442006.26959247614 40021.68503709272 0.050136367113124365 
445141.06583072065 -19152.363253737167 0.04843347908388521 
448275.86206896516 -76465.25091231563 0.04490903269292192 
451410.65830720967 -130714.53207999498 0.0396528459766947 
454545.4545454542 -180963.17048031016 0.03281496792787906 
457680.2507836987 -225349.3062144523 0.024656094626603748 
460815.0470219432 -261036.41590991782 0.015543072903454917 
463949.8432601877 -285471.84322091984 0.005882054067077082 
467084.6394984322 -297727.6728701253 -0.0039541498787537595 
470219.43573667674 -298556.8833111398 -0.013641412005342133 
473354.23197492125 -289101.4789818447 -0.02285894284547649 
476489.02821316576 -269601.34294649237 -0.031244536306807423 
479623.82445141027 -239477.50965526782 -0.038412818408875615 
482758.6206896548 -198730.79291688197 -0.04403323336928751 
485893.4169278993 -149181.6085530865 -0.0478996582811358 
489028.2131661438 -94183.22060875809 -0.049928456504988866 
492163.0094043883 -37004.118405789864 -0.050093507544262665 
495297.8056426328 20518.119268233502 -0.04837130685901922 
498432.60188087734 77697.1414473918 -0.044757951994181214 
501567.39811912185 133427.92008417132 -0.03934247094592969 
504702.19435736636 185043.7740153551 -0.03235772958473167 
507836.99059561087 228914.61323246843 -0.02414873138992929 
510971.7868338554 262287.51952380943 -0.015081342635471213 
514106.5830720999 284530.0953956351 -0.0054760317308913346 
517241.3793103444 296506.15354937303 0.004374785356341404 
520376.1755485889 298744.65806491405 0.014135652390974146 
523510.9717868334 290346.7092501337 0.023391881236006967 
526645.768025078 269831.06679477706 0.03170275135189959 
529780.5642633225 237078.60767478342 0.0387050564144044 
532915.360501567 194329.0243870068 0.04417262472364189 
536050.1567398115 145114.16829349767 0.047980142094357164 
539184.952978056 92154.34284884644 0.050017828977207156 
542319.7492163006 36358.09380765713 0.05015466014472565 
545454.5454545451 -22057.533978658423 0.04829639189496671 
548589.3416927896 -81539.53230376865 0.04448252552646164 
551724.1379310341 -138477.96820412017 0.03892057983044565 
554858.9341692786 -188680.98204185662 0.03191685454988127 
557993.7304075231 -229628.60378115732 0.02376870621685679 
561128.5266457676 -261220.14781717144 0.014723257260646246 
564263.3228840121 -284259.5621100062 0.0050374464117175196 
567398.1191222566 -298291.2424036148 -0.004934130789080919 
570532.9153605012 -301115.8032061249 -0.014729930654772868 
573667.7115987457 -290578.26398396736 -0.023877377117052713 
576802.5078369902 -266809.81804625364 -0.03201007402198115 
579937.3040752347 -232559.70445855634 -0.03889741845927512 
583072.1003134792 -191201.5304299417 -0.04436700566782846 
586206.8965517237 -144436.56995496477 -0.04821200022062119 
589341.6927899682 -92072.30184564574 -0.05019199861442518 
592476.4890282127 -34099.15412061678 -0.05013717765583046 
595611.2852664572 27153.999788602472 -0.04805364759829523 
598746.0815047018 87151.22421051764 -0.04412132158267922 
601880.8777429463 141571.83308560972 -0.03858396527683119 
605015.6739811908 188601.27179795434 -0.031642420253661804 
608150.4702194353 228748.08792316203 -0.023458443474970603 
611285.2664576798 262406.1974970093 -0.014259290903259744 
614420.0626959243 287768.52817846765 -0.004423865140391527 
617554.8589341688 301375.77025943965 0.00555388710991203 
620689.6551724133 300830.7435848711 0.015202364578752481 
623824.4514106578 286887.2035580232 0.024182045252272237 
626959.2476489024 262703.63557745534 0.03226574737667629 
630094.0438871469 230988.8603932662 0.039222174162897666 
633228.8401253914 191999.34588394902 0.044737860855278894 
636363.6363636359 144495.5432677755 0.04847358728341203 
639498.4326018804 88660.61299972658 0.05020908610195056 
642633.2288401249 27869.342704694536 0.04993296835917957 
645768.0250783694 -32667.102217002095 0.04778702431481988 
648902.8213166139 -89096.64101496138 0.04392350470007867 
652037.6175548584 -140705.12826719056 0.038424522696431346 
655172.413793103 -188453.34971750397 0.03136720525964468 
658307.2100313475 -231840.38420331333 0.022962783945750298 
661442.006269592 -267463.5411405462 0.013615323688725242 
664576.8025078365 -290911.7090951217 0.003825342244039869 
667711.598746081 -300121.1542956002 -0.0059755481061942745 
670846.3949843255 -296720.0203076813 -0.015499301738677956 
673981.19122257 -283929.4703837312 -0.024519257498115545 
677115.9874608145 -263190.0781381305 -0.03272997474906743 
680250.783699059 -233060.12131455887 -0.03971109852779013 
683385.5799373036 -191581.8920382405 -0.04504952542380568 
686520.3761755481 -139646.35728276495 -0.04850613654111327 
689655.1724137926 -81762.63798377945 -0.05006189467044651 
692789.9686520371 -23300.491337094874 -0.04980017472920411 
695924.7648902816 33020.407513380596 -0.04775213443899759 
699059.5611285261 87774.99034598308 -0.043870786645598014 
702194.3573667706 141959.62067204056 -0.038163497037641866 
705329.1536050151 193663.89763493856 -0.03084249016030509 
708463.9498432596 237891.12831049543 -0.022328258108341822 
711598.7460815042 269862.6524016517 -0.013090694232917338 
714733.5423197487 288449.8385950412 -0.0034820778521170255 
717868.3385579932 296165.22045220993 0.006274141521956952 
721003.1347962377 295704.62059972796 0.015937937379717885 
724137.9310344822 286668.55040839367 0.025116482911349842 
727272.7272727267 265954.3423554046 0.03329660795386385 
730407.5235109712 231472.9446025727 0.0400295130670661 
733542.3197492157 185299.7101970408 0.045088846673884915 
736677.1159874602 132876.9868593444 0.04844658525264664 
739811.9122257048 78987.25858235205 0.050099181770991076 
742946.7084639493 24634.89242109332 0.04993324637312941 
746081.5047021938 -31921.01141966797 0.047779054945940105 
749216.3009404383 -91082.80861047673 0.04360121913472083 
752351.0971786828 -149135.04576483567 0.037626736803479034 
755485.8934169273 -199825.92542767458 0.030270309080520662 
758620.6896551718 -238803.18316024775 0.021926054944220005 
761755.4858934163 -266343.2882804988 0.012834884873926361 
764890.2821316608 -285528.0352438553 0.0031582756897315253 
768025.0783699054 -297778.9686165881 -0.0068287445780219605 
771159.8746081499 -300477.4880244974 -0.01664166279581128 
774294.6708463944 -289259.6201114235 -0.02570576235863352 
777429.4670846389 -262655.3180465277 -0.03358326700831852 
780564.2633228834 -224201.4453651914 -0.04008451821471621 
783699.0595611279 -179728.01150992967 -0.04515718574012678 
786833.8557993724 -132568.8366488935 -0.0486790931525237 
789968.6520376169 -81677.40117387964 -0.050382486864789855 
793103.4482758614 -24627.120421285344 -0.050000061087795186 
796238.244514106 37670.880368564554 -0.04748724500350305 
799373.0407523505 99579.75116197318 -0.04308916371156344 
802507.836990595 154293.31246675653 -0.03717813257238202 
805642.6332288395 198747.64088197803 -0.0300261881851669 
808777.429467084 234801.1267671108 -0.021745911066622534 
811912.2257053285 265453.4495914136 -0.012456096281284829 
815047.021943573 290094.4344329791 -0.0024896276188098323 
818181.8181818175 303855.7132089187 0.00758859799926668 
821316.614420062 301867.2418834807 0.01719000702909479 
824451.4106583066 284027.9431466161 0.025935169631873457 
827586.2068965511 255265.9165200957 0.03368022855691209 
830721.0031347956 220935.91839327783 0.040320210329941854 
833855.7993730401 182123.99094187457 0.045587302112640206 
836990.5956112846 135788.6444611793 0.04906954731775568 
840125.3918495291 79615.26079404727 0.050443883722551874 
843260.1880877736 16457.748964863575 0.04968820426596446 
846394.9843260181 -46415.81779540282 0.047052861246921616 
849529.7805642626 -102644.15519807617 0.042820147215514345 
852664.5768025072 -151193.1965666939 0.03710206745895797 
855799.3730407517 -195274.06434098296 0.029887193038458666 
858934.1692789962 -236900.94699290546 0.021284347399850422 
862068.9655172407 -272855.7067114563 0.011699257993805811 
865203.7617554852 -296421.4454424691 0.001744967456472951 
868338.5579937297 -303205.10717782995 -0.008036228059591657 
871473.3542319742 -295008.0720272549 -0.017361981999738364 
874608.1504702187 -277661.18345839676 -0.026123199629128537 
877742.9467084632 -255041.56669511565 -0.03412364306618799 
880877.7429467078 -225534.09783287207 -0.040933354463800094 
884012.5391849523 -184679.79862485878 -0.04602700958462627 
887147.3354231968 -131240.11267815167 -0.04907842123260692 
890282.1316614413 -70237.69791321292 -0.050113172031853406 
893416.9278996858 -9639.612305481787 -0.049363683502530925 
896551.7241379303 45957.76015791355 -0.046979357308335204 
899686.5203761748 98039.15371442553 -0.04289577532313529 
902821.3166144193 150379.06993167065 -0.03699973310346102 
905956.1128526638 202703.72698755254 -0.02941392085289352 
909090.9090909084 248560.35701817225 -0.02059538976419844 
912225.7053291529 279858.20131762075 -0.011134876317177283 
915360.5015673974 293572.65495252784 -0.001459163501234431 
918495.2978056419 293754.8514881998 0.008256800311518644 
921630.0940438864 286799.12101429363 0.017881726762662302 
924764.8902821309 274912.4283421128 0.027054216998580082 
927899.6865203754 254568.74130265866 0.03515202840467713 
931034.4827586199 221440.8405044605 0.04156450759587339 
934169.2789968645 176415.92589661846 0.04600938397182136 
937304.075235109 126102.10557030141 0.04858106357054514 
940438.8714733535 77064.61907948217 0.04948970853898483 
943573.667711598 29793.420922630772 0.04876720996855043 
946708.4639498425 -21089.50951586802 0.046245583618007284 
949843.260188087 -80294.67530108636 0.041822382735034365 
952978.0564263315 -145595.75613548688 0.03572095147269022 
956112.852664576 -208303.84725376658 0.0284550614498367 
959247.6489028205 -260049.58677931217 0.020519176435115794 
962382.445141065 -298904.4574626407 0.012120299771035757 
965517.2413793096 -328593.1007102726 0.003231466605182433 
968652.0376175541 -351833.0447121456 -0.006087404257474401 
971786.8338557986 -365064.72317156586 -0.015439385738433932 
974921.6300940431 -360412.3481272755 -0.024181335463432013 
978056.4263322876 -333063.6154139276 -0.031772276548650114 
981191.2225705321 -286402.9712592673 -0.038025729116341764 
984326.0188087766 -229412.508142893 -0.04301130865629426 
987460.8150470211 -168883.7068377828 -0.04671897826525035 
990595.6112852657 -104454.82040119516 -0.048850968428348907 
993730.4075235102 -31630.819144482626 -0.048971921466624185 
996865.2037617547 51724.23277488051 -0.04692817158243085 
999999.9999999992 115399.69111180978 -0.04186257420788333 
