#x u 
0.0 202529930.16390455 9.287142399953357 
3134.796238244514 -4419303.513752055 -0.20856365282715317 
6269.592476489028 805917.8470274922 0.02155666801528036 
9404.38871473354 695984.178154011 0.007720540793585873 
12539.184952978056 691837.7033429056 -0.0003314327337838192 
15673.98119122257 657604.7769652542 -0.008523371775648917 
18808.777429467085 597918.4733324983 -0.016386804032851508 
21943.5736677116 514928.26380976045 -0.023624920489456525 
25078.369905956115 411868.7026377113 -0.029956662533085834 
28213.16614420063 292821.4750076145 -0.03513276427056963 
31347.962382445145 162457.63518211833 -0.03894997188667637 
34482.75862068966 25781.746163426556 -0.041262351872013804 
37617.55485893417 -112028.9608986388 -0.04198543602860114 
40752.35109717868 -245715.11784466245 -0.04109446072615994 
43887.14733542319 -370065.75315747474 -0.03862198541722475 
47021.943573667704 -480162.49573588057 -0.03465859063529647 
50156.739811912215 -571686.6918393301 -0.02935473476308832 
53291.53605015673 -641155.9069542497 -0.02291812151650533 
56426.33228840124 -686005.1829162143 -0.015603219922090154 
59561.12852664575 -704562.4310355238 -0.007695749583126508 
62695.92476489026 -696048.0328427836 0.0005013502408405181 
65830.72100313478 -660669.7731603988 0.008676665678628818 
68965.51724137929 -599744.9862692569 0.016516383403201936 
72100.3134796238 -515709.09429841617 0.02371369937170186 
75235.10971786831 -411944.6800198102 0.02998420095198724 
78369.90595611282 -292514.72922400804 0.03508309693886967 
81504.70219435733 -161952.81686200667 0.0388170991940148 
84639.49843260185 -25177.03520690583 0.041047806470945934 
87774.29467084636 112559.18547786234 0.041690593123053815 
90909.09090909087 245825.53635924993 0.040715833060205306 
94043.88714733538 369326.97783413366 0.038154728074864565 
97178.68338557989 478253.689218036 0.03410475647889993 
100313.4796238244 568502.4749337127 0.028727526759084257 
103448.27586206891 636720.0179376149 0.02223723772672441 
106583.07210031342 680284.1437632256 0.014885592740900627 
109717.86833855794 697380.3610390867 0.006950926870968422 
112852.66457680245 687200.9168399527 -0.001266648333510525 
115987.46081504696 650126.5465130565 -0.00944995092681812 
119122.25705329147 587724.7622738449 -0.017276397561250302 
122257.05329153598 502546.7665869079 -0.024437008321568164 
125391.84952978049 397877.3919034896 -0.030655295046193763 
128526.645768025 277608.17723680707 -0.03569794848930422 
131661.44200626953 146242.88989177166 -0.039376709356792675 
134796.23824451404 8874.307003397273 -0.04154872944546517 
137931.03448275855 -129027.19930527551 -0.042122759185148066 
141065.83072100306 -261994.57834148314 -0.04107044012633062 
144200.62695924757 -384924.5464836874 -0.03843423298335045 
147335.42319749208 -493244.8777241451 -0.03432439810486565 
150470.2194357366 -582908.809823927 -0.028906370829826823 
153605.0156739811 -650405.9804641955 -0.022387692332971273 
156739.81191222562 -692944.9720173868 -0.015012129180028455 
159874.60815047013 -708756.2008396998 -0.007059182728124979 
163009.40438871464 -697300.7702508406 0.0011602825026748407 
166144.20062695915 -659226.695872972 0.009319021700828323 
169278.99686520366 -596137.0374943992 0.017095543983607794 
172413.79310344817 -510394.377346127 0.024192665218718882 
175548.58934169268 -405112.8965863527 0.030345175542511392 
178683.3855799372 -284255.7997395053 0.03532010928145313 
181818.1818181817 -152606.8908144305 0.03892003166156879 
184952.97805642622 -15482.45373698762 0.0409954008503419 
188087.77429467073 121702.18103182872 0.04146079499084085 
191222.57053291524 253756.27922446135 0.040303451599872815 
194357.36677115975 375790.82674210076 0.03757809547748677 
197492.16300940426 483170.915615775 0.03339397399024298 
200626.95924764877 571593.2571910147 0.02790596992995458 
203761.75548589329 637397.2621489596 0.021315243634229816 
206896.5517241378 677950.6803852055 0.013872642422552697 
210031.3479623823 691838.6130726935 0.005872998442212941 
213166.14420062682 678752.0040126183 -0.0023638917557869507 
216300.94043887133 639249.6400419946 -0.010517090916577237 
219435.73667711584 574665.7660579575 -0.018280175959622443 
222570.53291536035 487246.5240649184 -0.025364468287964917 
225705.32915360486 380317.1396544961 -0.031498552148926794 
228840.12539184937 258205.67699940575 -0.03643637106419584 
231974.9216300939 125865.71008028222 -0.039976367037650284 
235109.7178683384 -11571.472795145397 -0.04198102029830618 
238244.5141065829 -149027.29142870716 -0.04238363379428033 
241379.31034482742 -281440.5112749452 -0.04118028942629075 
244514.10658307193 -403706.6414066806 -0.038418250441820866 
247648.90282131644 -510865.58844696893 -0.03419368746323501 
250783.69905956095 -598546.6983808792 -0.028659567295211026 
253918.49529780546 -663391.9499344025 -0.022031388749839013 
257053.29153604998 -703171.5045853339 -0.014578193623859124 
260188.0877742945 -716595.8096821029 -0.00659959760766308 
263322.884012539 -703115.8494695523 0.0015972376726003771 
266457.6802507835 -662984.4686536953 0.00970764480845314 
269592.476489028 -597540.836937333 0.017427744703732782 
272727.27272727253 -509401.22394919704 0.024455079145301182 
275862.06896551704 -402290.38696984306 0.030503398205195424 
278996.86520376155 -280584.26587116404 0.03532808904705069 
282131.66144200607 -148907.9368361282 0.03874630744089081 
285266.4576802506 -12053.036562650264 0.040639635281922534 
288401.2539184951 124876.50735524399 0.040943486480917154 
291536.0501567396 256441.44521687 0.03963950187377452 
294670.8463949841 377203.8908659036 0.036762050767167674 
297805.6426332286 482284.7695040153 0.03241281512819867 
300940.43887147313 567757.6093768891 0.026766259687988334 
304075.23510971764 630642.8267218855 0.020055663587616297 
307210.03134796215 668661.4332505761 0.012547528548677623 
310344.82758620667 680136.1600851258 0.004522701398725499 
313479.6238244512 664245.9214359093 -0.003725795263776453 
316614.4200626957 621431.3436182906 -0.01188696112764034 
319749.2163009402 553543.7939914034 -0.01963623236553113 
322884.0125391847 463551.68531540025 -0.02665821321971843 
326018.8087774292 355042.3882061714 -0.03267644190735701 
329153.60501567373 231942.03576166305 -0.03747056613830614 
332288.40125391824 98620.07608650575 -0.040873112439618255 
335423.19749216276 -39887.02763799821 -0.04275796340902478 
338557.99373040727 -177952.4724547523 -0.04303982194074987 
341692.7899686518 -309860.9509181448 -0.04169053889681105 
344827.5862068963 -430418.98886473355 -0.038758047499709146 
347962.3824451408 -535233.405883535 -0.034368068096356424 
351097.1786833853 -620549.8271175091 -0.02870405720440988 
354231.9749216298 -682990.1207420395 -0.021981423189539252 
357366.77115987433 -719619.5671442929 -0.014436287413093475 
360501.56739811884 -728408.4514442859 -0.006332309837551137 
363636.36363636336 -708709.0343500946 0.0020312412091464905 
366771.15987460787 -661318.1697701027 0.010329339612122457 
369905.9561128524 -588101.6745868265 0.018239575739256633 
373040.7523510969 -491598.54987831076 0.025469458292862353 
376175.5485893414 -375031.6184074704 0.03176273682017182 
379310.3448275859 -242703.41668542183 0.03688545161733931 
382445.1410658304 -100310.49473068636 0.04061294796026023 
385579.93730407493 45269.09884154376 0.04273820758233905 
388714.73354231945 186689.14535009148 0.043100359840937845 
391849.52978056396 316890.9479452029 0.04161251988776645 
394984.32601880847 429497.31536320434 0.038270695109844766 
398119.122257053 518912.74830896984 0.033147227095711 
401253.9184952975 580565.6221231314 0.026389176934515587 
404388.714733542 611567.8014353863 0.01823477167343168 
407523.5109717865 611513.8991457194 0.0090357119062077 
410658.307210031 582771.3073126939 -0.0007438497664851846 
413793.10344827553 529846.8734300743 -0.010570091089683644 
416927.89968652005 458078.4846313981 -0.01991215403529166 
420062.69592476456 372376.04619682836 -0.028310931536055992 
423197.49216300907 276596.3474775938 -0.0354167823217577 
426332.2884012536 173564.5048171587 -0.04099523387158134 
429467.0846394981 65341.941432761705 -0.04491874486283483 
432601.8808777426 -46542.821218879384 -0.04715737636057826 
435736.6771159871 -160772.1480060249 -0.047762449601445225 
438871.4733542316 -275553.66495698283 -0.046830788248637865 
442006.26959247614 -387677.073054841 -0.044454594675565354 
445141.06583072065 -491946.59885500657 -0.04068625411039872 
448275.86206896516 -581664.078477108 -0.03554933383105806 
451410.65830720967 -650188.4530931753 -0.029097333153311828 
454545.4545454542 -692762.0733487899 -0.021483505552508813 
457680.2507836987 -707535.6822250602 -0.012993305739250295 
460815.0470219432 -695311.6299152125 -0.004018051060948635 
463949.8432601877 -658448.7092431984 0.005009187581082701 
467084.6394984322 -599827.4558702561 0.013673566289857013 
470219.43573667674 -522436.18053034984 0.021608050040368327 
473354.23197492125 -429440.44547636446 0.028498525458358674 
476489.02821316576 -324254.98017548834 0.03408640876648707 
479623.82445141027 -210404.51926384683 0.038178674054395456 
482758.6206896548 -91419.67654613387 0.04065421079962743 
485893.4169278993 28926.444907639034 0.04145252407503716 
489028.2131661438 146169.7744593035 0.04055039809543292 
492163.0094043883 255039.3252215614 0.03795091034573056 
495297.8056426328 350068.89119325543 0.03370231585592245 
498432.60188087734 426674.9417195054 0.02793460887373415 
501567.39811912185 481928.0869647425 0.020878904740466813 
504702.19435736636 514452.2258944849 0.012845172504305466 
507836.99059561087 523666.3284385494 0.004170310684935501 
510971.7868338554 509177.8215756415 -0.00482415662805352 
514106.5830720999 470933.735432805 -0.013835510054959567 
517241.3793103444 409925.1752232525 -0.022553647953493912 
520376.1755485889 328644.2771179236 -0.0306433849355073 
523510.9717868334 230728.74321012665 -0.03776356326267071 
526645.768025078 120062.84381735147 -0.043613140627027445 
529780.5642633225 174.32028861244908 -0.04796717283434799 
532915.360501567 -125527.61853257567 -0.0506771591260425 
536050.1567398115 -252996.55041311868 -0.05164793575858021 
539184.952978056 -377147.97732968576 -0.050827058452149444 
542319.7492163006 -492343.66448502784 -0.04822680964192166 
545454.5454545451 -593407.7155597043 -0.043959838074112675 
548589.3416927896 -676311.2526313604 -0.03824859647308306 
551724.1379310341 -738053.9479604396 -0.031389557276759225 
554858.9341692786 -776144.7514414921 -0.023695554332261757 
557993.7304075231 -788509.5586932391 -0.015460087120763598 
561128.5266457676 -774165.3608263691 -0.0069644256367657415 
564263.3228840121 -734101.6697162875 0.0014948447382700778 
567398.1191222566 -671457.2433675937 0.00959910616508864 
570532.9153605012 -590678.305442279 0.017038314029526727 
573667.7115987457 -496304.08225474827 0.023553261826091684 
576802.5078369902 -392360.343902714 0.028949092801842054 
579937.3040752347 -282696.599771352 0.03306857586977388 
583072.1003134792 -171637.00875363493 0.035756389114913044 
586206.8965517237 -64027.36375909498 0.036856945955245975 
589341.6927899682 35552.73430351801 0.03625510863064695 
592476.4890282127 123705.51162263873 0.03392501666307351 
595611.2852664572 198356.42731723294 0.02994294789105608 
598746.0815047018 257988.55692644021 0.024455721495092883 
601880.8777429463 300775.73189679714 0.01763999016508551 
605015.6739811908 324539.70649754145 0.009694261792683102 
608150.4702194353 327613.55098339356 0.000867800309561569 
611285.2664576798 309753.4097609473 -0.008511824286802229 
614420.0626959243 272183.6223438771 -0.018052996541207206 
617554.8589341688 216753.21903640847 -0.027355571685042504 
620689.6551724133 145098.02169895614 -0.03606524873323232 
623824.4514106578 58682.21354071301 -0.04388562766240205 
626959.2476489024 -40349.630512262374 -0.05055033689474372 
630094.0438871469 -148461.3283408818 -0.05579837998449253 
633228.8401253914 -260997.9106450577 -0.05939116411138963 
636363.6363636359 -373288.001814791 -0.06116414229086072 
639498.4326018804 -481569.9627191217 -0.06106712151072469 
642633.2288401249 -582924.1858309909 -0.059156015071585244 
645768.0250783694 -674433.1605556256 -0.055546525826230285 
648902.8213166139 -752598.890979838 -0.050377339730297115 
652037.6175548584 -813775.429614258 -0.04381799876818592 
655172.413793103 -855299.9740458217 -0.03610742096790479 
658307.2100313475 -876250.3140061271 -0.02757443257230634 
661442.006269592 -877114.8451236313 -0.018608130991663953 
664576.8025078365 -858766.8916943944 -0.009596581362119943 
667711.598746081 -821835.0587222049 -0.0008844268976545828 
670846.3949843255 -767120.9976487611 0.007220217840056253 
673981.19122257 -696591.4807013773 0.014410812000839462 
677115.9874608145 -613838.7936794164 0.020369667602181268 
680250.783699059 -523428.751280371 0.02480376074876268 
683385.5799373036 -429695.04567520344 0.02750323849891976 
686520.3761755481 -336102.00269498973 0.028371064328314592 
689655.1724137926 -245693.59165601042 0.027400049436562768 
692789.9686520371 -162004.1674054287 0.02462598939514193 
695924.7648902816 -89321.0088641665 0.02010798123628596 
699059.5611285261 -31870.277743888713 0.013955852709701611 
702194.3573667706 7364.9143677473185 0.006372601363709608 
705329.1536050151 27083.374467173067 -0.002338626303400538 
708463.9498432596 27005.96556550436 -0.011818810521490655 
711598.7460815042 6885.189587593166 -0.02171283477992778 
714733.5423197487 -33730.68435013684 -0.031694468696477254 
717868.3385579932 -94714.47283489155 -0.04144388636672329 
721003.1347962377 -174390.77637623 -0.050615377994902025 
724137.9310344822 -269437.2545096612 -0.058843223438799365 
727272.7272727267 -375829.3369949417 -0.06579324901778301 
730407.5235109712 -489935.7994093214 -0.07121883496797052 
733542.3197492157 -608740.2616243871 -0.074974168704666 
736677.1159874602 -729099.3498956802 -0.0769805325624351 
739811.9122257048 -846968.3469187543 -0.07718828159703012 
742946.7084639493 -957561.1535985478 -0.07557892619990438 
746081.5047021938 -1056429.704479573 -0.07220684147054296 
749216.3009404383 -1140481.0904299985 -0.06723590273401799 
752351.0971786828 -1208010.6788637305 -0.060929184325814074 
755485.8934169273 -1257847.9155215002 -0.05359661047438552 
758620.6896551718 -1288616.6700486257 -0.04554699160397835 
761755.4858934163 -1298958.146203796 -0.03708386108988158 
764890.2821316608 -1288521.7194479804 -0.02853674684768191 
768025.0783699054 -1258697.5253209723 -0.020281387185938003 
771159.8746081499 -1212313.988122472 -0.012713800494237674 
774294.6708463944 -1152583.5936439775 -0.006191661347112893 
777429.4670846389 -1082334.1024495652 -0.0009909240738102945 
780564.2633228834 -1004225.1207933036 0.002689908940699543 
783699.0595611279 -921588.1966324787 0.004694240978183725 
786833.8557993724 -838863.9946895385 0.0048874921529521815 
789968.6520376169 -761034.347243022 0.003180465840852161 
793103.4482758614 -692501.4029895638 -0.00042465533698062127 
796238.244514106 -636437.2061117059 -0.005812383099967924 
799373.0407523505 -595123.5741613123 -0.012779591253013624 
802507.836990595 -570768.4556385996 -0.02108483516761559 
805642.6332288395 -565813.0234515817 -0.030475678590240824 
808777.429467084 -582318.1394861218 -0.04067465936178763 
811912.2257053285 -621017.2829594146 -0.05135026022839772 
815047.021943573 -680988.8874289086 -0.06211600940212176 
818181.8181818175 -760261.5629464689 -0.07257153390537018 
821316.614420062 -856711.8013679006 -0.08235569637887431 
824451.4106583066 -968353.072147675 -0.09117004773674078 
827586.2068965511 -1092805.1430735057 -0.09876252184147023 
830721.0031347956 -1226624.414547458 -0.10490226787518434 
833855.7993730401 -1365325.6326846136 -0.10938346868302376 
836990.5956112846 -1504192.6292669054 -0.11206251188493369 
840125.3918495291 -1639154.8223785704 -0.11289536054488081 
843260.1880877736 -1766964.6931558244 -0.11194017592456447 
846394.9843260181 -1884671.4941224596 -0.10932518800670353 
849529.7805642626 -1989122.2974373845 -0.10521563570240726 
852664.5768025072 -2077155.812265624 -0.09981067251233854 
855799.3730407517 -2146381.333273996 -0.09336576696827333 
858934.1692789962 -2195797.007446912 -0.08620692598747005 
862068.9655172407 -2225672.6231757877 -0.07871093968408731 
865203.7617554852 -2236895.261968442 -0.07126129527934909 
868338.5579937297 -2230508.853283208 -0.06421381429214287 
871473.3542319742 -2207911.4875036036 -0.05789378771914352 
874608.1504702187 -2171421.612502317 -0.05261182838016995 
877742.9467084632 -2124511.1783914873 -0.04866665590413671 
880877.7429467078 -2071363.9901286592 -0.04631945531972062 
884012.5391849523 -2016136.8776587602 -0.04575732673330311 
887147.3354231968 -1962590.170359025 -0.04707648012409636 
890282.1316614413 -1914314.0077026538 -0.05029555382108683 
893416.9278996858 -1875112.0408908566 -0.055378845448729216 
896551.7241379303 -1848948.8383420873 -0.062242023861832904 
899686.5203761748 -1839376.8905019967 -0.07073615280247 
902821.3166144193 -1848952.1214864345 -0.08063295558801838 
905956.1128526638 -1879163.0506087134 -0.09163492597686503 
909090.9090909084 -1930832.5167112635 -0.10340788532225058 
912225.7053291529 -2004446.7195014195 -0.11561044627606146 
915360.5015673974 -2099989.947997934 -0.127900500366345 
918495.2978056419 -2216467.08138466 -0.13992653199906888 
921630.0940438864 -2351688.963097312 -0.1513296096977051 
924764.8902821309 -2502627.0667006127 -0.16176964267567093 
927899.6865203754 -2666016.4446083414 -0.17096080174109674 
931034.4827586199 -2838618.0116288075 -0.17868880752329241 
934169.2789968645 -3016959.4136716654 -0.18480159724102888 
937304.075235109 -3197000.7825105507 -0.1891937290252489 
940438.8714733535 -3374293.2176114344 -0.19181056295723425 
943573.667711598 -3544650.962198715 -0.1926732991450531 
946708.4639498425 -3704751.1610962874 -0.19189823001521897 
949843.260188087 -3852115.1929133763 -0.18968549769168452 
952978.0564263315 -3984603.706239374 -0.1862838146479134 
956112.852664576 -4100121.027147333 -0.18196350462046293 
959247.6489028205 -4197008.202629508 -0.1770203507413355 
962382.445141065 -4274805.913788866 -0.17179618725178059 
965517.2413793096 -4334576.233664316 -0.16667961526576122 
968652.0376175541 -4378382.13203659 -0.16206899982981718 
971786.8338557986 -4408432.599567735 -0.15832153629556325 
974921.6300940431 -4426799.812152089 -0.15573038857430377 
978056.4263322876 -4436003.482235097 -0.15454381085457022 
981191.2225705321 -4439757.843657552 -0.1549942540080831 
984326.0188087766 -4442903.726240839 -0.1572928467389235 
987460.8150470211 -4450374.634521879 -0.16158242281545065 
990595.6112852657 -4466122.5235971715 -0.16789134481276588 
993730.4075235102 -4492973.69245195 -0.17613941034529343 
996865.2037617547 -4536455.44958401 -0.18605617366408966 
999999.9999999992 -4493784.249610386 -0.20235399138693133 
