#x u 
0.0 186806.8035751163 -0.024037610394742462 
3134.796238244514 252103.36318084554 -0.027823552191008176 
6269.592476489028 416563.5450134131 -0.0255412587666898 
9404.38871473354 562049.6967848497 -0.022402634886043604 
12539.184952978056 685849.39281924 -0.01839550192188848 
15673.98119122257 783127.0465469044 -0.013677027527618162 
18808.777429467085 850121.1898892747 -0.008429663238686786 
21943.5736677116 884241.1698723887 -0.0028563240900758365 
25078.369905956115 884167.567592846 0.002827469034267602 
28213.16614420063 849903.2292494526 0.008401924007089102 
31347.962382445145 782773.1558845026 0.013651476804480105 
34482.75862068966 685373.2656299314 0.01837312736092417 
37617.55485893417 561470.0096228417 0.02238428957636673 
40752.35109717868 415854.72344132274 0.025529851915795043 
43887.14733542319 254158.3462864813 0.027688175568126288 
47021.943573667704 82633.67271494928 0.02877579821576113 
50156.739811912215 -92086.44275848617 0.02875066152016122 
53291.53605015673 -263245.5779666155 0.02761373751666958 
56426.33228840124 -424225.01375333534 0.025408991025929792 
59561.12852664575 -568799.6796654408 0.022221679535454064 
62695.92476489026 -691378.8772596617 0.018175056294873662 
65830.72100313478 -787222.4722611303 0.013425604116089906 
68965.51724137929 -852624.1954283323 0.00815698418714561 
72100.3134796238 -885054.9638850169 0.0025729338990222 
75235.10971786831 -883260.6806870125 -0.003110611673791326 
78369.90595611282 -847310.7307173391 -0.008673869976822332 
81504.70219435733 -778595.2975746456 -0.013901709961086233 
84639.49843260185 -679771.6052108314 -0.018591971194965883 
87774.29467084636 -554661.1631522792 -0.022563281402666283 
90909.09090909087 -408101.9888292265 -0.025662070125242457 
94043.88714733538 -245761.52157183355 -0.02776850728611748 
97178.68338557989 -73917.46288367877 -0.028801137016921493 
100313.4796238244 100784.98210657932 -0.028720027553731244 
103448.27586206891 271590.07454884105 -0.027528315397307337 
106583.07210031342 431892.78611123795 -0.02527208402469405 
109717.86833855794 575494.2152481236 -0.022038581842401244 
112852.66457680245 696841.2985561548 -0.01795284829287072 
115987.46081504696 791241.5475867803 -0.013172878582599237 
119122.25705329147 855044.5072483678 -0.007883514011751616 
122257.05329153598 885782.918806438 -0.002289294166053858 
125391.84952978049 882268.1287125839 0.0033934526234870818 
128526.645768025 844636.0538052225 0.00894497469132624 
131661.44200626953 774341.9254091107 0.014150594828378332 
134796.23824451404 674104.015579148 0.01880901184392038 
137931.03448275855 547798.5215931039 0.022740084877224242 
141065.83072100306 400309.6735071213 0.025791799439796894 
144200.62695924757 237340.86111077198 0.027846145811562906 
147335.42319749208 65194.08399726182 0.028823682473566602 
150470.2194357366 -109473.74659138168 0.028686608109373832 
153605.0156739811 -279908.23034303763 0.027440223380962064 
156739.81191222562 -439518.6703539398 0.025132725952264224 
159874.60815047013 -582132.935200722 0.021853346686800487 
163009.40438871464 -702236.1350965948 0.01772889909258521 
166144.20062695915 -795183.8825311086 0.012918875447182064 
169278.99686520366 -857381.8906102953 0.00760927923561938 
172413.79310344817 -886424.9640342095 0.002005432400625458 
175548.58934169268 -881190.0079345033 -0.003675964451375501 
178683.3855799372 -841879.4579228001 -0.009215211856886263 
181818.1818181817 -770013.4519110275 -0.014398107267682859 
184952.97805642622 -668371.0464191072 -0.019024228257600605 
188087.77429467073 -540882.7505339187 -0.022914682852370766 
191222.57053291524 -392478.5332296545 -0.025919027277407206 
194357.36677115975 -228897.18160312952 -0.027921083614387353 
197492.16300940426 -56464.382126530494 -0.02884343239843795 
200626.95924764877 118151.89351153164 -0.028650406428279585 
203761.75548589329 288199.23870839534 -0.027349470016696402 
206896.5517241378 447101.92709071084 -0.02499093033483414 
210031.3479623823 588715.1951605077 -0.021665992011593544 
213166.14420062682 707562.8610550333 -0.017503230295281662 
216300.94043887133 799049.0935168138 -0.012663619288954243 
219435.73667711584 859636.1347155018 -0.007334307184762401 
222570.53291536035 886981.0750544087 -0.0017213778643867667 
225705.32915360486 880026.3908468701 0.003958121227409445 
228840.12539184937 839040.9171762064 0.009484568705781054 
231974.9216300939 765609.9358377904 0.014644239823127854 
235109.7178683384 662574.2311579731 0.01923755476085927 
238244.5141065829 533918.3200209086 0.023086884242851984 
241379.31034482742 384611.5193355699 0.02604364083065366 
244514.10658307193 220416.87142657378 0.02799397489027132 
247648.90282131644 47691.30436961432 0.028862122106261538 
250783.69905956095 -126827.95058057227 0.028611855492793208 
253918.49529780546 -296322.01476238517 0.027249633955329252 
257053.29153604998 -454331.18858680443 0.024832472248437383 
260188.0877742945 -595152.6046901053 0.0214725136337184 
263322.884012539 -713733.6276174954 0.017317698405424367 
266457.6802507835 -804940.220699837 0.012503550627397624 
269592.476489028 -863231.2966769745 0.007123910090023196 
272727.27272727253 -884336.3407671559 0.0012943801363770964 
275862.06896551704 -868650.3801389574 -0.004704094707815628 
278996.86520376155 -822846.940926264 -0.010361458366097859 
282131.66144200607 -756269.057135329 -0.01511186589617632 
285266.4576802506 -674013.4896138168 -0.0186560074421611 
288401.2539184951 -573544.9556703403 -0.021118844324115968 
291536.0501567396 -448845.12600556685 -0.02285909010000814 
294670.8463949841 -297900.7271172936 -0.024122769283723942 
297805.6426332286 -126108.84893193922 -0.024881180639180163 
300940.43887147313 56355.61697850981 -0.024943111125768462 
304075.23510971764 238934.34824569843 -0.024145622630988798 
307210.03134796215 412814.4766168652 -0.02243922093986691 
310344.82758620667 570789.6482311834 -0.019867779800214022 
313479.6238244512 706692.3994966886 -0.016528052149922853 
316614.4200626957 815267.3746763093 -0.012549185167426355 
319749.2163009402 892315.9823993836 -0.008085041531947617 
322884.0125391847 934858.755077065 -0.0033082495578317505 
326018.8087774292 941250.5648338645 0.0015964723377280558 
329153.60501567373 911244.2405583591 0.006439458690916397 
332288.40125391824 846000.126003425 0.011033431349681258 
335423.19749216276 748041.2093245159 0.015200741514838152 
338557.99373040727 621155.5591955322 0.018780239414357594 
341692.7899686518 470249.8402950618 0.021633505960716354 
344827.5862068963 301159.5727151961 0.023650205413289823 
347962.3824451408 120423.47255648406 0.02475235205847516 
351097.1786833853 -64969.40004785205 0.024897325915139313 
354231.9749216298 -247849.90769933639 0.024079520848143354 
357366.77115987433 -421146.06608466455 0.022330561357437592 
360501.56739811884 -578156.5174189337 0.01971807965949886 
363636.36363636336 -712809.6717709912 0.016343100351337948 
366771.15987460787 -819898.4952828084 0.012336133792049694 
369905.9561128524 -895281.8660287559 0.007852129270736185 
373040.7523510969 -936044.711089114 0.003064483121663613 
376175.5485893414 -940610.732341493 -0.0018416665073210405 
379310.3448275859 -908803.3618668419 -0.006676598941989204 
382445.1410658304 -841852.5898261293 -0.01125334747510148 
385579.93730407493 -742347.4007738923 -0.015394929363949244 
388714.73354231945 -614135.6576951292 -0.01894118974825603 
391849.52978056396 -462175.3052471379 -0.021754994834318215 
394984.32601880847 -292342.64617293334 -0.023727534855119727 
398119.122257053 -111205.1048321893 -0.02478253174109686 
401253.9184952975 74232.73492215814 -0.024879188791037357 
404388.714733542 256799.99681315236 -0.024013768279419104 
407523.5109717865 429436.8097326217 -0.022219735994155505 
410658.307210031 585467.3127671015 -0.019566467115477056 
413793.10344827553 718857.8105598404 -0.01615656347957688 
416927.89968652005 824450.0961480057 -0.012121885968364493 
420062.69592476456 898160.9186872346 -0.007618455452707716 
423197.49216300907 937139.8826519864 -0.002820419469551703 
426332.2884012536 939879.6725538712 0.002086682058652011 
429467.0846394981 906274.3407910562 0.006913091647757627 
432601.8808777426 837623.404639176 0.011472172168734468 
435736.6771159871 736581.5939532297 0.015587624100428119 
438871.4733542316 607056.1928354724 0.019100303027302697 
442006.26959247614 454055.94506424683 0.021874373749710366 
445141.06583072065 283497.3661067543 0.023802563027409178 
448275.86206896516 101975.95162503493 0.024810307832878672 
451410.65830720967 -83488.87016393537 0.02485863870158924 
454545.4545454542 -265725.17958864616 0.023945686680147363 
457680.2507836987 -437685.90346389945 0.022106755598673342 
460815.0470219432 -592721.325221388 0.019412956872639758 
463949.8432601877 -724836.2292705853 0.0159684596263472 
467084.6394984322 -828921.7358244215 0.011906462475688745 
470219.43573667674 -900952.8611432739 0.007384042741255033 
473354.23197492125 -938144.1635479492 0.002576082272570717 
476489.02821316576 -939057.4563745164 -0.0023314952283241697 
479623.82445141027 -903657.4226139297 -0.007148913871432707 
482758.6206896548 -833312.9806198194 -0.011689884207364094 
485893.4169278993 -730744.3480725664 -0.015778807035332656 
489028.2131661438 -599917.8512347471 -0.01925756381953022 
492163.0094043883 -445892.54722121137 -0.021991631128654075 
495297.8056426328 -274624.5903964891 -0.02387528265337833 
498432.60188087734 -92736.90804567045 -0.024835677639892438 
501567.39811912185 92736.90804561865 -0.02483567763989257 
504702.19435736636 274624.5903964391 -0.023875282653378713 
507836.99059561087 445892.547221165 -0.021991631128654723 
510971.7868338554 599917.8512347061 -0.019257563819531087 
514106.5830720999 730744.3480725328 -0.01577880703533373 
517241.3793103444 833312.9806197947 -0.011689884207365319 
520376.1755485889 903657.4226139149 -0.007148913871434028 
523510.9717868334 939057.4563745119 -0.00233149522832559 
526645.768025078 938144.1635479553 0.0025760822725693047 
529780.5642633225 900952.8611432896 0.007384042741253678 
532915.360501567 828921.7358244457 0.011906462475687496 
536050.1567398115 724836.2292706178 0.015968459626346118 
539184.952978056 592721.325221428 0.019412956872638894 
542319.7492163006 437685.9034639461 0.022106755598672735 
545454.5454545451 265725.1795886966 0.023945686680146988 
548589.3416927896 83488.87016398848 0.024858638701589136 
551724.1379310341 -101975.95162498177 0.024810307832878867 
554858.9341692786 -283497.3661067035 0.023802563027409608 
557993.7304075231 -454055.9450642001 0.021874373749711042 
561128.5266457676 -607056.1928354325 0.019100303027303624 
564263.3228840121 -736581.5939531972 0.015587624100429243 
567398.1191222566 -837623.4046391523 0.011472172168735726 
570532.9153605012 -906274.3407910425 0.006913091647758954 
573667.7115987457 -939879.6725538673 0.0020866820586533633 
576802.5078369902 -937139.8826519918 -0.0028204194695503216 
579937.3040752347 -898160.9186872497 -0.007618455452706369 
583072.1003134792 -824450.0961480307 -0.012121885968363279 
586206.8965517237 -718857.8105598747 -0.016156563479575815 
589341.6927899682 -585467.3127671438 -0.019566467115476154 
592476.4890282127 -429436.8097326698 -0.02221973599415486 
595611.2852664572 -256799.99681320353 -0.024013768279418708 
598746.0815047018 -74232.73492221121 -0.02487918879103729 
601880.8777429463 111205.10483213657 -0.024782531741097097 
605015.6739811908 292342.64617288264 -0.023727534855120202 
608150.4702194353 462175.3052470913 -0.021754994834318944 
611285.2664576798 614135.6576950889 -0.018941189748256967 
614420.0626959243 742347.4007738595 -0.015394929363950333 
617554.8589341688 841852.5898261047 -0.011253347475102706 
620689.6551724133 908803.3618668264 -0.0066765989419905435 
623824.4514106578 940610.7323414878 -0.0018416665073224233 
626959.2476489024 936044.7110891198 0.0030644831216622205 
630094.0438871469 895281.8660287732 0.007852129270734797 
633228.8401253914 819898.4952828365 0.012336133792048447 
636363.6363636359 712809.6717710274 0.016343100351336882 
639498.4326018804 578156.5174189763 0.019718079659498025 
642633.2288401249 421146.06608471245 0.022330561357437023 
645768.0250783694 247849.9076993877 0.02407952084814305 
648902.8213166139 64969.40004790503 0.02489732591513929 
652037.6175548584 -120423.47255643093 0.024752352058475383 
655172.413793103 -301159.57271514495 0.02365020541329028 
658307.2100313475 -470249.84029501514 0.021633505960717066 
661442.006269592 -621155.5591954918 0.01878023941435853 
664576.8025078365 -748041.209324483 0.01520074151483928 
667711.598746081 -846000.1260034011 0.011033431349682526 
670846.3949843255 -911244.2405583455 0.0064394586909177765 
673981.19122257 -941250.5648338617 0.0015964723377294716 
677115.9874608145 -934858.755077073 -0.0033082495578303527 
680250.783699059 -892315.9823994011 -0.00808504153194629 
683385.5799373036 -815267.3746763351 -0.012549185167425146 
686520.3761755481 -706692.399496722 -0.01652805214992179 
689655.1724137926 -570789.6482312246 -0.01986777980021317 
692789.9686520371 -412814.4766169129 -0.022439220939866313 
695924.7648902816 -238877.28203462547 -0.024143006845613022 
699059.5611285261 -55654.99083408032 -0.02491099601620917 
702194.3573667706 130289.60007365573 -0.024689544511960315 
705329.1536050151 314007.1868902611 -0.02338448578646267 
708463.9498432596 493664.6957221977 -0.020804662923428016 
711598.7460815042 668852.3979493792 -0.016750167855639122 
714733.5423197487 833382.5815150349 -0.011350890601937285 
717868.3385579932 967814.136253389 -0.005415120426298268 
721003.1347962377 1043558.1077274982 -0.0002445602763207432 
724137.9310344822 1042531.104211019 0.003266202358294208 
727272.7272727267 976372.9956724456 0.005513131147915406 
730407.5235109712 881655.4695139911 0.007968432284715627 
733542.3197492157 788974.1814130915 0.011771703685972195 
736677.1159874602 694689.0603736592 0.01644473874161221 
739811.9122257048 566616.4924839381 0.020164483128271113 
742946.7084639493 380937.20825778507 0.021468259054543266 
746081.5047021938 152837.87273439107 0.020672647102170556 
749216.3009404383 -72111.84315161196 0.019492907646339083 
752351.0971786828 -257976.8533185676 0.019223110635736628 
755485.8934169273 -408390.280398845 0.019377701188661927 
758620.6896551718 -555084.7448011438 0.01822953575356702 
761755.4858934163 -717228.3656155377 0.01468436851611609 
764890.2821316608 -874583.8709741288 0.009519514884778799 
768025.0783699054 -982989.7784389846 0.004680042060770274 
771159.8746081499 -1016106.366834989 0.0013682910593869305 
774294.6708463944 -989705.6086315366 -0.0010693247553894961 
777429.4670846389 -943109.4296357979 -0.0042941740281522926 
780564.2633228834 -897392.2417345231 -0.009064961290368576 
783699.0595611279 -834319.505245343 -0.014280334773779732 
786833.8557993724 -718106.698605198 -0.017986535836707316 
789968.6520376169 -536996.7261749175 -0.019295334977468884 
793103.4482758614 -320782.6749891341 -0.01920074301078198 
796238.244514106 -115672.08107094445 -0.019441217358553135 
799373.0407523505 57295.04626035852 -0.020608317595344934 
802507.836990595 216822.4346354122 -0.02149298385240169 
805642.6332288395 393914.92468385794 -0.020357045446546252 
808777.429467084 591593.8851633627 -0.016792032242135498 
811912.2257053285 774424.2815675886 -0.0122096700365656 
815047.021943573 899124.978554892 -0.00844699263754822 
818181.8181818175 954313.7543972197 -0.005950200416430728 
821316.614420062 967822.9593294951 -0.0034422480904056853 
824451.4106583066 974096.8667645918 0.0005826747296297144 
827586.2068965511 976098.886886307 0.006115881146618925 
830721.0031347956 941848.7134876971 0.011481046357339503 
833855.7993730401 839219.9493410734 0.014937388631844462 
836990.5956112846 672347.4234624027 0.016358868504550705 
840125.3918495291 481269.377585335 0.017229990523372263 
843260.1880877736 305050.85273860616 0.018969026911178084 
846394.9843260181 146976.1262711825 0.02134691795719784 
849529.7805642626 -21843.0911491134 0.022667342821861454 
852664.5768025072 -224535.3049900086 0.021519843172419575 
855799.3730407517 -446403.0436797675 0.018263210674519186 
858934.1692789962 -642727.093137926 0.01467993607041544 
862068.9655172407 -778506.3820438338 0.012164961078468341 
865203.7617554852 -858618.3335898458 0.010351295007597986 
868338.5579937297 -916957.6388405602 0.007613414767678198 
871473.3542319742 -976219.9167200294 0.002913469576919914 
874608.1504702187 -1020802.9879374178 -0.002956670358379351 
877742.9467084632 -1011428.813538385 -0.008048616319184482 
880877.7429467078 -926156.3420429084 -0.011143118842896845 
884012.5391849523 -784665.180049187 -0.012871432846329715 
887147.3354231968 -630246.7710196906 -0.014900306556137301 
890282.1316614413 -488358.69678375724 -0.018044487782364657 
893416.9278996858 -345168.75762321113 -0.02129685172963257 
896551.7241379303 -168425.04482448578 -0.02279946498490061 
899686.5203761748 51559.81823566144 -0.02173688826853788 
902821.3166144193 284180.59156734677 -0.019163153240383764 
905956.1128526638 482979.73857463716 -0.01689496354459092 
909090.9090909084 626835.1451115953 -0.015635839540555488 
912225.7053291529 734882.8670674621 -0.014302328237037797 
915360.5015673974 839786.9744792861 -0.011257230469567581 
918495.2978056419 947739.0181811451 -0.0061485463640544025 
921630.0940438864 1027463.9658111667 -0.00041605526629961065 
924764.8902821309 1039943.8075040549 0.0040713866336300805 
927899.6865203754 977707.8246421734 0.0068199303858393024 
931034.4827586199 872447.4737854335 0.009065638197951639 
934169.2789968645 762981.2987866399 0.012314443837373946 
937304.075235109 657222.4085045992 0.016609401423349036 
940438.8714733535 528025.4315433532 0.02035268070355269 
943573.667711598 347095.01732483495 0.021873527348029782 
946708.4639498425 121077.73589122921 0.021097086860673547 
949843.260188087 -108349.78151479934 0.019563120699902646 
952978.0564263315 -300738.76133683336 0.018778356824690937 
956112.852664576 -451625.416560398 0.018636734016699325 
959247.6489028205 -589551.3928802327 0.01756799149561019 
962382.445141065 -738801.4647239813 0.014255818845268345 
965517.2413793096 -887332.5609760022 0.00911577242545943 
968652.0376175541 -993857.0250614448 0.003975872149722242 
971786.8338557986 -1026823.6618316149 0.00029229361378462556 
974921.6300940431 -994468.9424127829 -0.0022284952125253064 
978056.4263322876 -934474.5912755003 -0.005158909919368445 
981191.2225705321 -874195.5971486062 -0.009533179332618186 
984326.0188087766 -803293.181041245 -0.014601397304747079 
987460.8150470211 -687479.250831149 -0.018470210843012046 
990595.6112852657 -508786.0463591713 -0.019961067929233977 
993730.4075235102 -289808.3681858124 -0.01973872455772347 
996865.2037617547 -78262.39851101131 -0.01943568420625965 
999999.9999999992 186806.8035747968 -0.024037610394757103 
