#x u 
0.0 1.2344026111437737e+18 56582209227.067894 
3134.796238244514 -3.089113782683799e+16 -1415979525.63209 
6269.592476489028 760211176889689.4 34846351.99583833 
9404.38871473354 -31869280160223.816 -1460815.3179190943 
12539.184952978056 -12376685826955.28 -567319.1038447358 
15673.98119122257 -13193846799206.266 -604775.8992512372 
18808.777429467085 -13511197659283.223 -619322.5370453584 
21943.5736677116 -13849501366087.756 -634829.607440463 
25078.369905956115 -14195942277823.709 -650709.6706578555 
28213.16614420063 -14551057649039.28 -666987.3532459094 
31347.962382445145 -14915056127926.504 -683672.2191051369 
34482.75862068966 -15288160138018.082 -700774.4635087684 
37617.55485893417 -15670597452582.492 -718304.5268755517 
40752.35109717868 -16062601547684.242 -736273.1109699833 
43887.14733542319 -16464411739245.473 -754691.1851980909 
47021.943573667704 -16876273329325.277 -773569.9933148646 
50156.739811912215 -17298437755812.027 -792921.0603039619 
53291.53605015673 -17731162745948.918 -812756.1994305073 
56426.33228840124 -18174712473762.85 -833087.5194679935 
59561.12852664575 -18629357721341.312 -853927.4321073759 
62695.92476489026 -19095376044204.703 -875288.6595463944 
65830.72100313478 -19573051940729.05 -897184.242273404 
68965.51724137929 -20062677025966.973 -919627.5470410611 
72100.3134796238 -20564550209820.83 -942632.2750396844 
75235.10971786831 -21078977879554.926 -966212.4702764034 
78369.90595611282 -21606274086913.14 -990382.528155239 
81504.70219435733 -22146760739936.652 -1015157.2042654905 
84639.49843260185 -22700767799547.42 -1040551.6233897998 
87774.29467084636 -23268633481025.227 -1066581.288739015 
90909.09090909087 -23850704460621.04 -1093262.091411964 
94043.88714733538 -24447336087255.785 -1120610.320090021 
97178.68338557989 -25058892599413.887 -1148642.6709716055 
100313.4796238244 -25685747347495.055 -1177376.257949341 
103448.27586206891 -26328283021749.164 -1206828.623041283 
106583.07210031342 -26986891885903.285 -1237017.747086188 
109717.86833855794 -27661976016618.992 -1267962.0607075794 
112852.66457680245 -28353947548906.895 -1299680.4555506117 
115987.46081504696 -29063228927633.285 -1332192.2957985445 
119122.25705329147 -29790253165320.496 -1365517.4299773914 
122257.05329153598 -30535464106423.59 -1399676.203059721 
125391.84952978049 -31299316698219.01 -1434689.4688779823 
128526.645768025 -32082277268491.066 -1470578.6028511373 
131661.44200626953 -32884823810164.65 -1507365.5150295256 
134796.23824451404 -33707446273009.684 -1545072.66346759 
137931.03448275855 -34550646862632.832 -1583723.067934749 
141065.83072100306 -35414940347009.88 -1623340.3239738473 
144200.62695924757 -36300854370754.586 -1663948.6173157182 
147335.42319749208 -37208929777262.75 -1705572.738656927 
150470.2194357366 -38139720938880.31 -1748238.098807315 
153605.0156739811 -39093796095305.2 -1791970.7442156542 
156739.81191222562 -40071737700478.19 -1836797.3728842493 
159874.60815047013 -41074142778212.086 -1882745.3506840845 
163009.40438871464 -42101623286770.92 -1929842.7280795975 
166144.20062695915 -43154806492575.12 -1978118.2572703396 
169278.99686520366 -44234335353210.69 -2027601.4097574863 
172413.79310344817 -45340868909978.54 -2078322.3943459045 
175548.58934169268 -46475082690274.4 -2130312.1755945184 
178683.3855799372 -47637669120089.7 -2183602.4927275022 
181818.1818181817 -48829337946870.89 -2238225.8790170057 
184952.97805642622 -50050816672928.64 -2294215.6816469994 
188087.77429467073 -51302850999617.16 -2351606.082068649 
191222.57053291524 -52586205282573.72 -2410432.116860219 
194357.36677115975 -53901662998356.81 -2470729.699106767 
197492.16300940426 -55250027222798.9 -2532535.6403148724 
200626.95924764877 -56632121121340.5 -2595887.6728754104 
203761.75548589329 -58048788451586.48 -2660824.473085857 
206896.5517241378 -59500894078359.99 -2727385.6847451613 
210031.3479623823 -60989324501597.836 -2795611.943337213 
213166.14420062682 -62514988397468.83 -2865544.9008211065 
216300.94043887133 -64078817173077.8 -2937227.2510453984 
219435.73667711584 -65681765535064.48 -3010702.7558011143 
222570.53291536035 -67324812072384.016 -3086016.2715272848 
225705.32915360486 -69008959853606.445 -3163213.776684346 
228840.12539184937 -70735237039139.72 -3242342.3998139915 
231974.9216300939 -72504697508815.67 -3323450.4483056627 
235109.7178683384 -74318421505240.45 -3406587.4378887145 
238244.5141065829 -76177516293265.3 -3491804.1228664876 
241379.31034482742 -78083116835924.98 -3579152.5271077533 
244514.10658307193 -80036386487242.45 -3668685.975813226 
247648.90282131644 -82038517702367.94 -3760459.1280783257 
250783.69905956095 -84090732765544.47 -3854528.010274494 
253918.49529780546 -86194284536359.23 -3950950.0502695413 
257053.29153604998 -88350457214689.27 -4049784.112505088 
260188.0877742945 -90560567124745.6 -4151090.5339492713 
263322.884012539 -92825963518683.5 -4254931.160945654 
266457.6802507835 -95148029400319.08 -4361369.386982623 
269592.476489028 -97528182369513.55 -4470470.191408291 
272727.27272727253 -99967875487741.11 -4582300.1791141685 
275862.06896551704 -102468598165309.9 -4696927.621208863 
278996.86520376155 -105031877070716.56 -4814422.49670366 
282131.66144200607 -107659277062691.73 -4934856.535235292 
285266.4576802506 -110352402145557.84 -5058303.2608544 
288401.2539184951 -113112896448535.22 -5184838.036909036 
291536.0501567396 -115942445229581.42 -5314538.112050366 
294670.8463949841 -118842775904312.02 -5447482.667386168 
297805.6426332286 -121815659100576.53 -5583752.864808928 
300940.43887147313 -124862909739349.89 -5723431.896529047 
304075.23510971764 -127986388142661.38 -5866605.0358465435 
307210.03134796215 -131188001169292.67 -6013359.689195025 
310344.82758620667 -134469703378921.94 -6163785.449489175 
313479.6238244512 -137833498225361.11 -6317974.150806071 
316614.4200626957 -141281439279572.22 -6476019.924432213 
319749.2163009402 -144815631483233.53 -6638019.256312562 
322884.0125391847 -148438232433679.84 -6804071.045940373 
326018.8087774292 -152151453701042.12 -6974276.66672642 
329153.60501567373 -155957562178357.4 -7148740.027883617 
332288.40125391824 -159858881465413.53 -7327567.637861874 
335423.19749216276 -163857793287149.16 -7510868.669370166 
338557.99373040727 -167956738947520.6 -7698755.026026643 
341692.7899686518 -172158220819804.3 -7891341.410679945 
344827.5862068963 -176464803874284.4 -8088745.395444294 
347962.3824451408 -180879117244223.38 -8291087.493488733 
351097.1786833853 -185403855830996.4 -8498491.232621197 
354231.9749216298 -190041781949338.22 -8711083.230711285 
357366.77115987433 -194795727013727.47 -8928993.273000058 
360501.56739811884 -199668593266990.84 -9152354.391347181 
363636.36363636336 -204663355552184.3 -9381302.945464453 
366771.15987460787 -209783063128785.97 -9615978.706182636 
369905.9561128524 -215030841534248.28 -9856524.940798325 
373040.7523510969 -220409894492052.06 -10103088.500551227 
376175.5485893414 -225923505867496.2 -10355819.910285953 
379310.3448275859 -231575041672498.56 -10614873.460354734 
382445.1410658304 -237367952120648.47 -10880407.300816279 
385579.93730407493 -243305773733715.0 -11152583.537985625 
388714.73354231945 -249392131500823.78 -11431568.333391374 
391849.52978056396 -255630741091601.2 -11717532.005201852 
394984.32601880847 -262025411124670.38 -12010649.132186169 
398119.122257053 -268580045492908.1 -12311098.660277428 
401253.9184952975 -275298645746858.9 -12619064.011804348 
404388.714733542 -282185313537687.7 -12934733.197456356 
407523.5109717865 -289244253121110.4 -13258298.931048675 
410658.307210031 -296479773923856.2 -13589958.747158213 
413793.10344827553 -303896293174308.56 -13929915.121704802 
416927.89968652005 -311498338599001.4 -14278375.595553052 
420062.69592476456 -319290551186618.06 -14635552.901208965 
423197.49216300907 -327277688021144.94 -15001665.09268563 
426332.2884012536 -335464625185877.4 -15376935.678615518 
429467.0846394981 -343856360740084.0 -15761593.758691618 
432601.8808777426 -352458017770205.94 -16155874.163524397 
435736.6771159871 -361274847517486.3 -16560017.598001812 
438871.4733542316 -370312232583893.44 -16974270.788239013 
442006.26959247614 -379575690218230.0 -17398886.63220553 
445141.06583072065 -389070875684393.25 -17834124.35412049 
448275.86206896516 -398803585713872.4 -18280249.662712082 
451410.65830720967 -408779762044638.0 -18737534.913440183 
454545.4545454542 -419005495048616.1 -19206259.2747818 
457680.2507836987 -429487027449906.25 -19686708.898678523 
460815.0470219432 -440230758135969.75 -20179177.09524683 
463949.8432601877 -451243246064100.5 -20683964.51185616 
467084.6394984322 -462531214265603.7 -21201379.316685632 
470219.43573667674 -474101553950183.4 -21731737.386872776 
473354.23197492125 -485961328713052.25 -22275362.50136897 
476489.02821316576 -498117778847282.8 -22832586.53861665 
479623.82445141027 -510578325763988.8 -23403749.679166272 
482758.6206896548 -523350576523029.75 -23989200.613356516 
485893.4169278993 -536442328477049.4 -24589296.754186463 
489028.2131661438 -549861574031732.4 -25204404.455511868 
492163.0094043883 -563616505525169.1 -25834899.235698298 
495297.8056426328 -577715520229265.2 -26481166.006865945 
498432.60188087734 -592167225476211.1 -27143599.309864786 
501567.39811912185 -606980443913154.4 -27822603.55512467 
504702.19435736636 -622164218888335.9 -28518593.26952997 
507836.99059561087 -637727819972006.4 -29231993.349471778 
510971.7868338554 -653680748615474.4 -29963239.320231482 
514106.5830720999 -670032743951682.9 -30712777.601852156 
517241.3793103444 -686793788740831.4 -31481065.781659413 
520376.1755485889 -703974115464679.6 -32268572.893599093 
523510.9717868334 -721584212573301.6 -33075779.704564597 
526645.768025078 -739634830888093.0 -33903179.00788896 
529780.5642633225 -758136990164913.4 -34751275.92417959 
532915.360501567 -777101985821327.5 -35620588.20967755 
536050.1567398115 -796541395832060.5 -36511646.57233051 
539184.952978056 -816467087796953.6 -37424994.995775074 
542319.7492163006 -836891226185808.2 -38361191.071430184 
545454.5454545451 -857826279764609.6 -39320806.33890684 
548589.3416927896 -879285029207660.6 -40304426.634941526 
551724.1379310341 -901280574900283.6 -41312652.45106661 
554858.9341692786 -923826344936864.2 -42346099.300235845 
557993.7304075231 -946936103319134.9 -43405398.09262914 
561128.5266457676 -970623958359629.6 -44491195.52086203 
564263.3228840121 -994904371295325.2 -45604154.45482899 
567398.1191222566 -1019792165116527.5 -46744954.3464124 
570532.9153605012 -1045302533616279.9 -47914291.644298166 
573667.7115987457 -1071451050665776.8 -49112880.21914902 
576802.5078369902 -1098253679721528.6 -50341451.79939829 
579937.3040752347 -1125726783570183.1 -51600756.4179354 
583072.1003134792 -1153887134317119.0 -52891562.8699617 
586206.8965517237 -1182751923625052.2 -54214659.18230439 
589341.6927899682 -1212338773209104.0 -55570853.094482675 
592476.4890282127 -1242665745594865.5 -56960972.551826976 
595611.2852664572 -1273751355146035.2 -58385866.21095186 
598746.0815047018 -1305614579368184.8 -59846403.95788454 
601880.8777429463 -1338274870495259.5 -61343477.439151205 
605015.6739811908 -1371752167365552.8 -62878000.60613147 
608150.4702194353 -1406066907594270.5 -64450910.27300683 
611285.2664576798 -1441240040050117.5 -66063166.6886448 
614420.0626959243 -1477293037643671.2 -67715754.1227752 
617554.8589341688 -1514247910435567.2 -69409681.46682721 
620689.6551724133 -1552127219072717.0 -71145982.84980334 
623824.4514106578 -1590954088560968.0 -72925718.26957788 
626959.2476489024 -1630752222382765.8 -74749974.24001108 
630094.0438871469 -1671545916968423.0 -76619864.45427509 
633228.8401253914 -1713360076529638.0 -78536530.46478678 
636363.6363636359 -1756220228263998.2 -80501142.38014862 
639498.4326018804 -1800152537939431.2 -82514899.57950838 
642633.2288401249 -1845183825868056.5 -84579031.4447704 
645768.0250783694 -1891341583279317.8 -86694798.11111152 
648902.8213166139 -1938653989102677.5 -88863491.23627275 
652037.6175548584 -1987149927170329.5 -91086434.78910416 
655172.413793103 -2036859003850480.8 -93364985.8578487 
658307.2100313475 -2087811566121924.5 -95700535.47865315 
661442.006269592 -2140038720100882.2 -98094509.48481044 
664576.8025078365 -2193572350031341.2 -100548369.37724796 
667711.598746081 -2248445137750449.0 -103063613.21678881 
670846.3949843255 -2304690582640704.5 -105641776.53872636 
673981.19122257 -2362343022081028.0 -108284433.29026411 
677115.9874608145 -2421437652409224.0 -110993196.79139423 
680250.783699059 -2482010550408761.0 -113769720.71980661 
683385.5799373036 -2544098695333228.0 -116615700.12044215 
686520.3761755481 -2607739991481978.0 -119532872.44030741 
689655.1724137926 -2672973291340618.5 -122523018.58917804 
692789.9686520371 -2739838419300293.5 -125587964.02683039 
695924.7648902816 -2808376195970074.0 -128729579.87745756 
699059.5611285261 -2878628463097426.5 -131949784.07195598 
702194.3573667706 -2950638109112120.5 -135250542.51878747 
705329.1536050151 -3024449095309267.0 -138633870.30413666 
708463.9498432596 -3100106482687386.5 -142101832.92209354 
711598.7460815042 -3177656459457763.5 -145656547.53560463 
714733.5423197487 -3257146369241781.5 -149300184.268962 
717868.3385579932 -3338624739973655.5 -153034967.53262517 
721003.1347962377 -3422141313526259.5 -156863177.38119197 
724137.9310344822 -3507747076078277.0 -160787150.90534943 
727272.7272727267 -3595494289240965.5 -164809283.6586475 
730407.5235109712 -3685436521963386.0 -168932031.11995843 
733542.3197492157 -3777628683235625.0 -173157910.19251582 
736677.1159874602 -3872127055610094.0 -177489500.74045676 
739811.9122257048 -3968989329561606.0 -181929447.16381338 
742946.7084639493 -4068274638707142.0 -186480460.01291344 
746081.5047021938 -4170043595906641.0 -191145317.64316803 
749216.3009404383 -4274358330266637.5 -195926867.91124398 
752351.0971786828 -4381282525069394.5 -200828029.91366258 
755485.8934169273 -4490881456650906.5 -205851795.76889172 
758620.6896551718 -4603222034251660.0 -211001232.4440294 
761755.4858934163 -4718372840864495.0 -216279483.62718943 
764890.2821316608 -4836404175104155.0 -221689771.64672104 
768025.0783699054 -4957388094123959.0 -227235399.43842378 
771159.8746081499 -5081398457605872.0 -232919752.56196317 
774294.6708463944 -5208510972851129.0 -238746301.26773196 
777429.4670846389 -5338803240999079.0 -244718602.6154224 
780564.2633228834 -5472354804402357.0 -250840302.6456016 
783699.0595611279 -5609247195186954.0 -257115138.60559574 
786833.8557993724 -5749563985026772.0 -263546941.23104075 
789968.6520376169 -5893390836163097.0 -270139637.0844949 
793103.4482758614 -6040815553700576.0 -276897250.9525608 
796238.244514106 -6191928139211658.0 -283823908.30298275 
799373.0407523505 -6346820845682140.0 -290923837.80321324 
802507.836990595 -6505588233830862.0 -298201373.9019678 
805642.6332288395 -6668327229837987.0 -305660959.4753452 
808777.429467084 -6835137184517236.0 -313307148.53913313 
811912.2257053285 -7006119933968597.0 -321144609.02897596 
815047.021943573 -7181379861748649.0 -329178125.6501091 
818181.8181818175 -7361023962596200.0 -337412602.7983835 
821316.614420062 -7545161907751660.0 -345853067.55434686 
824451.4106583066 -7733906111910096.0 -354504672.7522103 
827586.2068965511 -7927371801849057.0 -363372700.1255859 
830721.0031347956 -8125677086773513.0 -372462563.5319349 
833855.7993730401 -8328943030420939.0 -381779812.2576978 
836990.5956112846 -8537293724970078.0 -391330134.40610766 
840125.3918495291 -8750856366798202.0 -401119360.3697345 
843260.1880877736 -8969761334133039.0 -411153466.3898798 
846394.9843260181 -9194142266647276.0 -421438578.2050159 
849529.7805642626 -9424136147044520.0 -431980974.7905142 
852664.5768025072 -9659883384686646.0 -442787092.1919426 
855799.3730407517 -9901527901312984.0 -453863527.4542534 
858934.1692789962 -1.0149217218903272e+16 -465217042.64923704 
862068.9655172407 -1.0403102549738176e+16 -476854569.00370085 
865203.7617554852 -1.0663338888712786e+16 -488783211.13092923 
868338.5579937297 -1.0930085107959978e+16 -501010251.36801153 
871473.3542319742 -1.1203504053841116e+16 -513543154.2216867 
874608.1504702187 -1.1483762646362762e+16 -526389570.92539024 
877742.9467084632 -1.1771031981079784e+16 -539557344.1102654 
880877.7429467078 -1.2065487433547222e+16 -553054512.5930035 
884012.5391849523 -1.2367308766385318e+16 -566889316.2834637 
887147.3354231968 -1.2676680239023392e+16 -581070201.2150788 
890282.1316614413 -1.2993790720189318e+16 -595605824.7011137 
893416.9278996858 -1.3318833803212558e+16 -610505060.6198895 
896551.7241379303 -1.3652007924210924e+16 -625777004.8321824 
899686.5203761748 -1.399351648323349e+16 -641430980.7341303 
902821.3166144193 -1.434356796843432e+16 -657476544.9490657 
905956.1128526638 -1.470237608335326e+16 -673923493.1617541 
909090.9090909084 -1.5070159877380704e+16 -690781866.0985982 
912225.7053291529 -1.5447143879485682e+16 -708061955.6574105 
915360.5015673974 -1.5833558235288252e+16 -725774311.1904857 
918495.2978056419 -1.6229638847560778e+16 -743929745.9448508 
921630.0940438864 -1.6635627520244502e+16 -762539343.6636456 
924764.8902821309 -1.70517721060694e+16 -781614465.3526697 
927899.6865203754 -1.747832665786684e+16 -801166756.2162086 
931034.4827586199 -1.7915551583666846e+16 -821208152.7663342 
934169.2789968645 -1.836371380567444e+16 -841750890.1100152 
937304.075235109 -1.8823086923222584e+16 -862807509.4185185 
940438.8714733535 -1.9293951379802336e+16 -884390865.583689 
943573.667711598 -1.9776594634272148e+16 -906514135.0658048 
946708.4639498425 -2.027131133634974e+16 -929190823.937737 
949843.260188087 -2.077840350649337e+16 -952434776.1303029 
952978.0564263315 -2.1298180720282052e+16 -976260181.8838581 
956112.852664576 -2.183096029740824e+16 -1000681586.4112976 
959247.6489028205 -2.2377067495399124e+16 -1025713898.777818 
962382.445141065 -2.293683570818447e+16 -1051372401.0028251 
965517.2413793096 -2.3510606669631576e+16 -1077672757.3895354 
968652.0376175541 -2.4098730662170844e+16 -1104631024.0879016 
971786.8338557986 -2.470156673063955e+16 -1132263658.8967361 
974921.6300940431 -2.531948290147502e+16 -1160587531.3110452 
978056.4263322876 -2.595285640739201e+16 -1189619932.8207273 
981191.2225705321 -2.6602073917681416e+16 -1219378587.466946 
984326.0188087766 -2.726753177426897e+16 -1249881662.6625276 
987460.8150470211 -2.7949636233678436e+16 -1281147780.283003 
990595.6112852657 -2.864880371504686e+16 -1313196028.0350556 
993730.4075235102 -2.9365461054344544e+16 -1346045971.1093702 
996865.2037617547 -3.010004576495233e+16 -1379717664.1251628 
999999.9999999992 -3.085300630487269e+16 -1414231663.3682835 
