#x u 
0.0 267444.3790149921 0.006643346676586559 
3134.796238244514 310351.94885354594 -0.0010071487410978856 
6269.592476489028 510916.1964800752 -0.0008419616974678391 
9404.38871473354 689554.366526468 -0.0007436363045137447 
12539.184952978056 841540.6289466991 -0.0006159521535894471 
15673.98119122257 960983.9194129141 -0.00046447749830907416 
18808.777429467085 1043266.0334095974 -0.00029503940882864713 
21943.5736677116 1085205.0763891714 -0.00011419222476336086 
25078.369905956115 1085179.2682699212 7.10707706901687e-05 
28213.16614420063 1043189.6070264957 0.0002535854613734843 
31347.962382445145 960859.8317296233 0.00042629400911258376 
34482.75862068966 841373.6325801664 0.0005825177788311266 
37617.55485893417 689351.5377165875 0.0007162156001667202 
40752.35109717868 510672.23750016274 0.0008222173800973443 
43887.14733542319 312245.2551584339 0.000896424055893066 
47021.943573667704 101743.75440198285 0.0009359661656172611 
50156.739811912215 -112692.17508977209 0.0009393145112730414 
53291.53605015673 -322770.2592423262 0.0009063376667431764 
56426.33228840124 -520366.71989180055 0.0008383078984168461 
59561.12852664575 -697840.9125777003 0.0007378744963655801 
62695.92476489026 -848331.4813846046 0.0006089930151726691 
65830.72100313478 -966017.7145578386 0.0004565902071082019 
68965.51724137929 -1046331.4004720219 0.0002857670350290245 
72100.3134796238 -1086146.3773765864 0.00010219259316121651 
75235.10971786831 -1084021.4029975808 -8.252378440748941e-05 
78369.90595611282 -1040349.1266204165 -0.0002470075796262971 
81504.70219435733 -956732.9012217793 -0.00038881516955072484 
84639.49843260185 -834589.783188631 -0.0005857216247797904 
87774.29467084636 -676133.1476328913 -0.0009451605032610314 
90909.09090909087 -490767.8865575924 -0.0013030047493181492 
94043.88714733538 -298767.3501321338 -0.001044700272513738 
97178.68338557989 -117772.0077972709 0.0002880339812270996 
100313.4796238244 56609.443545954964 0.002121551719261013 
103448.27586206891 241593.4557639803 0.0032866891145784255 
106583.07210031342 436958.870029485 0.0034206355171420236 
109717.86833855794 623316.6769358587 0.0030606656082203245 
112852.66457680245 785570.8447058386 0.0025823398425287077 
115987.46081504696 917447.0090347035 0.0020041550645644862 
119122.25705329147 1013845.5221939501 0.0013484696641444457 
122257.05329153598 1071038.6562718244 0.0006406389780717174 
125391.84952978049 1086814.7543114328 -9.196520005657751e-05 
128526.645768025 1060563.755025797 -0.0008210130863715286 
131661.44200626953 993300.7838514139 -0.0015183124187131917 
134796.23824451404 887626.8980749252 -0.00215689865065002 
137931.03448275855 747628.5040177827 -0.002712077669764254 
141065.83072100306 578719.3358136795 -0.0031623807183153007 
144200.62695924757 387431.10645517387 -0.003490394589524151 
147335.42319749208 181160.9266279012 -0.0036834349958113216 
150470.2194357366 -32114.741360733173 -0.003734037069856415 
153605.0156739811 -244148.53316449927 -0.003640244030816817 
156739.81191222562 -446741.10775584227 -0.0034056828529901075 
159874.60815047013 -632058.2157229424 -0.0030394240108156077 
163009.40438871464 -792933.6494838088 -0.0025556307238716507 
166144.20062695915 -923146.360340779 -0.001973011265555426 
169278.99686520366 -1017661.0262663775 -0.0013140955146535953 
172413.79310344817 -1072822.7676707197 -0.0006043637255355415 
175548.58934169268 -1086498.4814969753 0.00012873879259789513 
178683.3855799372 -1058159.3282592178 0.0008568629850833061 
181818.1818181817 -988901.1822511225 0.0015518523089761921 
184952.97805642622 -881402.2541165014 0.002186831545809632 
188087.77429467073 -739819.5245157201 0.0027372460655695737 
191222.57053291524 -569627.9937953431 0.003181811353577281 
194357.36677115975 -377408.9638719508 0.003503336082099703 
197492.16300940426 -170595.53946399433 0.0036893868985304907 
200626.95924764877 42814.8098677948 0.0037327692228011234 
203761.75548589329 254569.51165326787 0.0036318054615985963 
206896.5517241378 456480.0172683735 0.003390399880853736 
210031.3479623823 640738.4528902617 0.0030178876278826768 
213166.14420062682 800219.5497680634 0.0025286737414910677 
216300.94043887133 928756.1781738908 0.0019416761095109357 
219435.73667711584 1021377.8301435857 0.0012795939145868246 
222570.53291536035 1074502.8288860368 0.0005680298573933946 
225705.32915360486 1086076.8321283811 -0.00016549989911137394 
228840.12539184937 1055652.2734764568 -0.0008926297789677222 
231974.9216300939 984405.6697952308 -0.0015852416892738028 
235109.7178683384 875092.1253332662 -0.002216552346082138 
238244.5141065829 731938.7919155128 -0.0027621489832696123 
241379.31034482742 560481.405095904 -0.0032009333935470383 
244514.10658307193 367350.21741233993 -0.003515937795567692 
247648.90282131644 160013.6066993288 -0.0036949809775758003 
250783.69905956095 -53510.72588204943 -0.0037311393445375214 
253918.49529780546 -264965.8001324491 -0.003623014653374697 
257053.29153604998 -466174.65401654236 -0.0033747880829871745 
260188.0877742945 -649356.5465650506 -0.0029960585481771072 
263322.884012539 -807427.838918805 -0.002501471509871742 
266457.6802507835 -934275.9184529546 -0.001910152635543125 
269592.476489028 -1024995.5733428041 -0.001244968210161246 
272727.27272727253 -1076078.6769731746 -0.0005316408975690997 
275862.06896551704 -1085549.8471002828 0.00020224495423646954 
278996.86520376155 -1053042.8338299885 0.0009283099990999798 
282131.66144200607 -979814.6824913558 0.001618477321260174 
285266.4576802506 -868697.1237275745 0.0022460581689273656 
288401.2539184951 -723987.0705481382 0.002786784007597654 
291536.0501567396 -551280.4568183044 0.0032197449836295945 
294670.8463949841 -357255.8426469993 0.0035281985077221367 
297805.6426332286 -149416.15464698995 0.003700216690392777 
300940.43887147313 64201.452035482136 0.003729147593143148 
304075.23510971764 275336.3902940911 0.003613872458741847 
307210.03134796215 475824.07774370426 0.003358848973536435 
310344.82758620667 657911.6609016717 0.002973938888842385 
313479.6238244512 814557.8178235323 0.002474026667284737 
316614.4200626957 939705.0458332647 0.0018784439010287 
319749.2163009402 1028513.9049888867 0.0012102217596304233 
322884.0125391847 1077550.1590948815 0.0004952003753295889 
326018.8087774292 1084917.5775235354 -0.0002389703941695167 
329153.60501567373 1050331.2624023187 -0.0009639001849519224 
332288.40125391824 975128.6656069577 -0.0016515559815010808 
335423.19749216276 862217.8695333637 -0.0022753461526552375 
338557.99373040727 715965.1316295797 -0.002811148749269279 
341692.7899686518 542026.0413376729 -0.0032382442993396394 
344827.5862068963 347126.818602084 -0.0035401170294295445 
347962.3824451408 138804.21112524276 -0.0037050935291835837 
351097.1786833853 -74885.95146342654 -0.0037267941617924634 
354231.9749216298 -285680.27632265555 -0.00360437976437673 
357366.77115987433 -485427.35257830686 -0.0033425840983927913 
360501.56739811884 -666402.9661626869 -0.002951530795204647 
363636.36363636336 -821608.7949648437 -0.0024463418755312823 
366771.15987460787 -945043.0337584149 -0.0018465529813121995 
369905.9561128524 -1031932.4838483462 -0.0011753579329588006 
373040.7523510969 -1078917.13253608 -0.00045871182494271624 
376175.5485893414 -1084180.0847202584 0.00027567265700929617 
379310.3448275859 -1047517.8221814382 0.0009993968847275018 
382445.1410658304 -970348.0736261633 0.0016844744617866472 
385579.93730407493 -855654.9911560044 0.002304413456703269 
388714.73354231945 -707873.7531860351 0.0028352408452138288 
391849.52978056396 -532719.0562147814 0.0032564295464784024 
394984.32601880847 -336964.1276642869 0.0035516922047446574 
398119.122257053 -128178.80535783416 0.003709611020956906 
401253.9184952975 85563.18790513376 0.0037240792787385964 
404388.714733542 295996.454992567 0.0035945374909503395 
407523.5109717865 494983.54712465464 0.0033259950350425817 
410658.307210031 674829.6387993254 0.0029288364405642576 
413793.10344827553 828580.0864875033 0.0024184198196844815 
416927.89968652005 950289.364511369 0.001814482969407779 
420062.69592476456 1035250.97836245 0.0011403801114947374 
423197.49216300907 1080179.4647177064 0.0004221787853345303 
426332.2884012536 1083337.4402178875 -0.00031234818310238606 
429467.0846394981 1044602.7860353179 -0.001034796655697624 
432601.8808777426 965473.3702056793 -0.0017172295694422987 
435736.6771159871 849009.1251113487 -0.0023332572619121977 
438871.4733542316 699713.7199784507 -0.002859057958804208 
442006.26959247614 523360.4041089855 -0.0032742989613080923 
445141.06583072065 326768.7554855608 -0.003562922911022689 
448275.86206896516 117540.96787417957 -0.003713768727573492 
451410.65830720967 -96232.1258042715 -0.003721003207290666 
454545.4545454542 -306283.9257655116 -0.003584346593038072 
457680.2507836987 -504491.7345532409 -0.0033090833924142183 
460815.0470219432 -683190.8615313601 -0.002905858025985547 
463949.8432601877 -835471.0162647682 -0.002390263207829248 
467084.6394984322 -955443.5292646725 -0.0017822369756993464 
470219.43573667674 -1038469.066679376 -0.0011052916876427392 
473354.23197492125 -1081337.0332095714 -0.0003856047997458233 
476489.02821316576 -1082389.7257422379 0.00034899341538853956 
479623.82445141027 -1041586.4366854437 0.0010700960645340864 
482758.6206896548 -960505.0281298324 0.0017498181276385605 
485893.4169278993 -842280.9159640052 0.002361874770799053 
489028.2131661438 -691485.8234264188 0.0028825977800825894 
492163.0094043883 -513950.9926906878 0.0032918508107220995 
495297.8056426328 -316541.6908875271 0.003573808059027444 
498432.60188087734 -106891.73040941481 0.003717566245788362 
501567.39811912185 106891.73040935626 0.00371756624578839 
504702.19435736636 316541.69088746957 0.0035738080590275237 
507836.99059561087 513950.99269063334 0.003291850810722226 
510971.7868338554 691485.8234263711 0.002882597780082715 
514106.5830720999 842280.9159639656 0.00236187477079921 
517241.3793103444 960505.0281298031 0.0017498181276387227 
520376.1755485889 1041586.4366854264 0.0010700960645342933 
523510.9717868334 1082389.7257422323 0.00034899341538876074 
526645.768025078 1081337.0332095781 -0.0003856047997456006 
529780.5642633225 1038469.0666793946 -0.0011052916876425618 
532915.360501567 955443.5292647027 -0.0017822369756991738 
536050.1567398115 835471.0162648075 -0.0023902632078290917 
539184.952978056 683190.8615314064 -0.0029058580259853787 
542319.7492163006 504491.7345532929 -0.0033090833924141125 
545454.5454545451 306283.92576556816 -0.0035843465930380097 
548589.3416927896 96232.12580433182 -0.0037210032072906296 
551724.1379310341 -117540.96787411776 -0.0037137687275735024 
554858.9341692786 -326768.7554855013 -0.0035629229110227274 
557993.7304075231 -523360.404108931 -0.0032742989613081704 
561128.5266457676 -699713.7199784043 -0.002859057958804318 
564263.3228840121 -849009.1251113118 -0.0023332572619123226 
567398.1191222566 -965473.3702056524 -0.0017172295694424886 
570532.9153605012 -1044602.7860353013 -0.0010347966556978382 
573667.7115987457 -1083337.4402178824 -0.0003123481831025774 
576802.5078369902 -1080179.4647177134 0.0004221787853343089 
579937.3040752347 -1035250.9783624691 0.0011403801114945465 
583072.1003134792 -950289.3645113987 0.0018144829694076202 
586206.8965517237 -828580.0864875426 0.0024184198196843835 
589341.6927899682 -674829.6387993739 0.0029288364405642107 
592476.4890282127 -494983.54712471063 0.0033259950350425296 
595611.2852664572 -295996.45499262813 0.0035945374909503273 
598746.0815047018 -85563.18790519716 0.003724079278738619 
601880.8777429463 128178.80535777118 0.003709611020956986 
605015.6739811908 336964.12766422733 0.003551692204744798 
608150.4702194353 532719.0562147273 0.003256429546478609 
611285.2664576798 707873.7531859885 0.002835240845214051 
614420.0626959243 855654.9911559662 0.0023044134567034554 
617554.8589341688 970348.073626135 0.001684474461786831 
620689.6551724133 1047517.8221814216 0.0009993968847277139 
623824.4514106578 1084180.0847202537 0.00027567265700951355 
626959.2476489024 1078917.132536087 -0.00045871182494252346 
630094.0438871469 1031932.4838483644 -0.001175357932958606 
633228.8401253914 945043.0337584444 -0.0018465529813119818 
636363.6363636359 821608.7949648836 -0.002446341875531076 
639498.4326018804 666402.9661627351 -0.0029515307952044916 
642633.2288401249 485427.35257836146 -0.003342584098392722 
645768.0250783694 285680.2763227144 -0.003604379764376756 
648902.8213166139 74885.95146348668 -0.003726794161792533 
652037.6175548584 -138804.21112518324 -0.0037050935291836236 
655172.413793103 -347126.8186020274 -0.0035401170294295688 
658307.2100313475 -542026.0413376206 -0.0032382442993396984 
661442.006269592 -715965.1316295342 -0.0028111487492693864 
664576.8025078365 -862217.8695333264 -0.0022753461526553824 
667711.598746081 -975128.6656069306 -0.0016515559815012681 
670846.3949843255 -1050331.2624023033 -0.0009639001849521566 
673981.19122257 -1084917.5775235314 -0.00023897039416974602 
677115.9874608145 -1077550.1590948892 0.0004952003753293738 
680250.783699059 -1028513.9049889059 0.0012102217596302212 
683385.5799373036 -939705.0458332951 0.0018784439010285318 
686520.3761755481 -814557.817823573 0.002474026667284606 
689655.1724137926 -657911.6609017205 0.002973938888842319 
692789.9686520371 -475824.0777437589 0.003358848973536414 
695924.7648902816 -275336.39029414963 0.0036138724587417848 
699059.5611285261 -64201.45203554187 0.0037291475931430854 
702194.3573667706 149416.15464693055 0.003700216690392742 
705329.1536050151 357255.842646942 0.0035281985077221557 
708463.9498432596 551280.4568182515 0.003219744983629704 
711598.7460815042 723987.070548093 0.002786784007597856 
714733.5423197487 868697.1237275378 0.0022460581689275547 
717868.3385579932 979814.6824913289 0.0016184773212603717 
721003.1347962377 1053042.8338299734 0.0009283099991002027 
724137.9310344822 1085549.8471002793 0.000202244954236671 
727272.7272727267 1076078.6769731832 -0.000531640897568865 
730407.5235109712 1024995.5733428241 -0.0012449682101610547 
733542.3197492157 934275.9184529856 -0.0019101526355429724 
736677.1159874602 807427.8389188456 -0.002501471509871604 
739811.9122257048 649356.5465650993 -0.0029960585481769554 
742946.7084639493 466174.6540165967 -0.0033747880829870357 
746081.5047021938 264965.800132508 -0.0036230146533746104 
749216.3009404383 53510.72588211091 -0.00373113934453749 
752351.0971786828 -160013.60669926766 -0.003694980977575861 
755485.8934169273 -367350.2174122822 -0.0035159377955678254 
758620.6896551718 -560481.4050958521 -0.0032009333935471736 
761755.4858934163 -731938.7919154679 -0.0027621489832697754 
764890.2821316608 -875092.12533323 -0.0022165523460822784 
768025.0783699054 -984405.6697952049 -0.0015852416892739706 
771159.8746081499 -1055652.273476442 -0.0008926297789678948 
774294.6708463944 -1086076.832128378 -0.00016549989911156975 
777429.4670846389 -1074502.8288860463 0.0005680298573931962 
780564.2633228834 -1021377.830143607 0.001279593914586645 
783699.0595611279 -928756.1781739224 0.001941676109510724 
786833.8557993724 -800219.5497681041 0.002528673741490851 
789968.6520376169 -640738.4528903111 0.0030178876278824903 
793103.4482758614 -456480.01726843015 0.0033903998808536163 
796238.244514106 -254569.5116533286 0.003631805461598558 
799373.0407523505 -42814.809867856646 0.0037327692228011668 
802507.836990595 170595.53946393353 0.0036893868985305514 
805642.6332288395 377408.96387189336 0.0035033360820997377 
808777.429467084 569627.993795291 0.003181811353577339 
811912.2257053285 739819.5245156749 0.00273724606556965 
815047.021943573 881402.2541164651 0.0021868315458097665 
818181.8181818175 988901.1822510969 0.001551852308976385 
821316.614420062 1058159.3282592036 0.0008568629850835225 
824451.4106583066 1086498.4814969734 0.0001287387925981382 
827586.2068965511 1072822.76767073 -0.0006043637255352856 
830721.0031347956 1017661.0262663993 -0.0013140955146533433 
833855.7993730401 923146.3603408119 -0.0019730112655552256 
836990.5956112846 792933.6494838517 -0.002555630723871484 
840125.3918495291 632058.2157229932 -0.003039424010815448 
843260.1880877736 446741.1077558982 -0.003405682852989972 
846394.9843260181 244148.533164558 -0.003640244030816704 
849529.7805642626 32114.741360793538 -0.003734037069856342 
852664.5768025072 -181160.9266278409 -0.003683434995811287 
855799.3730407517 -387431.1064551165 -0.0034903945895241976 
858934.1692789962 -578719.3358136275 -0.003162380718315431 
862068.9655172407 -747628.5040177383 -0.002712077669764428 
865203.7617554852 -887626.8980748899 -0.002156898650650188 
868338.5579937297 -993300.7838513892 -0.0015183124187133834 
871473.3542319742 -1060563.7550257833 -0.0008210130863717216 
874608.1504702187 -1086814.7543114307 -9.196520005676448e-05 
877742.9467084632 -1071038.6562718344 0.0006406389780715298 
880877.7429467078 -1013845.5221939726 0.0013484696641442684 
884012.5391849523 -917447.009034737 0.0020041550645642963 
887147.3354231968 -785570.8447058817 0.002582339842528498 
890282.1316614413 -623316.6769359097 0.003060665608220111 
893416.9278996858 -436958.8700295426 0.0034206355171418363 
896551.7241379303 -233906.17230198046 0.003639056711107494 
899686.5203761748 -14017.40995012672 0.004073873704464695 
902821.3166144193 234914.30953918555 0.005657570764986054 
905956.1128526638 507840.6410274759 0.00853874404495538 
909090.9090909084 752241.5225453484 0.010682352252734348 
912225.7053291529 902322.0483312982 0.009422824454500281 
915360.5015673974 951904.4931161262 0.0047917179582276336 
918495.2978056419 968647.4721447102 0.00015732167326505943 
921630.0940438864 1021251.7016917855 -0.0011223901195318048 
924764.8902821309 1101218.9663811512 0.0007057734216909025 
927899.6865203754 1128356.4800050457 0.0020370077311541784 
931034.4827586199 1035013.7858798532 -0.00023300668679019938 
934169.2789968645 839004.155546081 -0.00536542256716821 
937304.075235109 627990.5545874274 -0.009490934114577703 
940438.8714733535 471837.1981046318 -0.009621621945855193 
943573.667711598 355043.92244910647 -0.00673971326782318 
946708.4639498425 200045.96221508092 -0.0047190650899874035 
949843.260188087 -43458.73318005388 -0.006218288107970054 
952978.0564263315 -337403.27110416966 -0.009866130297902568 
956112.852664576 -587000.4876921622 -0.011697731135542353 
959247.6489028205 -732138.6512875098 -0.00932929951443969 
962382.445141065 -802727.1362472466 -0.004480664072150371 
965517.2413793096 -880139.4133668481 -0.0011944174767515863 
968652.0376175541 -1005622.5891564412 -0.0016255290212675664 
971786.8338557986 -1132223.660682799 -0.0038275331354576713 
974921.6300940431 -1170921.463432472 -0.003859156516968089 
978056.4263322876 -1082531.8623944367 8.341827089661767e-06 
981191.2225705321 -918808.6464819531 0.005409804245436842 
984326.0188087766 -769571.6471682683 0.008309426071792244 
987460.8150470211 -671444.838197725 0.007180845433766576 
990595.6112852657 -574044.9893366449 0.004551229449038931 
993730.4075235102 -398873.76468357333 0.004287059930100362 
996865.2037617547 -131658.48096766148 0.007614853680542455 
999999.9999999992 267444.3790149208 0.006643346676583289 
