#x u 
0.0 71412117760.50975 3273.3919509418147 
3134.796238244514 -1788081228.646511 -81.93074924478283 
6269.592476489028 42983064.4018098 2.007880443801096 
9404.38871473354 -2839616.639624382 -0.08717690104560427 
12539.184952978056 -1672427.3326205108 -0.029987638645675465 
15673.98119122257 -1643196.9246025663 -0.026764654244652287 
18808.777429467085 -1551050.7099470482 -0.022535402122825888 
21943.5736677116 -1430409.0044067253 -0.018877843176381102 
25078.369905956115 -1285925.5042001791 -0.015932887276789688 
28213.16614420063 -1123948.25731359 -0.013849292565775771 
31347.962382445145 -951530.9654713126 -0.012743845504693442 
34482.75862068966 -776197.2025266421 -0.012698540046171833 
37617.55485893417 -605618.8571811714 -0.013756003338881686 
40752.35109717868 -447274.374389812 -0.015915780656812442 
43887.14733542319 -308146.97476799524 -0.019133775918720657 
47021.943573667704 -194487.6663310328 -0.02332547194064574 
50156.739811912215 -111617.84534436566 -0.028371230570177514 
53291.53605015673 -63733.609035210044 -0.0341213816385407 
56426.33228840124 -53710.07068041577 -0.04040047871652108 
59561.12852664575 -82949.22230272462 -0.047012206258374115 
62695.92476489026 -151320.37260456505 -0.05374672602076099 
65830.72100313478 -257200.9249686241 -0.060390429014139914 
68965.51724137929 -397578.76959413016 -0.06673601305385811 
72100.3134796238 -568171.9270938353 -0.07259064422421216 
75235.10971786831 -763559.0759078143 -0.07778180685013367 
78369.90595611282 -977353.7656000496 -0.08216235069598148 
81504.70219435733 -1202452.8969289649 -0.08561625076832027 
84639.49843260185 -1431348.0389162062 -0.08806477350921296 
87774.29467084636 -1656449.4967143345 -0.08947106691180216 
90909.09090909087 -1870376.6790554605 -0.08984144226957991 
94043.88714733538 -2066208.7021698018 -0.08922353478762285 
97178.68338557989 -2237723.2620572723 -0.08770314334322092 
100313.4796238244 -2379644.7917400966 -0.0854012583883159 
103448.27586206891 -2487884.082627543 -0.08247101590087652 
106583.07210031342 -2559723.2502947985 -0.07909300580823025 
109717.86833855794 -2593912.5269227223 -0.07546790767467948 
112852.66457680245 -2590686.076385362 -0.07180723979029448 
115987.46081504696 -2551731.6540865344 -0.06832420368929748 
119122.25705329147 -2480137.598052469 -0.06522600121390199 
122257.05329153598 -2380305.959773711 -0.06270731462948854 
125391.84952978049 -2257801.6762469625 -0.06094366845811864 
128526.645768025 -2119125.4569982244 -0.0600840970610937 
131661.44200626953 -1971434.241826472 -0.060244091556292366 
134796.23824451404 -1822250.9783317356 -0.061500515879991696 
137931.03448275855 -1679188.9257419896 -0.06388932900015121 
141065.83072100306 -1549684.7858956023 -0.06740545228530269 
144200.62695924757 -1440723.0974667706 -0.07200351156298358 
147335.42319749208 -1358552.682674108 -0.0775989761450082 
150470.2194357366 -1308423.1371380286 -0.08407043317197657 
153605.0156739811 -1294375.8431621955 -0.09126402095193609 
156739.81191222562 -1319103.47246411 -0.09900011299615383 
159874.60815047013 -1383866.4210052085 -0.10708120609394647 
163009.40438871464 -1488449.2849147052 -0.11529977816875328 
166144.20062695915 -1631157.03784511 -0.12344572158797286 
169278.99686520366 -1808867.3382544387 -0.13131382584365553 
172413.79310344817 -2017152.3598448224 -0.13871175143360173 
175548.58934169268 -2250463.6778912693 -0.14546812819858157 
178683.3855799372 -2502357.9721559426 -0.15143977632899924 
181818.1818181817 -2765744.3508472224 -0.15651726272213365 
184952.97805642622 -3033148.9958594977 -0.16062876197384143 
188087.77429467073 -3297000.485504623 -0.16374263225985933 
191222.57053291524 -3549930.654522042 -0.16586884463177332 
194357.36677115975 -3785071.702073465 -0.16705889426561438 
197492.16300940426 -3996326.9062122838 -0.16740379714334858 
200626.95924764877 -4178602.7289904063 -0.16703032476378663 
203761.75548589329 -4328001.292369378 -0.16609611348990355 
206896.5517241378 -4441971.826564279 -0.1647841261368099 
210031.3479623823 -4519411.35346249 -0.16329634433808474 
213166.14420062682 -4560703.348025872 -0.16184629154693936 
216300.94043887133 -4567695.070585113 -0.16065043107491087 
219435.73667711584 -4543628.1058073 -0.15991918505836766 
222570.53291536035 -4493035.248501386 -0.1598484794297799 
225705.32915360486 -4421599.202340149 -0.16061218175440894 
228840.12539184937 -4335954.06456598 -0.16235528489364107 
231974.9216300939 -4243418.801366022 -0.1651879343587321 
235109.7178683384 -4151679.2064663284 -0.16918116574483816 
238244.5141065829 -4068455.8310324023 -0.1743654346608515 
241379.31034482742 -4001190.146661108 -0.18073200669269793 
244514.10658307193 -3956758.2515087114 -0.18823572684610398 
247648.90282131644 -3941208.97098914 -0.1967971556948274 
250783.69905956095 -3959536.2140519586 -0.20630330810876446 
253918.49529780546 -4015515.566432695 -0.21660825468694775 
257053.29153604998 -4111629.2318972927 -0.22753575412288563 
260188.0877742945 -4249063.604272196 -0.23888505348880304 
263322.884012539 -4427723.32966479 -0.25043918842641394 
266457.6802507835 -4646208.975341069 -0.26197445428382904 
269592.476489028 -4901759.049799 -0.2732707190954342 
272727.27272727253 -5190216.705543614 -0.28412335303258407 
275862.06896551704 -5506092.51991598 -0.29435684540845564 
278996.86520376155 -5842748.591589619 -0.3038377536626812 
282131.66144200607 -6192673.444031051 -0.31248286209145143 
285266.4576802506 -6547806.15377602 -0.32025964483692515 
288401.2539184951 -6899903.516837352 -0.327179931858739 
291536.0501567396 -7240971.977660008 -0.33329096139612713 
294670.8463949841 -7563756.980779284 -0.3386679190098678 
297805.6426332286 -7862211.887357976 -0.3434089804013735 
300940.43887147313 -8131829.032307979 -0.3476311034315709 
304075.23510971764 -8369761.476271993 -0.35146516597322164 
307210.03134796215 -8574768.206162365 -0.3550517795815505 
310344.82758620667 -8747087.858249234 -0.3585406409669456 
313479.6238244512 -8888322.93623681 -0.3620941223935939 
316614.4200626957 -9001328.9296368 -0.3658915594286271 
319749.2163009402 -9090047.220947756 -0.37012873389018 
322884.0125391847 -9159258.276314126 -0.37500991114447124 
326018.8087774292 -9214320.186493866 -0.38073518285920027 
329153.60501567373 -9260993.274973417 -0.3874886794739128 
332288.40125391824 -9305380.878425466 -0.3954307569793624 
335423.19749216276 -9353901.109804723 -0.4046922456616517 
338557.99373040727 -9413163.149225056 -0.4153667479444113 
341692.7899686518 -9489704.87451456 -0.427500236568618 
344827.5862068963 -9589678.243423417 -0.441082428368328 
347962.3824451408 -9718612.923909139 -0.45604572252055725 
351097.1786833853 -9881299.948604269 -0.4722728571225866 
354231.9749216298 -10081708.356867265 -0.48960817258868294 
357366.77115987433 -10322818.96589278 -0.5078659058359846 
360501.56739811884 -10606368.762973659 -0.5268339924878314 
363636.36363636336 -10932635.779868014 -0.5462782741580349 
366771.15987460787 -11300409.092082515 -0.5659529224544242 
369905.9561128524 -11707154.988465652 -0.5856170219171072 
373040.7523510969 -12149240.130609298 -0.6050506052833422 
376175.5485893414 -12622063.144307068 -0.6240632068070366 
379310.3448275859 -13120092.338777926 -0.642494866038967 
382445.1410658304 -13636957.348704541 -0.660216522096217 
385579.93730407493 -14165732.718772454 -0.6771363901292048 
388714.73354231945 -14699382.1377836 -0.6932112305626372 
391849.52978056396 -15231176.074217333 -0.7084543383855919 
394984.32601880847 -15754921.21470539 -0.7229333091194489 
398119.122257053 -16265029.333795467 -0.7367593540162566 
401253.9184952975 -16756611.327134175 -0.7500772134890284 
404388.714733542 -17225738.217982266 -0.7630627188050826 
407523.5109717865 -17669803.064053092 -0.775925520449544 
410658.307210031 -18087762.50007444 -0.7889073667291658 
413793.10344827553 -18480105.263040718 -0.8022694211003404 
416927.89968652005 -18848626.709122486 -0.8162726672766905 
420062.69592476456 -19196244.26477245 -0.8311625240345988 
423197.49216300907 -19527000.02237751 -0.8471646357000266 
426332.2884012536 -19846148.984170254 -0.8644873507903538 
429467.0846394981 -20160085.136760734 -0.8833195883379732 
432601.8808777426 -20475976.252792984 -0.9038181245395909 
435736.6771159871 -20801248.734983426 -0.9260906209875559 
438871.4733542316 -21143204.335116025 -0.9501870558574858 
442006.26959247614 -21508905.654577427 -0.976105485315542 
445141.06583072065 -21905180.02251784 -1.0038048151165602 
448275.86206896516 -22338463.35694938 -1.0332113343542997 
451410.65830720967 -22814380.926922243 -1.0642137568741672 
454545.4545454542 -23337265.49843402 -1.0966554086344382 
457680.2507836987 -23909924.659046438 -1.1303373009890065 
460815.0470219432 -24533759.29929193 -1.165036233060852 
463949.8432601877 -25209013.41721947 -1.2005273565252115 
467084.6394984322 -25934839.34009828 -1.2365962925997254 
470219.43573667674 -26709102.382566467 -1.273036965502793 
473354.23197492125 -27528180.11664679 -1.3096465865693738 
476489.02821316576 -28387081.226244763 -1.3462325231914414 
479623.82445141027 -29279929.86222432 -1.3826331023255887 
482758.6206896548 -30200515.72015608 -1.4187386614995399 
485893.4169278993 -31142562.95187581 -1.454497107715781 
489028.2131661438 -32099683.52724051 -1.4899026698805053 
492163.0094043883 -33065332.161958978 -1.5249827329036143 
495297.8056426328 -34033095.73478393 -1.5597984431489655 
498432.60188087734 -34997299.91472448 -1.5944587827810204 
501567.39811912185 -35953559.54134715 -1.629131525609788 
504702.19435736636 -36898918.02612449 -1.6640353662347163 
507836.99059561087 -37831610.183828145 -1.699415351178461 
510971.7868338554 -38750842.49381603 -1.7355202017535694 
514106.5830720999 -39656931.44459195 -1.7725976308661164 
517241.3793103444 -40551717.590127505 -1.8109043043543982 
520376.1755485889 -41438820.00364159 -1.850710841772857 
523510.9717868334 -42323394.43493825 -1.8922866809886547 
526645.768025078 -43211522.29900377 -1.935870790444605 
529780.5642633225 -44109707.21489762 -1.9816501303168526 
532915.360501567 -45024815.88073913 -2.029761240562344 
536050.1567398115 -45964303.74704691 -2.0803074767973153 
539184.952978056 -46936231.144125015 -2.133368967892588 
542319.7492163006 -47948766.12314727 -2.1889910160451844 
545454.5454545451 -49009402.34353087 -2.247160972906211 
548589.3416927896 -50124438.76260777 -2.307798161688059 
551724.1379310341 -51299025.3381757 -2.3707702570114595 
554858.9341692786 -52537513.706596024 -2.4359236047360646 
557993.7304075231 -53843554.1439765 -2.503101321707477 
561128.5266457676 -55219675.208599195 -2.5721365644629586 
564263.3228840121 -56666674.47739168 -2.6428355357885898 
567398.1191222566 -58183415.00605594 -2.7149770627873107 
570532.9153605012 -59767265.68256456 -2.7883393191486037 
573667.7115987457 -61414801.10787135 -2.8627358203456175 
576802.5078369902 -63122140.22250822 -2.938032085190782 
579937.3040752347 -64884715.33520515 -3.014133369669478 
583072.1003134792 -66696904.81805691 -3.090963397837915 
586206.8965517237 -68552155.97528462 -3.168462978855632 
589341.6927899682 -70443747.51870504 -3.2466156310964522 
592476.4890282127 -72365678.86372492 -3.325477069022318 
595611.2852664572 -74313024.74959284 -3.405178667394583 
598746.0815047018 -76281633.40635754 -3.485899815435418 
601880.8777429463 -78267722.5798506 -3.567835103361626 
605015.6739811908 -80268025.72091576 -3.6511867943574865 
608150.4702194353 -82280539.36828987 -3.7361854712939504 
611285.2664576798 -84305242.24992745 -3.823110530842499 
614420.0626959243 -86344121.33419903 -3.912280535635432 
617554.8589341688 -88400510.52851371 -4.004014104893977 
620689.6551724133 -90478434.8948998 -4.098593443261135 
623824.4514106578 -92582628.08407465 -4.196261361692006 
626959.2476489024 -94719158.41528514 -4.297248976639651 
630094.0438871469 -96895915.85417005 -4.401799851106854 
633228.8401253914 -99122303.3420178 -4.51016041261483 
636363.6363636359 -101408263.41751313 -4.622542473535311 
639498.4326018804 -103763433.19506544 -4.739093930023412 
642633.2288401249 -106197046.13445616 -4.859905622427238 
645768.0250783694 -108718349.41859241 -4.985043320851803 
648902.8213166139 -111336672.62770444 -5.114564720735306 
652037.6175548584 -114060562.52728777 -5.248494089502605 
655172.413793103 -116896343.06174521 -5.386770471041963 
658307.2100313475 -119847109.72808684 -5.529215156720421 
661442.006269592 -122912843.95414355 -5.675549325782722 
664576.8025078365 -126091358.23437198 -5.825448117298896 
667711.598746081 -129379159.0266587 -5.978588868306315 
670846.3949843255 -132771674.4623339 -6.134667836431189 
673981.19122257 -136263221.39876956 -6.293402331527254 
677115.9874608145 -139847541.8399124 -6.454556161975379 
680250.783699059 -143519167.96272972 -6.618000245344816 
683385.5799373036 -147274834.3180208 -6.783772640126821 
686520.3761755481 -151113767.9248963 -6.95208458313396 
689655.1724137926 -155036464.04152218 -7.123254834950137 
692789.9686520371 -159042818.73578778 -7.297612632619195 
695924.7648902816 -163131022.6671933 -7.4754340673098465 
699059.5611285261 -167297906.52804002 -7.656944034981357 
702194.3573667706 -171540186.70647857 -7.842359020288718 
705329.1536050151 -175855507.76496282 -8.03192068962368 
708463.9498432596 -180242775.80601206 -8.225897651494687 
711598.7460815042 -184702266.03797206 -8.424578061031935 
714733.5423197487 -189236225.1564652 -8.62828657665119 
717868.3385579932 -193849893.7147249 -8.837422651019386 
721003.1347962377 -198551957.49608627 -9.052475063228812 
724137.9310344822 -203353533.48711875 -9.273971932966681 
727272.7272727267 -208265996.83913353 -9.502380396341035 
730407.5235109712 -213299116.2551161 -9.738023235068402 
733542.3197492157 -218460848.6565954 -9.981074297962108 
736677.1159874602 -223758736.20693454 -10.231629918565503 
739811.9122257048 -229201457.34088033 -10.489789654418443 
742946.7084639493 -234799053.54390877 -10.755678215123872 
746081.5047021938 -240561697.80293295 -11.029401987382588 
749216.3009404383 -246498238.40017194 -11.310996203907433 
752351.0971786828 -252615799.64722672 -11.600420963499486 
755485.8934169273 -258920481.72882515 -11.897607481425743 
758620.6896551718 -265418027.69163164 -12.202502135417287 
761755.4858934163 -272113460.00310177 -12.51506205972594 
764890.2821316608 -279009956.06963056 -12.835214161593024 
768025.0783699054 -286108229.2879158 -13.162835208637462 
771159.8746081499 -293407284.16718465 -13.497792471861532 
774294.6708463944 -300905998.54535407 -13.840019618918445 
777429.4670846389 -308604064.15540063 -14.189560403524943 
780564.2633228834 -316501428.98434633 -14.546540866093352 
783699.0595611279 -324596953.47161466 -14.911102770744762 
786833.8557993724 -332887880.11820805 -15.283371791463878 
789968.6520376169 -341370942.8462137 -15.663498615019869 
793103.4482758614 -350044261.172958 -16.05173414928386 
796238.244514106 -358908320.5899676 -16.448461425733544 
799373.0407523505 -367965250.0966186 -16.854148531976072 
802507.836990595 -377217358.3452442 -17.269267184777156 
805642.6332288395 -386666655.0718477 -17.694256644445314 
808777.429467084 -396316034.29410356 -18.129564526098704 
811912.2257053285 -406171001.6164988 -18.575713795913746 
815047.021943573 -416240175.3595868 -19.033315277587086 
818181.8181818175 -426534000.7167083 -19.503000368016536 
821316.614420062 -437062950.3757808 -19.98533265635491 
824451.4106583066 -447837013.4040311 -20.480781264967327 
827586.2068965511 -458866904.872352 -20.989775860970017 
830721.0031347956 -470165570.30197835 -21.512777994360476 
833855.7993730401 -481748174.8929956 -22.050285702652417 
836990.5956112846 -493630304.76483566 -22.602758681711347 
840125.3918495291 -505825983.8790048 -23.17053723665127 
843260.1880877736 -518347342.9333894 -23.753838803196924 
846394.9843260181 -531206076.57885516 -24.352837837137386 
849529.7805642626 -544414947.5116695 -24.967748741581534 
852664.5768025072 -557987527.5966214 -25.598828332104272 
855799.3730407517 -571936224.16255 -26.246299492292163 
858934.1692789962 -586270500.0977993 -26.910282960595463 
862068.9655172407 -600997084.916747 -27.590819109567896 
865203.7617554852 -616121958.4477084 -28.287969240762592 
868338.5579937297 -631652057.4156647 -29.00190203958173 
871473.3542319742 -647594951.5879599 -29.732884503119234 
874608.1504702187 -663956895.4679483 -30.481195727199967 
877742.9467084632 -680741438.2705097 -31.247063484569672 
880877.7429467078 -697950275.6886989 -32.03070075111394 
884012.5391849523 -715585725.2940086 -32.83241394249663 
887147.3354231968 -733652497.7819668 -33.65267636294211 
890282.1316614413 -752157142.2619238 -34.492092825832145 
893416.9278996858 -771105973.1404424 -35.3512928472187 
896551.7241379303 -790503905.9969724 -36.23086413420416 
899686.5203761748 -810355706.9881747 -37.13139584125604 
902821.3166144193 -830668614.6798807 -38.053584414656754 
905956.1128526638 -851453783.7374048 -38.99828566709983 
909090.9090909084 -872725148.5769562 -39.96644936793155 
912225.7053291529 -894496956.8522031 -40.95899415558892 
915360.5015673974 -916782606.590663 -41.97674396543961 
918495.2978056419 -939596047.0580543 -43.020484129249326 
921630.0940438864 -962954267.5551376 -44.0910698128945 
924764.8902821309 -986878166.8929491 -45.18946291616597 
927899.6865203754 -1011390705.5872669 -46.31664722098022 
931034.4827586199 -1036514052.802462 -47.47350026946811 
934169.2789968645 -1062268506.2480772 -48.66074921577074 
937304.075235109 -1088674123.4316115 -49.87905345850331 
940438.8714733535 -1115753142.9393418 -51.129125680644016 
943573.667711598 -1143530397.3038657 -52.41176263387685 
946708.4639498425 -1172030991.776785 -53.72775194519037 
949843.260188087 -1201277414.2725592 -55.07775368591479 
952978.0564263315 -1231288911.5965347 -56.46228611530207 
956112.852664576 -1262083663.3694987 -57.881839403016386 
959247.6489028205 -1293681382.415797 -59.33700809433675 
962382.445141065 -1326103521.9826276 -60.82851255941053 
965517.2413793096 -1359370794.7282631 -62.35709543943634 
968652.0376175541 -1393500593.7929943 -63.92341143059567 
971786.8338557986 -1428507109.9187498 -65.5280381655666 
974921.6300940431 -1464404193.708503 -67.17161022965631 
978056.4263322876 -1501208161.040582 -68.8549477660173 
981191.2225705321 -1538937788.9433534 -70.57905349224443 
984326.0188087766 -1577611697.4737358 -72.34498719969824 
987460.8150470211 -1617246098.3669758 -74.15375457787631 
990595.6112852657 -1657855568.602759 -76.00633261240137 
993730.4075235102 -1699456417.9020872 -77.90380730734555 
996865.2037617547 -1742066997.5814347 -79.84759169631808 
999999.9999999992 -1785810373.8386853 -81.83465607890957 
