#x u 
0.0 1.1670342219641444e+22 534941954320205.1 
3134.796238244514 -2.9205232290978205e+20 -13387014488587.48 
6269.592476489028 7.187221183589128e+18 329445878597.27026 
9404.38871473354 -3.012999166622393e+17 -13810903161.364212 
12539.184952978056 -1.1701219400527562e+17 -5363572940.96309 
15673.98119122257 -1.2473783289461189e+17 -5717698663.024629 
18808.777429467085 -1.2773814556145254e+17 -5855226174.328002 
21943.5736677116 -1.3093655153282442e+17 -6001833832.363213 
25078.369905956115 -1.342118885984768e+17 -6151967836.827865 
28213.16614420063 -1.3756923607370736e+17 -6305861012.006723 
31347.962382445145 -1.410105665501819e+17 -6463603777.062006 
34482.75862068966 -1.4453798285927795e+17 -6625292520.9701605 
37617.55485893417 -1.481536384115106e+17 -6791025951.153983 
40752.35109717868 -1.5185974053640003e+17 -6960905246.536974 
43887.14733542319 -1.5565855177771722e+17 -7135034117.066528 
47021.943573667704 -1.5955239127865443e+17 -7313518866.965116 
50156.739811912215 -1.6354363619612502e+17 -7496468459.694754 
53291.53605015673 -1.6763472315192186e+17 -7683994584.481862 
56426.33228840124 -1.7182814972076813e+17 -7876211724.479098 
59561.12852664575 -1.7612647595540982e+17 -8073237226.640537 
62695.92476489026 -1.8053232594847114e+17 -8275191373.408523 
65830.72100313478 -1.850483894346965e+17 -8482197456.133375 
68965.51724137929 -1.896774234334724e+17 -8694381850.320616 
72100.3134796238 -1.9442225393185843e+17 -8911874092.787031 
75235.10971786831 -1.9928577760964774e+17 -9134806960.75018 
78369.90595611282 -2.0427096360795098e+17 -9363316552.87929 
81504.70219435733 -2.093808553416957e+17 -9597542372.388632 
84639.49843260185 -2.1461857235744186e+17 -9837627412.210632 
87774.29467084636 -2.1998731223812595e+17 -10083718242.278715 
90909.09090909087 -2.2549035255511686e+17 -10335965099.009056 
94043.88714733538 -2.3113105286906608e+17 -10594521977.022253 
97178.68338557989 -2.369128567808257e+17 -10859546723.158947 
100313.4796238244 -2.4283929403383005e+17 -11131201132.839727 
103448.27586206891 -2.4891398266913782e+17 -11409651048.832464 
106583.07210031342 -2.5514063123406835e+17 -11695066462.504744 
109717.86833855794 -2.6152304104609834e+17 -11987621617.608696 
112852.66457680245 -2.6806510851362352e+17 -12287495116.651249 
115987.46081504696 -2.7477082751477344e+17 -12594870029.925467 
119122.25705329147 -2.8164429183553546e+17 -12909934007.278242 
122257.05329153598 -2.8868969766903776e+17 -13232879392.666185 
125391.84952978049 -2.959113461774228e+17 -13563903341.574081 
128526.645768025 -3.033136461175193e+17 -13903207941.383434 
131661.44200626953 -3.109011165322218e+17 -14251000334.75133 
134796.23824451404 -3.186783895094764e+17 -14607492846.062386 
137931.03448275855 -3.2665021301022554e+17 -14972903111.046833 
141065.83072100306 -3.3482145376689536e+17 -15347454209.649944 
144200.62695924757 -3.431971002543911e+17 -15731374802.225452 
147335.42319749208 -3.51782265735581e+17 -16124899269.127764 
150470.2194357366 -3.6058219138303584e+17 -16528267853.793215 
153605.0156739811 -3.696022494787369e+17 -16941726809.405973 
156739.81191222562 -3.788479466936982e+17 -17365528549.238487 
159874.60815047013 -3.883249274496602e+17 -17799931800.75169 
163009.40438871464 -3.9803897736499546e+17 -18245201763.544422 
166144.20062695915 -4.0799602678686336e+17 -18701610271.251663 
169278.99686520366 -4.1820215441167315e+17 -19169435957.49533 
172413.79310344817 -4.286635909960382e+17 -19648964425.98946 
175548.58934169268 -4.393867231605611e+17 -20140488424.90088 
178683.3855799372 -4.50378097288806e+17 -20644308025.569683 
181818.1818181817 -4.6164442352383046e+17 -21160730805.699635 
184952.97805642622 -4.7319257986468006e+17 -21690072037.131313 
188087.77429467073 -4.850296163653648e+17 -22232654878.31244 
191222.57053291524 -4.971627594388626e+17 -22788810571.583237 
194357.36677115975 -5.0959941626877114e+17 -23358878645.39783 
197492.16300940426 -5.2234717933131814e+17 -23943207121.604023 
200626.95924764877 -5.354138310305254e+17 -24542152727.90715 
203761.75548589329 -5.4880734844929485e+17 -25156081115.649433 
206896.5517241378 -5.625359082193293e+17 -25785367083.038403 
210031.3479623823 -5.766078915128923e+17 -26430394803.958347 
213166.14420062682 -5.910318891594752e+17 -27091558062.50386 
216300.94043887133 -6.058167068904573e+17 -27769260493.38044 
219435.73667711584 -6.209713707149248e+17 -28463915828.320488 
222570.53291536035 -6.36505132429944e+17 -29175948148.66453 
225705.32915360486 -6.524274752686871e+17 -29905792144.260212 
228840.12539184937 -6.687481196898738e+17 -30653893378.83666 
231974.9216300939 -6.854770293120504e+17 -31420708562.016598 
235109.7178683384 -7.026244169963068e+17 -32206705828.133232 
238244.5141065829 -7.202007510811361e+17 -33012365022.022736 
241379.31034482742 -7.382167617732618e+17 -33838177991.965775 
244514.10658307193 -7.566834476983442e+17 -34684648889.95685 
247648.90282131644 -7.756120826155578e+17 -35552294479.48444 
250783.69905956095 -7.950142223001171e+17 -36441644451.011246 
253918.49529780546 -8.149017115979775e+17 -37353241745.34619 
257053.29153604998 -8.35286691657007e+17 -38287642885.1057 
260188.0877742945 -8.561816073390687e+17 -39245418314.465355 
263322.884012539 -8.77599214817515e+17 -40227152747.41109 
266457.6802507835 -8.995525893647345e+17 -41233445524.701836 
269592.476489028 -9.220551333344915e+17 -42264910979.76243 
272727.27272727253 -9.451205843439406e+17 -43322178813.72944 
275862.06896551704 -9.687630236603223e+17 -44405894479.87899 
278996.86520376155 -9.929968847974628e+17 -45516719577.67056 
282131.66144200607 -1.0178369623273256e+18 -46655332256.64746 
285266.4576802506 -1.0432984209119803e+18 -47822427630.441154 
288401.2539184951 -1.069396804561498e+18 -49018718201.13276 
291536.0501567396 -1.0961480461234331e+18 -50244934294.23005 
294670.8463949841 -1.1235684770096945e+18 -51501824504.525276 
297805.6426332286 -1.151674837166744e+18 -52790156153.10574 
300940.43887147313 -1.1804842852952044e+18 -54110715755.79663 
304075.23510971764 -1.2100144093251044e+18 -55464309503.32244 
307210.03134796215 -1.2402832371531535e+18 -56851763753.48003 
310344.82758620667 -1.271309247648624e+18 -58273925535.62367 
313479.6238244512 -1.303111381934542e+18 -59731663067.76965 
316614.4200626957 -1.3357090549510925e+18 -61225866286.63569 
319749.2163009402 -1.3691221673082888e+18 -62757447390.939575 
322884.0125391847 -1.4033711174351304e+18 -64327341398.28929 
326018.8087774292 -1.4384768140326664e+18 -65936506716.00353 
329153.60501567373 -1.474460688838585e+18 -67585925726.21178 
332288.40125391824 -1.5113447097111078e+18 -69276605385.59045 
335423.19749216276 -1.5491513940401915e+18 -71009577840.1014 
338557.99373040727 -1.5879038224942126e+18 -72785901055.1084 
341692.7899686518 -1.627625653110528e+18 -74606659461.25587 
344827.5862068963 -1.6683411357385042e+18 -76472964616.5053 
347962.3824451408 -1.7100751268438449e+18 -78385955884.73236 
351097.1786833853 -1.7528531046832637e+18 -80346801131.2992 
354231.9749216298 -1.7967011848587443e+18 -82356697436.02623 
357366.77115987433 -1.8416461362609055e+18 -84416871823.99944 
360501.56739811884 -1.8877153974111857e+18 -86528582014.65904 
363636.36363636336 -1.9349370932128282e+18 -88693117189.62709 
366771.15987460787 -1.9833400521209108e+18 -90911798779.74223 
369905.9561128524 -2.0329538237418719e+18 -93185981271.78195 
373040.7523510969 -2.0838086968733071e+18 -95517053035.3657 
376175.5485893414 -2.1359357179950316e+18 -97906437170.5428 
379310.3448275859 -2.1893667102226929e+18 -100355592376.58311 
382445.1410658304 -2.2441342927355277e+18 -102866013842.50171 
385579.93730407493 -2.30027190069009e+18 -105439234159.85876 
388714.73354231945 -2.3578138056321475e+18 -108076824258.39436 
391849.52978056396 -2.416795136419176e+18 -110780394365.06816 
394984.32601880847 -2.47725190066623e+18 -113551594987.08937 
398119.122257053 -2.539221006728306e+18 -116392117919.53772 
401253.9184952975 -2.6027402862325796e+18 -119303697278.19086 
404388.714733542 -2.667848517174304e+18 -122288110558.18744 
407523.5109717865 -2.7345854475904625e+18 -125347179719.17361 
410658.307210031 -2.80299181982561e+18 -128482772297.59415 
413793.10344827553 -2.873109395404737e+18 -131696802546.80734 
416927.89968652005 -2.9449809805283436e+18 -134991232605.72185 
420062.69592476456 -3.0186504522052516e+18 -138368073696.66556 
423197.49216300907 -3.094162785039175e+18 -141829387353.22073 
426332.2884012536 -3.1715640786853294e+18 -145377286678.77307 
429467.0846394981 -3.2509015859938964e+18 -149013937636.54364 
432601.8808777426 -3.3322237418575007e+18 -152741560371.89105 
435736.6771159871 -3.4155801927803105e+18 -156562430567.6928 
438871.4733542316 -3.501021827186817e+18 -160478880833.63046 
442006.26959247614 -3.588600806488802e+18 -164493302130.2286 
445141.06583072065 -3.6783705969294275e+18 -168608145228.51672 
448275.86206896516 -3.7703860022239713e+18 -172825922206.20486 
451410.65830720967 -3.864703197017024e+18 -177149207981.28516 
454545.4545454542 -3.961379761176628e+18 -181580641883.99915 
457680.2507836987 -4.0604747149463393e+18 -186122929268.12692 
460815.0470219432 -4.162048554976584e+18 -190778843162.58224 
463949.8432601877 -4.2661632912573573e+18 -195551225964.32452 
467084.6394984322 -4.372882484974825e+18 -200442991173.6189 
470219.43573667674 -4.4822712873148923e+18 -205457125172.70377 
473354.23197492125 -4.5943964792374656e+18 -210596689048.95203 
476489.02821316576 -4.709326512245681e+18 -215864820463.6401 
479623.82445141027 -4.827131550174986e+18 -221264735567.46436 
482758.6206896548 -4.947883512027569e+18 -226799730963.9743 
485893.4169278993 -5.071656115878327e+18 -232473185722.1222 
489028.2131661438 -5.198524923879143e+18 -238288563439.15616 
492163.0094043883 -5.328567388388926e+18 -244249414355.11783 
495297.8056426328 -5.46186289925768e+18 -250359377520.23444 
498432.60188087734 -5.598492832293322e+18 -256622183016.52948 
501567.39811912185 -5.738540598940947e+18 -263041654235.00604 
504702.19435736636 -5.882091697204853e+18 -269621710209.7972 
507836.99059561087 -6.029233763844312e+18 -276366368010.70233 
510971.7868338554 -6.180056627875126e+18 -283279745195.5755 
514106.5830720999 -6.334652365409509e+18 -290366062324.06006 
517241.3793103444 -6.493115355867729e+18 -297629645534.2058 
520376.1755485889 -6.65554233959604e+18 -305074929183.5411 
523510.9717868334 -6.822032476925839e+18 -312706458556.2113 
526645.768025078 -6.992687408710212e+18 -320528892637.8372 
529780.5642633225 -7.167611318374842e+18 -328547006959.78595 
532915.360501567 -7.346910995521133e+18 -336765696514.59546 
536050.1567398115 -7.530695901120373e+18 -345189978744.3254 
539184.952978056 -7.719078234338765e+18 -353824996603.6646 
542319.7492163006 -7.912173001034085e+18 -362676021699.6631 
545454.5454545451 -8.110098083965802e+18 -371748457510.0037 
548589.3416927896 -8.312974314761524e+18 -381047842681.78033 
551724.1379310341 -8.520925547683731e+18 -390579854412.7972 
554858.9341692786 -8.734078735241742e+18 -400350311917.44977 
557993.7304075231 -8.95256400569521e+18 -410365179979.3084 
561128.5266457676 -9.176514742496333e+18 -420630572592.57 
564263.3228840121 -9.40606766571937e+18 -431152756694.599 
567398.1191222566 -9.641362915527084e+18 -441938155991.84247 
570532.9153605012 -9.882544137725157e+18 -452993354881.4484 
573667.7115987457 -1.012975857145677e+19 -464325102470.98505 
576802.5078369902 -1.0383157139090887e+19 -475940316698.71796 
579937.3040752347 -1.0642894538359144e+19 -487846088556.9531 
583072.1003134792 -1.0909129336797503e+19 -500049686421.02875 
586206.8965517237 -1.1182024068550423e+19 -512558560486.59906 
589341.6927899682 -1.1461745333596631e+19 -525380347317.91656 
592476.4890282127 -1.1748463899457e+19 -538522874509.89026 
595611.2852664572 -1.2042354805446732e+19 -551994165466.7698 
598746.0815047018 -1.2343597469535418e+19 -565802444300.3663 
601880.8777429463 -1.2652375797880201e+19 -579956140850.8043 
605015.6739811908 -1.2968878297099024e+19 -594463895832.8726 
608150.4702194353 -1.3293298189352303e+19 -609334566111.1049 
611285.2664576798 -1.3625833530303492e+19 -624577230106.8259 
614420.0626959243 -1.3966687330030387e+19 -640201193340.4493 
617554.8589341688 -1.4316067676961139e+19 -656215994112.4221 
620689.6551724133 -1.4674187864910475e+19 -672631409326.2805 
623824.4514106578 -1.504126652329394e+19 -689457460457.3662 
626959.2476489024 -1.5417527750599162e+19 -706704419670.8573 
630094.0438871469 -1.5803201251196287e+19 -724382816092.8365 
633228.8401253914 -1.6198522475570493e+19 -742503442238.2377 
636363.6363636359 -1.6603732764062593e+19 -761077360599.586 
639498.4326018804 -1.7019079494205293e+19 -780115910400.5579 
642633.2288401249 -1.744481623174526e+19 -799630714518.4863 
645768.0250783694 -1.7881202885442765e+19 -819633686580.0297 
648902.8213166139 -1.832850586574391e+19 -840137038234.3413 
652037.6175548584 -1.878699824742193e+19 -861153286608.1799 
655172.413793103 -1.925695993628718e+19 -882695261947.513 
658307.2100313475 -1.9738677840067252e+19 -904776115450.2781 
661442.006269592 -2.0232446043561865e+19 -927409327295.0796 
664576.8025078365 -2.0738565988179096e+19 -950608714870.7241 
667711.598746081 -2.12573466559629e+19 -974388441211.6228 
670846.3949843255 -2.178910475822408e+19 -998763023644.2057 
673981.19122257 -2.2334164928889897e+19 -1023747342649.631 
677115.9874608145 -2.289285992269063e+19 -1049356650948.2009 
680250.783699059 -2.3465530818303345e+19 -1075606582811.0153 
683385.5799373036 -2.405252722657764e+19 -1102513163604.567 
686520.3761755481 -2.465420750397023e+19 -1130092819574.0896 
689655.1724137926 -2.527093897131852e+19 -1158362387871.6523 
692789.9686520371 -2.590309813808704e+19 -1187339126835.098 
695924.7648902816 -2.655107093222345e+19 -1217040726524.1223 
699059.5611285261 -2.721525293576415e+19 -1247485319519.9033 
702194.3573667706 -2.7896049626334036e+19 -1278691491994.8906 
705329.1536050151 -2.859387662468695e+19 -1310678295059.5137 
708463.9498432596 -2.930915994843903e+19 -1343465256392.7212 
711598.7460815042 -3.0042336272148816e+19 -1377072392163.4817 
714733.5423197487 -3.0793853193903505e+19 -1411520219250.4778 
717868.3385579932 -3.1564169508573893e+19 -1446829767767.494 
721003.1347962377 -3.2353755487904674e+19 -1483022593902.1255 
724137.9310344822 -3.316309316761159e+19 -1520120793075.6506 
727272.7272727267 -3.39926766416602e+19 -1558147013432.1104 
730407.5235109712 -3.4843012363906404e+19 -1597124469664.8113 
733542.3197492157 -3.571461945728212e+19 -1637076957188.7039 
736677.1159874602 -3.6608030030715564e+19 -1678028866667.2856 
739811.9122257048 -3.7523789503979225e+19 -1720005198902.8909 
742946.7084639493 -3.846245694066421e+19 -1763031580099.481 
746081.5047021938 -3.9424605389484065e+19 -1807134277507.2349 
749216.3009404383 -4.041082223411631e+19 -1852340215458.4895 
752351.0971786828 -4.142170955179535e+19 -1898676991804.8176 
755485.8934169273 -4.2457884480875364e+19 -1946172894765.2874 
758620.6896551718 -4.3519979597588234e+19 -1994856920196.1775 
761755.4858934163 -4.460864330222619e+19 -2044758789292.7185 
764890.2821316608 -4.572454021498488e+19 -2095908966733.6387 
768025.0783699054 -4.68683515817086e+19 -2148338679279.597 
771159.8746081499 -4.8040775689785246e+19 -2202079934836.8657 
774294.6708463944 -4.924252829444468e+19 -2257165541997.8867 
777429.4670846389 -5.047434305572152e+19 -2313629130070.635 
780564.2633228834 -5.17369719863485e+19 -2371505169609.052 
783699.0595611279 -5.303118591085428e+19 -2430828993457.0176 
786833.8557993724 -5.4357774936145265e+19 -2491636818318.788 
789968.6520376169 -5.5717548933859475e+19 -2553965766868.974 
793103.4482758614 -5.711133803478643e+19 -2617853890415.62 
796238.244514106 -5.853999313565477e+19 -2683340192130.223 
799373.0407523505 -6.00043864185982e+19 -2750464650858.845 
802507.836990595 -6.1505411883614994e+19 -2819268245528.8613 
805642.6332288395 -6.304398589434819e+19 -2889792980166.272 
808777.429467084 -6.462104773751768e+19 -2962081909538.8105 
811912.2257053285 -6.6237560196346995e+19 -3036179165440.514 
815047.021943573 -6.789451013833455e+19 -3112129983633.8203 
818181.8181818175 -6.959290911772795e+19 -3189980731465.6333 
821316.614420062 -7.13337939930697e+19 -3269778936174.195 
824451.4106583066 -7.3118227560190886e+19 -3351573313904.087 
827586.2068965511 -7.494729920103876e+19 -3435413799447.0156 
830721.0031347956 -7.682212554873582e+19 -3521351576726.601 
833855.7993730401 -7.8743851169275e+19 -3609439110045.7437 
836990.5956112846 -8.071364926026793e+19 -3699730176115.644 
840125.3918495291 -8.273272236717236e+19 -3792279896886.0396 
843260.1880877736 -8.480230311743563e+19 -3887144773196.6904 
846394.9843260181 -8.692365497300412e+19 -3984382719270.6855 
849529.7805642626 -8.909807300165619e+19 -4084053098070.5864 
852664.5768025072 -9.132688466763053e+19 -4186216757539.0522 
855799.3730407517 -9.361145064203207e+19 -4290936067745.9854 
858934.1692789962 -9.595316563350997e+19 -4398274958964.935 
862068.9655172407 -9.835345923971614e+19 -4508298960702.01 
865203.7617554852 -1.0081379682006252e+20 -4621075241701.103 
868338.5579937297 -1.0333568039031141e+20 -4736672650949.852 
871473.3542319742 -1.059206495395439e+20 -4855161759711.414 
874608.1504702187 -1.0857028237006525e+20 -4976614904607.584 
877742.9467084632 -1.1128619646082333e+20 -5101106231779.694 
880877.7429467078 -1.1407004985492773e+20 -5228711742154.255 
884012.5391849523 -1.1692354207187168e+20 -5359509337840.897 
887147.3354231968 -1.1984841514507466e+20 -5493578869690.993 
890282.1316614413 -1.2284645468537922e+20 -5631002186045.903 
893416.9278996858 -1.2591949097115097e+20 -5771863182704.681 
896551.7241379303 -1.2906940006564853e+20 -5916247854141.79 
899686.5203761748 -1.3229810496234462e+20 -6064244346006.016 
902821.3166144193 -1.3560757675889913e+20 -6215943008932.709 
905956.1128526638 -1.3899983586049712e+20 -6371436453702.079 
909090.9090909084 -1.4247695321328948e+20 -6530819607777.287 
912225.7053291529 -1.4604105156868746e+20 -6694189773256.862 
915360.5015673974 -1.49694306779285e+20 -6861646686276.826 
918495.2978056419 -1.534389491271997e+20 -7033292577898.784 
921630.0940438864 -1.5727726468564192e+20 -7209232236521.233 
924764.8902821309 -1.6121159671454384e+20 -7389573071851.946 
927899.6865203754 -1.6524434709109886e+20 -7574425180480.709 
931034.4827586199 -1.6937797777608792e+20 -7763901413092.326 
934169.2789968645 -1.7361501231688575e+20 -7958117443361.083 
937304.075235109 -1.7795803738806695e+20 -8157191838568.555 
940438.8714733535 -1.8240970437055024e+20 -8361246131988.021 
943573.667711598 -1.8697273097024363e+20 -8570404897079.487 
946708.4639498425 -1.9164990287718118e+20 -8784795823540.733 
949843.260188087 -1.964440754661627e+20 -9004549795260.748 
952978.0564263315 -2.013581755399371e+20 -9229800970223.352 
956112.852664576 -2.06395203115992e+20 -9460686862409.482 
959247.6489028205 -2.1155823325804036e+20 -9697348425748.477 
962382.445141065 -2.1685041795332198e+20 -9939930140169.22 
965517.2413793096 -2.2227498803686244e+20 -10188580099803.818 
968652.0376175541 -2.278352551638715e+20 -10443450103397.943 
971786.8338557986 -2.3353461383148385e+20 -10704695746982.66 
974921.6300940431 -2.3937654345106987e+20 -10972476518864.639 
978056.4263322876 -2.4536461047238938e+20 -11246955896992.355 
981191.2225705321 -2.515024705608787e+20 -11528301448758.137 
984326.0188087766 -2.5779387082940193e+20 -11816684933296.424 
987460.8150470211 -2.6424265212583484e+20 -12112282406341.516 
990595.6112852657 -2.7085275137787085e+20 -12415274327708.094 
993730.4075235102 -2.776282039964822e+20 -12725845671460.457 
996865.2037617547 -2.8457314633950442e+20 -13044186038837.596 
999999.9999999992 -2.9169181823685067e+20 -13370489774003.287 
