#x u 
0.0 -428323.94607180223 -0.0032178289714948245 
3134.796238244514 -502645.26526109496 0.0022298735073269134 
6269.592476489028 -686908.0074014473 0.0016609212931855497 
9404.38871473354 -841799.9960060844 0.0011564554373689048 
12539.184952978056 -964395.2234076655 0.0005955523492589387 
15673.98119122257 -1049786.105435138 7.549245193727225e-06 
18808.777429467085 -1094473.2877168728 -0.0005757724278068722 
21943.5736677116 -1096644.1197775307 -0.0011279778408515746 
25078.369905956115 -1056333.1427381758 -0.0016331444065087312 
28213.16614420063 -975296.016623155 -0.002080759844857812 
31347.962382445145 -856734.6600470716 -0.0024566417052560045 
34482.75862068966 -705101.8124458396 -0.0027402029188374885 
37617.55485893417 -526067.7713871787 -0.002911615888860389 
40752.35109717868 -326504.4065331879 -0.0029618973096733267 
43887.14733542319 -114273.32923920896 -0.0028957264158510354 
47021.943573667704 102230.15265453629 -0.0027242950100891117 
50156.739811912215 314599.694304956 -0.0024557982037263747 
53291.53605015673 514778.7909052137 -0.002093476342173231 
56426.33228840124 695208.3917914866 -0.001643003912227636 
59561.12852664575 848928.0072812629 -0.0011210343494771633 
62695.92476489026 969827.4104618137 -0.0005553563844482336 
65830.72100313478 1053057.4348802965 2.417993509289118e-05 
68965.51724137929 1095400.3973453725 0.0005952015245367958 
72100.3134796238 1095393.543253386 0.0011436323981980727 
75235.10971786831 1053201.9005997682 0.00165581710787437 
78369.90595611282 970438.704466694 0.002111109984773348 
81504.70219435733 850122.3923115643 0.00248356179836697 
84639.49843260185 696751.3284868518 0.002751698726685137 
87774.29467084636 516291.99774780154 0.002906785112835609 
90909.09090909087 315910.69571420935 0.002951438428065367 
94043.88714733538 103498.74039635113 0.0028904674018101137 
97178.68338557989 -112782.53362585686 0.0027238173415297506 
100313.4796238244 -324761.9136007847 0.0024491144167239232 
103448.27586206891 -524371.9623140185 0.0020710316585445376 
106583.07210031342 -703824.5819613461 0.0016073606896236338 
109717.86833855794 -855985.0427303269 0.0010849838460001903 
112852.66457680245 -974853.2733158235 0.000529419994931583 
115987.46081504696 -1055917.8012077804 -4.1750708821901034e-05 
119122.25705329147 -1096240.5522902447 -0.0006154568859845701 
122257.05329153598 -1094363.627264638 -0.0011741603812251593 
125391.84952978049 -1050259.1721929803 -0.001691652452681484 
128526.645768025 -965436.173068814 -0.0021389131113113066 
131661.44200626953 -843088.7665931379 -0.002494706295406746 
134796.23824451404 -688063.0154510863 -0.002750539869474939 
137931.03448275855 -506548.5968361257 -0.002905451575435798 
141065.83072100306 -305634.5791540661 -0.0029566555301906907 
144200.62695924757 -92961.88331633173 -0.0028962852546585774 
147335.42319749208 123437.05913057149 -0.0027178920293475257 
150470.2194357366 335247.44741240056 -0.0024259293077171524 
153605.0156739811 534137.6680473445 -0.002038146341432224 
156739.81191222562 712229.740116928 -0.0015781058242049376 
159874.60815047013 862600.4613068069 -0.0010652653929779897 
163009.40438871464 979587.2740305433 -0.000512476672209816 
166144.20062695915 1058847.033644084 6.716836894720031e-05 
169278.99686520366 1097333.9502272687 0.0006521341706988006 
172413.79310344817 1093397.3156054905 0.0012123551510326124 
175548.58934169268 1047016.199626415 0.0017182303324064477 
178683.3855799372 959982.2944354833 0.002150112077030134 
181818.1818181817 835832.4712488697 0.0024991502688323196 
184952.97805642622 679531.8464160652 0.002759376274696212 
188087.77429467073 497109.1280404536 0.002920019754938559 
191222.57053291524 295439.8333685206 0.0029666744783052486 
194357.36677115975 82168.44476736091 0.002890474371969388 
197492.16300940426 -134425.26558938654 0.0026958591785229743 
200626.95924764877 -345780.78471156757 0.0023988273092154823 
203761.75548589329 -543582.3048088151 0.00201740581799543 
206896.5517241378 -720230.269439011 0.0015640788247435191 
210031.3479623823 -869083.1613308378 0.00104769229613261 
213166.14420062682 -984515.0758602936 0.00048224531432897264 
216300.94043887133 -1061996.413436464 -0.0001073778611305246 
219435.73667711584 -1098338.3973750782 -0.0006895492973977142 
222570.53291536035 -1092018.908915983 -0.0012364037301654353 
225705.32915360486 -1043364.0505894653 -0.0017305405426670155 
228840.12539184937 -954449.4851544631 -0.0021617522792654687 
231974.9216300939 -828815.9670703865 -0.0025180591797505075 
235109.7178683384 -671224.808788773 -0.0027812397089424434 
238244.5141065829 -487575.79507405014 -0.002932212196206289 
241379.31034482742 -284883.3152486831 -0.002961136305541689 
244514.10658307193 -71096.82757608022 -0.0028719973678547756 
247648.90282131644 145323.73106213467 -0.0026770807750116903 
250783.69905956095 355937.8407233517 -0.0023872033038575685 
253918.49529780546 552725.9158467269 -0.002007851375061173 
257053.29153604998 728268.0361966044 -0.001544991338738996 
260188.0877742945 875831.2372074004 -0.001013989697399265 
263322.884012539 989571.8929138661 -0.0004416765838893971 
266457.6802507835 1064906.2173341205 0.00014131661807211893 
269592.476489028 1098882.4870219508 0.0007106786634808017 
272727.27272727253 1090335.6038254448 0.001251211308037719 
275862.06896551704 1039775.6380719567 0.001750242909518382 
278996.86520376155 949179.3246143279 0.0021894652145576406 
282131.66144200607 821891.0441228956 0.002544606394674501 
285266.4576802506 662660.7385160397 0.00279403565507947 
288401.2539184951 477641.355867011 0.0029279020566485413 
291536.0501567396 274155.5132708183 0.002948726176827385 
294670.8463949841 60235.69017370033 0.0028632058050125156 
297805.6426332286 -155858.45453440116 0.002674069772567105 
300940.43887147313 -365946.1005211228 0.002380585865464701 
304075.23510971764 -562056.9816991342 0.001987052452462206 
307210.03134796215 -736577.9164406959 0.0015100432999413564 
310344.82758620667 -882578.4297675929 0.0009763355806848197 
313479.6238244512 -994269.9228853805 0.00041311168322765053 
316614.4200626957 -1067379.5651747966 -0.00015996974517058869 
319749.2163009402 -1099266.747491748 -0.0007292981736167126 
322884.0125391847 -1088829.0058219559 -0.0012788446656940274 
326018.8087774292 -1036407.3908483201 -0.0017844899085293843 
329153.60501567373 -943839.1941866433 -0.0022179782839659348 
332288.40125391824 -814586.5617068692 -0.002557162534380681 
335423.19749216276 -653726.0417299911 -0.00279251791432624 
338557.99373040727 -467669.774664009 -0.002923728882469518 
341692.7899686518 -263715.97333207604 -0.0029504621425709473 
344827.5862068963 -49658.04388540909 -0.0028673989241589735 
347962.3824451408 166418.37971266883 -0.0026689513340170893 
351097.1786833853 376246.2268361432 -0.0023587321646004362 
354231.9749216298 571603.6128904397 -0.0019536810619471875 
357366.77115987433 744745.2855504488 -0.0014782066047385588 
360501.56739811884 888902.7487603611 -0.000954046675918291 
363636.36363636336 998622.7753908975 -0.00039590866330949277 
366771.15987460787 1069850.5969927092 0.00018324642091185027 
369905.9561128524 1099888.9204139793 0.0007636393029111703 
373040.7523510969 1087442.3144066862 0.0013166908215188834 
376175.5485893414 1032808.1406457024 0.0018125827178568227 
379310.3448275859 938058.4579182928 0.0022302758685595 
382445.1410658304 807002.5212556538 0.0025602777336008412 
385579.93730407493 644886.6218227436 0.0027980028532321325 
388714.73354231945 458003.69423475006 0.002935354730322432 
391849.52978056396 253424.9338068078 0.002959891338932241 
394984.32601880847 38890.00727224941 0.0028628077288557242 
398119.122257053 -177312.06235368445 0.002647535457254763 
401253.9184952975 -386656.14574316965 0.002329944021314225 
404388.714733542 -580883.8108866718 0.0019297911907567057 
407523.5109717865 -752494.0726597512 0.0014621025522473614 
410658.307210031 -895022.8100284444 0.0009370778186351221 
413793.10344827553 -1003110.963288724 0.00036802722599918285 
416927.89968652005 -1072548.9526369108 -0.00022168037459469048 
420062.69592476456 -1100463.8938556935 -0.0008006386923812216 
423197.49216300907 -1085610.0092403756 -0.001338832776541765 
426332.2884012536 -1028548.9075543211 -0.0018148518546671705 
429467.0846394981 -931549.3645765405 -0.0022131260772243677 
432601.8808777426 -798254.4254699638 -0.0025133119524309924 
435736.6771159871 -633335.8624695368 -0.0026817184985563495 
438871.4733542316 -442315.5736135283 -0.0026726915689018384 
442006.26959247614 -231541.87476397713 -0.0024390080517690555 
445141.06583072065 -8182.941735786782 -0.0019445523286742063 
448275.86206896516 219830.24046277837 -0.0011757832171309466 
451410.65830720967 443823.0995716527 -0.00015562342850823467 
454545.4545454542 654267.5295762782 0.001036624737777719 
457680.2507836987 840696.1945088267 0.0022472332123709953 
460815.0470219432 992084.7758406629 0.003253232783139587 
463949.8432601877 1098128.7317302034 0.0038111130309012994 
467084.6394984322 1151350.011020534 0.0037459684199707835 
470219.43573667674 1149246.1605985977 0.0030439465135111794 
473354.23197492125 1095275.765473128 0.0018915672805506168 
476489.02821316576 997800.015386602 0.0006218313594521492 
479623.82445141027 867139.1818538759 -0.00042289101053968707 
482758.6206896548 712084.9679453778 -0.0010454379028855395 
485893.4169278993 537743.9351745129 -0.0012772164933187898 
489028.2131661438 345984.9994242157 -0.001334474014781482 
492163.0094043883 138241.88970982347 -0.0014675776255037836 
495297.8056426328 -81115.34056025879 -0.0017961288367823302 
498432.60188087734 -303102.6774853948 -0.00223923219809896 
501567.39811912185 -515343.4664317345 -0.0025899095100655797 
504702.19435736636 -705411.1188765342 -0.002680350002958796 
507836.99059561087 -864024.0662550404 -0.0025140944825535177 
510971.7868338554 -986026.0443161342 -0.0022617726608569312 
514106.5830720999 -1068919.746414962 -0.002121312608321493 
517241.3793103444 -1110730.5644916978 -0.002153040976119835 
520376.1755485889 -1109414.6007434868 -0.0022231838990509397 
523510.9717868334 -1064420.8070493646 -0.0021008515723102274 
526645.768025078 -978766.5878550939 -0.001625098529770842 
529780.5642633225 -859230.0749508346 -0.0008022639837882897 
532915.360501567 -713884.7000235218 0.00023815601387962553 
536050.1567398115 -548814.6019474628 0.0013694952683253282 
539184.952978056 -366925.10360376036 0.0025449036834839338 
542319.7492163006 -170052.7290911733 0.003752705044665919 
545454.5454545451 37485.04163242942 0.004908946299217745 
548589.3416927896 247245.9989692273 0.005818148355150767 
551724.1379310341 448579.65008475847 0.006268033234072615 
554858.9341692786 632369.9513313979 0.006181681069287473 
557993.7304075231 793086.5010728035 0.0056767838310458445 
561128.5266457676 927324.9195335116 0.004960875866074099 
564263.3228840121 1030621.5131730257 0.004153218282975917 
567398.1191222566 1096205.237262733 0.0032050995380276974 
570532.9153605012 1117455.614724718 0.0019994676932358563 
573667.7115987457 1091947.6899840562 0.0005306137297293794 
576802.5078369902 1023065.6056555711 -0.0010226868664433724 
579937.3040752347 917388.003852803 -0.0024146550794075673 
583072.1003134792 780306.5529253372 -0.0035286766637909915 
586206.8965517237 614266.2199832185 -0.004451301315444052 
589341.6927899682 421439.9409487064 -0.005341055264223703 
592476.4890282127 208029.2422394449 -0.00622087769409378 
595611.2852664572 -14518.721351379827 -0.0069102538530665045 
598746.0815047018 -233109.3173803108 -0.007176755376172841 
601880.8777429463 -438174.013553514 -0.006958933399894309 
605015.6739811908 -625368.1183624645 -0.006429545257265399 
608150.4702194353 -792168.5537814269 -0.005825219678925241 
611285.2664576798 -933047.6801395983 -0.005211612487037718 
614420.0626959243 -1038550.7790136412 -0.0044287834509540176 
617554.8589341688 -1099682.64118001 -0.0032816934553672487 
620689.6551724133 -1113407.7145512803 -0.0017839165272554173 
623824.4514106578 -1083650.3041230338 -0.00019758117070326755 
626959.2476489024 -1016641.9594846579 0.00118307531210938 
630094.0438871469 -915335.6322524608 0.0022880815994432294 
633228.8401253914 -778725.4918370354 0.0033003820022912836 
636363.6363636359 -606889.174332127 0.004419419666121476 
639498.4326018804 -406478.8162134052 0.005601589995790543 
642633.2288401249 -190649.32067021957 0.0065534237500624384 
645768.0250783694 26971.606772978725 0.0069960177068965745 
648902.8213166139 238403.21198951322 0.00693217973824955 
652037.6175548584 441362.3260331645 0.006634494932176429 
655172.413793103 633304.787945689 0.006357610086768826 
658307.2100313475 805889.3108580156 0.006070113097689037 
661442.006269592 946062.8468286811 0.005490713024901373 
664576.8025078365 1043137.3388449182 0.004400362730951965 
667711.598746081 1094816.3181850563 0.0029080299016625835 
670846.3949843255 1105957.3777206112 0.001385687267339562 
673981.19122257 1081296.210570562 0.0001290251968165592 
677115.9874608145 1019739.7066361652 -0.0009071798983454299 
680250.783699059 916353.1613837432 -0.002018165221674864 
683385.5799373036 770137.5884433978 -0.0033900174287833295 
686520.3761755481 589429.7487942721 -0.004846722347690544 
689655.1724137926 388965.7019574031 -0.005976794306566674 
692789.9686520371 181252.76293872518 -0.0065185578423777885 
695924.7648902816 -29036.573107898108 -0.006605066670010385 
699059.5611285261 -241917.07540876156 -0.006606399510353144 
702194.3573667706 -453595.8773808823 -0.006725988424049279 
705329.1536050151 -651815.166633 -0.006772548575848209 
708463.9498432596 -820407.3144852665 -0.006354544487428241 
711598.7460815042 -948806.1109393452 -0.0053026462630959455 
714733.5423197487 -1036859.5430129471 -0.0038781553206623737 
717868.3385579932 -1089970.1168276675 -0.002539873836190895 
721003.1347962377 -1109661.274696822 -0.0015035250610683805 
724137.9310344822 -1089596.3594169458 -0.00055363005185234 
727272.7272727267 -1021497.3125270836 0.0006880920944768954 
730407.5235109712 -904966.6855660744 0.002312550682856699 
733542.3197492157 -750860.9448802687 0.0039658478314797295 
736677.1159874602 -574373.7725895094 0.005160765891193344 
739811.9122257048 -384738.7169128286 0.005740683771736919 
742946.7084639493 -182159.31978139482 0.006009982578567162 
746081.5047021938 34872.66579574641 0.006386463970975677 
749216.3009404383 259677.93766311463 0.0069341040662952505 
752351.0971786828 475658.910989088 0.007269407240439769 
755485.8934169273 665093.222715605 0.006949890201346293 
758620.6896551718 819707.8070847307 0.005944470725407119 
761755.4858934163 942188.7305966546 0.004689212637849119 
764890.2821316608 1037113.6676903598 0.003659589707065834 
768025.0783699054 1100927.887990358 0.002900735259952502 
771159.8746081499 1121761.8085377805 0.0020110329716919056 
774294.6708463944 1089641.7502331142 0.0006046458650778982 
777429.4670846389 1006586.1487878987 -0.0012284548096483184 
780564.2633228834 885911.966437249 -0.0029541835054177883 
783699.0595611279 741214.1537986009 -0.004096544967961768 
786833.8557993724 576364.8849015664 -0.004690355645171958 
789968.6520376169 386973.7639157439 -0.0052061011819507785 
793103.4482758614 171772.2248952597 -0.006017689919858248 
796238.244514106 -58200.189937884585 -0.00696916434900194 
799373.0407523505 -282678.60445555876 -0.007502471273629435 
802507.836990595 -484824.9756677178 -0.007223067908770298 
805642.6332288395 -660573.9863091563 -0.006313727140834906 
808777.429467084 -815045.2674398063 -0.005355808193674715 
811912.2257053285 -949888.3404288804 -0.004735771164926959 
815047.021943573 -1055072.338655178 -0.004256815982223503 
818181.8181818175 -1114141.980186166 -0.0033696343456966317 
821316.614420062 -1117824.3102290952 -0.0017881858981148488 
824451.4106583066 -1071879.6430403688 0.00015580799165553503 
827586.2068965511 -990863.5938425644 0.0018014157512434553 
830721.0031347956 -884165.1249761734 0.0027982375688745875 
833855.7993730401 -748909.9770929441 0.0034286035788392236 
836990.5956112846 -577247.5941457617 0.0042677348385489425 
840125.3918495291 -370388.9121985282 0.0055319546754562555 
843260.1880877736 -144431.779767321 0.006801153008675275 
846394.9843260181 78600.11527925302 0.007417253072855005 
849529.7805642626 285576.4548508665 0.007149900135372415 
852664.5768025072 477680.1844406806 0.006430530855369189 
855799.3730407517 660869.8331913244 0.005900600898418155 
858934.1692789962 831557.4184675452 0.005740849323690472 
862068.9655172407 972889.2603789349 0.005487470547013649 
865203.7617554852 1066021.5758502698 0.004537023403712351 
868338.5579937297 1104949.1832312932 0.0028160788798077623 
871473.3542319742 1099453.2607553797 0.0009085337093041083 
874608.1504702187 1063001.0035161788 -0.000504283544989265 
877742.9467084632 998237.8790303309 -0.0013110902785412348 
880877.7429467078 895393.2831507378 -0.002043345041902343 
884012.5391849523 745432.6750457283 -0.003269150909681858 
887147.3354231968 554154.9432700612 -0.004941109858183532 
890282.1316614413 342163.80739895895 -0.006389187746701545 
893416.9278996858 130302.94663583073 -0.006977724118191465 
896551.7241379303 -74529.73937894047 -0.0067433088734800434 
899686.5203761748 -278484.4639229057 -0.00633999351445433 
902821.3166144193 -485830.3505155236 -0.0063405798030787205 
905956.1128526638 -685910.4287303671 -0.006624083406858769 
909090.9090909084 -856131.6118432998 -0.0064985761920218375 
912225.7053291529 -978370.5085258512 -0.005439900942149732 
915360.5015673974 -1051921.9302146246 -0.0036733461402579074 
918495.2978056419 -1089492.5631995774 -0.001980043128791942 
921630.0940438864 -1100430.6866471602 -0.0009205713398519465 
924764.8902821309 -1078881.30990424 -0.00028690936031722323 
927899.6865203754 -1009532.1946334803 0.0006365145213462209 
931034.4827586199 -885126.7221108419 0.002269542766411491 
934169.2789968645 -717333.2003561842 0.004234691635612448 
937304.075235109 -529270.4337877876 0.005693676783505146 
940438.8714733535 -337166.3911950655 0.00617957556192766 
943573.667711598 -140163.94094165845 0.006053400044414551 
946708.4639498425 71114.88701453658 0.006099089702481967 
949843.260188087 296357.09125934116 0.006675031389850041 
952978.0564263315 517148.9019507449 0.0073141597506391366 
956112.852664576 707717.354163519 0.007201748714010305 
959247.6489028205 854044.5785111795 0.006037388849053114 
962382.445141065 961569.8605918841 0.004374801798074661 
965517.2413793096 1043475.0588290058 0.0030730994341473354 
968652.0376175541 1101929.6559383161 0.002427243246958281 
971786.8338557986 1122218.7578607462 0.0018913245140718743 
974921.6300940431 1086253.0336931911 0.0006928567155232539 
978056.4263322876 991493.5977867343 -0.0013019429929931664 
981191.2225705321 855364.8534105236 -0.0033852059656293556 
984326.0188087766 700255.6625521709 -0.004691412125346503 
987460.8150470211 534600.658590661 -0.005058361725197613 
990595.6112852657 349806.03093833954 -0.0051595282620470855 
993730.4075235102 136164.32336594298 -0.005758280715449215 
996865.2037617547 -96413.58460835471 -0.006986626127287638 
999999.9999999992 -428323.9526225048 -0.003217829271764139 
