#x u 
0.0 -197291.79219457816 0.009227655660850126 
3134.796238244514 -296848.86551101884 0.013413733511102265 
6269.592476489028 -490799.9844369879 0.012228116633946969 
9404.38871473354 -662262.2003137695 0.010730514606045433 
12539.184952978056 -808195.6070133693 0.008814257781210023 
15673.98119122257 -922874.9909395023 0.006557205200763757 
18808.777429467085 -1001866.8285771564 0.004046585451712196 
21943.5736677116 -1042116.5029299108 0.0013794843503847436 
25078.369905956115 -1042067.5601415522 -0.001340961373913278 
28213.16614420063 -1001721.8928230401 -0.0040095521579295535 
31347.962382445145 -922639.6668449296 -0.006523093667813866 
34482.75862068966 -807878.9897593076 -0.008784387320966983 
37617.55485893417 -661877.6538632094 -0.010705988952626658 
40752.35109717868 -490281.5268898257 -0.012213590279367675 
43887.14733542319 -299726.22645506985 -0.013248892398423707 
47021.943573667704 -97580.52090280494 -0.013771860204689691 
50156.739811912215 108338.6207688733 -0.013762270547159682 
53291.53605015673 310068.3108885978 -0.013220494257632527 
56426.33228840124 499807.66776386305 -0.0121674818106561 
59561.12852664575 670219.4755663115 -0.01064395316923993 
62695.92476489026 814713.9142705228 -0.008708823144980504 
65830.72100313478 927703.3878171978 -0.006436923163881191 
68965.51724137929 1004818.5963025246 -0.00391610753712066 
72100.3134796238 1043077.4966879695 -0.0012438561372021266 
75235.10971786831 1041000.6183243936 0.001476495146095281 
78369.90595611282 998668.2740422694 0.00413975040179547 
81504.70219435733 917717.4544566894 0.006642921620774315 
84639.49843260185 801278.5255842952 0.008889211239303122 
87774.29467084636 653854.1776735887 0.010791755298235145 
90909.09090909087 481145.30629409966 0.01227698246997002 
94043.88714733538 289830.5588580072 0.013287459059713914 
97178.68338557989 87308.07150429435 0.013784109964912717 
100313.4796238244 -118590.61662681305 0.013747729708417093 
103448.27586206891 -319903.40880181175 0.013179725113767483 
106583.07210031342 -508845.5447605092 0.01210206090336556 
109717.86833855794 -678110.6371859545 0.010556410323249672 
112852.66457680245 -821153.209505521 0.008602543639791044 
115987.46081504696 -932441.8092939629 0.006316016825100387 
119122.25705329147 -1007672.9093899638 0.003785249809618059 
122257.05329153598 -1043937.3251757445 0.0011081072857815203 
125391.84952978049 -1039832.7126680021 -0.001611885716999643 
128526.645768025 -995517.79712204 -0.00426954714244736 
131661.44200626953 -912706.2351304111 -0.006762105294702926 
134796.23824451404 -794600.3475685652 -0.008993173017042423 
137931.03448275855 -645767.2859327075 -0.010876474980635167 
141065.83072100306 -471962.42071424023 -0.012339183949190233 
144200.62695924757 -279906.7813775639 -0.01332473700622791 
147335.42319749208 -77027.15433142858 -0.01379502284153856 
150470.2194357366 128831.11070114169 -0.01373185551449379 
153605.0156739811 329707.4801447441 -0.013137677703838646 
156739.81191222562 517834.0701961251 -0.01203546624960976 
159874.60815047013 685936.0306999616 -0.010467843640173169 
163009.40438871464 827512.863388294 -0.008495429800807626 
166144.20062695915 937089.7957751852 -0.006194497913722469 
169278.99686520366 1010429.490315933 -0.0036540249294781156 
172413.79310344817 1044695.9035661354 -0.0009722508962554761 
175548.58934169268 1038563.959406187 0.0017471198196985934 
178683.3855799372 992270.7844289516 0.004398929020701476 
181818.1818181817 907606.5041088314 0.006880632707759815 
184952.97805642622 787845.0001180759 0.009096267305905782 
188087.77429467073 637617.5057125048 0.010960151575025398 
191222.57053291524 462733.9491905753 0.012400180047665441 
194357.36677115975 269957.80847897683 0.013360633147930429 
197492.16300940426 66741.36105243146 0.01380447884789157 
200626.95924764877 -139065.07471826035 0.01371492292355214 
203761.75548589329 -339504.71718735085 0.01309550861030134 
206896.5517241378 -526790.9121022497 0.011968554130705009 
210031.3479623823 -693612.2825028278 0.010374474842505482 
213166.14420062682 -833549.5137566124 0.008376365121459037 
216300.94043887133 -941515.1839675904 0.006066340814101792 
219435.73667711584 -1013771.24008423 0.003553760508126041 
222570.53291536035 -1047185.013090747 0.0009202682043859911 
225705.32915360486 -1038563.6903108384 -0.0018194229234807207 
228840.12539184937 -986001.1873781058 -0.0046620213379631095 
231974.9216300939 -892536.6689028188 -0.0074514647695234255 
235109.7178683384 -768309.6045593783 -0.00978078521699802 
238244.5141065829 -626534.1081316709 -0.01117440088232477 
241379.31034482742 -475096.1182124016 -0.01146825044498355 
244514.10658307193 -312555.90478537255 -0.010985395148269936 
247648.90282131644 -133789.61467402833 -0.010267482396937836 
250783.69905956095 60844.280133727094 -0.009642713369138946 
253918.49529780546 262647.49162268185 -0.009081535193919191 
257053.29153604998 459152.9204755418 -0.008391890128987991 
260188.0877742945 639318.2072867139 -0.007442604530601934 
263322.884012539 794945.8910078843 -0.006213985105154443 
266457.6802507835 919833.0384995304 -0.004745071042781983 
269592.476489028 1009150.2671263118 -0.003092665210778072 
272727.27272727253 1059443.6820589323 -0.0013206660982338007 
275862.06896551704 1068768.4382943169 0.0005024031368170658 
278996.86520376155 1036763.9477595814 0.0023060444560766024 
282131.66144200607 964667.8232431168 0.004020511098228167 
285266.4576802506 855268.019941341 0.005579504684321044 
288401.2539184951 712795.0253062209 0.006922738974301722 
291536.0501567396 542758.2662092588 0.007998271134295588 
294670.8463949841 351733.05955251993 0.008764510364596318 
297805.6426332286 147106.3449408354 0.009191826214772002 
300940.43887147313 -63208.96807408537 0.009263694392386666 
304075.23510971764 -271079.9919932438 0.008977335756944484 
307210.03134796215 -468468.359911247 0.008343823789177914 
310344.82758620667 -647741.0689483939 0.007387656379845644 
313479.6238244512 -801965.6482667838 0.006145808496955634 
316614.4200626957 -925178.2375312054 0.004666302364746493 
319749.2163009402 -1012614.2092279383 0.003006350445567481 
322884.0125391847 -1060892.4166825851 0.0012301430354978052 
326018.8087774292 -1068145.9429110545 -0.0005936339726765439 
329153.60501567373 -1034094.2942491367 -0.002394455171090065 
332288.40125391824 -960054.2470349522 -0.004102682852423405 
335423.19749216276 -848888.9279033697 -0.005652259898172891 
338557.99373040727 -704897.0967560199 -0.006983264205646863 
341692.7899686518 -533646.913831493 -0.008044225874065416 
344827.5862068963 -341760.619098637 -0.008794117544239585 
347962.3824451408 -136658.45041503158 -0.009203940925448068 
351097.1786833853 73728.2968714367 -0.00925784815855946 
354231.9749216298 281263.972900408 -0.008953754652318865 
357366.77115987433 477923.1786603873 -0.008303419694435696 
360501.56739811884 656101.1079527168 -0.0073319917202440904 
363636.36363636336 808907.6250427894 -0.006077035823384722 
366771.15987460787 930433.7060236338 -0.004587081114643924 
369905.9561128524 1015979.9406115041 -0.002919744102544457 
373040.7523510969 1062238.258215189 -0.0011395006645102768 
376175.5485893414 1067419.85093682 0.0006848072335798606 
379310.3448275859 1031324.3467251819 0.0024826336543616327 
382445.1410658304 955347.5577575467 0.004184456698486191 
385579.93730407493 842427.5044203094 0.00572446691459849 
388714.73354231945 696930.80213965 0.0070431121490517196 
391849.52978056396 524483.8044804183 0.008089400426087363 
394984.32601880847 331755.0322050717 0.008822871806166682 
398119.122257053 126197.30175510395 0.00921516297074473 
401253.9184952975 -84240.4749603428 0.009251104031035835 
404388.714733542 -291420.6747742625 0.008929305147204962 
407523.5109717865 -487331.6449308373 0.008262210273436875 
410658.307210031 -664397.5134820739 0.007275615950562237 
413793.10344827553 -815771.148052321 0.0060076737545174804 
416927.89968652005 -935598.9342631187 0.004507414975929282 
420062.69592476456 -1019247.1348438121 0.0028328545814243606 
423197.49216300907 -1063481.0761272092 0.0010487477764299696 
426332.2884012536 -1066590.232793313 -0.0007759140768786 
429467.0846394981 -1028454.3738374497 -0.0025705713536982233 
432601.8808777426 -950548.2118999854 -0.004265824705391915 
435736.6771159871 -835884.3761681789 -0.005796118730434288 
438871.4733542316 -688896.914086518 -0.007102277000025859 
442006.26959247614 -515269.82686127187 -0.008133790409003621 
445141.06583072065 -321717.2692866832 -0.008850770361579318 
448275.86206896516 -115723.91355961685 -0.009225491262266117 
451410.65830720967 94744.48279303343 -0.009243462663910563 
454545.4545454542 301549.11254371546 -0.008903989612894302 
457680.2507836987 496692.84622085805 -0.008220199522971849 
460815.0470219432 672629.4808904962 -0.007218534538533675 
463949.8432601877 822555.5516208141 -0.005937729017593683 
467084.6394984322 940673.4212881179 -0.004427311675206275 
470219.43573667674 1022415.4750485114 -0.0027456903093871594 
473354.23197492125 1064620.749881089 -0.0009578931731344829 
476489.02821316576 1065657.1689429565 0.0008669456663659578 
479623.82445141027 1025484.6539368604 0.0026582597402598496 
482758.6206896548 945656.674937864 0.004346778981477327 
485893.4169278993 829260.1777473202 0.005867208396364097 
489028.2131661438 680796.2117817345 0.007160753020330195 
492163.0094043883 506005.87461286475 0.008177391517549645 
495297.8056426328 311648.30387899466 0.00887781050467195 
498432.60188087734 105239.301614212 0.009234924798299071 
501567.39811912185 -105239.30161415329 0.009234924798299113 
504702.19435736636 -311648.30387893814 0.008877810504672075 
507836.99059561087 -506005.8746128126 0.008177391517549855 
510971.7868338554 -680796.2117816884 0.0071607530203305035 
514106.5830720999 -829260.1777472821 0.005867208396364523 
517241.3793103444 -945656.6749378358 0.00434677898147783 
520376.1755485889 -1025484.653936843 0.002658259740260373 
523510.9717868334 -1065657.1689429514 0.0008669456663665139 
526645.768025078 -1064620.7498810957 -0.0009578931731339636 
529780.5642633225 -1022415.4750485292 -0.002745690309386672 
532915.360501567 -940673.4212881465 -0.004427311675205852 
536050.1567398115 -822555.5516208521 -0.005937729017593304 
539184.952978056 -672629.4808905423 -0.00721853453853337 
542319.7492163006 -496692.84622091096 -0.008220199522971572 
545454.5454545451 -301549.11254377343 -0.008903989612894101 
548589.3416927896 -94744.48279309347 -0.009243462663910467 
551724.1379310341 115723.91355955749 -0.009225491262266156 
554858.9341692786 321717.26928662637 -0.008850770361579477 
557993.7304075231 515269.82686121966 -0.0081337904090039 
561128.5266457676 688896.9140864728 -0.007102277000026223 
564263.3228840121 835884.3761681415 -0.00579611873043467 
567398.1191222566 950548.2118999576 -0.004265824705392354 
570532.9153605012 1028454.3738374325 -0.002570571353698709 
573667.7115987457 1066590.2327933076 -0.0007759140768790846 
576802.5078369902 1063481.076127215 0.0010487477764294438 
579937.3040752347 1019247.1348438294 0.002832854581423856 
583072.1003134792 935598.9342631476 0.004507414975928818 
586206.8965517237 815771.1480523605 0.006007673754517047 
589341.6927899682 664397.5134821224 0.0072756159505618645 
592476.4890282127 487331.6449308921 0.008262210273436618 
595611.2852664572 291420.6747743209 0.00892930514720484 
598746.0815047018 84240.47496040215 0.00925110403103583 
601880.8777429463 -126197.30175504468 0.009215162970744832 
605015.6739811908 -331755.03220501466 0.008822871806166857 
608150.4702194353 -524483.8044803662 0.00808940042608763 
611285.2664576798 -696930.8021396048 0.00704311214905205 
614420.0626959243 -842427.5044202728 0.005724466914598861 
617554.8589341688 -955347.5577575198 0.004184456698486615 
620689.6551724133 -1031324.3467251655 0.0024826336543621276 
623824.4514106578 -1067419.8509368151 0.0006848072335804033 
626959.2476489024 -1062238.2582151967 -0.0011395006645097154 
630094.0438871469 -1015979.9406115238 -0.0029197441025439527 
633228.8401253914 -930433.7060236639 -0.004587081114643453 
636363.6363636359 -808907.6250428286 -0.006077035823384317 
639498.4326018804 -656101.1079527639 -0.007331991720243799 
642633.2288401249 -477923.1786604407 -0.00830341969443553 
645768.0250783694 -281263.9729004663 -0.008953754652318789 
648902.8213166139 -73728.29687149705 -0.009257848158559462 
652037.6175548584 136658.4504149714 -0.009203940925448162 
655172.413793103 341760.61909857945 -0.008794117544239761 
658307.2100313475 533646.9138314406 -0.008044225874065645 
661442.006269592 704897.0967559741 -0.006983264205647201 
664576.8025078365 848888.9279033322 -0.005652259898173303 
667711.598746081 960054.2470349249 -0.004102682852423887 
670846.3949843255 1034094.2942491208 -0.0023944551710906024 
673981.19122257 1068145.9429110512 -0.0005936339726771041 
677115.9874608145 1060892.4166825935 0.001230143035497287 
680250.783699059 1012614.2092279582 0.0030063504455670196 
683385.5799373036 925178.2375312358 0.004666302364746112 
686520.3761755481 801965.6482668231 0.006145808496955323 
689655.1724137926 647741.068948442 0.0073876563798454045 
692789.9686520371 468468.3599113017 0.008343823789177737 
695924.7648902816 271079.99199330277 0.008977335756944371 
699059.5611285261 63208.96807414657 0.009263694392386659 
702194.3573667706 -147106.34494077537 0.00919182621477209 
705329.1536050151 -351733.05955246347 0.008764510364596528 
708463.9498432596 -542758.2662092071 0.007998271134295907 
711598.7460815042 -712795.0253061758 0.006922738974302116 
714733.5423197487 -855268.0199413048 0.005579504684321488 
717868.3385579932 -964667.8232430908 0.004020511098228619 
721003.1347962377 -1036763.9477595668 0.002306044456077092 
724137.9310344822 -1068768.438294314 0.0005024031368176035 
727272.7272727267 -1059443.682058941 -0.001320666098233238 
730407.5235109712 -1009150.2671263318 -0.003092665210777522 
733542.3197492157 -919833.0384995614 -0.004745071042781486 
736677.1159874602 -794945.8910079258 -0.006213985105153995 
739811.9122257048 -639318.2072867649 -0.007442604530601583 
742946.7084639493 -458972.844521706 -0.008383635856671755 
746081.5047021938 -260720.95300323996 -0.008993227043669937 
749216.3009404383 -50833.811433393224 -0.009183856243146596 
752351.0971786828 167314.61711596468 -0.008730772505540805 
755485.8934169273 393353.0597262539 -0.00728183726160629 
758620.6896551718 622818.437373678 -0.004696995187714902 
761755.4858934163 836040.8536856265 -0.001571087988783762 
764890.2821316608 998267.920458445 0.0007599811636320643 
768025.0783699054 1081177.2896909344 0.001195392404788304 
771159.8746081499 1089639.0759651696 8.850384964265027e-05 
774294.6708463944 1061777.3951424651 -0.0007553594713619934 
777429.4670846389 1033788.8372760941 0.00030621796182701095 
780564.2633228834 1002619.8104216646 0.003042604325650669 
783699.0595611279 928163.0399226721 0.005454308887758269 
786833.8557993724 776375.9620089959 0.0057556594958905315 
789968.6520376169 559110.7223453245 0.004209229120001545 
793103.4482758614 327783.64710886095 0.002846513555035816 
796238.244514106 126449.32910782452 0.0033295340113794845 
799373.0407523505 -46787.098746896976 0.00519588183486719 
802507.836990595 -229558.36803991377 0.006341317419095337 
805642.6332288395 -447184.52479769534 0.005236963404488395 
808777.429467084 -677651.7855119369 0.002548835055695262 
811912.2257053285 -866782.6255883741 0.00045574349673272417 
815047.021943573 -977934.5382939585 0.00038299505271474025 
818181.8181818175 -1024237.6560359895 0.001534525869390203 
821316.614420062 -1049734.3095803913 0.0017649316735709314 
824451.4106583066 -1079476.234257007 -0.0001282058436349411 
827586.2068965511 -1091198.2980316798 -0.00310381493334855 
830721.0031347956 -1038408.4069276764 -0.004936514855681012 
833855.7993730401 -900599.1054512628 -0.004521847632435766 
836990.5956112846 -707727.9700744292 -0.0030047626274373254 
840125.3918495291 -513136.78901311604 -0.0025471192678007907 
843260.1880877736 -343240.9170083763 -0.004032513052571309 
846394.9843260181 -176668.51668681105 -0.0061227195596316305 
849529.7805642626 25507.98371115078 -0.006657302323242924 
852664.5768025072 270562.1834867609 -0.004923817115321 
855799.3730407517 517988.7320152777 -0.002411601678612289 
858934.1692789962 713719.7032208125 -0.001257579764732529 
862068.9655172407 839003.5699092003 -0.0020189630542063984 
865203.7617554852 922862.5947513143 -0.0031139232159544373 
868338.5579937297 1005338.0397313396 -0.002516073974212789 
871473.3542319742 1090434.5299533536 8.122009323982332e-05 
874608.1504702187 1138427.7745222137 0.002907487758256392 
877742.9467084632 1105730.2878522961 0.003940556205898463 
880877.7429467078 990449.3055223754 0.0029957589669351754 
884012.5391849523 835752.1785486056 0.0018839839797918064 
887147.3354231968 687476.350749208 0.0024751003545237047 
890282.1316614413 550459.6716565782 0.004705180283375772 
893416.9278996858 389323.3363872191 0.006623434610445199 
896551.7241379303 172627.85588686753 0.00642894860548761 
899686.5203761748 -86313.45850933247 0.004355392762456979 
902821.3166144193 -335165.1290876519 0.0024229059590372727 
905956.1128526638 -529108.7727575529 0.0023194897439322536 
909090.9090909084 -669569.0029245503 0.0036400686058578446 
912225.7053291529 -794746.4076428484 0.0043335758010256435 
915360.5015673974 -932249.6947534097 0.002885790613211682 
918495.2978056419 -1063924.697596834 -5.8885996274961674e-05 
921630.0940438864 -1140082.00944257 -0.0023423337187061534 
924764.8902821309 -1128321.867878049 -0.0025261124048034404 
927899.6865203754 -1045739.7731790807 -0.0013658888387528458 
931034.4827586199 -940740.6161222534 -0.0009789186097169684 
934169.2789968645 -843620.3257461749 -0.0025827467650245415 
937304.075235109 -737828.2593781906 -0.005184559527577899 
940438.8714733535 -581985.5777621632 -0.0065995118974808056 
943573.667711598 -359301.1493031463 -0.005726982452065257 
946708.4639498425 -102191.29493695092 -0.003691884463799408 
949843.260188087 134030.1875196216 -0.0026526354111882956 
952978.0564263315 321000.8153854062 -0.003530781861314348 
956112.852664576 478600.6202709328 -0.0050496968645787005 
959247.6489028205 645652.8291660108 -0.005091723026405963 
962382.445141065 831192.3571892376 -0.002944987896466328 
965517.2413793096 997848.4278796221 -7.662018127056313e-05 
968652.0376175541 1095063.626571585 0.0013804286327212434 
971786.8338557986 1107430.4874047516 0.000835889484631059 
974921.6300940431 1067509.5408194137 -0.00017475882308529275 
978056.4263322876 1019808.5936801438 0.0003569405083567209 
981191.2225705321 973890.4328729247 0.002764211078904092 
984326.0188087766 895913.937558588 0.005321371783507771 
987460.8150470211 747413.4049684674 0.006028142239070951 
990595.6112852657 530396.629856774 0.004685892861284331 
993730.4075235102 291110.1261185985 0.003086815559894344 
996865.2037617547 80968.7955313313 0.0029974686740620853 
999999.9999999992 -197291.79219480263 0.009227655660839832 
