#x u 
0.0 5598673.220687068 0.24219687916361296 
3134.796238244514 -601163.316996484 -0.03253140359357197 
6269.592476489028 -473904.28180853964 -0.017047434039119645 
9404.38871473354 -485534.1536726416 -0.008110640151426905 
12539.184952978056 -474537.18108725024 0.0013159627860716248 
15673.98119122257 -445350.0818952644 0.010683684978519098 
18808.777429467085 -398930.3932092014 0.019638116551834048 
21943.5736677116 -337014.89690659684 0.027836122599352323 
25078.369905956115 -262014.13430588727 0.03496083464959858 
28213.16614420063 -176909.89822795585 0.04073397742722067 
31347.962382445145 -85059.72757923802 0.04492969855101103 
34482.75862068966 10002.009979019473 0.047385872347266676 
37617.55485893417 104690.97985769765 0.04800972523190732 
40752.35109717868 195433.1102428091 0.04677836245871426 
43887.14733542319 278730.9702788065 0.04373764232247427 
47021.943573667704 351296.8091781441 0.03900191310115053 
50156.739811912215 410238.2033519014 0.032753420157940284 
53291.53605015673 453224.7363960042 0.025237600440068755 
56426.33228840124 478580.9591724734 0.016751780830769798 
59561.12852664575 485319.06974804297 0.0076288426961166715 
62695.92476489026 473168.07312291034 -0.0017796321616046344 
65830.72100313478 442627.09470918693 -0.0111170190533071 
68965.51724137929 395000.65442067257 -0.020031892657921168 
72100.3134796238 332340.7528628303 -0.028187341763173373 
75235.10971786831 257267.0844847116 -0.03527146033743614 
78369.90595611282 172724.82825862546 -0.04100868346574342 
81504.70219435733 81787.97652284995 -0.04517012244431313 
84639.49843260185 -12420.012855519963 -0.04758205894683962 
87774.29467084636 -106704.192477889 -0.04813384691610126 
90909.09090909087 -197754.27698524384 -0.04678683680232516 
94043.88714733538 -282153.2404885328 -0.04358354542997397 
97178.68338557989 -356461.37856056355 -0.03865315410810445 
100313.4796238244 -417359.3048527666 -0.03220865973036597 
103448.27586206891 -461835.22878708044 -0.024533777410921984 
106583.07210031342 -487420.87935280823 -0.01596202541791919 
109717.86833855794 -492472.52699880674 -0.0068531084464651115 
112852.66457680245 -476448.6302050841 0.0024287664033091918 
115987.46081504696 -440092.3084569537 0.011532421820383037 
119122.25705329147 -385433.4599784458 0.020132839102263475 
122257.05329153598 -315589.5413031213 0.02794002648634947 
125391.84952978049 -234423.13495549734 0.034703471373033645 
128526.645768025 -146154.83393804866 0.04021250118712219 
131661.44200626953 -55014.081851585055 0.04429436538506531 
134796.23824451404 35034.03912313423 0.04681305446580568 
137931.03448275855 120481.5105244243 0.04767141242489538 
141065.83072100306 198392.1667862846 0.04681700962648124 
144200.62695924757 266437.7093374044 0.044249967028904304 
147335.42319749208 322861.1846142389 0.04002994162496608 
150470.2194357366 366393.6221092137 0.03428006748319431 
153605.0156739811 396164.4771043189 0.027186903961587572 
156739.81191222562 411642.1372827178 0.01899636878163031 
159874.60815047013 412619.5553517599 0.010005954883606944 
163009.40438871464 399237.03358176345 0.0005535999963712593 
166144.20062695915 372021.19273778686 -0.00899626200277169 
169278.99686520366 331917.43032939185 -0.01826869103495757 
172413.79310344817 280298.62407308526 -0.02689528987816352 
175548.58934169268 218942.95329680594 -0.03453116105715561 
178683.3855799372 149986.09992390222 -0.04087046273522479 
181818.1818181817 75860.78618335596 -0.045659317790488055 
184952.97805642622 -768.3119899364174 -0.04870540814498286 
188087.77429467073 -77081.38949092053 -0.049884543018548416 
191222.57053291524 -150208.40019593688 -0.049145087629380864 
194357.36677115975 -217366.25136110839 -0.0465106948814955 
197492.16300940426 -276004.87387156923 -0.04208058319435586 
200626.95924764877 -323922.7646633353 -0.0360259205325903 
203761.75548589329 -359330.5352648428 -0.028581739017173945 
206896.5517241378 -380881.64090308215 -0.020035707693744697 
210031.3479623823 -387712.7403134326 -0.010716195827651393 
213166.14420062682 -379513.1608453831 -0.0009810374601726705 
216300.94043887133 -356591.7387381841 0.008793918949781791 
219435.73667711584 -319883.2411357241 0.01822858212756029 
222570.53291536035 -270869.94227983395 0.026955301813904993 
225705.32915360486 -211459.84596781567 0.034636068124361374 
228840.12539184937 -143894.05188035534 0.040976461932284804 
231974.9216300939 -70713.42168940863 0.045734603850351004 
235109.7178683384 5263.305595878162 0.04872701135332688 
238244.5141065829 81029.4042507389 0.049834820235625486 
241379.31034482742 153571.75001672964 0.049011376161825985 
244514.10658307193 220075.28449781772 0.046288070561791114 
247648.90282131644 278049.37405673397 0.04177392913408295 
250783.69905956095 325345.0570725524 0.035647771738668746 
253918.49529780546 360138.7037883868 0.02814673935422465 
257053.29153604998 380988.45547522337 0.019556478438861005 
260188.0877742945 386984.3896008001 0.010204422468128586 
263322.884012539 377894.2626766212 0.0004521977371342264 
266457.6802507835 354181.12398618273 -0.009317965006124378 
269592.476489028 316874.1066758373 -0.018723113280748653 
272727.27272727253 267407.57640512695 -0.027399930511710087 
275862.06896551704 207564.6752603421 -0.03501883081490645 
278996.86520376155 139538.02203296113 -0.04129076101448569 
282131.66144200607 65975.59198231871 -0.04597238878485402 
285266.4576802506 -10130.692655695617 -0.048875925411219504 
288401.2539184951 -85710.00374874484 -0.04988323314191373 
291536.0501567396 -157870.47408230568 -0.04895677042366179 
294670.8463949841 -223989.51415805888 -0.04614005758827055 
297805.6426332286 -281645.01395323745 -0.041548191713271634 
300940.43887147313 -328562.89820926904 -0.03535669857895565 
304075.23510971764 -362741.6969834644 -0.027796424224382936 
307210.03134796215 -382722.0221317621 -0.019153412633726143 
310344.82758620667 -387794.33775822737 -0.009764781318937116 
313479.6238244512 -377971.93049842864 -3.1883305213518216e-06 
316614.4200626957 -353775.67862058646 0.00974742056317963 
319749.2163009402 -316059.4203226493 0.0191137404892886 
322884.0125391847 -266052.0241612776 0.027744101281497572 
326018.8087774292 -205547.74189830737 0.035311162991080024 
329153.60501567373 -136992.08178489748 0.041517457488231484 
332288.40125391824 -63288.71332321975 0.046111407823243356 
335423.19749216276 12574.072796645807 0.04890903204668037 
338557.99373040727 87792.24421190287 0.049808085736399575 
341692.7899686518 159729.6700810521 0.04878629575804878 
344827.5862068963 225735.515786772 0.045889178697932104 
347962.3824451408 283098.3694137199 0.041221479279812276 
351097.1786833853 329304.9218576241 0.0349501711013678 
354231.9749216298 362444.5394874157 0.027312089510587275 
357366.77115987433 381423.2797793563 0.018611196497816396 
360501.56739811884 385820.6190884649 0.009198320159668972 
363636.36363636336 375576.3226935299 -0.0005575103757739558 
366771.15987460787 350864.4804189964 -0.010289215984803791 
369905.9561128524 312306.66983517376 -0.019635782989652913 
373040.7523510969 261298.0747680472 -0.028240173243286572 
376175.5485893414 200066.13307186804 -0.03575796948015999 
379310.3448275859 131327.77762703746 -0.04188245698517206 
382445.1410658304 57815.13011329691 -0.04637340948040893 
385579.93730407493 -17922.964810305726 -0.049070633085887556 
388714.73354231945 -93323.96655246709 -0.04988661428183688 
391849.52978056396 -165524.5382328661 -0.04879220181148313 
394984.32601880847 -231402.54622872965 -0.04581458373348879 
398119.122257053 -288034.16164706845 -0.041051654434576354 
401253.9184952975 -333207.46631284716 -0.0346865889726818 
404388.714733542 -365548.15195230267 -0.026982600745656185 
407523.5109717865 -384193.87101766706 -0.018255399997027945 
410658.307210031 -388415.7874517243 -0.00884210950817354 
413793.10344827553 -377639.7679547081 0.0009120924648026748 
416927.89968652005 -351891.029680943 0.010647956261796687 
420062.69592476456 -312212.63785381493 0.019986825315696205 
423197.49216300907 -260594.3014102507 0.028546693758782254 
426332.2884012536 -199428.5342552012 0.03597838006507493 
429467.0846394981 -130995.06410404471 0.04199842258167036 
432601.8808777426 -57446.13878036759 0.04639667359225495 
435736.6771159871 18765.020245753025 0.04902097143434511 
438871.4733542316 94556.96755520672 0.04976367573469562 
442006.26959247614 166459.95538828077 0.04857136532418795 
445141.06583072065 231306.37970571517 0.04547240223132623 
448275.86206896516 286769.3919145727 0.04059490894389067 
451410.65830720967 331280.1849298936 0.03415389805620329 
454545.4545454542 363488.5489437294 0.026415450061753595 
457680.2507836987 381910.44707292266 0.017667876390795992 
460815.0470219432 385214.5060325101 0.008221071976060996 
463949.8432601877 372916.0820935351 -0.0015760138877044141 
467084.6394984322 345783.22746672493 -0.011331121879700265 
470219.43573667674 305517.20066335093 -0.020637134583077088 
473354.23197492125 254003.6281977297 -0.029119129194569125 
476489.02821316576 192876.09067937426 -0.03646553764524153 
479623.82445141027 123807.41150860341 -0.04242394732485355 
482758.6206896548 49165.79697581913 -0.04677782074782641 
485893.4169278993 -27743.65884906197 -0.049339601267907256 
489028.2131661438 -103229.55135710326 -0.04997734467407503 
492163.0094043883 -174112.13104229674 -0.04865443899729838 
495297.8056426328 -238141.9505546285 -0.045444573878700156 
498432.60188087734 -293592.5713372509 -0.04050623434774826 
501567.39811912185 -338541.84022810566 -0.03404056737619498 
504702.19435736636 -370695.1802133662 -0.026272096479600864 
507836.99059561087 -388042.82035915816 -0.017466098086940624 
510971.7868338554 -389748.4098024441 -0.007955512946561905 
514106.5830720999 -376380.3219185645 0.0018628086948518782 
517241.3793103444 -349244.8388900734 0.011573011117363299 
520376.1755485889 -309504.9457732512 0.020794391291632918 
523510.9717868334 -257996.0365398389 0.029202506829097426 
526645.768025078 -195916.26578886918 0.0365085972352059 
529780.5642633225 -125624.356953122 0.04243205677432146 
532915.360501567 -50620.47573785372 0.04670798126381498 
536050.1567398115 25390.34257972617 0.049134138078443995 
539184.952978056 99491.95812607859 0.049617771070896335 
542319.7492163006 169667.16903939738 0.048179062567265285 
545454.5454545451 233995.95824511242 0.044910026793702054 
548589.3416927896 289880.6951133069 0.03993203338020591 
551724.1379310341 334231.54960092227 0.03339500854935022 
554858.9341692786 364543.3717248319 0.025515522321379852 
557993.7304075231 379831.66460128175 0.01660687614581067 
561128.5266457676 380496.2232751674 0.007058991993059184 
564263.3228840121 367272.4340637169 -0.0027240273173199155 
567398.1191222566 340382.81092903216 -0.012377112901117204 
570532.9153605012 299799.18032354384 -0.021575934640466816 
573667.7115987457 246350.07755204863 -0.02999873242810391 
576802.5078369902 182479.917875116 -0.0373024913296957 
579937.3040752347 111780.83174722487 -0.04315333273767281 
583072.1003134792 37678.15070176087 -0.04729331257840758 
586206.8965517237 -37454.18984941472 -0.049584872377446174 
589341.6927899682 -111903.01678854476 -0.049994044971352014 
592476.4890282127 -183442.0999624661 -0.048534926133536306 
595611.2852664572 -248715.91533704594 -0.045236936504999575 
598746.0815047018 -303965.97193437535 -0.0401710292615828 
601880.8777429463 -346474.7929081301 -0.03350647307679213 
605015.6739811908 -375312.4105414129 -0.02553370729393141 
608150.4702194353 -390657.0461957619 -0.01662032374946186 
611285.2664576798 -392438.0159029757 -0.007134961789455161 
614420.0626959243 -379769.3890783187 0.0025930320914106424 
617554.8589341688 -351822.00885272544 0.012247938991124249 
620689.6551724133 -309249.2388649249 0.021475993167080907 
623824.4514106578 -254646.8554010315 0.02987682362217352 
626959.2476489024 -191489.63649478025 0.037063079651648095 
630094.0438871469 -122569.03882028867 0.0427408638279301 
633228.8401253914 -49495.70759874912 0.04673895284225735 
636363.6363636359 26272.722015539464 0.04896545168768259 
639498.4326018804 102036.02337868008 0.04934479231219599 
642633.2288401249 173673.48902683865 0.047807715521210846 
645768.0250783694 237021.02268485978 0.04434976786170587 
648902.8213166139 289496.8048498201 0.03909860960905432 
652037.6175548584 330364.7000590033 0.03231657575014014 
655172.413793103 359417.90106903925 0.02432888790619321 
658307.2100313475 375521.92341575865 0.01544392562976419 
661442.006269592 376624.8121842244 0.0059397583076198695 
664576.8025078365 361306.4577365274 -0.003879227844093683 
667711.598746081 330285.57415160735 -0.013627541127464464 
670846.3949843255 286284.88640279113 -0.02285839687760931 
673981.19122257 232334.00124032504 -0.03115396100503845 
677115.9874608145 170227.26368588005 -0.03820682587061702 
680250.783699059 100712.23169400355 -0.04382007792585529 
683385.5799373036 25169.72023854329 -0.047836577874160194 
686520.3761755481 -53056.65865917782 -0.05008164659627157 
689655.1724137926 -129207.98818640978 -0.05038898908912154 
692789.9686520371 -199113.92925494717 -0.048690543119975456 
695924.7648902816 -260679.2520015993 -0.04507985830736183 
699059.5611285261 -313377.7600639625 -0.03978156731283785 
702194.3573667706 -356349.679926426 -0.03305455524927502 
705329.1536050151 -387183.57478459575 -0.025124590315337505 
708463.9498432596 -402773.21464849415 -0.016210595945716087 
711598.7460815042 -401454.45734888036 -0.006608628886590958 
714733.5423197487 -384230.3505576493 0.003266363184123591 
717868.3385579932 -353785.8059689378 0.012939974821902546 
721003.1347962377 -312284.14165191585 0.02199293042711212 
724137.9310344822 -260230.29910344226 0.030125570591249103 
727272.7272727267 -197585.93934978498 0.037117431417282735 
730407.5235109712 -125940.99753216117 0.04273629868505126 
733542.3197492157 -49380.57297632314 0.046704633069596 
736677.1159874602 26999.401696748282 0.048771099915802384 
739811.9122257048 99515.68353148828 0.048822344362280695 
742946.7084639493 166826.55152897927 0.04692342162238745 
746081.5047021938 228463.4269729808 0.043245595856007395 
749216.3009404383 282581.60800729226 0.03795578559969751 
752351.0971786828 325404.14239797473 0.031181347608605376 
755485.8934169273 353082.4419792271 0.02308374349748697 
758620.6896551718 364136.4215525124 0.013957324653267437 
761755.4858934163 359963.56629769236 0.00423866065194369 
764890.2821316608 342877.4074696967 -0.005597777586153514 
768025.0783699054 313721.1976374632 -0.015163248440591009 
771159.8746081499 271575.3985566546 -0.02418168560773177 
774294.6708463944 215890.75491382592 -0.03240422824815181 
777429.4670846389 148793.12358766218 -0.03951416987442053 
780564.2633228834 75055.32612364905 -0.04513672742691002 
783699.0595611279 -367.0071245898798 -0.048958025392308355 
786833.8557993724 -74772.01288512732 -0.0508401363892961 
789968.6520376169 -147642.25658175632 -0.05081844733211922 
793103.4482758614 -218198.65556465634 -0.048987251246349554 
796238.244514106 -283228.78331753326 -0.04539517440441806 
799373.0407523505 -337602.1547871247 -0.040061221290727304 
802507.836990595 -377080.87313117075 -0.03309377934685032 
805642.6332288395 -400583.4652267448 -0.02478268484771845 
808777.429467084 -409569.84988502867 -0.015557906323613778 
811912.2257053285 -405210.1554792709 -0.005845730495363506 
815047.021943573 -386359.32068428036 0.004038487815343153 
818181.8181818175 -350569.63885500305 0.01385813738735997 
821316.614420062 -297203.92206398095 0.023326138654948477 
824451.4106583066 -229467.02239563368 0.03202405419290192 
827586.2068965511 -153242.5230479046 0.03946591237538368 
830721.0031347956 -73928.81965342877 0.04525159781652867 
833855.7993730401 5454.521294390819 0.049159555154232024 
836990.5956112846 83003.24864783374 0.051092087676989154 
840125.3918495291 155061.94728569614 0.05094436698989785 
843260.1880877736 215179.12100607913 0.048554110718480446 
846394.9843260181 256555.8859123511 0.04380866494272014 
849529.7805642626 276022.4473211831 0.036819581863415614 
852664.5768025072 275829.696891243 0.027994810221245524 
855799.3730407517 261560.41809185178 0.01793116414130138 
858934.1692789962 238208.63760077176 0.007221426456144514 
862068.9655172407 208085.93507710073 -0.0036556920600310174 
865203.7617554852 172048.74092082857 -0.014293710509341147 
868338.5579937297 131931.15089309294 -0.0242610637242638 
871473.3542319742 90881.75020975596 -0.03309910061561003 
874608.1504702187 50838.65146336303 -0.04044997771411485 
877742.9467084632 9920.473267747991 -0.04618665318577196 
880877.7429467078 -36845.73045341473 -0.0503877677431122 
884012.5391849523 -93222.0106518112 -0.053146203398875574 
887147.3354231968 -157483.5378767402 -0.054376158677224166 
890282.1316614413 -222212.08020985185 -0.053803942717291345 
893416.9278996858 -278574.7969531283 -0.051161539926294394 
896551.7241379303 -321338.5410507944 -0.04641116176216146 
899686.5203761748 -350335.41771250695 -0.039804609908399416 
902821.3166144193 -367700.29350684606 -0.03174661520555748 
905956.1128526638 -374245.9462467722 -0.022616815976711557 
909090.9090909084 -368743.4969828304 -0.012723534748322718 
912225.7053291529 -350395.62148764235 -0.002403043579910952 
915360.5015673974 -321235.88843812665 0.007884872649594761 
918495.2978056419 -285364.7790826227 0.01760611064585461 
921630.0940438864 -245600.70082448114 0.026319144111237303 
924764.8902821309 -201248.55026422287 0.03378938581606035 
927899.6865203754 -149761.75177281775 0.03992330711658141 
931034.4827586199 -90935.66335885618 0.04458435240882818 
934169.2789968645 -29319.41201740064 0.047488029367710564 
937304.075235109 27925.67597584945 0.048303011367447635 
940438.8714733535 75868.34539413809 0.04687321478030176 
943573.667711598 114582.15558314329 0.043342281912101877 
946708.4639498425 147050.97545003702 0.038052149601899135 
949843.260188087 174362.94091058173 0.0313148176615977 
952978.0564263315 193186.81966984723 0.0232865348059643 
956112.852664576 198210.03449614573 0.014067604692632015 
959247.6489028205 187065.44249800566 0.003914922014688708 
962382.445141065 162630.95178313274 -0.006666748702881012 
965517.2413793096 130268.10773519581 -0.01706576741002504 
968652.0376175541 92841.70290397355 -0.026806054816181642 
971786.8338557986 48724.113109086466 -0.03565189849357431 
974921.6300940431 -5097.853857527691 -0.04347754086432548 
978056.4263322876 -68064.78275713793 -0.050050114373527105 
981191.2225705321 -134512.42545585323 -0.05496742819301069 
984326.0188087766 -197329.55527358272 -0.05783115717432697 
987460.8150470211 -253128.2698705215 -0.05848663439081888 
990595.6112852657 -303585.973070182 -0.05708450241306158 
993730.4075235102 -351638.05316205183 -0.05389649618556442 
996865.2037617547 -393592.14359528373 -0.04921072932728655 
999999.9999999992 -523884.4013227853 -0.03844724232956507 
