#x u 
0.0 264026498997438.88 12102374.393154629 
3134.796238244514 -6607307387437.561 -302863.9964458414 
6269.592476489028 162602828471.11295 7453.295425860454 
9404.38871473354 -6815372424.676371 -312.44858794698683 
12539.184952978056 -2646176758.021274 -121.33916840779514 
15673.98119122257 -2821078208.7308073 -129.35156566089293 
18808.777429467085 -2889112113.736744 -132.4638602891289 
21943.5736677116 -2961658495.553761 -135.78170000823093 
25078.369905956115 -3035969043.2981486 -139.17939935250072 
28213.16614420063 -3112150578.4690237 -142.6621845228108 
31347.962382445145 -3190238988.7746677 -146.23205642047134 
34482.75862068966 -3270272803.5597095 -149.89114940655801 
37617.55485893417 -3352291787.9067745 -153.64165262482868 
40752.35109717868 -3436337403.959231 -157.48581697632204 
43887.14733542319 -3522453158.8390837 -161.4259575209812 
47021.943573667704 -3610684884.1585283 -165.4644538810801 
50156.739811912215 -3701080986.9874625 -169.60375096515259 
53291.53605015673 -3793692703.59528 -173.84636185783205 
56426.33228840124 -3888574334.1830115 -178.19487221793113 
59561.12852664575 -3985783398.0659423 -182.65194365371403 
62695.92476489026 -4085380667.3045273 -187.2203142941237 
65830.72100313478 -4187430096.2927465 -191.90279740074195 
68965.51724137929 -4291998706.038107 -196.70228063569195 
72100.3134796238 -4399156463.738359 -201.62172767331592 
75235.10971786831 -4508976142.06977 -206.66418116607633 
78369.90595611282 -4621533109.29841 -211.83276445682998 
81504.70219435733 -4736905028.187514 -217.1306805901117 
84639.49843260185 -4855171502.882431 -222.56120992654516 
87774.29467084636 -4976413746.013305 -228.127709134092 
90909.09090909087 -5100714308.957787 -233.8336129737497 
94043.88714733538 -5228156857.272367 -239.68243750974847 
97178.68338557989 -5358825944.272911 -245.67778206588127 
100313.4796238244 -5492806768.600679 -251.8233288017424 
103448.27586206891 -5630184961.214445 -258.12284157826105 
106583.07210031342 -5771046469.6367235 -264.58016688775245 
109717.86833855794 -5915477566.706978 -271.19923785714195 
112852.66457680245 -6063564947.417755 -277.9840795152328 
115987.46081504696 -6215395854.730522 -284.93881258271165 
119122.25705329147 -6371058214.9748535 -292.0676549723283 
122257.05329153598 -6530640821.565753 -299.3749229568073 
125391.84952978049 -6694233618.877531 -306.86503466115454 
128526.645768025 -6861928089.823151 -314.54251640999775 
131661.44200626953 -7033817689.222048 -322.4120097167832 
134796.23824451404 -7209998253.021808 -330.47827620726616 
137931.03448275855 -7390568362.334848 -338.74620004751 
141065.83072100306 -7575629699.158416 -347.2207901173847 
144200.62695924757 -7765287436.543498 -355.907184436782 
147335.42319749208 -7959650653.710383 -364.81065693017354 
150470.2194357366 -8158832711.500658 -373.9366240425611 
153605.0156739811 -8362951524.546176 -383.2906487001026 
156739.81191222562 -8572129724.336838 -392.8784416772338 
159874.60815047013 -8786494763.521225 -402.70586291253477 
163009.40438871464 -9006179009.762592 -412.77892512097367 
166144.20062695915 -9231319821.884193 -423.1037993956236 
169278.99686520366 -9462059552.733818 -433.68682017148234 
172413.79310344817 -9698545435.441244 -444.5344873821602 
175548.58934169268 -9940929372.26277 -455.65346640828255 
178683.3855799372 -10189367694.866108 -467.0505886033123 
181818.1818181817 -10444020951.834185 -478.73285450580335 
184952.97805642622 -10705053718.92888 -490.70743902524345 
188087.77429467073 -10972634384.786055 -502.9816958847551 
191222.57053291524 -11246934884.901478 -515.5631595167146 
194357.36677115975 -11528130418.962921 -528.4595454739683 
197492.16300940426 -11816399225.22154 -541.6787522315907 
200626.95924764877 -12111922459.495626 -555.2288661161887 
203761.75548589329 -12414884161.919687 -569.1181682095036 
206896.5517241378 -12725471257.798183 -583.3551404528565 
210031.3479623823 -13043873566.367647 -597.9484695000122 
213166.14420062682 -13370283851.692894 -612.9070497057262 
216300.94043887133 -13704897977.48433 -628.2399879916941 
219435.73667711584 -14047915191.04086 -643.9566117790844 
222570.53291536035 -14399538496.67414 -660.066478362338 
225705.32915360486 -14759975050.958033 -676.5793829880554 
228840.12539184937 -15129436547.117052 -693.5053646574535 
231974.9216300939 -15508139614.232262 -710.854711433923 
235109.7178683384 -15896306275.766512 -728.6379678943491 
238244.5141065829 -16294164471.250683 -746.865945401886 
241379.31034482742 -16701948588.305912 -765.549733132536 
244514.10658307193 -17119899939.816652 -784.7007070935531 
247648.90282131644 -17548267166.246277 -804.3305364077629 
250783.69905956095 -17987306598.148502 -824.4511887600778 
253918.49529780546 -18437282620.873493 -845.0749374310994 
257053.29153604998 -18898468035.19306 -866.2143703642107 
260188.0877742945 -19371144355.34469 -887.8823994479978 
263322.884012539 -19855601985.760128 -910.0922680891631 
266457.6802507835 -20352140272.047234 -932.8575572651437 
269592.476489028 -20861067478.049393 -956.1921922217181 
272727.27272727253 -21382700746.700882 -980.1104515790738 
275862.06896551704 -21917366059.412773 -1004.6269781171236 
278996.86520376155 -22465398167.918022 -1029.7567884700065 
282131.66144200607 -23027140478.522747 -1055.5152795188867 
285266.4576802506 -23602944912.396652 -1081.9182319588965 
288401.2539184951 -24193171795.226913 -1108.9818137543248 
291536.0501567396 -24798189808.021004 -1136.722585976655 
294670.8463949841 -25418375976.49037 -1165.1575113921199 
297805.6426332286 -26054115644.922295 -1194.3039645011334 
300940.43887147313 -26705802406.38921 -1224.179742131005 
304075.23510971764 -27373838021.909046 -1254.8030753205383 
307210.03134796215 -28058632400.308624 -1286.1926438760356 
310344.82758620667 -28760603695.371433 -1318.3675935068593 
313479.6238244512 -29480178529.342342 -1351.3475531576732 
316614.4200626957 -30217792321.747143 -1385.1526494181358 
319749.2163009402 -30973889713.25881 -1419.8035166560896 
322884.0125391847 -31748925100.35614 -1455.321304295168 
326018.8087774292 -32543363294.35572 -1491.7276840457635 
329153.60501567373 -33357680276.9919 -1529.0448590159265 
332288.40125391824 -34192363979.342094 -1567.2955748529198 
335423.19749216276 -35047915006.25571 -1606.503132402858 
338557.99373040727 -35924847271.174644 -1646.6914022811247 
341692.7899686518 -36823688557.848854 -1687.884842748128 
344827.5862068963 -37744981042.60903 -1730.1085217387108 
347962.3824451408 -38689281789.040855 -1773.3881418913682 
351097.1786833853 -39657163201.22474 -1817.750065759764 
354231.9749216298 -40649213425.865036 -1863.2213386487015 
357366.77115987433 -41666036722.93561 -1909.8297083894315 
360501.56739811884 -42708253842.85493 -1957.6036430152537 
363636.36363636336 -43776502430.13105 -2006.5723473281903 
366771.15987460787 -44871437433.41396 -2056.7657782318947 
369905.9561128524 -45993731479.23629 -2108.2146581148663 
373040.7523510969 -47144075182.7216 -2160.9504864287583 
376175.5485893414 -48323177403.948654 -2215.00555106364 
379310.3448275859 -49531765475.88395 -2270.4129415328475 
382445.1410658304 -50770585414.59294 -2327.206564797336 
385579.93730407493 -52040402098.52719 -2385.4211629737515 
388714.73354231945 -53341999404.406105 -2445.0923317909164 
391849.52978056396 -54676180316.66416 -2506.256539721976 
394984.32601880847 -56043767055.19825 -2568.951148844872 
398119.122257053 -57445601261.736885 -2633.214438263402 
401253.9184952975 -58882544253.21302 -2699.085629539748 
404388.714733542 -60355477326.329315 -2766.604912629723 
407523.5109717865 -61865302107.16379 -2835.813471437742 
410658.307210031 -63412940969.80417 -2906.753509680926 
413793.10344827553 -64999337560.26541 -2979.4682784950096 
416927.89968652005 -66625457436.98786 -3054.0021062327655 
420062.69592476456 -68292288800.48938 -3130.4004292705736 
423197.49216300907 -70000843273.5872 -3208.7098222457703 
426332.2884012536 -71752156722.03528 -3288.9780275499593 
429467.0846394981 -73547290140.27078 -3371.2539855835566 
432601.8808777426 -75387330625.4959 -3455.587867276856 
435736.6771159871 -77273392422.36012 -3542.031108558037 
438871.4733542316 -79206617983.11469 -3630.6364447714 
442006.26959247614 -81188178997.20364 -3721.45794348643 
445141.06583072065 -83219277392.9982 -3814.551036375031 
448275.86206896516 -85301146350.10446 -3909.9725524557357 
451410.65830720967 -87435051341.7912 -4007.7807541031007 
454545.4545454542 -89622291171.70284 -4108.035374628726 
457680.2507836987 -91864198939.03795 -4210.797654795847 
460815.0470219432 -94162142900.33795 -4316.130377101892 
463949.8432601877 -96517527263.30777 -4424.097899651272 
467084.6394984322 -98931792977.90646 -4534.766192703682 
470219.43573667674 -101406418548.22993 -4648.202878963467 
473354.23197492125 -103942920819.40321 -4764.477275391551 
476489.02821316576 -106542855675.32065 -4883.660433376055 
479623.82445141027 -109207818643.0303 -5005.82517675208 
482758.6206896548 -111939445479.31471 -5131.046140734377 
485893.4169278993 -114739412828.91232 -5259.399815397101 
489028.2131661438 -117609438972.70605 -5390.964594025803 
492163.0094043883 -120551284601.68944 -5525.820822855894 
495297.8056426328 -123566753549.95561 -5664.050848585962 
498432.60188087734 -126657693506.06364 -5805.739064015324 
501567.39811912185 -129825996807.46901 -5950.971956100144 
504702.19435736636 -133073601411.61371 -6099.838160268557 
507836.99059561087 -136402492033.48691 -6252.428520148311 
510971.7868338554 -139814701348.83032 -6408.836147792335 
514106.5830720999 -143312311183.09454 -6569.156480543666 
517241.3793103444 -146897453720.76852 -6733.487336035359 
520376.1755485889 -150572312855.59586 -6901.928970866155 
523510.9717868334 -154339125760.49225 -7074.58414668895 
526645.768025078 -158200184621.31827 -7251.55820137929 
529780.5642633225 -162157838389.96048 -7432.95911897929 
532915.360501567 -166214494467.2235 -7618.897594717321 
536050.1567398115 -170372620371.89758 -7809.487098155798 
539184.952978056 -174634745534.00168 -8004.843941309174 
542319.7492163006 -179003463273.62762 -8205.087355092322 
545454.5454545451 -183481432865.48828 -8410.33957007151 
548589.3416927896 -188071381514.01013 -8620.725894025936 
551724.1379310341 -192776106162.4118 -8836.37478331224 
554858.9341692786 -197598475235.96225 -9057.417913071553 
557993.7304075231 -202541430488.77188 -9283.990254417033 
561128.5266457676 -207607989006.13934 -9516.23016127517 
564263.3228840121 -212801245230.26862 -9754.27946101275 
567398.1191222566 -218124372825.35104 -9998.283540501474 
570532.9153605012 -223580626345.39682 -10248.391425919417 
573667.7115987457 -229173342869.1678 -10504.755863693365 
576802.5078369902 -234905943809.06915 -10767.533411831826 
579937.3040752347 -240781936932.2566 -11036.884543076932 
583072.1003134792 -246804918424.44263 -11312.973751698286 
586206.8965517237 -252978574801.76868 -11595.969654536064 
589341.6927899682 -259306684668.09503 -11886.045085653306 
592476.4890282127 -265793120524.4734 -12183.377193529655 
595611.2852664572 -272441850835.43744 -12488.147549625683 
598746.0815047018 -279256942332.0354 -12800.54226686177 
601880.8777429463 -286242562315.5557 -13120.752116692274 
605015.6739811908 -293402980756.25195 -13448.972634902824 
608150.4702194353 -300742572246.65845 -13785.40421849088 
611285.2664576798 -308265818108.6202 -14130.25222705689 
614420.0626959243 -315977308923.7354 -14483.727100882414 
617554.8589341688 -323881747491.63965 -14846.044495817423 
620689.6551724133 -331983952000.7014 -15217.425425129364 
623824.4514106578 -340288859253.82764 -15598.096401238914 
626959.2476489024 -348801528055.67896 -15988.289582451665 
630094.0438871469 -357527143023.2832 -16388.242937024574 
633228.8401253914 -366471018907.57996 -16798.200428989636 
636363.6363636359 -375638605132.26587 -17218.412212749776 
639498.4326018804 -385035490035.0078 -17649.134813363635 
642633.2288401249 -394667404475.2741 -18090.631277675777 
645768.0250783694 -404540224911.22015 -18543.171301538205 
648902.8213166139 -414659976354.8177 -19007.03135241407 
652037.6175548584 -425032835544.32715 -19482.494803403893 
655172.413793103 -435665134371.1462 -19969.85208083249 
658307.2100313475 -446563363432.149 -20469.400819855935 
661442.006269592 -457734175732.38794 -20981.44602950771 
664576.8025078365 -469184390823.7387 -21506.300280455496 
667711.598746081 -480920999649.29865 -22044.28392791146 
670846.3949843255 -492951169954.11615 -22595.7253632722 
673981.19122257 -505282251648.20526 -23160.96126620149 
677115.9874608145 -517921781443.8583 -23740.336825837134 
680250.783699059 -530877486571.3065 -24334.20592180503 
683385.5799373036 -544157288026.9519 -24942.931285448107 
686520.3761755481 -557769304080.2418 -25566.884674073994 
689655.1724137926 -571721854470.2421 -26206.44707745836 
692789.9686520371 -586023465202.5386 -26862.008951960168 
695924.7648902816 -600682873620.1068 -27533.970466739007 
699059.5611285261 -615709033622.8253 -28222.741755796782 
702194.3573667706 -631111121215.5409 -28928.743183596136 
705329.1536050151 -646898540544.8497 -29652.405631159236 
708463.9498432596 -663080930212.2526 -30394.170792551373 
711598.7460815042 -679668169354.5692 -31154.491458137505 
714733.5423197487 -696670383180.1755 -31933.831770160807 
717868.3385579932 -714097948255.239 -32732.667464057475 
721003.1347962377 -731961498282.3253 -33551.4861295748 
724137.9310344822 -750271930921.4059 -34390.787517050085 
727272.7272727267 -769040415495.2722 -35251.083881855455 
730407.5235109712 -788278400851.5754 -36132.90033398638 
733542.3197492157 -807997622766.21 -37036.77516500875 
736677.1159874602 -828210110944.9757 -37963.2601554539 
739811.9122257048 -848928196234.9282 -38912.920891210786 
742946.7084639493 -870164518546.757 -39886.33711244327 
746081.5047021938 -891932035358.8531 -40884.10308965421 
749216.3009404383 -914244030204.3154 -41906.827999982146 
752351.0971786828 -937114120736.9054 -42955.1362857049 
755485.8934169273 -960556266620.976 -44029.6680066158 
758620.6896551718 -984584777888.043 -45131.0792160892 
761755.4858934163 -1009214324099.9788 -46260.04237668949 
764890.2821316608 -1034459943957.3286 -47417.246798924134 
768025.0783699054 -1060337054642.216 -48603.3990706354 
771159.8746081499 -1086861460592.2847 -49819.22346307332 
774294.6708463944 -1114049362169.3699 -51065.46233475397 
777429.4670846389 -1141917365010.8186 -52342.87656896693 
780564.2633228834 -1170482490367.951 -53652.24605854773 
783699.0595611279 -1199762185928.5562 -54994.37021443258 
786833.8557993724 -1229774336336.422 -56370.068461438226 
789968.6520376169 -1260537273181.8396 -57780.180710380235 
793103.4482758614 -1292069785075.3604 -59225.56783404631 
796238.244514106 -1324391128650.504 -60707.11218524039 
799373.0407523505 -1357521040702.1836 -62225.7181658443 
802507.836990595 -1391479750808.6252 -63782.31281651242 
805642.6332288395 -1426287993612.939 -65377.846388803904 
808777.429467084 -1461967020658.7378 -67013.29289455815 
811912.2257053285 -1498538612542.5332 -68689.65066721031 
815047.021943573 -1536025092239.7024 -70407.94297415427 
818181.8181818175 -1574449339652.8472 -72169.2186823316 
821316.614420062 -1613834806551.7603 -73974.55293901551 
824451.4106583066 -1654205531056.9958 -75825.04782907471 
827586.2068965511 -1695586151708.4429 -77721.83301086958 
830721.0031347956 -1738001922034.916 -79666.06637311893 
833855.7993730401 -1781478726465.6704 -81658.9347517037 
836990.5956112846 -1826043097447.753 -83701.65470065674 
840125.3918495291 -1871722232766.3115 -85795.47327189497 
843260.1880877736 -1918544012236.002 -87941.66876611325 
846394.9843260181 -1966537013991.6697 -90141.55146584632 
849529.7805642626 -2015730531454.9277 -92396.46440058005 
852664.5768025072 -2066154591780.4468 -94707.78418124124 
855799.3730407517 -2117839975448.61 -97076.92188921536 
858934.1692789962 -2170818235856.428 -99505.32396761532 
862068.9655172407 -2225121718147.1943 -101994.47308024725 
865203.7617554852 -2280783577737.7705 -104545.88895946823 
868338.5579937297 -2337837799781.8203 -107161.1292997504 
871473.3542319742 -2396319220306.6865 -109841.79073071247 
874608.1504702187 -2456263548477.447 -112589.50984440859 
877742.9467084632 -2517707388720.1123 -115405.96421848772 
880877.7429467078 -2580688262065.015 -118292.87340558668 
884012.5391849523 -2645244627425.3125 -121251.99992129825 
887147.3354231968 -2711415904186.5728 -124285.1502932982 
890282.1316614413 -2779242496728.4062 -127394.17619956564 
893416.9278996858 -2848765820089.234 -130580.97565898662 
896551.7241379303 -2920028325401.7427 -133847.49421088226 
899686.5203761748 -2993073524614.707 -137195.7260607324 
902821.3166144193 -3067946015475.2427 -140627.71523626175 
905956.1128526638 -3144691508238.356 -144145.55682070163 
909090.9090909084 -3223356854543.551 -147751.39828303756 
912225.7053291529 -3303990077396.6606 -151447.44085631619 
915360.5015673974 -3386640400800.0493 -155235.9408970784 
918495.2978056419 -3471358278736.1914 -159119.21121234656 
921630.0940438864 -3558195424736.027 -163099.62241067042 
924764.8902821309 -3647204843540.178 -167179.60434652894 
927899.6865203754 -3738440865055.8535 -171361.64766764586 
931034.4827586199 -3831959179265.0444 -175648.30540395307 
934169.2789968645 -3927816870586.806 -180042.19453000516 
937304.075235109 -4026072451639.284 -184545.99749884318 
940438.8714733535 -4126785897897.3877 -189162.46381640504 
943573.667711598 -4230018684755.5938 -193894.41172622805 
946708.4639498425 -4335833826925.569 -198744.7300017637 
949843.260188087 -4444295918559.632 -203716.37977308134 
952978.0564263315 -4555471172630.996 -208812.39632110408 
956112.852664576 -4669427459820.337 -214035.89085123327 
959247.6489028205 -4786234348676.415 -219390.0523277352 
962382.445141065 -4905963148521.917 -224878.1494365743 
965517.2413793096 -5028686954732.695 -230503.5326597992 
968652.0376175541 -5154480694547.202 -236269.6363770368 
971786.8338557986 -5283421172038.463 -242179.98093133778 
974921.6300940431 -5415587112854.32 -248238.17468696838 
978056.4263322876 -5551059210751.608 -254447.91617173018 
981191.2225705321 -5689920177297.927 -260812.99636641052 
984326.0188087766 -5832254794030.189 -267337.3011083514 
987460.8150470211 -5978149965018.363 -274024.8135146003 
990595.6112852657 -6127694768629.1 -280879.6163688884 
993730.4075235102 -6280980509474.801 -287905.8945173754 
996865.2037617547 -6438100773505.853 -295107.9373422555 
999999.9999999992 -6599151437535.895 -302490.1436549797 
