#x u 
0.0 114197655710.7942 5234.5663318538445 
3134.796238244514 -2857315800.239623 -130.9770240694428 
6269.592476489028 70823194.26804851 3.2327798088307897 
9404.38871473354 -2467660.8199337986 -0.13561104272760874 
12539.184952978056 -696725.8235946698 -0.06247005419018317 
15673.98119122257 -822045.6736182539 -0.07506833820973757 
18808.777429467085 -916567.9762637302 -0.08480915389635685 
21943.5736677116 -1025927.8756224547 -0.09357518032743865 
25078.369905956115 -1145892.288639565 -0.1010272457881143 
28213.16614420063 -1273105.3934841144 -0.10693599802311389 
31347.962382445145 -1403959.9392834303 -0.11113308834499686 
34482.75862068966 -1534745.2632723516 -0.11351807243308572 
37617.55485893417 -1661763.2280944868 -0.11406103150348736 
40752.35109717868 -1781469.328792581 -0.11280364218199082 
43887.14733542319 -1890634.6234935562 -0.10985870461441495 
47021.943573667704 -1986496.5550283326 -0.10540697036747966 
50156.739811912215 -2066867.0110770457 -0.09969020924845161 
53291.53605015673 -2130194.1194945523 -0.09300081410637319 
56426.33228840124 -2175600.7948293313 -0.08566951013270567 
59561.12852664575 -2202921.4606209327 -0.07805269432045207 
62695.92476489026 -2212732.4651910793 -0.07051975430155881 
65830.72100313478 -2206350.3470930173 -0.06343972623201848 
68965.51724137929 -2185778.198297123 -0.05716689920582759 
72100.3134796238 -2153607.367831464 -0.052026159791470135 
75235.10971786831 -2112901.778305225 -0.04829971928925599 
78369.90595611282 -2067085.910177659 -0.04621649701753283 
81504.70219435733 -2019833.850388061 -0.045944252291413266 
84639.49843260185 -1974941.8893767246 -0.047583769791389854 
87774.29467084636 -1936176.3447325896 -0.05116471589481678 
90909.09090909087 -1907110.8089057335 -0.05664370724539089 
94043.88714733538 -1890978.7946528648 -0.06390556833721657 
97178.68338557989 -1890557.359065125 -0.07276818248108556 
100313.4796238244 -1908076.9626199226 -0.08299032485077344 
103448.27586206891 -1945143.95401686 -0.09428139110998873 
106583.07210031342 -2002672.137999614 -0.10631234562162277 
109717.86833855794 -2080835.7564840415 -0.11872790976793697 
112852.66457680245 -2179059.7751891655 -0.13116016417873838 
115987.46081504696 -2296051.146352741 -0.14324318990251642 
119122.25705329147 -2429860.2585489457 -0.15462774321859185 
122257.05329153598 -2577959.562529005 -0.1649949091394438 
125391.84952978049 -2737336.121328771 -0.1740681959372294 
128526.645768025 -2904603.401833672 -0.1816240107781464 
131661.44200626953 -3076134.802593858 -0.18750042388624896 
134796.23824451404 -3248211.1265097186 -0.1916037618735757 
137931.03448275855 -3417168.7086733286 -0.19391242750219012 
141065.83072100306 -3579539.814400928 -0.1944776763756558 
144200.62695924757 -3732185.030299952 -0.19342155667246327 
147335.42319749208 -3872418.158072764 -0.19093234961949906 
150470.2194357366 -3998116.9927684427 -0.1872576050448923 
153605.0156739811 -4107808.429888186 -0.1826947080309162 
156739.81191222562 -4200721.620440515 -0.17757920444236605 
159874.60815047013 -4276813.586135419 -0.17227163325782668 
163009.40438871464 -4336775.218201849 -0.16714378345393424 
166144.20062695915 -4382017.089533196 -0.1625648912808138 
169278.99686520366 -4414624.327802895 -0.15888779355629884 
172413.79310344817 -4437272.309402182 -0.15643511470407323 
175548.58934169268 -4453110.807911527 -0.15548622230662637 
178683.3855799372 -4465637.297856051 -0.15626619945199413 
181818.1818181817 -4478574.725342052 -0.15893773793783592 
184952.97805642622 -4495749.366532471 -0.16359584852089895 
188087.77429467073 -4520952.365811145 -0.17026462369188017 
191222.57053291524 -4557780.205292189 -0.1788957140727238 
194357.36677115975 -4609474.813613048 -0.18936924269928931 
197492.16300940426 -4678795.456173875 -0.20149831142864602 
200626.95924764877 -4767936.360743399 -0.21503733899571123 
203761.75548589329 -4878472.627532757 -0.22969296523636687 
206896.5517241378 -5011305.912840769 -0.2451357003360363 
210031.3479623823 -5166604.941818441 -0.26101154706793167 
213166.14420062682 -5343770.497630003 -0.2769543972593579 
216300.94043887133 -5541461.1973974295 -0.29260031789862045 
219435.73667711584 -5757683.272092949 -0.30760335813388984 
222570.53291536035 -5989906.343406169 -0.32165067736775915 
225705.32915360486 -6235161.921182024 -0.3344746357545044 
228840.12539184937 -6490120.439399468 -0.3458613801057985 
231974.9216300939 -6751185.97239075 -0.35565754927058135 
235109.7178683384 -7014646.8341835765 -0.3637767784755596 
238244.5141065829 -7276871.468879992 -0.37020553016523366 
241379.31034482742 -7534491.806291133 -0.3750056878713605 
244514.10658307193 -7784522.92094978 -0.37831173196422613 
247648.90282131644 -8024425.901294478 -0.3803230745431962 
250783.69905956095 -8252170.955150916 -0.3812945532126233 
253918.49529780546 -8466344.3765396 -0.38152761155746506 
257053.29153604998 -8666275.838818932 -0.3813617405683657 
260188.0877742945 -8852111.352986993 -0.38116347112365145 
263322.884012539 -9024780.326605901 -0.38131122107106175 
266457.6802507835 -9185884.561267445 -0.3821777858827789 
269592.476489028 -9337592.498931825 -0.38411458692556566 
272727.27272727253 -9482593.699904352 -0.3874402988311589 
275862.06896551704 -9624083.080974756 -0.3924324843917216 
278996.86520376155 -9765691.49030106 -0.399318533421075 
282131.66144200607 -9911317.796820195 -0.4082642092034028 
285266.4576802506 -10064910.292576522 -0.41936261342889253 
288401.2539184951 -10230293.031115724 -0.43262868717291014 
291536.0501567396 -10411080.225633927 -0.4480017767451126 
294670.8463949841 -10610620.808384575 -0.4653536378276519 
297805.6426332286 -10831875.590729477 -0.4844966736409628 
300940.43887147313 -11077202.645358717 -0.5051898097773093 
304075.23510971764 -11348144.368989976 -0.5271443769771238 
307210.03134796215 -11645348.748135084 -0.5500342789032644 
310344.82758620667 -11968667.779982936 -0.573511326376796 
313479.6238244512 -12317339.749678431 -0.5972214881741598 
316614.4200626957 -12690113.681574807 -0.6208167238662543 
319749.2163009402 -13085261.559140427 -0.6439617714937937 
322884.0125391847 -13500554.67419937 -0.6663412050577583 
326018.8087774292 -13933316.633464789 -0.6876728511239779 
329153.60501567373 -14380570.00670981 -0.7077277992130685 
332288.40125391824 -14839173.857566062 -0.7263501729450718 
335423.19749216276 -15305845.73375389 -0.7434685484418045 
338557.99373040727 -15777093.308770975 -0.7590967414882085 
341692.7899686518 -16249215.249159528 -0.7733287209959846 
344827.5862068963 -16718517.18731759 -0.7863335350700904 
347962.3824451408 -17181720.527614642 -0.7983505770811049 
351097.1786833853 -17636375.289737016 -0.8096798069555686 
354231.9749216298 -18081087.127925634 -0.8206626370933763 
357366.77115987433 -18515533.42288509 -0.8316568021033368 
360501.56739811884 -18940405.09502847 -0.8430149374433721 
363636.36363636336 -19357404.797074664 -0.8550745637883391 
366771.15987460787 -19769272.55654713 -0.8681578649314765 
369905.9561128524 -20179679.096566014 -0.8825719416744656 
373040.7523510969 -20592883.212113738 -0.8986017718615024 
376175.5485893414 -21013252.196365908 -0.9164972203299531 
379310.3448275859 -21444886.37255495 -0.9364625604676863 
382445.1410658304 -21891511.26888419 -0.9586545421332455 
385579.93730407493 -22356567.481199257 -0.9831856348046139 
388714.73354231945 -22843269.841585815 -1.0101229470315662 
391849.52978056396 -23354485.532665916 -1.0394776356940956 
394984.32601880847 -23892513.3201295 -1.0711905179297219 
398119.122257053 -24458986.202876255 -1.10512580256924 
401253.9184952975 -25055012.98848757 -1.1410794155133495 
404388.714733542 -25681427.12256555 -1.1787963622205362 
407523.5109717865 -26338886.869455058 -1.2179851879619776 
410658.307210031 -27027713.06593724 -1.258323560040829 
413793.10344827553 -27747622.802951295 -1.2994611211735019 
416927.89968652005 -28497636.824312236 -1.3410310999848716 
420062.69592476456 -29276272.2377508 -1.382674587560021 
423197.49216300907 -30081845.75267285 -1.4240684273532291 
426332.2884012536 -30912605.646892596 -1.4649429924255797 
429467.0846394981 -31766602.35467782 -1.5050851600063933 
432601.8808777426 -32641502.69595379 -1.5443355547380124 
435736.6771159871 -33534637.980415333 -1.5825932379060588 
438871.4733542316 -34443350.55463084 -1.6198308378969837 
442006.26959247614 -35365394.62882763 -1.6561090931909157 
445141.06583072065 -36299081.464169785 -1.6915768655924674 
448275.86206896516 -37243115.87512273 -1.7264545365455963 
451410.65830720967 -38196389.023845606 -1.7610133428475447 
454545.4545454542 -39158035.10997437 -1.795565216056762 
457680.2507836987 -40127771.654539295 -1.8304645353495606 
460815.0470219432 -41106220.399551585 -1.8661084420473701 
463949.8432601877 -42094892.432574905 -1.9029217633408169 
467084.6394984322 -43095843.79661904 -1.9413273792665102 
470219.43573667674 -44111335.68837873 -1.9817178730128289 
473354.23197492125 -45143817.75100033 -2.0244435493090935 
476489.02821316576 -46196198.925260894 -2.0698156186046286 
479623.82445141027 -47272044.00091938 -2.1181083118952495 
482758.6206896548 -48375385.12946993 -2.1695459454578456 
485893.4169278993 -49510225.686079115 -2.2242786463098483 
489028.2131661438 -50680137.556754194 -2.282365180413336 
492163.0094043883 -51888265.04544744 -2.3437771889268646 
495297.8056426328 -53137628.45333812 -2.4084197727493915 
498432.60188087734 -54431304.14055351 -2.476148769042334 
501567.39811912185 -55772185.95521971 -2.5467708432050298 
504702.19435736636 -57162483.71561562 -2.620033106040249 
507836.99059561087 -58603418.04503205 -2.6956228218421026 
510971.7868338554 -60095398.0253656 -2.7731898086974023 
514106.5830720999 -61638486.02554345 -2.852382011793227 
517241.3793103444 -63232664.99204588 -2.932871479903606 
520376.1755485889 -64877640.95957673 -3.014357964562499 
523510.9717868334 -66572421.86502268 -3.0965607033861513 
526645.768025078 -68315180.24056834 -3.179221224835961 
529780.5642633225 -70103639.37672007 -3.26212780487435 
532915.360501567 -71935687.2083434 -3.3451477579008686 
536050.1567398115 -73809680.26431958 -3.4282427563343294 
539184.952978056 -75724218.30008635 -3.511457069283104 
542319.7492163006 -77677727.8380657 -3.594894279105326 
545454.5454545451 -79668404.05413444 -3.6787078230321306 
548589.3416927896 -81694689.94643502 -3.7631138246333875 
551724.1379310341 -83755896.35975936 -3.848408396979425 
554858.9341692786 -85852393.39442477 -3.9349637441465597 
557993.7304075231 -87985231.169796 -4.023197040776505 
561128.5266457676 -90155640.82211079 -4.113533288201433 
564263.3228840121 -92364999.5880314 -4.206389461405991 
567398.1191222566 -94615360.34259966 -4.3021850986439 
570532.9153605012 -96910039.13761003 -4.401356648138786 
573667.7115987457 -99253662.01487157 -4.50434861430318 
576802.5078369902 -101651603.3582763 -4.6115788239615965 
579937.3040752347 -104109351.15865861 -4.723402700512773 
583072.1003134792 -106632367.15266456 -4.840102836503429 
586206.8965517237 -109226421.18966377 -4.961903073567744 
589341.6927899682 -111897784.73747078 -5.0889789436495825 
592476.4890282127 -114652716.01488572 -5.221438397283588 
595611.2852664572 -117496349.88890654 -5.35927783752901 
598746.0815047018 -120431739.57410531 -5.5023474345173415 
601880.8777429463 -123459729.87806225 -5.650356521184273 
605015.6739811908 -126579632.31249161 -5.802917276374689 
608150.4702194353 -129790043.66996165 -5.9595960231965295 
611285.2664576798 -133089235.310842 -6.119945356076742 
614420.0626959243 -136475212.23185444 -6.283521085401644 
617554.8589341688 -139946035.76321185 -6.449910669790093 
620689.6551724133 -143500736.00462818 -6.618787556673068 
623824.4514106578 -147140351.09400472 -6.789969728595858 
626959.2476489024 -150868170.47484833 -6.9634397327982684 
630094.0438871469 -154688702.80029264 -7.139303877861453 
633228.8401253914 -158605899.3560285 -7.3177146802886375 
636363.6363636359 -162621792.965684 -7.498809581039572 
639498.4326018804 -166736352.26204813 -7.682702554085092 
642633.2288401249 -170948358.14023864 -7.869519818057586 
645768.0250783694 -175256442.2674444 -8.059440397388721 
648902.8213166139 -179659666.3964759 -8.252713328425918 
652037.6175548584 -184157786.00305048 -8.449658450653159 
655172.413793103 -188751726.97234014 -8.650675455304366 
658307.2100313475 -193444370.78880477 -8.85626606180282 
661442.006269592 -198241010.35664248 -9.067040617614593 
664576.8025078365 -203148727.2082949 -9.283675330686087 
667711.598746081 -208174748.57274592 -9.50682336457228 
670846.3949843255 -213324843.29675412 -9.737028863874794 
673981.19122257 -218602960.2565307 -9.974699563330802 
677115.9874608145 -224012335.67058006 -10.220148776980237 
680250.783699059 -229557059.66493052 -10.473660826447432 
683385.5799373036 -235242769.03788093 -10.7355190509194 
686520.3761755481 -241076024.44943535 -11.005976293677772 
689655.1724137926 -247063148.3386415 -11.285203486484965 
692789.9686520371 -253209657.56833094 -11.57326824018153 
695924.7648902816 -259520635.90706295 -11.870159082782365 
699059.5611285261 -266001341.90646765 -12.175822778015156 
702194.3573667706 -272657153.51268756 -12.490173166092307 
705329.1536050151 -279492785.1581156 -12.813068141417029 
708463.9498432596 -286511635.27727515 -13.144293595951718 
711598.7460815042 -293716092.1081976 -13.483591739883293 
714733.5423197487 -301108633.54407424 -13.830725718303707 
717868.3385579932 -308692658.8362585 -14.185531285931448 
721003.1347962377 -316472189.53971803 -14.547915475812943 
724137.9310344822 -324450728.2832507 -14.91781501135524 
727272.7272727267 -332630479.45095664 -15.295169239603107 
730407.5235109712 -341012822.84074485 -15.679948095483184 
733542.3197492157 -349599665.74602 -16.0722176865222 
736677.1159874602 -358394381.0912445 -16.472184119232715 
739811.9122257048 -367401447.3819514 -16.88017500376284 
742946.7084639493 -376625247.1318474 -17.296579646197433 
746081.5047021938 -386069364.5606976 -17.72180957036679 
749216.3009404383 -395737208.1321607 -18.156317493136235 
752351.0971786828 -405633382.96629465 -18.600648767776722 
755485.8934169273 -415764415.4198641 -19.055461671058737 
758620.6896551718 -426138072.56426394 -19.521482322374744 
761755.4858934163 -436761977.9012192 -19.99942691974985 
764890.2821316608 -447642972.9311742 -20.489958293219342 
768025.0783699054 -458787900.5082718 -20.99370830727859 
771159.8746081499 -470204974.8297777 -21.511328353158046 
774294.6708463944 -481904241.8701212 -22.043499824814784 
777429.4670846389 -493896547.8409248 -22.590878292927545 
780564.2633228834 -506191992.43718684 -23.15401647970155 
783699.0595611279 -518799409.570976 -23.733336985278918 
786833.8557993724 -531727364.86157477 -24.329177326977636 
789968.6520376169 -544985563.035788 -24.94185658247045 
793103.4482758614 -558585099.385472 -25.571691779353003 
796238.244514106 -572537183.0731707 -26.218946781817476 
799373.0407523505 -586851581.5481381 -26.883770651328337 
802507.836990595 -601536375.4030051 -27.566197958836565 
805642.6332288395 -616599278.8768582 -28.266222299984133 
808777.429467084 -632049145.4684942 -28.98387923047423 
811912.2257053285 -647896066.5540887 -29.719265104755983 
815047.021943573 -664149941.5624868 -30.4724856974914 
818181.8181818175 -680819032.5567081 -31.24360340572413 
821316.614420062 -697910085.6572922 -32.03265504662494 
824451.4106583066 -715429995.06599 -32.83973866662858 
827586.2068965511 -733387364.2108971 -33.66509352959793 
830721.0031347956 -751792398.9588358 -34.50910121954697 
833855.7993730401 -770655304.000006 -35.37221546906009 
836990.5956112846 -789984945.1346819 -36.25490138398761 
840125.3918495291 -809789298.8040065 -37.15765377830214 
843260.1880877736 -830077349.5815474 -38.081079154945414 
846394.9843260181 -850860549.34693 -39.02595506312569 
849529.7805642626 -872152363.0029311 -39.99319950617215 
852664.5768025072 -893966403.8476708 -40.983773839199166 
855799.3730407517 -916315149.1643251 -41.998610849247676 
858934.1692789962 -939210639.4897817 -43.03863285384973 
862068.9655172407 -962666479.9318918 -44.104829113244335 
865203.7617554852 -986699052.5238322 -45.19829726292583 
868338.5579937297 -1011326620.5818759 -46.320188851773906 
871473.3542319742 -1036567190.0449134 -47.471599152881076 
874608.1504702187 -1062437310.0120173 -48.65350174505285 
877742.9467084632 -1088953035.0820496 -49.86678431000198 
880877.7429467078 -1116132003.4138381 -51.112338016751536 
884012.5391849523 -1143994378.1173441 -52.391097475789856 
887147.3354231968 -1172561552.3737597 -53.70398098335021 
890282.1316614413 -1201853859.976941 -55.05178798769175 
893416.9278996858 -1231889612.5850673 -56.43516008679911 
896551.7241379303 -1262686437.149545 -57.85464998071915 
899686.5203761748 -1294263487.7993188 -59.31083273095377 
902821.3166144193 -1326642169.4095876 -60.80435064112169 
905956.1128526638 -1359844552.459958 -62.33585370087204 
909090.9090909084 -1393891098.2000766 -63.90590929845501 
912225.7053291529 -1428800089.7470686 -65.5149904710917 
915360.5015673974 -1464589426.8161201 -67.16357228663001 
918495.2978056419 -1501278977.1926992 -68.85225298685057 
921630.0940438864 -1538891074.795662 -70.58178890007116 
924764.8902821309 -1577448682.0600836 -72.35302054960309 
927899.6865203754 -1616973203.0701668 -74.16678061164068 
931034.4827586199 -1657484346.8551888 -76.0238933891659 
934169.2789968645 -1699002325.3688097 -77.92527862166298 
937304.075235109 -1741550215.7895713 -79.87206002787148 
940438.8714733535 -1785154106.3983543 -81.8655694436102 
943573.667711598 -1829840939.340453 -83.9072426794564 
946708.4639498425 -1875636383.7341752 -85.99851426225182 
949843.260188087 -1922565068.0550723 -88.14081811358582 
952978.0564263315 -1970653037.182157 -90.3356883805464 
956112.852664576 -2019929936.4331863 -92.58484638718986 
959247.6489028205 -2070428656.9394536 -94.89017036339312 
962382.445141065 -2122182800.5192165 -97.25356491028184 
965517.2413793096 -2175224608.5361185 -99.67685197362465 
968652.0376175541 -2229585532.651568 -102.16178370045498 
971786.8338557986 -2285298857.020951 -104.71015062854823 
974921.6300940431 -2342401596.614967 -107.32385845872606 
978056.4263322876 -2400933607.6332397 -110.00487919549082 
981191.2225705321 -2460934745.932813 -112.75511528534196 
984326.0188087766 -2522442972.51451 -115.57630985518982 
987460.8150470211 -2585495345.0432925 -118.47009204593016 
990595.6112852657 -2650130823.2453322 -121.43810813311822 
993730.4075235102 -2716391819.9092994 -124.48210465460815 
996865.2037617547 -2784325752.934193 -127.60374264612646 
999999.9999999992 -2853871351.8495913 -130.80954698468068 
