#x u 
0.0 1079648538808276.0 49488634.36399257 
3134.796238244514 -27018390258629.617 -1238461.6008964924 
6269.592476489028 664905629521.2585 30477.752551850594 
9404.38871473354 -27873598666.63536 -1277.6627183005437 
12539.184952978056 -10824739713.244497 -496.1722861148838 
15673.98119122257 -11539463157.683418 -528.9244394534262 
18808.777429467085 -11817048215.992117 -541.6398713109513 
21943.5736677116 -12112970273.83289 -555.1968640540052 
25078.369905956115 -12416019144.469326 -569.0818544179754 
28213.16614420063 -12726663158.095425 -583.3165447538416 
31347.962382445145 -13045082944.406416 -597.9093896882587 
34482.75862068966 -13371470943.064678 -612.8693182665487 
37617.55485893417 -13706024089.892204 -628.2053945224368 
40752.35109717868 -14048944209.259022 -643.9268340247851 
43887.14733542319 -14400438246.71074 -660.0430159227416 
47021.943573667704 -14760718512.784952 -676.5634982517483 
50156.739811912215 -15130002903.178747 -693.4980347459186 
53291.53605015673 -15508515089.504265 -710.8565926329586 
56426.33228840124 -15896484701.325012 -728.6493720152752 
59561.12852664575 -16294147521.974396 -746.8868274365905 
62695.92476489026 -16701745696.234657 -765.5796910612884 
65830.72100313478 -17119527923.914204 -784.7389957435331 
68965.51724137929 -17547749615.096935 -804.3760963379365 
72100.3134796238 -17986673009.33756 -824.5026887973733 
75235.10971786831 -18436567284.513542 -845.1308277086897 
78369.90595611282 -18897708677.897873 -866.2729428233289 
81504.70219435733 -19370380616.77599 -887.9418540315028 
84639.49843260185 -19854873835.78049 -910.1507833785487 
87774.29467084636 -20351486464.500328 -932.9133631231443 
90909.09090909087 -20860524095.497025 -956.2436401468121 
94043.88714733538 -21382299861.640873 -980.1560779844576 
97178.68338557989 -21917134543.420086 -1004.6655574777304 
100313.4796238244 -22465356700.84611 -1029.7873759758086 
103448.27586206891 -23027302808.464626 -1055.5372443642837 
106583.07210031342 -23603317382.136604 -1081.9312817537393 
109717.86833855794 -24193753111.158783 -1108.9860088784944 
112852.66457680245 -24798971022.138298 -1136.7183419085595 
115987.46081504696 -25419340688.221394 -1165.145587828379 
119122.25705329147 -26055240472.22941 -1194.2854414054857 
122257.05329153598 -26707057780.83175 -1224.155983250489 
125391.84952978049 -27375189320.063854 -1254.7756790482422 
128526.645768025 -28060041364.983543 -1286.1633810282262 
131661.44200626953 -28762030063.527714 -1318.3383330171432 
134796.23824451404 -29481581778.968998 -1351.3201796189967 
137931.03448275855 -30219133453.373352 -1385.1289789667217 
141065.83072100306 -30975132968.96235 -1419.7852181378412 
144200.62695924757 -31750039500.153923 -1455.309830947301 
147335.42319749208 -32544323868.575348 -1491.724218617009 
150470.2194357366 -33358468915.743202 -1529.0502738256444 
153605.0156739811 -34192969891.58633 -1567.3104077858193 
156739.81191222562 -35048334839.93898 -1606.52757912553 
159874.60815047013 -35925084962.9136 -1646.725323310748 
163009.40438871464 -36823754963.48842 -1687.9277820863147 
166144.20062695915 -37744893381.02488 -1730.1597330789782 
169278.99686520366 -38689062932.162544 -1773.4466195832465 
172413.79310344817 -39656840853.561745 -1817.8145798201494 
175548.58934169268 -40648819231.7082 -1863.2904744674768 
178683.3855799372 -41665605311.01368 -1909.9019115799765 
181818.1818181817 -42707821788.095 -1957.6772688428339 
184952.97805642622 -43776107109.52689 -2006.645713612448 
188087.77429467073 -44871115783.30561 -2056.8372209669915 
191222.57053291524 -45993518699.75089 -2108.2825894246766 
194357.36677115975 -47144003452.23512 -2161.013453849545 
197492.16300940426 -48323274657.62438 -2215.0622956092975 
200626.95924764877 -49532054289.52382 -2270.4624507610556 
203761.75548589329 -50771082039.37529 -2327.248117228907 
206896.5517241378 -52041115709.20693 -2385.4543615092402 
210031.3479623823 -53342931628.27019 -2445.117124984862 
213166.14420062682 -54677325086.71351 -2506.2732300287685 
216300.94043887133 -56045110790.94697 -2568.960386643626 
219435.73667711584 -57447123353.2344 -2633.2172007615536 
222570.53291536035 -58884217822.31886 -2699.083185062865 
225705.32915360486 -60357270248.41492 -2766.5987725307614 
228840.12539184937 -61867178269.8047 -2835.8053326345007 
231974.9216300939 -63414861716.3152 -2906.7451903383785 
235109.7178683384 -65001263237.36173 -2979.461648623176 
238244.5141065829 -66627348963.66284 -3053.9990151797333 
241379.31034482742 -68294109199.22245 -3130.4026332593935 
244514.10658307193 -70002559127.41129 -3208.71891597394 
247648.90282131644 -71753739517.06311 -3288.9953833245327 
250783.69905956095 -73548717430.11005 -3371.2807018491394 
253918.49529780546 -75388586944.02914 -3455.624727217937 
257053.29153604998 -77274469896.09036 -3542.0785497306065 
260188.0877742945 -79207516638.1455 -3630.694541759174 
263322.884012539 -81188906781.34276 -3721.526405694764 
266457.6802507835 -83219849922.20776 -3814.6292214716846 
269592.476489028 -85301586363.73506 -3910.05949374363 
272727.27272727253 -87435387853.37744 -4007.8751991691634 
275862.06896551704 -89622558343.91553 -4108.135833560378 
278996.86520376155 -91864434759.89546 -4210.902457626453 
282131.66144200607 -94162387748.47752 -4316.237739931928 
285266.4576802506 -96517822416.15877 -4424.205996806599 
288401.2539184951 -98932179079.24135 -4534.873230247073 
291536.0501567396 -101406934056.9227 -4648.307164998293 
294670.8463949841 -103943600508.37918 -4764.577284849724 
297805.6426332286 -106543729287.95154 -4883.754867039523 
300940.43887147313 -109208909796.41113 -5005.913013942862 
304075.23510971764 -111940770839.6497 -5131.126682847737 
307210.03134796215 -114740981533.93013 -5259.47271598304 
310344.82758620667 -117611252287.16388 -5391.029872592657 
313479.6238244512 -120553335845.75914 -5525.878863075314 
316614.4200626957 -123569028367.866 -5664.102383929718 
319749.2163009402 -126660170498.54416 -5805.785152934459 
322884.0125391847 -129828648466.93398 -5951.013946028904 
326018.8087774292 -133076395252.14586 -6099.877638555667 
329153.60501567373 -136405391841.7559 -6252.4672524314265 
332288.40125391824 -139817668555.28284 -6408.876008386093 
335423.19749216276 -143315306378.89478 -6569.199381131081 
338557.99373040727 -146900438286.91266 -6733.535156567624 
341692.7899686518 -150575250581.70047 -6901.983492612617 
344827.5862068963 -154341984306.26334 -7074.646986155336 
347962.3824451408 -158202936745.82013 -7251.630746808366 
351097.1786833853 -162160462973.25714 -7433.042475199448 
354231.9749216298 -166216977374.37158 -7618.992542581493 
357366.77115987433 -170374955135.99274 -7809.594070610381 
360501.56739811884 -174636933746.57318 -8004.963013110825 
363636.36363636336 -179005514573.81805 -8205.218242278079 
366771.15987460787 -183483364528.3479 -8410.481639180536 
369905.9561128524 -188073217753.0624 -8620.87818524278 
373040.7523510969 -192777877270.12872 -8836.536051053317 
376175.5485893414 -197600216584.31277 -9057.586681944415 
379310.3448275859 -202543181315.4576 -9284.164883240872 
382445.1410658304 -207609790935.2384 -9516.408908239335 
385579.93730407493 -212803140608.36752 -9754.460548599827 
388714.73354231945 -218126403064.2654 -9998.465223493364 
391849.52978056396 -223582830433.54813 -10248.572064306896 
394984.32601880847 -229175756070.93756 -10504.933995812667 
398119.122257053 -234908596462.44745 -10767.707818346646 
401253.9184952975 -240784853295.92084 -11037.054294851094 
404388.714733542 -246808115673.32977 -11313.138242193283 
407523.5109717865 -252982062361.99762 -11596.128622580369 
410658.307210031 -259310464005.1098 -11886.198632007294 
413793.10344827553 -265797185315.92325 -12183.52578740376 
416927.89968652005 -272446187353.51218 -12488.29201739651 
420062.69592476456 -279261529938.13635 -12800.683759644005 
423197.49216300907 -286247374149.4347 -13120.892062350464 
426332.2884012536 -293407984785.20905 -13449.112684593218 
429467.0846394981 -300747732723.98517 -13785.546193250027 
432601.8808777426 -308271097278.7295 -14130.398061153926 
435736.6771159871 -315982668714.45105 -14483.87877521991 
438871.4733542316 -323887151047.0651 -14846.20396080075 
442006.26959247614 -331989365105.59247 -15217.594522129675 
445141.06583072065 -340294251764.86914 -15598.27679481238 
448275.86206896516 -348806875310.57983 -15988.482708202631 
451410.65830720967 -357532427001.78064 -16388.44995960732 
454545.4545454542 -366476228900.58417 -16798.42220206612 
457680.2507836987 -375643737893.4581 -17218.649240773404 
460815.0470219432 -385040549650.3757 -17649.38722545027 
463949.8432601877 -394672402235.68335 -18090.898825230535 
467084.6394984322 -404545179258.8407 -18543.45338144551 
470219.43573667674 -414664912707.7879 -19007.327045993898 
473354.23197492125 -425037785747.52734 -19482.802919571797 
476489.02821316576 -435670135715.60614 -19970.171201315326 
479623.82445141027 -446568457410.18494 -20469.729354288538 
482758.6206896548 -457739406705.0902 -20981.782287306487 
485893.4169278993 -469189804573.1797 -21506.642554704515 
489028.2131661438 -480926641625.8845 -22044.630576295982 
492163.0094043883 -492957083146.40985 -22596.074873870628 
495297.8056426328 -505288474342.8768 -23161.312309859346 
498432.60188087734 -517928345387.42633 -23740.688307762313 
501567.39811912185 -530884415926.45337 -24334.55704091949 
504702.19435736636 -544164599106.10864 -24943.281593996086 
507836.99059561087 -557777005495.0725 -25567.234117875254 
510971.7868338554 -571729947350.2023 -26206.796001703497 
514106.5830720999 -586031943444.5958 -26862.358074919328 
517241.3793103444 -600691724386.2748 -27534.32083766949 
520376.1755485889 -615718238235.9998 -28223.09471122902 
523510.9717868334 -631120656311.376 -28929.100302428982 
526645.768025078 -646908379165.8861 -29652.768679877467 
529780.5642633225 -663091042698.0968 -30394.5416578547 
532915.360501567 -679678524225.9644 -31154.87207838439 
536050.1567398115 -696680948352.7931 -31934.22408214262 
539184.952978056 -714108692662.9738 -32733.073369332502 
542319.7492163006 -731972393572.6852 -33551.907465605334 
545454.5454545451 -750282952741.0648 -34391.22601243426 
548589.3416927896 -769051544192.0135 -35251.5410900257 
551724.1379310341 -788289621894.2931 -36133.37756249112 
554858.9341692786 -808008927349.2283 -37037.2734257255 
557993.7304075231 -828221496917.4229 -37963.78014641812 
561128.5266457676 -848939669000.0215 -38913.46299776331 
564263.3228840121 -870176091412.3763 -39886.90140717285 
567398.1191222566 -891943729158.7432 -40884.689324982006 
570532.9153605012 -914255872502.8177 -41907.43560849136 
573667.7115987457 -937126145073.7115 -42955.76440843926 
576802.5078369902 -960568511909.5675 -44030.31555243498 
579937.3040752347 -984597287632.9512 -45131.74493334822 
583072.1003134792 -1009227145043.0118 -46260.72491495533 
586206.8965517237 -1034473124185.4816 -47417.944757054414 
589341.6927899682 -1060350641656.4875 -48604.11104846103 
592476.4890282127 -1086875499846.7402 -49819.94813420681 
595611.2852664572 -1114063896113.6582 -51066.19853630227 
598746.0815047018 -1141932432197.82 -52343.62338263758 
601880.8777429463 -1170498124225.357 -53653.00285986952 
605015.6739811908 -1199778413315.334 -54995.13669145699 
608150.4702194353 -1229791176466.271 -56370.84462628231 
611285.2664576798 -1260554737392.1333 -57780.96692318881 
614420.0626959243 -1292087877330.84 -59226.36483298519 
617554.8589341688 -1324409846195.0918 -60707.92109539832 
620689.6551724133 -1357540374408.0042 -62226.54046722626 
623824.4514106578 -1391499685382.0425 -63783.150280340386 
626959.2476489024 -1426308508255.845 -65378.70101240784 
630094.0438871469 -1461988090566.1194 -67014.16685603808 
633228.8401253914 -1498560210945.413 -68690.54629096099 
636363.6363636359 -1536047192270.1406 -70408.86267906646 
639498.4326018804 -1574471915577.5945 -72170.16489720646 
642633.2288401249 -1613857834624.248 -73975.52800210017 
645768.0250783694 -1654228990635.6494 -75826.05390682125 
648902.8213166139 -1695610026948.7307 -77722.87205513626 
652037.6175548584 -1738026203725.5266 -79667.14010177576 
655172.413793103 -1781503413224.3208 -81660.04462069029 
658307.2100313475 -1826068195917.6145 -83702.80185423525 
661442.006269592 -1871747757240.3137 -85796.65849295667 
664576.8025078365 -1918569984466.7976 -87942.89246252821 
667711.598746081 -1966563463464.129 -90142.81370573938 
670846.3949843255 -2015757495604.331 -92397.76497196112 
673981.19122257 -2066182115381.1208 -94709.12263853507 
677115.9874608145 -2117868108978.6775 -97078.29757490035 
680250.783699059 -2170847033482.8745 -99506.73603476463 
683385.5799373036 -2225151236195.674 -101995.92055115203 
686520.3761755481 -2280813873867.305 -104547.37082545526 
689655.1724137926 -2337868932241.1577 -107162.64462830413 
692789.9686520371 -2396351246502.6226 -109843.33873915847 
695924.7648902816 -2456296522815.17 -112591.08993294221 
699059.5611285261 -2517741360530.644 -115407.5759948027 
702194.3573667706 -2580723274505.4062 -118294.5167370744 
705329.1536050151 -2645280717418.6445 -121253.6750139232 
708463.9498432596 -2711453102598.22 -124286.85775716079 
711598.7460815042 -2779280827968.4585 -127395.91706179535 
714733.5423197487 -2848805301211.403 -130582.75132598769 
717868.3385579932 -2920068965614.851 -133849.30642178303 
721003.1347962377 -2993115326020.8315 -137197.57687029234 
724137.9310344822 -3067988974867.111 -140629.6070215277 
727272.7272727267 -3144735618933.9487 -144147.49226749712 
730407.5235109712 -3223402107410.5215 -147753.38031721415 
733542.3197492157 -3304036461258.2407 -151449.47253302994 
736677.1159874602 -3386687903230.275 -155238.02529928726 
739811.9122257048 -3471406887964.841 -159121.35139688328 
742946.7084639493 -3558245132262.432 -163101.82138898483 
746081.5047021938 -3647255646266.5996 -167181.86505095614 
749216.3009404383 -3738492766144.0737 -171363.97287178517 
752351.0971786828 -3832012188113.9272 -175650.69761998975 
755485.8934169273 -3927871003083.076 -180044.65593971952 
758620.6896551718 -4026127731341.3105 -184548.52995166188 
761755.4858934163 -4126842357569.497 -189165.06886997315 
764890.2821316608 -4230076366987.779 -193897.0906726554 
768025.0783699054 -4335892783202.5386 -198747.4838504805 
771159.8746081499 -4444356207464.739 -203719.209220734 
774294.6708463944 -4555532858511.698 -208815.30176728487 
777429.4670846389 -4669490612514.154 -214038.87248452572 
780564.2633228834 -4786299043545.65 -219393.11024380312 
783699.0595611279 -4906029465498.175 -224881.28372424818 
786833.8557993724 -5028754975939.3125 -230506.74343034098 
789968.6520376169 -5154550501472.821 -236272.92377584815 
793103.4482758614 -5283492843704.395 -242183.34519277466 
796238.244514106 -5415660725429.913 -248241.61624771796 
799373.0407523505 -5551134837634.758 -254451.43579262664 
802507.836990595 -5689997888301.805 -260816.59519583697 
805642.6332288395 -5832334653424.146 -267340.9806717782 
808777.429467084 -5978232029617.805 -274028.5756819602 
811912.2257053285 -6127779087380.669 -280883.4633639377 
815047.021943573 -6281067124734.137 -287909.82897664723 
818181.8181818175 -6438189722008.069 -295111.96239750244 
821316.614420062 -6599242798810.083 -302494.2607195109 
824451.4106583066 -6764324673440.126 -310061.2309609284 
827586.2068965511 -6933536123970.102 -317817.4928522116 
830721.0031347956 -7106980450003.007 -325767.78165559605 
833855.7993730401 -7284763534995.662 -333916.95101242064 
836990.5956112846 -7466993910078.69 -342269.97586135834 
840125.3918495291 -7653782820429.638 -350831.95547623234 
843260.1880877736 -7845244294297.573 -359608.1166280968 
846394.9843260181 -8041495213729.054 -368603.8168281063 
849529.7805642626 -8242655386015.238 -377824.5476062098 
852664.5768025072 -8448847615927.251 -387275.93782858766 
855799.3730407517 -8660197779848.359 -396963.757104421 
858934.1692789962 -8876834902847.258 -406893.91932950245 
862068.9655172407 -9098891238608.398 -417072.48636244086 
865203.7617554852 -9326502351116.316 -427505.6717823996 
868338.5579937297 -9559807197163.938 -438199.84468523384 
871473.3542319742 -9798948209968.537 -449161.5335304693 
874608.1504702187 -10044071385174.0 -460397.43009719154 
877742.9467084632 -10295326370239.062 -471914.39359413425 
880877.7429467078 -10552866556926.033 -483719.4549103871 
884012.5391849523 -10816849175653.406 -495819.8209496059 
887147.3354231968 -11087435390875.037 -508222.8790089883 
890282.1316614413 -11364790398009.186 -520936.2012267254 
893416.9278996858 -11649083523345.396 -533967.5491632138 
896551.7241379303 -11940488327840.766 -547324.878557751 
899686.5203761748 -12239182714296.111 -561016.344237391 
902821.3166144193 -12545349036561.416 -575050.3051162149 
905956.1128526638 -12859174210064.02 -589435.3292528625 
909090.9090909084 -13180849824432.627 -604180.1990021243 
912225.7053291529 -13510572259760.973 -619293.9163317515 
915360.5015673974 -13848542807284.943 -634785.7083404665 
918495.2978056419 -14194967793720.924 -650665.0329431852 
921630.0940438864 -14550058707827.555 -666941.5846581201 
924764.8902821309 -14914032328654.02 -683625.3004716848 
927899.6865203754 -15287110856503.824 -700726.3658289087 
931034.4827586199 -15669522048235.395 -718255.2208241572 
934169.2789968645 -16061499357491.418 -736222.5666197328 
937304.075235109 -16463282078857.15 -754639.3720468748 
940438.8714733535 -16875115494464.488 -773516.8803214473 
943573.667711598 -17297251022720.566 -792866.6158597516 
946708.4639498425 -17729946370452.082 -812700.3912537039 
949843.260188087 -18173465690126.402 -833030.3144814832 
952978.0564263315 -18628079742525.758 -853868.796370737 
956112.852664576 -19094066063638.9 -875228.5582574431 
959247.6489028205 -19571709134297.023 -897122.6397725762 
962382.445141065 -20061300552498.258 -919564.4067535752 
965517.2413793096 -20563139209973.92 -942567.5593513505 
968652.0376175541 -21077531474658.25 -966146.1404084471 
971786.8338557986 -21604791379191.516 -990314.5441138028 
974921.6300940431 -22145240814007.914 -1015087.5248671076 
978056.4263322876 -22699209723604.008 -1040480.2062879206 
981191.2225705321 -23267036306239.65 -1066508.0903805557 
984326.0188087766 -23849067218871.934 -1093187.0669368876 
987460.8150470211 -24445657788932.758 -1120533.4232505052 
990595.6112852657 -25057172232801.75 -1148563.8541353617 
993730.4075235102 -25683983879411.984 -1177295.4721702966 
996865.2037617547 -26326475395012.074 -1206745.8182344923 
999999.9999999992 -26985039102560.402 -1236932.8681028488 
