#x u 
0.0 -473658.2129123177 -0.03269099101320626 
3134.796238244514 -549251.009999656 -0.02651302346843254 
6269.592476489028 -669593.208228978 -0.022334580217476266 
9404.38871473354 -762210.6246663769 -0.01720850157523815 
12539.184952978056 -825661.2569667476 -0.011431083169272074 
15673.98119122257 -857412.4600874197 -0.00522211593864894 
18808.777429467085 -855970.1429114271 0.0011905048672440656 
21943.5736677116 -821158.5780525522 0.007569414888286983 
25078.369905956115 -754373.6846048612 0.01366566110612328 
28213.16614420063 -658479.5950716046 0.01923059565997985 
31347.962382445145 -537403.3124594461 0.024038994250112574 
34482.75862068966 -395751.2852379003 0.02790838010330647 
37617.55485893417 -238707.82361664483 0.030702571580700524 
40752.35109717868 -72141.85822825025 0.03232286532666542 
43887.14733542319 97403.84212807221 0.03270194442330204 
47021.943573667704 263069.70154268 0.03181124968245223 
50156.739811912215 418262.4601448433 0.029676654170430083 
53291.53605015673 557108.6567922521 0.02638656247180429 
56426.33228840124 674550.1602517937 0.02208246005237393 
59561.12852664575 766213.4551225675 0.01693848462551008 
62695.92476489026 828400.0641736399 0.01114650098625003 
65830.72100313478 858388.601220822 0.004915971309645027 
68965.51724137929 854872.443076158 -0.0015189066346168354 
72100.3134796238 818167.0638812786 -0.007901068215843847 
75235.10971786831 750011.7406520547 -0.013969052800012835 
78369.90595611282 653166.1876240241 -0.01948252084556351 
81504.70219435733 531170.878816693 -0.024237642381800432 
84639.49843260185 388422.67661430006 -0.02806523682144217 
87774.29467084636 230342.02287035732 -0.03082185787876924 
90909.09090909087 63270.6297546773 -0.032390422282818535 
94043.88714733538 -106011.87252125531 -0.032695652192036226 
97178.68338557989 -270885.77934664383 -0.031722372789251205 
100313.4796238244 -425227.28414720047 -0.029519765588687734 
103448.27586206891 -563382.6956748333 -0.02618743005285593 
106583.07210031342 -680055.6533070421 -0.021856340875241853 
109717.86833855794 -770460.7281125966 -0.01668143588567714 
112852.66457680245 -830794.1875461476 -0.010848721010260493 
115987.46081504696 -858705.4688252859 -0.004582946412918476 
119122.25705329147 -853409.2351831502 0.0018601146586680656 
122257.05329153598 -815408.4961850871 0.00821764019655923 
125391.84952978049 -746160.5927318813 0.014244341634179827 
128526.645768025 -648030.7836358942 0.019721493434061023 
131661.44200626953 -524527.7516385084 0.024450403613598893 
134796.23824451404 -380469.87818554 0.028246256207695577 
137931.03448275855 -221757.0516682493 0.030947177097155554 
141065.83072100306 -54797.85983321394 0.032436292064449784 
144200.62695924757 114024.81461453618 0.03265938269761318 
147335.42319749208 278526.2557481283 0.03162357433047975 
150470.2194357366 432598.96971397026 0.029380553996976044 
153605.0156739811 570180.3596359618 0.026012264186565937 
156739.81191222562 685594.3483411431 0.021632647121843814 
159874.60815047013 774143.9953861848 0.01640034173845732 
163009.40438871464 832540.9109492644 0.010523906946289149 
166144.20062695915 858892.3648575996 0.004247336954654403 
169278.99686520366 852390.9482678778 -0.002176954127062133 
172413.79310344817 813121.2655499342 -0.008508185108204353 
175548.58934169268 742229.3649257743 -0.014518602438789628 
178683.3855799372 642269.5909878062 -0.01998435708181287 
181818.1818181817 517304.67781521333 -0.02468504502131371 
184952.97805642622 372543.79167614476 -0.028421620205861697 
188087.77429467073 213745.1871504169 -0.03104223906467286 
191222.57053291524 46822.58512964325 -0.032455968274378535 
194357.36677115975 -122147.29167835992 -0.032625473409393826 
197492.16300940426 -286762.085114653 -0.03155023665083518 
200626.95924764877 -440400.4336603233 -0.029260116123891795 
203761.75548589329 -576744.5431871677 -0.025826408087739835 
206896.5517241378 -690420.717807247 -0.021377251823125352 
210031.3479623823 -777316.2155386078 -0.01609767332263431 
213166.14420062682 -834442.8040567233 -0.010208886031710334 
216300.94043887133 -859660.6731329941 -0.003941784532315497 
219435.73667711584 -851685.6892796303 0.002475444514949752 
222570.53291536035 -810461.8804754694 0.008811348672563868 
225705.32915360486 -737547.4404414736 0.014822565640078566 
228840.12539184937 -636094.9673228164 0.020261377915233608 
231974.9216300939 -510381.26675916126 0.024901256663531608 
235109.7178683384 -365269.1689766249 0.028562709838422438 
238244.5141065829 -206015.16686674807 0.031120420988197416 
241379.31034482742 -38437.750358739606 0.03249106181180554 
244514.10658307193 130949.06237556537 0.03262008016779413 
247648.90282131644 295220.39201343124 0.03148531171489043 
250783.69905956095 447700.8157910484 0.029115829818172925 
253918.49529780546 582563.5853636942 0.025606455588959645 
257053.29153604998 694985.4660734044 0.021110860469203664 
260188.0877742945 780922.4052057914 0.015816791509922365 
263322.884012539 836945.4057802019 0.009924119765514454 
266457.6802507835 860481.6449447097 0.003642085557672116 
269592.476489028 850340.2948719029 -0.002799250848653744 
272727.27272727253 807055.4913419916 -0.009144295563720399 
275862.06896551704 732719.0999492258 -0.015128523719736171 
278996.86520376155 630461.0328263096 -0.020508821817140567 
282131.66144200607 504057.78188302444 -0.025085284957545723 
285266.4576802506 357970.7286179733 -0.02870049712935814 
288401.2539184951 197621.67982630606 -0.031225080556870732 
291536.0501567396 29424.409682781887 -0.03255164252879157 
294670.8463949841 -139684.86607398986 -0.03260908157272602 
297805.6426332286 -302969.6938908229 -0.031386146379948875 
300940.43887147313 -454363.28907122934 -0.028941469688702648 
304075.23510971764 -588445.4024729948 -0.02538948693911061 
307210.03134796215 -700195.4839057466 -0.020875089000924465 
310344.82758620667 -785011.5742544464 -0.015559986075115956 
313479.6238244512 -839180.9827821834 -0.00962987196880526 
316614.4200626957 -860479.1886378446 -0.003308114697838326 
319749.2163009402 -848394.8275426265 0.003146511330479021 
322884.0125391847 -803823.3232185405 0.009464781771034738 
326018.8087774292 -728581.6660723175 0.015398087503470376 
329153.60501567373 -625237.3542371356 0.020732668599194967 
332288.40125391824 -497366.80667066 0.025281484340687485 
335423.19749216276 -349859.25197860517 0.02887117714934641 
338557.99373040727 -188788.68143799272 0.03134597932915684 
341692.7899686518 -20791.880860136273 0.03259147978971261 
344827.5862068963 147618.3174153046 0.03255876329533134 
347962.3824451408 310324.8118969107 0.03126721539519246 
351097.1786833853 461428.75634638703 0.02878479487927379 
354231.9749216298 595063.3061970662 0.025206412409127254 
357366.77115987433 705642.6637701279 0.020651276746220266 
360501.56739811884 788516.3182202274 0.015278372743927708 
363636.36363636336 840543.8971768927 0.00929842006650775 
366771.15987460787 860151.6450188337 0.0029627470788058346 
369905.9561128524 846933.8056956092 -0.003467489224746896 
373040.7523510969 801296.161402184 -0.009748460726593036 
376175.5485893414 724548.4376980456 -0.015658142170460694 
379310.3448275859 619331.1655177666 -0.02098300912133207 
382445.1410658304 489859.4777908664 -0.02551043959029329 
385579.93730407493 341608.9288949334 -0.029043865852645966 
388714.73354231945 180611.77564007245 -0.031432926367847544 
391849.52978056396 12907.65972903124 -0.03259376641684335 
394984.32601880847 -155495.19889228608 -0.032503353710769275 
398119.122257053 -318347.6742999997 -0.031177237649021448 
401253.9184952975 -469114.5096357637 -0.028655801340234398 
404388.714733542 -601457.3715332439 -0.02501326111263953 
407523.5109717865 -709980.3988171369 -0.020377734684098307 
410658.307210031 -790671.5646041374 -0.014936944882452301 
413793.10344827553 -840758.4498740691 -0.008917224378177862 
416927.89968652005 -858273.9485445946 -0.002549934756590125 
420062.69592476456 -841893.8933488595 0.0039483958778971096 
423197.49216300907 -791287.7987172792 0.010370675238140087 
426332.2884012536 -707657.2248463319 0.016503115878447352 
429467.0846394981 -593924.7549316592 0.02212270165983701 
432601.8808777426 -454405.18125445826 0.02701577960250372 
435736.6771159871 -294344.5251405952 0.030999961268953317 
438871.4733542316 -119848.01576183055 0.03392532618819109 
442006.26959247614 61739.48000868535 0.03565194179914588 
445141.06583072065 241535.97912636693 0.03602831723941131 
448275.86206896516 409560.95638353686 0.034901094268041895 
451410.65830720967 556044.6115531214 0.032162864635277615 
454545.4545454542 673059.1947085194 0.027813897294212027 
457680.2507836987 755692.9419287087 0.022002845457944103 
460815.0470219432 802358.8717801953 0.015028015800788056 
463949.8432601877 814378.1623648668 0.007305211741974317 
467084.6394984322 795186.84422685 -0.0006825664911774033 
470219.43573667674 749330.3178626911 -0.008446231272474455 
473354.23197492125 681247.4871087797 -0.015561329443727689 
476489.02821316576 594058.1121724945 -0.02173594508673218 
479623.82445141027 488970.478884635 -0.026844193678575663 
482758.6206896548 365944.4556071961 -0.0308939891312605 
485893.4169278993 225559.66466458203 -0.033932043370316085 
489028.2131661438 71064.41986883282 -0.03593715032929995 
492163.0094043883 -90806.60715833562 -0.03677263671517196 
495297.8056426328 -250951.15678363777 -0.03623547456878408 
498432.60188087734 -400296.5434327529 -0.03417281515257134 
501567.39811912185 -531890.1853568358 -0.030588398434542433 
504702.19435736636 -641401.4317994643 -0.02567077361274633 
507836.99059561087 -726045.563096492 -0.019734259859995558 
510971.7868338554 -783139.6509717656 -0.01312326690175043 
514106.5830720999 -809630.4819099966 -0.006144645622681075 
517241.3793103444 -802972.5918042999 0.0009435485631758317 
520376.1755485889 -762571.9239512031 0.007907953735308898 
523510.9717868334 -690621.2325140148 0.0145215252645344 
526645.768025078 -591753.320317984 0.02057179543213838 
529780.5642633225 -471890.87322879065 0.02588243782774629 
532915.360501567 -337145.0312467902 0.0303206812336482 
536050.1567398115 -193321.57512035547 0.033779382300200056 
539184.952978056 -45946.05964774182 0.03614965113829741 
542319.7492163006 99654.04981298762 0.03731062188542066 
545454.5454545451 238517.27040691086 0.03714852334164326 
548589.3416927896 366361.50673472125 0.03559286019698955 
551724.1379310341 479719.32579767355 0.03264541724558762 
554858.9341692786 575729.519752303 0.028386405252561416 
557993.7304075231 651755.6819526013 0.022961029620030295 
561128.5266457676 705181.6714298626 0.016562024665007797 
564263.3228840121 733603.7543677608 0.009420891812118467 
567398.1191222566 735330.0706206348 0.0018079889469878921 
570532.9153605012 709868.2974131797 -0.005968872839915839 
573667.7115987457 658098.6129961152 -0.01357790807723628 
576802.5078369902 582062.1821301203 -0.020690172040729468 
579937.3040752347 484567.7650398776 -0.027009719857609853 
583072.1003134792 368931.4492274118 -0.03229280298670078 
586206.8965517237 239025.20297176382 -0.0363485925099962 
589341.6927899682 99510.17439286396 -0.039027752055894725 
592476.4890282127 -44090.6210304642 -0.0402152515491157 
595611.2852664572 -185750.7877691252 -0.039840269311937335 
598746.0815047018 -319642.97540651413 -0.03789954705005725 
601880.8777429463 -440752.17621692544 -0.034474685081187326 
605015.6739811908 -544984.1885562005 -0.02972468452131185 
608150.4702194353 -628788.6411597389 -0.0238550380218217 
611285.2664576798 -688797.7914098245 -0.017086811888220865 
614420.0626959243 -722015.9727764264 -0.009650749834239062 
617554.8589341688 -726567.9361073216 -0.0018073127358353563 
620689.6551724133 -702393.8986920685 0.006134871286437431 
623824.4514106578 -651211.2700223445 0.01383280758864149 
626959.2476489024 -575704.6799680723 0.020956483973157226 
630094.0438871469 -478674.7241046595 0.02723589407524756 
633228.8401253914 -362967.7990894956 0.03246973082120956 
636363.6363636359 -232238.43709611642 0.03649318203246073 
639498.4326018804 -91681.15377648865 0.03914427967671183 
642633.2288401249 52223.60877292136 0.040272601068406626 
645768.0250783694 192978.86448133882 0.039791784452652024 
648902.8213166139 325319.7115631978 0.03772858670189044 
652037.6175548584 445328.9130947711 0.03421781431117038 
655172.413793103 549405.8096846424 0.02944290426225212 
658307.2100313475 633287.8899418041 0.023577599209285524 
661442.006269592 692360.3910527432 0.016785864754113655 
664576.8025078365 723197.9981488809 0.009278037026222903 
667711.598746081 724928.5774523625 0.0013591278970503829 
670846.3949843255 699041.3901938398 -0.006593306754047214 
673981.19122257 647769.5592427233 -0.01421527138709635 
677115.9874608145 572668.4683954724 -0.021231611136043008 
680250.783699059 474887.7603922342 -0.027451427283669522 
683385.5799373036 356898.259805709 -0.03269426329892657 
686520.3761755481 223822.8122539079 -0.036731700797938596 
689655.1724137926 82771.81554253695 -0.03931756975103293 
692789.9686520371 -59427.59841078425 -0.040288953518482405 
695924.7648902816 -197996.89574277727 -0.039641306256199826 
699059.5611285261 -329761.3033315375 -0.03749976821248361 
702194.3573667706 -451041.3176865857 -0.03401205069531091 
705329.1536050151 -556238.4261786878 -0.0292713746760836 
708463.9498432596 -638874.6370500859 -0.02335059202141551 
711598.7460815042 -694318.0079952339 -0.01641281782379129 
714733.5423197487 -721550.2727282613 -0.008777936408484593 
717868.3385579932 -722158.8471005986 -0.0008622223460122935 
721003.1347962377 -697551.2740682876 0.006962626620045866 
724137.9310344822 -647307.2549526148 0.014456907323752821 
727272.7272727267 -570497.8813015305 0.021462454900352652 
730407.5235109712 -468696.84525646665 0.027772378511017576 
733542.3197492157 -347487.6452180524 0.033067185486991404 
736677.1159874602 -214657.91414473462 0.037000006993385806 
739811.9122257048 -76673.69342521681 0.0393578187881492 
742946.7084639493 63079.17832271198 0.04013882826236081 
746081.5047021938 202518.88789293834 0.03946512628169768 
749216.3009404383 337480.2946709536 0.03741900727918519 
752351.0971786828 460464.27811405587 0.0339750769700442 
755485.8934169273 563181.6265970813 0.02910454791055255 
758620.6896551718 640574.1830158726 0.022945979890508568 
761755.4858934163 692284.8238828159 0.01585833652531018 
764890.2821316608 720042.8283027888 0.008286622383964179 
768025.0783699054 723679.0119639406 0.0005650826989670409 
771159.8746081499 700038.5510906639 -0.007145855452679678 
774294.6708463944 646131.4481315637 -0.014726968738655456 
777429.4670846389 563363.119448516 -0.021916227314305287 
780564.2633228834 458347.30103502696 -0.0282791745978866 
783699.0595611279 339199.1749047417 -0.03338391921778068 
786833.8557993724 210935.3083533833 -0.03701430805167252 
789968.6520376169 74686.73474147955 -0.039205463365300904 
793103.4482758614 -68451.84606824986 -0.04006398123266007 
796238.244514106 -213037.95370299654 -0.03956091124674578 
799373.0407523505 -349222.6104376749 -0.037520537550442754 
802507.836990595 -467481.0657757077 -0.03382656168034938 
805642.6332288395 -563511.2216946695 -0.02863424946570284 
808777.429467084 -638294.9755334135 -0.022359613064888425 
811912.2257053285 -693242.9847009664 -0.015442511295197008 
815047.021943573 -725548.3454689885 -0.008119163955478632 
818181.8181818175 -728825.2089976172 -0.0004373145601979826 
821316.614420062 -698645.6615868397 0.007503137094408214 
824451.4106583066 -637317.0420743235 0.015342865354996096 
827586.2068965511 -552786.9782004479 0.022523114609243396 
830721.0031347956 -452573.8945402157 0.028571430550421238 
833855.7993730401 -338908.4037287188 0.03332931081696385 
836990.5956112846 -210178.11603019584 0.03688815363045888 
840125.3918495291 -67217.68809994098 0.03930025992551505 
843260.1880877736 82251.27234586402 0.04037181627292369 
846394.9843260181 226023.16822162308 0.03976684905373301 
849529.7805642626 354560.3003572742 0.03732640784947274 
852664.5768025072 465676.11338256096 0.03327247540624008 
855799.3730407517 561896.5740726352 0.028074559385424292 
858934.1692789962 643250.7828557824 0.02210555192380263 
862068.9655172407 703179.4186526992 0.01543981390017774 
865203.7617554852 732172.6227098205 0.008005425043302936 
868338.5579937297 725653.5157826237 -6.852904873893965e-05 
871473.3542319742 687951.727906473 -0.008282923792678384 
874608.1504702187 628052.489907984 -0.015975074276543426 
877742.9467084632 551364.6973247234 -0.022705767787803262 
880877.7429467078 456082.05350556906 -0.028433457580896267 
884012.5391849523 338068.9627873735 -0.03329511299349314 
887147.3354231968 199230.51752999527 -0.03722459219356386 
890282.1316614413 50426.326512541265 -0.03981825975391091 
893416.9278996858 -94525.67415671455 -0.040606197768001465 
896551.7241379303 -227868.255267251 -0.03945929669167615 
899686.5203761748 -350673.17663685256 -0.03670738973743046 
902821.3166144193 -466442.1003615773 -0.03283507838599445 
905956.1128526638 -572270.6203690176 -0.028064178912697704 
909090.9090909084 -657089.2662393061 -0.02225936818583635 
912225.7053291529 -709244.5789430675 -0.015261294764964893 
915360.5015673974 -725799.7265070506 -0.00729840382877599 
918495.2978056419 -713844.6287239084 0.0009670493186093828 
921630.0940438864 -682267.3226283726 0.00882922334855605 
924764.8902821309 -632484.7784722007 0.0159751096613278 
927899.6865203754 -557943.0504780924 0.02251703673161284 
931034.4827586199 -453124.132296677 0.02858708974772224 
934169.2789968645 -322679.2980842172 0.03392313219806674 
937304.075235109 -180868.0268389923 0.037896416529333427 
940438.8714733535 -41465.89213424794 0.03997322163831412 
943573.667711598 91594.86362237626 0.04014008884404709 
946708.4639498425 223098.1584792383 0.03884570532068301 
949843.260188087 356052.4461418184 0.036511120852464475 
952978.0564263315 482934.7303784259 0.0331174439928718 
956112.852664576 588226.4219050062 0.028309475671375015 
959247.6489028205 660054.5421242862 0.021915543667677184 
962382.445141065 699004.1115620692 0.014337035649616485 
965517.2413793096 714822.3045104858 0.0063828404393558545 
968652.0376175541 714307.87759148 -0.0012997754644686874 
971786.8338557986 693085.410661249 -0.008615196667291733 
974921.6300940431 640132.3800483278 -0.015823401201807846 
978056.4263322876 550578.9815054942 -0.022962730305645454 
981191.2225705321 433361.02045108145 -0.029506246615962618 
984326.0188087766 305382.7158545593 -0.03463383560632282 
987460.8150470211 177912.88748372215 -0.037857519787365165 
990595.6112852657 49295.48674970046 -0.0393546557444392 
993730.4075235102 -88394.7423603799 -0.03965208873275557 
996865.2037617547 -232684.22890948365 -0.03912250829676417 
999999.9999999992 -473677.365122809 -0.0326918689069918 
