#x u 
0.0 48768675.91851875 2.283895154412001 
3134.796238244514 -1834768.5901680589 -0.038023434361648976 
6269.592476489028 -642976.8611413027 0.012452005061555318 
9404.38871473354 -720251.9786539832 0.003135082264887257 
12539.184952978056 -737353.3186711523 -0.004821522996776751 
15673.98119122257 -726820.375962019 -0.012631978343834843 
18808.777429467085 -688197.6327321059 -0.019954703677266844 
21943.5736677116 -622947.6154199513 -0.026505107793919423 
25078.369905956115 -533576.4977005736 -0.032029105542289875 
28213.16614420063 -423579.6783471321 -0.036314891003643365 
31347.962382445145 -297268.35572497157 -0.03919937433719088 
34482.75862068966 -159543.08729860172 -0.04057175072975329 
37617.55485893417 -15684.970749974807 -0.0403768998841411 
40752.35109717868 128804.10134611538 -0.038619556133231286 
43887.14733542319 268349.3522511617 -0.03536709781664463 
47021.943573667704 397501.5441779279 -0.030747728032802426 
50156.739811912215 511199.6055939223 -0.024943137801895436 
53291.53605015673 605036.0916498546 -0.018178282946718322 
56426.33228840124 675441.7216583674 -0.010712038666958953 
59561.12852664575 719763.4251834505 -0.0028299380927053553 
62695.92476489026 736292.592614977 0.005163461532971512 
65830.72100313478 724321.0537906374 0.012955893422063682 
68965.51724137929 684237.1097494812 0.020242603204647745 
72100.3134796238 617589.0338984053 0.02674173280181502 
75235.10971786831 527030.2620689392 0.03220545188901526 
78369.90595611282 416138.92319495126 0.03642597251544595 
81504.70219435733 289197.3182197108 0.03923981846270558 
84639.49843260185 151027.36822818316 0.04053419474760575 
87774.29467084636 6891.699875890343 0.040255362447681624 
90909.09090909087 -137624.72769398196 0.038414619066342935 
94043.88714733538 -276838.86913582095 0.03508748230270167 
97178.68338557989 -405286.98960679467 0.030406294486763744 
100313.4796238244 -518023.27558188303 0.02455110197272841 
103448.27586206891 -610794.4248968799 0.01774345661103473 
106583.07210031342 -680096.1063846204 0.010242799526641113 
109717.86833855794 -723219.8619478842 0.00234049023326713 
112852.66457680245 -738384.0809340614 -0.005652662938525116 
115987.46081504696 -724921.4861119473 -0.013423857739384058 
119122.25705329147 -683393.7922211537 -0.0206744669649416 
122257.05329153598 -615532.980546125 -0.027129890185659013 
125391.84952978049 -524045.0893500041 -0.03254424875006867 
128526.645768025 -412417.64176524646 -0.03670586340889585 
131661.44200626953 -284833.7461361822 -0.03944768428792557 
134796.23824451404 -146150.14980503044 -0.04066015947970431 
137931.03448275855 -1795.1440009196522 -0.040299400401686315 
141065.83072100306 142503.43789544425 -0.038386032908482914 
144200.62695924757 281089.89561309386 -0.03499751577635581 
147335.42319749208 408681.4528487954 -0.03026138278111591 
150470.2194357366 520496.18702734093 -0.024353810912958646 
153605.0156739811 612277.7676006579 -0.01750014983627193 
156739.81191222562 680383.1165075772 -0.009969733999381326 
159874.60815047013 722014.9835720169 -0.0020612642651225647 
163009.40438871464 735499.7500717136 0.005916518480597449 
166144.20062695915 720422.2900122247 0.013659987502618362 
169278.99686520366 677533.971126944 0.020877418598016638 
172413.79310344817 608545.224086945 0.027292094734972617 
175548.58934169268 515997.7708059228 0.03265018173822067 
178683.3855799372 403291.6540696818 0.03673628834195778 
181818.1818181817 274739.9668590487 0.039390330768595126 
184952.97805642622 135453.36658901925 0.04051607472336464 
188087.77429467073 -9000.94585628511 0.04007828401898035 
191222.57053291524 -153007.46017230183 0.038095238724312676 
194357.36677115975 -291158.60692997277 0.03463623602445539 
197492.16300940426 -418301.7348466809 0.029826342254979238 
200626.95924764877 -529539.9685093028 0.02385065055896804 
203761.75548589329 -620396.6103674835 0.016948267557573112 
206896.5517241378 -687169.6541176361 0.009394752385733117 
210031.3479623823 -727277.2963016027 0.0014821855548460394 
213166.14420062682 -739366.6384229453 -0.0064925321063525115 
216300.94043887133 -723164.9955189122 -0.014229947311607417 
219435.73667711584 -679285.8173703989 -0.021430255535257233 
222570.53291536035 -609214.1745278465 -0.027805317248353265 
225705.32915360486 -515470.1022132981 -0.033099919718788985 
228840.12539184937 -401716.1644487408 -0.037111041698051926 
231974.9216300939 -272586.5965826309 -0.039694361667891385 
235109.7178683384 -133267.65124380807 -0.040758814836299465 
238244.5141065829 10906.254137041982 -0.04026079671430736 
241379.31034482742 154607.6420765079 -0.0382082010420929 
244514.10658307193 292462.191820323 -0.03467203253051183 
247648.90282131644 419057.316523485 -0.0297928016869295 
250783.69905956095 529226.53519195 -0.023771647890402904 
253918.49529780546 618527.8582667448 -0.016849773314067357 
257053.29153604998 683608.1660279644 -0.009290257775145931 
260188.0877742945 722231.8563951267 -0.0013724909889694568 
263322.884012539 733070.421295519 0.006605020852295373 
266457.6802507835 715570.3944415686 0.01432774405039728 
269592.476489028 670103.7316585353 0.021483109100575336 
272727.27272727253 598268.2511685393 0.027786947887145093 
275862.06896551704 502998.2104878295 0.033002367181629716 
278996.86520376155 388292.8110216916 0.03694176564461161 
282131.66144200607 258729.56458651327 0.03945908481330626 
285266.4576802506 119127.03121506883 0.04044835567086425 
288401.2539184951 -25455.697031581283 0.039856437346854054 
291536.0501567396 -169569.31497087536 0.037700753847989495 
294670.8463949841 -307439.947447596 0.03407480533693731 
297805.6426332286 -433403.9061942313 0.02913420892214743 
300940.43887147313 -542476.9067276984 0.023074109891212086 
304075.23510971764 -630666.1490100075 0.01611616071139883 
307210.03134796215 -694882.0534907499 0.008511828090115903 
310344.82758620667 -732707.4530304566 0.0005501439723026634 
313479.6238244512 -742412.4733294056 -0.007448304485409341 
316614.4200626957 -723315.1729130117 -0.015156336831147785 
319749.2163009402 -676175.3456113536 -0.022270197616755548 
322884.0125391847 -603209.6502634754 -0.028525570792410596 
326018.8087774292 -507651.192781201 -0.03369496676582359 
329153.60501567373 -393210.3985530483 -0.03758087528923951 
332288.40125391824 -263875.2433424188 -0.04002242214701365 
335423.19749216276 -124123.79501604749 -0.04091694394640054 
338557.99373040727 20817.592013966383 -0.0402389446682351 
341692.7899686518 165094.6793561788 -0.03803787048916815 
344827.5862068963 302762.45556806825 -0.03441522746395021 
347962.3824451408 428352.53339647065 -0.02950154562275174 
351097.1786833853 537072.3552937161 -0.02345353807928277 
354231.9749216298 624655.026912596 -0.016470869770802067 
357366.77115987433 687279.5111322043 -0.008811285467202544 
360501.56739811884 721922.2554593033 -0.000783655472246539 
363636.36363636336 727019.5397052466 0.007280076070996112 
366771.15987460787 702911.2316169675 0.015053360584341872 
369905.9561128524 651645.7843683029 0.022225863092178805 
373040.7523510969 576271.1048330254 0.028500451784079367 
376175.5485893414 480175.0506214671 0.03359755611994642 
379310.3448275859 366926.9347854372 0.03728142502102648 
382445.1410658304 240525.90823616605 0.03939802597950649 
385579.93730407493 105551.30328984957 0.03989734311284514 
388714.73354231945 -33139.35163320066 0.038822597817402674 
391849.52978056396 -170973.67207325363 0.03627688700553147 
394984.32601880847 -303950.23011362355 0.032395914761090404 
398119.122257053 -428350.4510336155 0.02734531619843935 
401253.9184952975 -540179.9654647396 0.021333118706414494 
404388.714733542 -634970.1377317123 0.014611332283086677 
407523.5109717865 -708259.0808286078 0.0074528755332472045 
410658.307210031 -756418.0772202817 0.00011804792078636906 
413793.10344827553 -777160.9910620169 -0.007161539830769224 
416927.89968652005 -769414.3106193754 -0.014169771433634867 
420062.69592476456 -732883.6732993745 -0.020681652017848082 
423197.49216300907 -667939.9299768166 -0.026458155092991844 
426332.2884012536 -576057.1879455588 -0.03127167792866861 
429467.0846394981 -460374.8824498683 -0.03494216529261319 
432601.8808777426 -325730.73838863627 -0.03735284173420169 
435736.6771159871 -177980.5916053506 -0.03843555327318414 
438871.4733542316 -23110.541917365525 -0.03814722708537708 
442006.26959247614 133165.62145557834 -0.036467716642820586 
445141.06583072065 285155.59457885457 -0.033425562780653645 
448275.86206896516 426815.1135099433 -0.02912653484820593 
451410.65830720967 551920.9589158518 -0.02375382326500513 
454545.4545454542 654879.7458938666 -0.01753561038894229 
457680.2507836987 731564.2396744483 -0.010707930087014168 
460815.0470219432 779492.4859182152 -0.003504372983525534 
463949.8432601877 797307.0841507909 0.0038251399460088906 
467084.6394984322 784209.9011071682 0.010996218960055582 
470219.43573667674 740023.9205702641 0.017702904776525856 
473354.23197492125 665856.8241747033 0.02366000815241418 
476489.02821316576 564654.2943789196 0.028641778638102876 
479623.82445141027 440984.6430419716 0.032486213700798745 
482758.6206896548 300151.9222100612 0.035068927377907885 
485893.4169278993 147408.75588147622 0.036281385346616624 
489028.2131661438 -12082.26286314059 0.036042709712403656 
492163.0094043883 -172695.62342536438 0.03433734396117471 
495297.8056426328 -328004.8002972922 0.03124114737289536 
498432.60188087734 -471265.64008388587 0.026907708899962145 
501567.39811912185 -596471.2647355078 0.021526015144477835 
504702.19435736636 -699108.3902230833 0.015289125633057113 
507836.99059561087 -776024.1757717757 0.008400812497644166 
510971.7868338554 -824715.8481655101 0.0011058321375474272 
514106.5830720999 -842939.8165242111 -0.006297185475683058 
517241.3793103444 -829177.5551641443 -0.013484662745017714 
520376.1755485889 -783554.005889677 -0.020159992908681524 
523510.9717868334 -708267.5684119838 -0.026084941021842813 
526645.768025078 -607038.4147362178 -0.03106746522315468 
529780.5642633225 -484062.85115164437 -0.03492780747937884 
532915.360501567 -343449.98506812856 -0.03748706104546724 
536050.1567398115 -189587.36480584773 -0.03859813245140112 
539184.952978056 -27876.78736022074 -0.03819293447828233 
542319.7492163006 135141.8546945082 -0.03630027087056132 
545454.5454545451 292638.98506541364 -0.033017425470246275 
548589.3416927896 438645.3563739702 -0.02846579201092156 
551724.1379310341 568477.986029934 -0.022777236644786727 
554858.9341692786 678131.6520816915 -0.01612519191990594 
557993.7304075231 763382.8549951942 -0.008766121933844276 
561128.5266457676 819649.0648039114 -0.0010435430018273862 
564263.3228840121 842861.8516777528 0.006657159695719719 
567398.1191222566 830564.6154083242 0.013966740902146566 
570532.9153605012 782239.7919257318 0.02055701796043636 
573667.7115987457 698731.8935805672 0.026126197701092015 
576802.5078369902 581647.8482601488 0.03038455661933291 
579937.3040752347 433679.51102882373 0.03308327602540344 
583072.1003134792 259783.11016756756 0.034082898412148566 
586206.8965517237 68090.1402618661 0.03340925867222418 
589341.6927899682 -130564.46538395461 0.031245270988774915 
592476.4890282127 -324484.21380971145 0.027858633392456526 
595611.2852664572 -503169.6585170312 0.023517846606003354 
598746.0815047018 -658402.9728360123 0.018450727478410856 
601880.8777429463 -784210.3000637854 0.012851891554037343 
605015.6739811908 -876548.5017256463 0.006900174964016973 
608150.4702194353 -933477.7247163412 0.0007509753918873011 
611285.2664576798 -955581.3307482529 -0.005485567287528756 
614420.0626959243 -945669.1068941602 -0.011736259994263207 
617554.8589341688 -907272.7239174086 -0.017903702518365303 
620689.6551724133 -842730.5209728676 -0.023788524909001626 
623824.4514106578 -752406.1450318404 -0.029065426121008323 
626959.2476489024 -635873.8800259508 -0.03335073077074873 
630094.0438871469 -494271.6003439346 -0.036324325291319404 
633228.8401253914 -331997.8216273547 -0.03782184259775354 
636363.6363636359 -156508.47288796114 -0.03783949921465177 
639498.4326018804 23401.845519784467 -0.036468674315790144 
642633.2288401249 199326.86642503118 -0.033828802945868805 
645768.0250783694 363856.7141184118 -0.030049785937023597 
648902.8213166139 510284.18381934107 -0.025293564456706122 
652037.6175548584 632477.4581281563 -0.01976558094878136 
655172.413793103 725512.724228241 -0.013688705859477063 
658307.2100313475 786499.752771441 -0.007265504257242488 
661442.006269592 814564.9143602985 -0.0006763041905165147 
664576.8025078365 809770.9071052144 0.00587671081408245 
667711.598746081 771984.4066956422 0.012125526972141636 
670846.3949843255 700947.5638147945 0.017749705283068185 
673981.19122257 597669.6418812063 0.022452105358581144 
677115.9874608145 465845.6723565449 0.026037192730935334 
680250.783699059 311830.1035421634 0.028423941890827947 
683385.5799373036 143027.56530265557 0.029586469392241254 
686520.3761755481 -33896.80245848762 0.02948612532046726 
689655.1724137926 -213424.31110990688 0.028066147953426237 
692789.9686520371 -390066.72756303666 0.025314795559388377 
695924.7648902816 -557155.2538780445 0.02133103900368887 
699059.5611285261 -707055.6537468837 0.01632269437458128 
702194.3573667706 -832836.9050990351 0.01053543151608621 
705329.1536050151 -929882.0024335926 0.004181724004210817 
708463.9498432596 -995955.3809819755 -0.0025622739270685477 
711598.7460815042 -1029822.3660562844 -0.009496295326034045 
714733.5423197487 -1030008.9143294229 -0.01634466568614978 
717868.3385579932 -995121.1032276297 -0.022778995133058734 
721003.1347962377 -925467.2926435038 -0.028502762668458168 
724137.9310344822 -824288.7331633839 -0.03331973749380202 
727272.7272727267 -697230.9019295907 -0.03712307974601335 
730407.5235109712 -550467.5373926179 -0.039823488864902605 
733542.3197492157 -389272.49674875004 -0.04129813725619747 
736677.1159874602 -218356.4466328419 -0.041420201309268274 
739811.9122257048 -43417.916374711654 -0.040143212279856025 
742946.7084639493 127953.8801788231 -0.03755433742685613 
746081.5047021938 287250.9146854149 -0.033839913157374335 
749216.3009404383 427171.2494354774 -0.029195919434465492 
752351.0971786828 542944.2590269293 -0.023772599091926895 
755485.8934169273 631696.9385681833 -0.01770615108096557 
758620.6896551718 690717.6649968768 -0.011198141420728405 
761755.4858934163 716610.782528655 -0.004551266996942056 
764890.2821316608 706386.0289666655 0.0018862675955914135 
768025.0783699054 659460.6388927099 0.007820686603459102 
771159.8746081499 578527.4770816378 0.013062763699958211 
774294.6708463944 468353.38692509173 0.017484831606168216 
777429.4670846389 333681.4594992565 0.020938013202523857 
780564.2633228834 178317.15180918828 0.023224495677061256 
783699.0595611279 6215.067762746401 0.024161740849186868 
786833.8557993724 -176747.561975753 0.023677845908664202 
789968.6520376169 -362393.4740786478 0.021842040971966094 
793103.4482758614 -541928.4289303769 0.01879935903396551 
796238.244514106 -708207.0756921499 0.014676753616484033 
799373.0407523505 -856479.3546670286 0.009556641537832873 
802507.836990595 -983080.4798637643 0.0035421837657077133 
805642.6332288395 -1083662.7138261725 -0.0031591563998375617 
808777.429467084 -1153036.893257117 -0.010228665267109104 
811912.2257053285 -1186987.2379685887 -0.01732269210043731 
815047.021943573 -1184313.9671325234 -0.02417209431544527 
818181.8181818175 -1147056.2125168697 -0.030600736387600642 
821316.614420062 -1078687.7002693403 -0.03645320961344152 
824451.4106583066 -982149.1806161724 -0.041516810142930974 
827586.2068965511 -859714.8574149249 -0.045528854274135624 
830721.0031347956 -714731.9247053111 -0.04827060395109959 
833855.7993730401 -553263.2467887574 -0.04965695512626824 
836990.5956112846 -383712.2906427477 -0.0497332831779401 
840125.3918495291 -214580.82762531325 -0.048585801901728905 
843260.1880877736 -52445.324558124834 -0.04626054175424756 
846394.9843260181 97992.55564317548 -0.04277554176516858 
849529.7805642626 232092.6295447641 -0.03821160454010937 
852664.5768025072 343852.409670281 -0.032782659553446926 
855799.3730407517 426608.70631047344 -0.02680597034052167 
858934.1692789962 475353.21993936924 -0.020595535228103853 
862068.9655172407 488422.2212022536 -0.014381371367972193 
865203.7617554852 466926.32241596025 -0.008329706990729118 
868338.5579937297 412601.32110980555 -0.002633097201667425 
871473.3542319742 326365.4352877183 0.002433965841465404 
874608.1504702187 209080.13566807506 0.0065621699344068285 
877742.9467084632 63653.80351545595 0.009517297807702708 
880877.7429467078 -103829.70739665424 0.01120617024949566 
884012.5391849523 -285301.16471768485 0.011636482039408433 
887147.3354231968 -473169.23643723346 0.010817896352986581 
890282.1316614413 -661709.3499981579 0.008711464910193596 
893416.9278996858 -846179.1709429151 0.005281825606939357 
896551.7241379303 -1020855.9903241416 0.0005969376605351878 
899686.5203761748 -1178320.5285686762 -0.005131573817438915 
902821.3166144193 -1310993.5835613944 -0.011613886816144314 
905956.1128526638 -1413552.0463696544 -0.01859050003616425 
909090.9090909084 -1483906.239571574 -0.02587763132178749 
912225.7053291529 -1521898.887595307 -0.033310984225883716 
915360.5015673974 -1527232.162365416 -0.04065680305666111 
918495.2978056419 -1498882.7932915343 -0.04759357426237206 
921630.0940438864 -1436644.3795734835 -0.053793341649479395 
924764.8902821309 -1343152.177963961 -0.05902683425301369 
927899.6865203754 -1224198.1300277626 -0.06319144347958007 
931034.4827586199 -1086899.3497896474 -0.06624150508594538 
934169.2789968645 -937489.6040835966 -0.06810144688973863 
937304.075235109 -780846.0854428236 -0.06865806911270608 
940438.8714733535 -621998.1191089674 -0.06784272254893514 
943573.667711598 -467764.6199120071 -0.06571793522686578 
946708.4639498425 -326538.05364124605 -0.0624771785567096 
949843.260188087 -206193.08546107623 -0.05835639900631535 
952978.0564263315 -112072.21096525581 -0.05354651815261363 
956112.852664576 -46916.80521845003 -0.04819235900083576 
959247.6489028205 -12578.954302712053 -0.04247037135592446 
962382.445141065 -11521.376225503336 -0.036653844381033876 
965517.2413793096 -46404.86670633397 -0.03108779324092258 
968652.0376175541 -118140.521582498 -0.026091052054800733 
971786.8338557986 -224440.32500504504 -0.02187912180485778 
974921.6300940431 -360398.29563161155 -0.01857841973133332 
978056.4263322876 -520530.835713673 -0.016306219678425583 
981191.2225705321 -700232.2540299315 -0.015223115066399028 
984326.0188087766 -895296.4163125488 -0.01549671840242694 
987460.8150470211 -1100249.9802210992 -0.01721132684079194 
990595.6112852657 -1307508.62100301 -0.020316175869215115 
993730.4075235102 -1508447.055106274 -0.024666093317892105 
996865.2037617547 -1696299.617310944 -0.03007308098921787 
999999.9999999992 -1858675.796572672 -0.036747544732383654 
