#x u 
0.0 -372425.57776748855 -0.02628084011368359 
3134.796238244514 -456924.2703273439 -0.020437839492802777 
6269.592476489028 -620918.8275838471 -0.018258336082387503 
9404.38871473354 -758056.7432823128 -0.015242341642045671 
12539.184952978056 -865955.2515111675 -0.011640346965201727 
15673.98119122257 -940294.3676959405 -0.007584877633485615 
18808.777429467085 -978206.0221161197 -0.00323306206990194 
21943.5736677116 -978298.6328476481 0.0012434020240155788 
25078.369905956115 -940634.4986479267 0.005668390112160938 
28213.16614420063 -866658.0954393533 0.009871337853837855 
31347.962382445145 -759152.8829148896 0.013693256312604023 
34482.75862068966 -622214.8729219285 0.01698915781555535 
37617.55485893417 -461158.5723250033 0.019630713628280803 
40752.35109717868 -282291.3189064579 0.021512140157434495 
43887.14733542319 -92585.97940892143 0.022558112345511888 
47021.943573667704 100647.62153062993 0.02272937772877678 
50156.739811912215 290017.9042107114 0.022023015263244072 
53291.53605015673 468252.4340466673 0.02046865519126959 
56426.33228840124 628426.07151842 0.018124900408031303 
59561.12852664575 764263.3202667551 0.015078644126402474 
62695.92476489026 870466.7983300767 0.011445642502226627 
65830.72100313478 942968.9033250703 0.007368184265838236 
68965.51724137929 979047.7535651302 0.00300769289518522 
72100.3134796238 977346.4533138607 -0.0014654572044010003 
75235.10971786831 937885.3615460122 -0.005880371858691252 
78369.90595611282 862109.1193263894 -0.010070053882379106 
81504.70219435733 752916.293109275 -0.013873941384950393 
84639.49843260185 614580.5750997644 -0.01714259085539301 
87774.29467084636 452531.6313743584 -0.019745926256671795 
90909.09090909087 273060.78062523354 -0.021582135759670436 
94043.88714733538 83051.58220651688 -0.022582806398329942 
97178.68338557989 -110226.82378110722 -0.0227128410084586 
100313.4796238244 -299318.2676451278 -0.021968031699522744 
103448.27586206891 -476849.10405733413 -0.020374361927928568 
106583.07210031342 -635878.0385662594 -0.017989966861245904 
109717.86833855794 -770244.640592752 -0.014906556588799694 
112852.66457680245 -874818.8602445218 -0.011246387346372025 
115987.46081504696 -945630.0762193087 -0.0071543558959787645 
119122.25705329147 -979943.6217715401 -0.0027888660487310497 
122257.05329153598 -976362.7968539596 0.001684468117811172 
125391.84952978049 -934956.2997278956 0.006095861088070548 
128526.645768025 -857328.9156685675 0.010274559529570244 
131661.44200626953 -746555.62789731 0.014055620972825898 
134796.23824451404 -606985.7803153775 0.017289818325261937 
137931.03448275855 -444005.7829135487 0.01985257812148121 
141065.83072100306 -263842.17521002167 0.02164827725326246 
144200.62695924757 -73400.67032885562 0.022610281753006493 
147335.42319749208 119936.55555246661 0.02270057464038034 
150470.2194357366 308615.10666017025 0.02191208663678576 
153605.0156739811 485282.5850703755 0.020272732314851376 
156739.81191222562 643131.9743318903 0.01784703812098227 
159874.60815047013 776138.8350557982 0.01473245391218213 
163009.40438871464 879210.563604455 0.01105174766987998 
166144.20062695915 948329.9748541979 0.006945812710553008 
169278.99686520366 980743.7158315392 0.0025697351617037165 
172413.79310344817 975153.401830868 -0.001909322407769427 
175548.58934169268 931813.0483206671 -0.006316420546115394 
178683.3855799372 852479.4150405778 -0.010477433682816147 
181818.1818181817 740259.1157261264 -0.014229677769011923 
184952.97805642622 599447.74425571 -0.017430068748516235 
188087.77429467073 435410.0360706806 -0.019958534614816184 
191222.57053291524 254457.0007549405 -0.021718781327804575 
194357.36677115975 63635.84508856479 -0.02264045941136459 
197492.16300940426 -129594.81891675264 -0.022684280609320966 
200626.95924764877 -317736.7663698094 -0.02184735856202929 
203761.75548589329 -493568.511632771 -0.02016453035344281 
206896.5517241378 -650365.2235059489 -0.01770428937558879 
210031.3479623823 -782073.6274706748 -0.014562233755269044 
213166.14420062682 -883519.2256963565 -0.010856138377759953 
216300.94043887133 -950655.3746799006 -0.006723645664599003 
219435.73667711584 -980774.3366522142 -0.002319444209241288 
222570.53291536035 -972585.7528372053 0.0021919155742967677 
225705.32915360486 -926148.7665705231 0.00664778315069297 
228840.12539184937 -842744.6642705518 0.010899430569335896 
231974.9216300939 -724804.5741157443 0.014818846762322518 
235109.7178683384 -575945.0893207896 0.018297745558209608 
238244.5141065829 -401082.6328126087 0.021240100319281332 
241379.31034482742 -206565.99913260466 0.02355106729535087 
244514.10658307193 -277.3503789696442 0.025124770289206427 
247648.90282131644 208367.76716340828 0.025834422647661837 
250783.69905956095 408675.5049511932 0.025532233006902928 
253918.49529780546 589405.6375429743 0.024069714861683265 
257053.29153604998 740102.9877175894 0.02134453424463517 
260188.0877742945 852823.574203105 0.017365057407473017 
263322.884012539 923643.4160139003 0.012305106405188785 
266457.6802507835 953160.5715552592 0.006513294305429507 
269592.476489028 945503.814562499 0.00045516437404159184 
272727.27272727253 906098.5224307316 -0.005399900638450553 
275862.06896551704 839216.9996955112 -0.010699500399139358 
278996.86520376155 746626.1965162433 -0.015276256968108259 
282131.66144200607 628141.177199105 -0.019125785563827557 
285266.4576802506 483798.7153418319 -0.022307559269453547 
288401.2539184951 316334.30682406883 -0.02482900338361339 
291536.0501567396 132387.73651625734 -0.026585099061429945 
294670.8463949841 -58365.14085978926 -0.027390472273340127 
297805.6426332286 -245608.22767950344 -0.027079230599301292 
300940.43887147313 -420762.8434326246 -0.025602079080350174 
304075.23510971764 -577896.5599005949 -0.02305467930593634 
307210.03134796215 -712865.2529085623 -0.019624108297759874 
310344.82758620667 -821732.167796788 -0.015501812160916017 
313479.6238244512 -899976.2992472599 -0.0108329387297218 
316614.4200626957 -943215.1352756453 -0.005735839967001504 
319749.2163009402 -948792.7463710222 -0.0003625214986556972 
322884.0125391847 -916819.0785713852 0.005064304359089617 
326018.8087774292 -849771.2205420213 0.010277913005402244 
329153.60501567373 -751103.0809794571 0.015037220267047284 
332288.40125391824 -624210.4387648923 0.019177422660920738 
335423.19749216276 -472697.72366375057 0.022598122553288663 
338557.99373040727 -301556.60586393514 0.02520679765963383 
341692.7899686518 -117892.02599277801 0.026880251360301775 
344827.5862068963 69790.88775425099 0.027489468990676044 
347962.3824451408 253320.02649800584 0.026968977386881483 
351097.1786833853 426140.5041855623 0.025363756280775064 
354231.9749216298 583078.9938304845 0.02280507782232373 
357366.77115987433 719029.8662607768 0.019436035928524747 
360501.56739811884 828129.7408885114 0.015359126178891853 
363636.36363636336 904538.0741607128 0.010657669616012447 
366771.15987460787 944298.1207670505 0.0054675403354715255 
369905.9561128524 946560.0453888476 2.0962396233394423e-05 
373040.7523510969 912976.2297389563 -0.005391694398167827 
376175.5485893414 845872.7693408654 -0.010514028603875843 
379310.3448275859 747055.409138054 -0.0151841322647132 
382445.1410658304 618482.2435314171 -0.01930681608645804 
385579.93730407493 464088.1515275597 -0.02277019163723095 
388714.73354231945 290754.2902707413 -0.025398583946033528 
391849.52978056396 107172.79698986575 -0.02699916717935634 
394984.32601880847 -78528.45096767717 -0.027462889618167598 
398119.122257053 -260220.31558007342 -0.026820036943944366 
401253.9184952975 -432992.2882354516 -0.025192438462587487 
404388.714733542 -591163.8870834325 -0.02268889885335166 
407523.5109717865 -727406.898481555 -0.01935068733632065 
410658.307210031 -834214.0651511585 -0.015204273540161337 
413793.10344827553 -906504.4799228304 -0.010366422306896411 
416927.89968652005 -942871.483339394 -0.0050878730578375895 
420062.69592476456 -944264.6963986756 0.00031926228099765153 
423197.49216300907 -911507.6942905891 0.0056056695862195995 
426332.2884012536 -844285.6741948815 0.010639416691111285 
429467.0846394981 -742734.1586086345 0.015338790652160716 
432601.8808777426 -610000.45182366 0.019557806025506125 
435736.6771159871 -453005.2063134636 0.023051362914164757 
438871.4733542316 -280379.108230447 0.025567035461639506 
442006.26959247614 -99454.09982431517 0.026977450408825702 
445141.06583072065 84778.94203679211 0.02731999407367064 
448275.86206896516 267835.79535565793 0.026702434868969494 
451410.65830720967 443144.9822408682 0.02517190844941148 
454545.4545454542 601695.4417443885 0.0226852968695816 
457680.2507836987 734653.9122418354 0.019214898312471047 
460815.0470219432 836546.8817723847 0.014879694345478683 
463949.8432601877 905898.262449937 0.009960276412759813 
467084.6394984322 942769.2486358635 0.004772611633294647 
470219.43573667674 945864.8088345008 -0.0004766990024243936 
473354.23197492125 912366.0672274687 -0.005708388636372368 
476489.02821316576 840808.344944026 -0.010846663502208875 
479623.82445141027 734054.573876312 -0.015688435546309925 
482758.6206896548 599166.6979286748 -0.01991199583995194 
485893.4169278993 444111.6910224292 -0.023227926096765352 
489028.2131661438 274538.8411914338 -0.025523890631130586 
492163.0094043883 93841.00586844153 -0.026856158963431794 
495297.8056426328 -93707.41613023625 -0.027297578389858565 
498432.60188087734 -280233.42597889376 -0.026802636630885925 
501567.39811912185 -455136.19929521147 -0.02523518087700054 
504702.19435736636 -609007.1307493632 -0.022534578322735234 
507836.99059561087 -736811.5237965514 -0.018847225095627904 
510971.7868338554 -837207.411628555 -0.014480737203627348 
514106.5830720999 -908857.5754208906 -0.009720627638829882 
517241.3793103444 -947761.8190504984 -0.004694612857264293 
520376.1755485889 -948617.7515799709 0.000577041359983806 
523510.9717868334 -908980.4323927087 0.0060010336275028945 
526645.768025078 -831942.6366441816 0.011296111406997822 
529780.5642633225 -724460.8900397922 0.01607519571637205 
532915.360501567 -592936.0213043655 0.02005059614508876 
536050.1567398115 -440549.89420884114 0.023155868235143356 
539184.952978056 -269060.06561214314 0.02546047984963904 
542319.7492163006 -83055.41888063471 0.02696894094555737 
545454.5454545451 108012.31301410063 0.027519374777730917 
548589.3416927896 292486.82107839367 0.026894873276330986 
551724.1379310341 461428.37031768035 0.025036797888141123 
554858.9341692786 610924.7903299347 0.022137131611982556 
557993.7304075231 739566.7854162457 0.018508394483909296 
561128.5266457676 843915.106165834 0.014361285848680407 
564263.3228840121 916948.5077051355 0.009719298336971197 
567398.1191222566 951398.6722745297 0.004558229212151762 
570532.9153605012 944702.3302572486 -0.0009787731517006803 
573667.7115987457 900469.3951658771 -0.006523992351676368 
576802.5078369902 824892.3904301972 -0.011657548524912483 
579937.3040752347 721788.464222957 -0.016139921343161615 
583072.1003134792 591433.2982678803 -0.01996789716132704 
586206.8965517237 434384.82430427225 -0.02319893415117675 
589341.6927899682 256188.5925725167 -0.025732268034258862 
592476.4890282127 67798.49411394002 -0.027283693964187207 
595611.2852664572 -119055.9963765402 -0.02758949557715777 
598746.0815047018 -297017.27865616593 -0.02663179972295116 
601880.8777429463 -463605.3982974282 -0.02464940931811148 
605015.6739811908 -616743.1218577755 -0.02191905240484243 
608150.4702194353 -750219.0120894726 -0.018533036474238023 
611285.2664576798 -854148.2639712872 -0.014405792626141915 
614420.0626959243 -920269.7070612186 -0.009502466719838388 
617554.8589341688 -946760.6445646405 -0.004046326688274671 
620689.6551724133 -937619.8728458975 0.0015213825624650395 
623824.4514106578 -897276.6634967019 0.006798529013095097 
626959.2476489024 -826092.4856342989 0.011635990265208493 
630094.0438871469 -721522.8249282775 0.0160895290012677 
633228.8401253914 -583746.7617944145 0.02016409285945304 
636363.6363636359 -419771.28434997675 0.023625149337398003 
639498.4326018804 -241478.36648764327 0.02608482485295133 
642633.2288401249 -59370.658669368364 0.02728252994396692 
645768.0250783694 121682.28885734154 0.027271472629595044 
648902.8213166139 300430.031874408 0.026315769774964533 
652037.6175548584 473265.8605815266 0.024604183978926778 
655172.413793103 630829.7390936232 0.02208058585184791 
658307.2100313475 761103.6513180146 0.018571043935260163 
661442.006269592 856092.4620009187 0.014075073973506682 
664576.8025078365 915314.0013340128 0.008911466009864748 
667711.598746081 942547.0984220424 0.0035568473831712826 
670846.3949843255 939312.5571186683 -0.0016634086925232873 
673981.19122257 902023.5873914091 -0.006714568670656822 
677115.9874608145 825925.2130996488 -0.011680332121027232 
680250.783699059 711768.7557249577 -0.016465296052301497 
683385.5799373036 568165.6753578854 -0.020694030157628617 
686520.3761755481 406965.4688750993 -0.023924944559147388 
689655.1724137926 236262.43261141444 -0.02596408883369699 
692789.9686520371 58133.17519715928 -0.02695246098387126 
695924.7648902816 -126746.52497690875 -0.027132762601533005 
699059.5611285261 -312707.2031361897 -0.02653841442641238 
702194.3573667706 -487919.8429302903 -0.024934787722754807 
705329.1536050151 -639951.7551464888 -0.022083287805952305 
708463.9498432596 -762375.3075675393 -0.018060194355883116 
711598.7460815042 -855551.3355591912 -0.013298729711662472 
714733.5423197487 -920842.1586975566 -0.00830463765157778 
717868.3385579932 -954580.5112743338 -0.003330760800570522 
721003.1347962377 -948595.8317033178 0.001665578865383353 
724137.9310344822 -897295.6011316904 0.006757697702045923 
727272.7272727267 -804249.8384342579 0.01177464721446966 
730407.5235109712 -681387.1600812287 0.01631889739762885 
733542.3197492157 -541287.0172690051 0.020060922704365575 
736677.1159874602 -390061.61727404397 0.02299061548684014 
739811.9122257048 -227652.23952169865 0.02534161024569597 
742946.7084639493 -54666.44439097526 0.0272496288901398 
746081.5047021938 121834.43196110411 0.028497686290806214 
749216.3009404383 289903.1901695319 0.028626112870868956 
752351.0971786828 440009.17212482484 0.02731329268351099 
755485.8934169273 570253.9177970731 0.024649701232884687 
758620.6896551718 683799.899560377 0.02103302374607661 
761755.4858934163 781084.6953634743 0.01680133441953804 
764890.2821316608 855087.6121358804 0.011989862643475523 
768025.0783699054 894918.4460532293 0.006462412147206147 
771159.8746081499 894328.6347775272 0.00026994074836386934 
774294.6708463944 856487.5169425439 -0.006155507757959313 
777429.4670846389 790136.3135559747 -0.012193964414076212 
780564.2633228834 701184.6968596352 -0.017432208015381825 
783699.0595611279 588578.0308228426 -0.02185697941692145 
786833.8557993724 448769.4771201331 -0.025649693569639018 
789968.6520376169 284023.23372274835 -0.02880258230252255 
793103.4482758614 105621.22048144425 -0.030966086561909422 
796238.244514106 -71709.62689148125 -0.03169657739995464 
799373.0407523505 -238622.42729912582 -0.030851214567591344 
802507.836990595 -394212.2604377398 -0.0287168832293596 
805642.6332288395 -540285.7760418302 -0.025734653918526806 
808777.429467084 -673056.1181565517 -0.0221051682379265 
811912.2257053285 -781256.3265100196 -0.01768766102918343 
815047.021943573 -852962.4126954834 -0.012298176400207559 
818181.8181818175 -884210.6596205025 -0.006090539495047723 
821316.614420062 -880481.1021616019 0.00038861942097896294 
824451.4106583066 -849509.0718707724 0.006540792260962037 
827586.2068965511 -792979.4812224988 0.012105741389293705 
830721.0031347956 -705869.8661118505 0.017198689876207034 
833855.7993730401 -584173.4812723253 0.021960759229345105 
836990.5956112846 -432840.5497976931 0.026196605536930092 
840125.3918495291 -265410.3588811074 0.029390062820019727 
843260.1880877736 -95449.51196275627 0.031092555235557495 
846394.9843260181 71467.62373224203 0.03128399414745252 
849529.7805642626 237005.59731547526 0.030329143673853236 
852664.5768025072 401504.8986828741 0.028573958423439353 
855799.3730407517 556836.0663721935 0.02600525752389137 
858934.1692789962 688493.2941902091 0.02233279066846533 
862068.9655172407 785059.9387078887 0.01740862725623849 
865203.7617554852 845350.6107748714 0.011540017602829779 
868338.5579937297 875855.957269206 0.005358285029753168 
871473.3542319742 881240.8402417697 -0.0006296243017630665 
874608.1504702187 857963.7722201534 -0.006344946892775227 
877742.9467084632 797841.4054177399 -0.011983037048815806 
880877.7429467078 697897.525870586 -0.0175688623761824 
884012.5391849523 566111.817033226 -0.022697803501266284 
887147.3354231968 416859.6186424123 -0.026746187439397558 
890282.1316614413 260610.7032936304 -0.029342108756687288 
893416.9278996858 98520.38699645952 -0.03060918420902754 
896551.7241379303 -72548.90178699761 -0.030929547329441892 
899686.5203761748 -250020.9936446674 -0.030475951717323417 
902821.3166144193 -421390.80650291726 -0.029007310400775924 
905956.1128526638 -570571.8895527 -0.026146809841676735 
909090.9090909084 -688467.6058375537 -0.0218525263446313 
912225.7053291529 -776893.0774378572 -0.016582696109611793 
915360.5015673974 -841867.4894149149 -0.01097374709657669 
918495.2978056419 -883447.2709850257 -0.005360333781350314 
921630.0940438864 -892948.9229496301 0.0003648031772897917 
924764.8902821309 -860664.330338028 0.0064084287126869 
927899.6865203754 -786074.1838500259 0.012617865795157541 
931034.4827586199 -679802.6751738498 0.018398221157737576 
934169.2789968645 -555123.8663625467 0.023105886676459457 
937304.075235109 -417788.83929396793 0.02651619916514296 
940438.8714733535 -264748.32633867586 0.028880485757131757 
943573.667711598 -93010.87604959356 0.03051571187598681 
946708.4639498425 90843.5438029601 0.03136144473580807 
949843.260188087 270775.49189556204 0.03097565833009268 
952978.0564263315 431251.35083151556 0.028980182535601112 
956112.852664576 566897.1466898137 0.025490302065731156 
959247.6489028205 681910.4316067975 0.021073814845058037 
962382.445141065 780007.3097971694 0.016275710151916492 
965517.2413793096 855652.8400484251 0.011201702442993093 
968652.0376175541 896028.1099518499 0.00559449866375256 
971786.8338557986 891896.8162552613 -0.0006808749801168663 
974921.6300940431 846080.1026650805 -0.007259758043444493 
978056.4263322876 770626.2594711287 -0.013416691185247662 
981191.2225705321 675564.8657397568 -0.01858759809361781 
984326.0188087766 560988.2770736292 -0.022736787119979725 
987460.8150470211 420740.5459106746 -0.026189072130498516 
990595.6112852657 253769.9127997462 -0.02910791858546931 
993730.4075235102 70962.74718891445 -0.031170897134807467 
996865.2037617547 -107007.6906122107 -0.03192994792592873 
999999.9999999992 -372425.61164113256 -0.02628084166637442 
