#x u 
0.0 1.8662159066106956e+22 855430942363959.9 
3134.796238244514 -4.670237430223189e+20 -21407306581449.402 
6269.592476489028 1.1493156108627272e+19 526820145831.6575 
9404.38871473354 -4.818116611757571e+17 -22085151128.588257 
12539.184952978056 -1.871153506975365e+17 -8576942261.141456 
15673.98119122257 -1.9946949585639027e+17 -9143228187.49909 
18808.777429467085 -2.042673253610659e+17 -9363149783.965117 
21943.5736677116 -2.0938192781882182e+17 -9597591532.377546 
25078.369905956115 -2.1461955154642525e+17 -9837672296.062563 
28213.16614420063 -2.1998831892740784e+17 -10083764386.602615 
31347.962382445145 -2.2549138435177142e+17 -10336012394.202652 
34482.75862068966 -2.3113211047779158e+17 -10594570455.425407 
37617.55485893417 -2.3691394084680086e+17 -10859596414.216965 
40752.35109717868 -2.428404052181268e+17 -11131252066.926897 
43887.14733542319 -2.48915121650076e+17 -11409703257.045755 
47021.943573667704 -2.551417987067719e+17 -11695119976.726706 
50156.739811912215 -2.615242377233517e+17 -11987676470.506931 
53291.53605015673 -2.6806633512604694e+17 -12287551341.710312 
56426.33228840124 -2.7477208481103725e+17 -12594927661.47792 
59561.12852664575 -2.816455805833594e+17 -12909993080.500748 
62695.92476489026 -2.886910186552446e+17 -13232939943.620071 
65830.72100313478 -2.959127002085352e+17 -13563965407.22188 
68965.51724137929 -3.033150340199927e+17 -13903271559.623499 
72100.3134796238 -3.109025391533407e+17 -14251065544.422916 
75235.10971786831 -3.186798477178843e+17 -14607559686.968811 
78369.90595611282 -3.266517076961031e+17 -14972971623.995888 
81504.70219435733 -3.34822985842528e+17 -15347524436.477758 
84639.49843260185 -3.4319867065512506e+17 -15731446785.80369 
87774.29467084636 -3.517838754201215e+17 -16124973053.402319 
90909.09090909087 -3.605838413339611e+17 -16528343483.814348 
94043.88714733538 -3.6960394070332314e+17 -16941804331.345364 
97178.68338557989 -3.788496802245976e+17 -17365608010.414696 
100313.4796238244 -3.883267043453339e+17 -17800013249.66803 
103448.27586206891 -3.980407987102569e+17 -18245285249.92322 
106583.07210031342 -4.079978936936452e+17 -18701695846.059937 
109717.86833855794 -4.182040680196913e+17 -19169523672.976475 
112852.66457680245 -4.2866555247340365e+17 -19649054335.699085 
115987.46081504696 -4.393887337046881e+17 -20140580583.730434 
119122.25705329147 -4.503801581272525e+17 -20644402489.775097 
122257.05329153598 -4.6164653591486854e+17 -21160827632.943756 
125391.84952978049 -4.731947450979272e+17 -21690171286.525486 
128526.645768025 -4.850318357626298e+17 -22232756610.4498 
131661.44200626953 -4.971650343550221e+17 -22788914848.57261 
134796.23824451404 -5.096017480926274e+17 -23358985530.9001 
137931.03448275855 -5.223495694864662e+17 -23943316680.870293 
141065.83072100306 -5.354162809761651e+17 -24542265027.821075 
144200.62695924757 -5.488098596810715e+17 -25156196224.770412 
147335.42319749208 -5.6253848227029414e+17 -25785485071.6412 
150470.2194357366 -5.766105299544934e+17 -26430515744.073547 
153605.0156739811 -5.910345936024727e+17 -27091682027.96374 
156739.81191222562 -6.058194789858441e+17 -27769387559.867096 
159874.60815047013 -6.209742121549533e+17 -28464046073.411026 
163009.40438871464 -6.365080449492381e+17 -29176081651.874878 
166144.20062695915 -6.524304606453217e+17 -29905928987.09271 
169278.99686520366 -6.687511797464198e+17 -30654033644.83162 
172413.79310344817 -6.854801659166545e+17 -31420852336.804962 
175548.58934169268 -7.026276320638104e+17 -32206853199.489655 
178683.3855799372 -7.20204046574247e+17 -33012516079.919155 
181818.1818181817 -7.382201397038017e+17 -33838332828.624092 
184952.97805642622 -7.566869101285257e+17 -34684807599.90289 
188087.77429467073 -7.756156316592063e+17 -35552457159.60744 
191222.57053291524 -7.950178601239082e+17 -36441811200.62546 
194357.36677115975 -8.149054404227831e+17 -37353412666.25046 
197492.16300940426 -8.352905137593009e+17 -38287818081.6431 
200626.95924764877 -8.561855250522931e+17 -39245597893.5882 
203761.75548589329 -8.776032305334331e+17 -40227336818.74959 
206896.5517241378 -8.995567055348709e+17 -41233634200.63173 
210031.3479623823 -9.220593524716911e+17 -42265104375.47071 
213166.14420062682 -9.451249090239686e+17 -43322377047.28185 
216300.94043887133 -9.687674565234254e+17 -44406097672.292496 
219435.73667711584 -9.930014285499237e+17 -45516927852.98983 
222570.53291536035 -1.0178416197430796e+18 -46655545742.022354 
225705.32915360486 -1.04330319483432e+18 -47822646456.20367 
228840.12539184937 -1.0694016979048479e+18 -49018942500.87495 
231974.9216300939 -1.096153061875147e+18 -50245164204.88468 
235109.7178683384 -1.123573618231871e+18 -51502060166.44983 
238244.5141065829 -1.1516801069980773e+18 -52790397710.16899 
241379.31034482742 -1.1804896869528786e+18 -54110963355.467384 
244514.10658307193 -1.2100199461067558e+18 -55464563296.7595 
247648.90282131644 -1.240288912438898e+18 -56852023895.62434 
250783.69905956095 -1.2713150649031327e+18 -58274192185.29191 
253918.49529780546 -1.3031173447091715e+18 -59731936387.7505 
257053.29153604998 -1.3357151668860564e+18 -61226146443.78923 
260188.0877742945 -1.3691284321348772e+18 -62757734556.2994 
263322.884012539 -1.4033775389779727e+18 -64327635747.16702 
266457.6802507835 -1.438483396212054e+18 -65936808428.09723 
269592.476489028 -1.4744674356728476e+18 -67586234985.715866 
272727.27272727253 -1.5113516253190853e+18 -69276922381.30737 
275862.06896551704 -1.549158482643776e+18 -71009902765.55579 
278996.86520376155 -1.5879110884209413e+18 -72786234108.66441 
282131.66144200607 -1.6276331007962074e+18 -74607000846.23897 
285266.4576802506 -1.668348769729905e+18 -76473314541.32748 
288401.2539184951 -1.7100829518014628e+18 -78386314563.01941 
291536.0501567396 -1.7528611253841728e+18 -80347168782.02116 
294670.8463949841 -1.796709406199519e+18 -82357074283.6307 
297805.6426332286 -1.84165456326061e+18 -84417258098.54851 
300940.43887147313 -1.887724035214441e+18 -86528977951.96988 
304075.23510971764 -1.9349459470929592e+18 -88693523031.41553 
307210.03134796215 -1.983349127483163e+18 -90912214773.76985 
310344.82758620667 -2.0329631261267223e+18 -93186407672.00783 
313479.6238244512 -2.0838182319598264e+18 -95517490102.10178 
316614.4200626957 -2.1359454916043356e+18 -97906885170.61351 
319749.2163009402 -2.189376728321499e+18 -100356051583.48842 
322884.0125391847 -2.2441445614397988e+18 -102866484536.58376 
326018.8087774292 -2.3002824262687867e+18 -105439716628.47237 
329153.60501567373 -2.357824594511057e+18 -108077318796.08224 
332288.40125391824 -2.416806195184831e+18 -110780901273.741 
335423.19749216276 -2.477263236069922e+18 -113552114576.2103 
338557.99373040727 -2.539232625690201e+18 -116392650506.3119 
341692.7899686518 -2.6027521958459494e+18 -119304243187.75873 
344827.5862068963 -2.667860724709855e+18 -122288670123.82281 
347962.3824451408 -2.734597960500784e+18 -125347753282.48721 
351097.1786833853 -2.803004645749712e+18 -128483360208.74225 
354231.9749216298 -2.873122542172716e+18 -131697405164.70605 
357366.77115987433 -2.9449944561661583e+18 -134991850298.26599 
360501.56739811884 -3.0186642649396367e+18 -138368706840.95282 
363636.36363636336 -3.0941769433026647e+18 -141830036335.78152 
366771.15987460787 -3.171578591121415e+18 -145377951895.8064 
369905.9561128524 -3.2509164614622956e+18 -149014619494.1592 
373040.7523510969 -3.332238989439553e+18 -152742259286.358 
376175.5485893414 -3.4155958217845253e+18 -156563146965.69315 
379310.3448275859 -3.5010378471545585e+18 -160479615152.51987 
382445.1410658304 -3.588617227200122e+18 -164494054818.30295 
385579.93730407493 -3.678387428409043e+18 -168608916745.28558 
388714.73354231945 -3.7704032547473705e+18 -172826713022.67245 
391849.52978056396 -3.8647208811167283e+18 -177150018580.23828 
394984.32601880847 -3.961397887648643e+18 -181581472760.30154 
398119.122257053 -4.0604932948567373e+18 -186123780929.02115 
401253.9184952975 -4.162067599668255e+18 -190779716127.99945 
404388.714733542 -4.2661828123569556e+18 -195552120767.20197 
407523.5109717865 -4.372902494399847e+18 -200443908360.2252 
410658.307210031 -4.4822917972809533e+18 -205458065302.97247 
413793.10344827553 -4.5944175022657567e+18 -210597652696.82364 
416927.89968652005 -4.709348061170615e+18 -215865808217.41254 
420062.69592476456 -4.827153638152024e+18 -221265748030.1521 
423197.49216300907 -4.947906152541258e+18 -226800768753.67664 
426332.2884012536 -5.071679322750527e+18 -232474249472.40067 
429467.0846394981 -5.198548711277453e+18 -238289653799.42126 
432601.8808777426 -5.32859177083537e+18 -244250531991.02545 
435736.6771159871 -5.461887891637529e+18 -250360523114.09238 
438871.4733542316 -5.598518449864211e+18 -256623357267.71332 
442006.26959247614 -5.738566857342188e+18 -263042857860.38724 
445141.06583072065 -5.882118612466955e+18 -269622943944.17953 
448275.86206896516 -6.029261352398815e+18 -276367632607.27124 
451410.65830720967 -6.1800849065646e+18 -283281041426.35754 
454545.4545454542 -6.334681351497826e+18 -290367390980.39404 
457680.2507836987 -6.493145067050647e+18 -297631007427.22675 
460815.0470219432 -6.655572794011967e+18 -305076325144.67456 
463949.8432601877 -6.822063693166919e+18 -312707889437.6813 
467084.6394984322 -6.992719405833677e+18 -320530359313.18567 
470219.43573667674 -7.167644115914648e+18 -328548510324.4075 
473354.23197492125 -7.346944613499894e+18 -336767237486.2821 
476489.02821316576 -7.530730360061582e+18 -345191558263.828 
479623.82445141027 -7.719113555279306e+18 -353826615635.26733 
482758.6206896548 -7.912209205537102e+18 -362677681231.7713 
485893.4169278993 -8.110135194133845e+18 -371750158555.7481 
489028.2131661438 -8.313012353250046e+18 -381049586279.63513 
492163.0094043883 -8.520964537714929e+18 -390581641627.2139 
495297.8056426328 -8.734118700618713e+18 -400352143839.5077 
498432.60188087734 -8.952604970816506e+18 -410367057727.37976 
501567.39811912185 -9.176556732370857e+18 -420632497313.00323 
504702.19435736636 -9.406110705981606e+18 -431154729562.4195 
507836.99059561087 -9.641407032452782e+18 -441940178211.4682 
510971.7868338554 -9.882589358247356e+18 -452995427687.42645 
514106.5830720999 -1.012980492318225e+19 -464327227128.74567 
517241.3793103444 -1.0383204650317015e+19 -475942494505.34644 
520376.1755485889 -1.0642943238091141e+19 -487848320841.9818 
523510.9717868334 -1.0909179254766166e+19 -500051974547.2486 
526645.768025078 -1.1182075235230274e+19 -512560905850.8915 
529780.5642633225 -1.14617977802245e+19 -525382751352.1066 
532915.360501567 -1.1748517658051125e+19 -538525338681.6219 
536050.1567398115 -1.2042409908826296e+19 -551996691280.3987 
539184.952978056 -1.2343653951340573e+19 -565805033297.8811 
542319.7492163006 -1.2652433692592615e+19 -579958794612.7677 
545454.5454545451 -1.2968937640062917e+19 -594466615979.384 
548589.3416927896 -1.329335901679606e+19 -609337354302.7925 
551724.1379310341 -1.3625895879361745e+19 -624580088045.8582 
554858.9341692786 -1.3966751238766705e+19 -640204122771.5751 
557993.7304075231 -1.4316133184391246e+19 -656218996824.036 
561128.5266457676 -1.4674255011026123e+19 -672634487151.514 
564263.3228840121 -1.5041335349087234e+19 -689460615275.2075 
567398.1191222566 -1.5417598298087678e+19 -706707653407.2975 
570532.9153605012 -1.5803273563448648e+19 -724386130722.0455 
573667.7115987457 -1.6198596596732725e+19 -742506839783.7694 
576802.5078369902 -1.660380873938502e+19 -761080843135.6145 
579937.3040752347 -1.7019157370070254e+19 -780119480053.1433 
583072.1003134792 -1.7444896055695307e+19 -799634373466.8729 
586206.8965517237 -1.788128470620977e+19 -819637437057.9742 
589341.6927899682 -1.832858973327876e+19 -840140882531.4795 
592476.4890282127 -1.878708421292508e+19 -861157227071.4224 
595611.2852664572 -1.9257048052239864e+19 -882699300982.4806 
598746.0815047018 -1.9738768160263565e+19 -904780255522.7677 
601880.8777429463 -2.023253862314154e+19 -927413570932.57 
605015.6739811908 -2.073866088366122e+19 -950613064663.9198 
608150.4702194353 -2.1257443925280395e+19 -974392899816.0361 
611285.2664576798 -2.178920446075907e+19 -998767593781.7764 
614420.0626959243 -2.233426712551002e+19 -1023752027110.3917 
617554.8589341688 -2.289296467578606e+19 -1049361452591.9735 
620689.6551724133 -2.3465638191824986e+19 -1075611504569.1628 
623824.4514106578 -2.405263728607617e+19 -1102518208481.7817 
626959.2476489024 -2.4654320316636045e+19 -1130097990650.227 
630094.0438871469 -2.527105460602286e+19 -1158367688303.6113 
633228.8401253914 -2.5903216665423962e+19 -1187344559858.7483 
636363.6363636359 -2.65511924245529e+19 -1217046295456.2805 
639498.4326018804 -2.7215377467256185e+19 -1247491027760.3552 
642633.2288401249 -2.789617727301407e+19 -1278697343028.4705 
645768.0250783694 -2.859400746448225e+19 -1310684292458.2288 
648902.8213166139 -2.9309294061226213e+19 -1343471403817.9363 
652037.6175548584 -3.00424737398026e+19 -1377078693368.1484 
655172.413793103 -3.079399410034675e+19 -1411526678081.4307 
658307.2100313475 -3.1564313939828756e+19 -1446836388167.7964 
661442.006269592 -3.235390353214524e+19 -1483029379913.4778 
664576.8025078365 -3.316324491521763e+19 -1520127748840.859 
667711.598746081 -3.3992832185272398e+19 -1558154143197.6128 
670846.3949843255 -3.4843171798482792e+19 -1597131777783.2717 
673981.19122257 -3.571478288015614e+19 -1637084448121.668 
677115.9874608145 -3.660819754165555e+19 -1678036544987.9058 
680250.783699059 -3.752396120524916e+19 -1720013069298.7195 
683385.5799373036 -3.846263293708636e+19 -1763039647375.333 
686520.3761755481 -3.942478578850279e+19 -1807142546588.1147 
689655.1724137926 -4.041100714586373e+19 -1852348691392.6016 
692789.9686520371 -4.1421899089158504e+19 -1898685679766.6484 
695924.7648902816 -4.245807875956522e+19 -1946181800058.765 
699059.5611285261 -4.352017873621042e+19 -1994866048257.9097 
702194.3573667706 -4.460884742235319e+19 -2044768145695.3127 
705329.1536050151 -4.572474944123038e+19 -2095918557189.1006 
708463.9498432596 -4.686856604180356e+19 -2148348509642.818 
711598.7460815042 -4.804099551465572e+19 -2202090011109.2007 
714733.5423197487 -4.924275361829196e+19 -2257175870330.813 
717868.3385579932 -5.0474574016103965e+19 -2313639716769.517 
721003.1347962377 -5.173720872426557e+19 -2371516021136.9785 
724137.9310344822 -5.303142857083258e+19 -2430840116438.7593 
727272.7272727267 -5.435802366632668e+19 -2491648219544.833 
730407.5235109712 -5.571780388609175e+19 -2553977453299.6704 
733542.3197492157 -5.71115993647157e+19 -2617865869185.4414 
736677.1159874602 -5.854026100282094e+19 -2683352470552.1064 
739811.9122257048 -6.0004660986531865e+19 -2750477236428.665 
742946.7084639493 -6.150569331993767e+19 -2819281145930.0093 
746081.5047021938 -6.3044274370874425e+19 -2889806203274.3354 
749216.3009404383 -6.4621343430359966e+19 -2962095463426.3877 
752351.0971786828 -6.623786328602328e+19 -3036193058382.1387 
755485.8934169273 -6.789482080987859e+19 -3112144224111.0244 
758620.6896551718 -6.959322756080217e+19 -3189995328172.109 
761755.4858934163 -7.133412040208103e+19 -3269793898021.1133 
764890.2821316608 -7.311856213440916e+19 -3351588650025.529 
768025.0783699054 -7.494764214471877e+19 -3435429519205.5605 
771159.8746081499 -7.682247707124189e+19 -3521367689719.036 
774294.6708463944 -7.874421148520864e+19 -3609455626108.917 
777429.4670846389 -8.071401858959909e+19 -3699747105332.475 
780564.2633228834 -8.273310093537349e+19 -3792297249591.673 
783699.0595611279 -8.480269115561946e+19 -3887162559984.811 
786833.8557993724 -8.692405271806471e+19 -3984400950999.9805 
789968.6520376169 -8.90984806964138e+19 -4084071785871.379 
793103.4482758614 -9.132730256097934e+19 -4186235912820.09 
796238.244514106 -9.361187898909242e+19 -4290955702201.4023 
799373.0407523505 -9.595360469578437e+19 -4398295084581.406 
802507.836990595 -9.835390928524839e+19 -4508319589766.062 
805642.6332288395 -1.008142581236018e+20 -4621096386806.601 
808777.429467084 -1.0333615323347988e+20 -4736694325005.717 
811912.2257053285 -1.0592113421100822e+20 -4855183975949.471 
815047.021943573 -1.085707791657132e+20 -4976637676590.656 
818181.8181818175 -1.112867056839448e+20 -5101129573409.887 
821316.614420062 -1.1407057181639937e+20 -5228735667681.45 
824451.4106583066 -1.1692407709034658e+20 -5359533861871.434 
827586.2068965511 -1.1984896354717717e+20 -5493604007196.586 
830721.0031347956 -1.2284701680590425e+20 -5631027952372.78 
833855.7993730401 -1.2592006715326846e+20 -5771889593582.968 
836990.5956112846 -1.2906999066111271e+20 -5916274925695.117 
840125.3918495291 -1.3229871033170946e+20 -6064272094761.35 
843260.1880877736 -1.3560819727173781e+20 -6215971451830.444 
846394.9843260181 -1.3900047189562735e+20 -6371465608106.356 
849529.7805642626 -1.424776051590052e+20 -6530849491486.626 
852664.5768025072 -1.4604171982299603e+20 -6694220404515.0205 
855799.3730407517 -1.4969499175015046e+20 -6861678083783.93 
858934.1692789962 -1.5343965123279127e+20 -7033324760822.78 
862068.9655172407 -1.572779843545892e+20 -7209265224509.523 
865203.7617554852 -1.612123343861985e+20 -7389606885043.419 
868338.5579937297 -1.6524510321580314e+20 -7574459839518.019 
871473.3542319742 -1.693787528154497e+20 -7763936939134.549 
874608.1504702187 -1.7361580674406033e+20 -7958153858096.571 
877742.9467084632 -1.7795885168804594e+20 -8157229164228.218 
880877.7429467078 -1.8241053904045684e+20 -8361284391358.863 
884012.5391849523 -1.869735865196367e+20 -8570444113518.539 
887147.3354231968 -1.916507798283663e+20 -8784836020989.284 
890282.1316614413 -1.9644497435451153e+20 -9004590998259.014 
893416.9278996858 -2.0135909691421367e+20 -9229843203925.426 
896551.7241379303 -2.0639614753868795e+20 -9460730152598.72 
899686.5203761748 -2.11559201305718e+20 -9697392798853.162 
902821.3166144193 -2.1685141021696596e+20 -9939975623278.748 
905956.1128526638 -2.2227600512224123e+20 -10188626720685.254 
909090.9090909084 -2.2783629769190782e+20 -10443497890512.945 
912225.7053291529 -2.3353568243863264e+20 -10704744729504.893 
915360.5015673974 -2.3937763878970704e+20 -10972526726697.52 
918495.2978056419 -2.4536573321121015e+20 -11247007360787.355 
921630.0940438864 -2.515036213853051e+20 -11528354199933.441 
924764.8902821309 -2.5779505044200312e+20 -11816739004056.203 
927899.6865203754 -2.642438612467552e+20 -12112337829695.535 
931034.4827586199 -2.708539907452683e+20 -12415331137491.852 
934169.2789968645 -2.776294743669802e+20 -12725903902355.848 
937304.075235109 -2.8457444848865408e+20 -13044245726394.11 
940438.8714733535 -2.9169315295960266e+20 -13370550954659.666 
943573.667711598 -2.989899336900814e+20 -13705018793797.99 
946708.4639498425 -3.0646924530442994e+20 -14047853433661.047 
949843.260188087 -3.1413565386058485e+20 -14399264171963.523 
952978.0564263315 -3.21993839637621e+20 -14759465542057.367 
956112.852664576 -3.3004859999302084e+20 -15128677443902.6 
959247.6489028205 -3.383048522914221e+20 -15507125278314.39 
962382.445141065 -3.467676369066292e+20 -15895040084568.354 
965517.2413793096 -3.5544212029871705e+20 -16292658681448.236 
968652.0376175541 -3.6433359816811656e+20 -16700223811821.738 
971786.8338557986 -3.73447498688595e+20 -17117984290833.166 
974921.6300940431 -3.827893858211099e+20 -17546195157802.916 
978056.4263322876 -3.9236496271056116e+20 -17985117831926.87 
981191.2225705321 -4.021800751675133e+20 -18435020271870.56 
984326.0188087766 -4.122407152370151e+20 -18896177139355.88 
987460.8150470211 -4.2255302485669505e+20 -19368869966839.75 
990595.6112852657 -4.331232996063619e+20 -19853387329387.348 
993730.4075235102 -4.4395799255140506e+20 -20350025020844.734 
996865.2037617547 -4.55063718182337e+20 -20859086234418.76 
999999.9999999992 -4.664472564528851e+20 -21380881747773.73 
