#x u 
0.0 200552.86668085656 0.02027223967558068 
3134.796238244514 292868.50714774174 0.014784027319817348 
6269.592476489028 483426.916608054 0.013746464409094456 
9404.38871473354 652442.5473357528 0.012046749401688114 
12539.184952978056 796298.695675809 0.009884416341332669 
15673.98119122257 909360.2741382263 0.007339774292587001 
18808.777429467085 987256.9572033484 0.004511305292263689 
21943.5736677116 1026976.4392928863 0.0015083841923334597 
25078.369905956115 1026982.7701110748 -0.001552866082784818 
28213.16614420063 987275.7048238046 -0.004554067068255426 
31347.962382445145 909390.7145784205 -0.007379162402653233 
34482.75862068966 796339.6098534113 -0.009918905725362909 
37617.55485893417 652494.0738285979 -0.012075085230387906 
40752.35109717868 483416.60951411625 -0.013764321514247621 
43887.14733542319 295645.4379085873 -0.014921291855268044 
47021.943573667704 96441.6651689114 -0.01550125624147232 
50156.739811912215 -106491.5041695718 -0.015481787465640934 
53291.53605015673 -305306.64990532806 -0.014863638384811778 
56426.33228840124 -492315.59569880925 -0.013670712807318764 
59561.12852664575 -660286.7106447704 -0.011949141133166287 
62695.92476489026 -802724.5562449226 -0.009765496492701515 
65830.72100313478 -914121.0648399994 -0.007204220365453951 
68965.51724137929 -990168.5364380338 -0.004364357230392632 
72100.3134796238 -1027926.217357213 -0.0013557245185877528 
75235.10971786831 -1025934.0190916804 0.0017053340238961288 
78369.90595611282 -984268.9798947949 0.004700447345531624 
81504.70219435733 -904542.2857119447 0.007513794494708373 
84639.49843260185 -789836.9656633638 0.010036583412817462 
87774.29467084636 -644588.6713909551 0.012171257920232277 
90909.09090909087 -474414.15052856866 0.013835270211151555 
94043.88714733538 -285894.0472220333 0.01496427297503006 
97178.68338557989 -86318.4287969898 0.015514607705346972 
100313.4796238244 116595.1209485677 0.015464992972879224 
103448.27586206891 314999.9405022369 0.014817347377997196 
106583.07210031342 501223.72082689666 0.01359671535844007 
109717.86833855794 668065.1933448693 0.01185029872158186 
112852.66457680245 809072.6028001803 0.009645631351809493 
115987.46081504696 918793.1964608202 0.007067967677029493 
119122.25705329147 992984.0819202716 0.004216985882233381 
122257.05329153598 1028776.2996327789 0.0012029333567642377 
125391.84952978049 1024785.7655018363 -0.0018576365692646347 
128526.645768025 981166.7933749841 -0.004846371739111063 
131661.44200626953 899606.1277314716 -0.007647697844122943 
134796.23824451404 783257.717318603 -0.010153287679145884 
137931.03448275855 636620.752038485 -0.012266250152633756 
141065.83072100306 465365.6793954957 -0.01390487706255345 
144200.62695924757 276114.928443764 -0.015005802750360335 
147335.42319749208 76186.82063372295 -0.015526454449310303 
150470.2194357366 -126687.429481594 -0.015446698572205089 
153605.0156739811 -324662.68010806123 -0.014769619276788467 
156739.81191222562 -510083.2335890616 -0.01352139919944948 
159874.60815047013 -675778.8800416817 -0.011750306882328573 
163009.40438871464 -815342.1412039611 -0.009524828947729273 
166144.20062695915 -923375.8130485857 -0.006931010977985349 
169278.99686520366 -995700.3035381774 -0.0040690672466932015 
172413.79310344817 -1029509.2344488321 -0.0010492293599465644 
175548.58934169268 -1023457.4199592231 0.0020134580863048384 
178683.3855799372 -977657.6982027638 0.005006115912717082 
181818.1818181817 -893560.821932882 0.007827700919695651 
184952.97805642622 -773718.929515698 0.010401183654562874 
188087.77429467073 -621515.1752552495 0.012684396492963065 
191222.57053291524 -441068.38079853065 0.01467003803389918 
194357.36677115975 -237588.34535788305 0.016362368040777814 
197492.16300940426 -18285.025958359423 0.017726133364485284 
200626.95924764877 206567.55205576555 0.018626383979405997 
203761.75548589329 423403.557515973 0.0188050413694459 
206896.5517241378 617041.6066722749 0.017943668027036504 
210031.3479623823 774371.1556612574 0.01581784760719525 
213166.14420062682 888436.6516651985 0.012469832293923965 
216300.94043887133 960158.4557692095 0.008273463079592609 
219435.73667711584 995819.6241455369 0.0038061444874134035 
222570.53291536035 1001390.6946256817 -0.00042248553531838186 
225705.32915360486 977635.2061016029 -0.004204032126860426 
228840.12539184937 919944.6988053665 -0.007645611940756067 
231974.9216300939 823296.1199200082 -0.010946643441491937 
235109.7178683384 688316.1249451898 -0.014122065191060573 
238244.5141065829 523249.50758476957 -0.01691041905020793 
241379.31034482742 340153.02925410104 -0.018943812702818225 
244514.10658307193 148863.7213990749 -0.020017254214374593 
247648.90282131644 -45740.392730041225 -0.020204704782954594 
250783.69905956095 -240991.4698042468 -0.01972157211403855 
253918.49529780546 -431436.3179335661 -0.01868266807350425 
257053.29153604998 -606983.8053813725 -0.017003184322617583 
260188.0877742945 -756272.628899155 -0.014538455726433301 
263322.884012539 -871943.3712976272 -0.011311075277558475 
266457.6802507835 -952562.5304671335 -0.007585168653464833 
269592.476489028 -999451.0192129115 -0.0037082651815737258 
272727.27272727253 -1011956.4219729851 0.00011650873820898708 
275862.06896551704 -986264.1910387855 0.0038939330234261113 
278996.86520376155 -919055.9507895597 0.00767558217331089 
282131.66144200607 -812173.7459963046 0.011349914312039676 
285266.4576802506 -673341.489627863 0.014610249878121229 
288401.2539184951 -512087.4563270808 0.01713984357057602 
291536.0501567396 -335002.27506760054 0.018824606433952375 
294670.8463949841 -145113.65803765992 0.019774496504018482 
297805.6426332286 54211.79854586006 0.020135050303060807 
300940.43887147313 255218.58314340675 0.019890143281139312 
304075.23510971764 446115.0081722611 0.01886503513587625 
307210.03134796215 615756.5359211207 0.016926898746488804 
310344.82758620667 758031.8369203637 0.014171249359230437 
313479.6238244512 871624.519161119 0.010896496626266235 
316614.4200626957 955661.716073148 0.007390612916181775 
319749.2163009402 1006048.287317 0.0037504183348028935 
322884.0125391847 1016516.9146319254 -8.128811446555688e-05 
326018.8087774292 983412.906810174 -0.004105301083261576 
329153.60501567373 909251.0883873967 -0.008109416557972196 
332288.40125391824 801317.5281510549 -0.011736273733117461 
335423.19749216276 666741.089056145 -0.014710168215947894 
338557.99373040727 509112.35737226036 -0.016990057888027738 
341692.7899686518 330044.06194978184 -0.018693259460479165 
344827.5862068963 133823.03254298487 -0.01987481801453317 
347962.3824451408 -69984.02785362148 -0.02039833713729928 
351097.1786833853 -268983.85817945574 -0.020036750358610026 
354231.9749216298 -453180.7535180338 -0.0186985957272711 
357366.77115987433 -617779.7635131606 -0.01654232706118769 
360501.56739811884 -760921.7584266062 -0.013857867861192504 
363636.36363636336 -879017.1522917963 -0.010838213066800766 
366771.15987460787 -964841.127394089 -0.007478292670044861 
369905.9561128524 -1010610.3953796556 -0.003703393201868577 
373040.7523510969 -1012978.5355624947 0.00041277436750204407 
376175.5485893414 -974820.6656951818 0.0045750514559256845 
379310.3448275859 -902000.4988406033 0.008421340134830212 
382445.1410658304 -798529.7381951421 0.011748094095001533 
385579.93730407493 -665158.1653612286 0.014575706005953953 
388714.73354231945 -502765.66039061494 0.016990907424451054 
391849.52978056396 -316825.54338955786 0.018937265830158746 
394984.32601880847 -118038.21286151592 0.020178620629867694 
398119.122257053 81775.47828181546 0.02047748686493471 
401253.9184952975 274477.21384251077 0.01980344396371153 
404388.714733542 456355.951468642 0.018354023640487285 
407523.5109717865 624336.2619058087 0.016366692256649294 
410658.307210031 771936.603155116 0.01391895314671961 
413793.10344827553 889507.7048944765 0.010924787750278917 
416927.89968652005 968751.8622766008 0.0073280323474428505 
420062.69592476456 1006987.0164196931 0.003285297619488961 
423197.49216300907 1006845.7236627364 -0.0008586401133470404 
426332.2884012536 971849.1327855174 -0.004782383883362886 
429467.0846394981 902575.5050791117 -0.008369729426513442 
432601.8808777426 797455.5660083528 -0.011676676692856195 
435736.6771159871 657301.223998669 -0.01472445976464968 
438871.4733542316 488693.1582399392 -0.017342007268738698 
442006.26959247614 302502.9267763367 -0.019228636365956946 
445141.06583072065 108896.02352427982 -0.02017545834279175 
448275.86206896516 -86177.6549869962 -0.020216306576169282 
451410.65830720967 -279595.1973409632 -0.01955223091677843 
454545.4545454542 -466532.47986859543 -0.018330625327783102 
457680.2507836987 -637860.624374599 -0.016511636735892468 
460815.0470219432 -782499.4811384894 -0.013961403123585035 
463949.8432601877 -892530.9007138041 -0.010671970674735055 
467084.6394984322 -965947.4906094755 -0.006873562839807693 
470219.43573667674 -1004364.4626229126 -0.0029172356943706532 
473354.23197492125 -1008273.310260042 0.0009533949925896175 
476489.02821316576 -974946.188653779 0.004706761640265551 
479623.82445141027 -901253.1934052032 0.00840026314075141 
482758.6206896548 -788429.6167704754 0.011965072952550443 
485893.4169278993 -643723.3315098692 0.015131098681398614 
489028.2131661438 -477078.6735755942 0.017576582653308324 
492163.0094043883 -296179.6397818668 0.019150126054928072 
495297.8056426328 -104851.54907779203 0.019936187515186547 
498432.60188087734 93751.45024038121 0.02009892846389822 
501567.39811912185 292805.7373504514 0.01967130893347798 
504702.19435736636 481184.2226998579 0.018512656885026596 
507836.99059561087 647494.8983811528 0.01647950270776082 
510971.7868338554 784839.5993058792 0.013629065146694003 
514106.5830720999 891569.0874283517 0.010239422700685374 
517241.3793103444 967494.5660831813 0.00662218141846053 
520376.1755485889 1009754.6667444882 0.0029206425203826486 
523510.9717868334 1012850.2767059973 -0.0008992145348218612 
526645.768025078 972922.7562922058 -0.004861060143704476 
529780.5642633225 891833.4743556221 -0.00879714219955649 
532915.360501567 776755.4000915294 -0.012370194207003 
536050.1567398115 635649.1511383392 -0.015281130636994171 
539184.952978056 473265.1882916667 -0.017449752319053484 
542319.7492163006 291705.3046311992 -0.018983689956922276 
545454.5454545451 94735.27961100847 -0.019972834273669783 
548589.3416927896 -108939.5440625912 -0.020329039934477246 
551724.1379310341 -307158.15941085404 -0.01984212207996016 
554858.9341692786 -489280.7137385103 -0.018394554300927284 
557993.7304075231 -649726.1314653112 -0.016109310365796305 
561128.5266457676 -786648.4188511118 -0.01327454094627496 
564263.3228840121 -897424.4185444431 -0.010122327661444878 
567398.1191222566 -975947.97089594 -0.006691029333336311 
570532.9153605012 -1014784.9302248958 -0.002911756263938278 
573667.7115987457 -1010085.2748071809 0.0011769831957963994 
576802.5078369902 -964199.0231762932 0.005317688438563021 
579937.3040752347 -883302.9135830525 0.009148446249558628 
583072.1003134792 -772532.2381010237 0.012429123099226742 
586206.8965517237 -633674.0909362904 0.01514728482401516 
589341.6927899682 -467725.6234033583 0.017398245160867794 
592476.4890282127 -279453.1921277674 0.019170631485163014 
595611.2852664572 -78941.57287252035 0.020267363575035363 
598746.0815047018 121746.99409517091 0.020448540757603204 
601880.8777429463 313569.3943661053 0.019648370356393448 
605015.6739811908 492197.4165650671 0.01803941314767749 
608150.4702194353 654934.3260880201 0.01587690124672191 
611285.2664576798 796391.9247360668 0.013285934450970194 
614420.0626959243 907750.0252354189 0.010213147813351788 
617554.8589341688 980622.0538640289 0.006590331532200398 
620689.6551724133 1011669.1842495245 0.002533704457322549 
623824.4514106578 1003274.5311869886 -0.001635594793484458 
626959.2476489024 959680.9253827144 -0.005576737705961288 
630094.0438871469 882707.7448266749 -0.009131195808160627 
633228.8401253914 771542.7179324281 -0.012335189306014354 
636363.6363636359 626758.8986788827 -0.015235597228054901 
639498.4326018804 454208.9562383162 -0.017708623468738922 
642633.2288401249 264529.2176955487 -0.019476943423119307 
645768.0250783694 68558.97857560015 -0.020311543158848987 
648902.8213166139 -126762.18505948657 -0.02020942014017765 
652037.6175548584 -317988.6158058514 -0.01936279764815786 
655172.413793103 -500981.66773074825 -0.01795366562705652 
658307.2100313475 -667647.5123733599 -0.01598987565140067 
661442.006269592 -807322.6796728838 -0.013354000687643554 
664576.8025078365 -911623.1688318332 -0.010011246745386245 
667711.598746081 -977903.3213178508 -0.006154484226758761 
670846.3949843255 -1007896.4063966711 -0.0021297876195421903 
673981.19122257 -1003129.2432481397 0.0017840581935712812 
677115.9874608145 -962040.0327332861 0.005515744221091811 
680250.783699059 -881877.3835473271 0.009119916198959403 
683385.5799373036 -763371.0853615375 0.012565840801092423 
686520.3761755481 -613194.000862569 0.015624452998141584 
689655.1724137926 -441503.67282347137 0.017978073150179262 
692789.9686520371 -256974.98965984484 0.019442378136372434 
695924.7648902816 -64326.44901161216 0.02007154286427264 
699059.5611285261 133318.21749185422 0.020039530531831294 
702194.3573667706 330001.98700542137 0.019424857604624358 
705329.1536050151 515394.4828849502 0.018126405883827305 
708463.9498432596 678058.6565852029 0.015998755460632882 
711598.7460815042 810380.6859177654 0.0130635034186012 
714733.5423197487 910253.856987316 0.009572117232180674 
717868.3385579932 977992.6673601344 0.0058510483829300325 
721003.1347962377 1011928.9810639876 0.002087846143687724 
724137.9310344822 1007478.1208469789 -0.0017218565005681784 
727272.7272727267 960759.1240232331 -0.005616478949328499 
730407.5235109712 873007.9497457553 -0.009471819326644156 
733542.3197492157 751130.4081217849 -0.012978360897162356 
736677.1159874602 603740.472046609 -0.015822041447100903 
739811.9122257048 436718.50200428086 -0.01788366327401638 
742946.7084639493 252781.03720072444 -0.019252388292787657 
746081.5047021938 55303.39580637208 -0.020044225381655574 
749216.3009404383 -147861.28815903427 -0.020220900461450086 
752351.0971786828 -344857.83626969624 -0.019602182021822602 
755485.8934169273 -524432.6792209545 -0.01805804041555665 
758620.6896551718 -680204.5227271784 -0.015674868374716974 
761755.4858934163 -810468.4965805118 -0.012717002175950834 
764890.2821316608 -913972.5509174485 -0.009423802831656124 
768025.0783699054 -986164.7572658896 -0.005860910133279129 
771159.8746081499 -1019814.6513448268 -0.0019889008913349703 
774294.6708463944 -1009396.1401835686 0.0021229109595628957 
777429.4670846389 -954912.8221078417 0.00617666716536899 
780564.2633228834 -861674.7078452868 0.009774253766854158 
783699.0595611279 -736807.5273867068 0.01269034727779062 
786833.8557993724 -586390.959466703 0.015022726031620515 
789968.6520376169 -415897.10550539993 0.017058044333082736 
793103.4482758614 -232574.4807365378 0.018966812137870187 
796238.244514106 -46100.92341903588 0.0206093055698012 
799373.0407523505 134199.58323148193 0.021624855872908626 
802507.836990595 303146.0934187764 0.021702970042665685 
805642.6332288395 460358.77378513105 0.020773013550787894 
808777.429467084 606477.3333559104 0.018955252393518654 
811912.2257053285 738233.6614340597 0.016368420939675766 
815047.021943573 847199.7360545784 0.013022765177101764 
818181.8181818175 923661.8858993431 0.008912261083232257 
821316.614420062 962073.9207810556 0.004189557250571955 
824451.4106583066 963005.8017884437 -0.0007882031722765815 
827586.2068965511 930060.1925813028 -0.005615628375750645 
830721.0031347956 865270.0698551205 -0.010049390129201793 
833855.7993730401 767853.6664978337 -0.014060091216971304 
836990.5956112846 637523.1554113909 -0.01767568821684564 
840125.3918495291 478685.8254316084 -0.020784608601478897 
843260.1880877736 300911.5899855676 -0.02310935206118261 
846394.9843260181 114950.05866450003 -0.02438236906221701 
849529.7805642626 -71760.51185801641 -0.024543101023231415 
852664.5768025072 -255638.39348724295 -0.023752106558000405 
855799.3730407517 -433269.5483449538 -0.022209413228803303 
858934.1692789962 -597653.7928195946 -0.01996866341916534 
862068.9655172407 -738616.0499974029 -0.01694148272034874 
865203.7617554852 -847216.2535988505 -0.013085001569734387 
868338.5579937297 -919762.5722909152 -0.00857162343618086 
871473.3542319742 -957417.6730411995 -0.003757766057665142 
874608.1504702187 -961980.1292630293 0.0010212310045886676 
877742.9467084632 -932393.989857786 0.005620879307496282 
880877.7429467078 -865717.0325775014 0.010050618076960715 
884012.5391849523 -761532.3399738891 0.014276447799026943 
887147.3354231968 -625112.3758714348 0.018077949912685905 
890282.1316614413 -465904.8363301748 0.02111686986681521 
893416.9278996858 -292779.2718034911 0.02315133499419801 
896551.7241379303 -110833.17429799531 0.02417588775882208 
899686.5203761748 77123.09621291306 0.024344595620812745 
902821.3166144193 266231.2873418052 0.023761404101373083 
905956.1128526638 447240.94544426125 0.022360047960383187 
909090.9090909084 608907.009790832 0.020000117104399792 
912225.7053291529 742889.0904121865 0.01667712563791086 
915360.5015673974 846268.2369747568 0.01262326459079634 
918495.2978056419 919278.8272061927 0.008189284052641892 
921630.0940438864 960849.3659137483 0.0036269454861481325 
924764.8902821309 966804.0977975198 -0.001005047133791707 
927899.6865203754 932727.2157162485 -0.005719430314758241 
931034.4827586199 858534.6232467162 -0.0103981565356835 
934169.2789968645 749948.902312562 -0.014729499043194868 
937304.075235109 615275.3888346261 -0.01835774015299512 
940438.8714733535 460763.5193398096 -0.021094830597975872 
943573.667711598 289272.3252620779 -0.022977754696476824 
946708.4639498425 103438.25794004278 -0.02411682651597617 
949843.260188087 -90226.45106218885 -0.024498891286681708 
952978.0564263315 -280879.4312449699 -0.023955464111157468 
956112.852664576 -457295.3228252114 -0.022330955061838933 
959247.6489028205 -612350.329030264 -0.01967435008047872 
962382.445141065 -743612.4936689722 -0.016251746434201977 
965517.2413793096 -849686.5376483923 -0.012364207608937899 
968652.0376175541 -926398.6179649817 -0.008158766025690725 
971786.8338557986 -967035.9713381587 -0.0036263237011851033 
974921.6300940431 -966547.1993775787 0.0012173630767506201 
978056.4263322876 -925395.5887830207 0.006164619431312662 
981191.2225705321 -849071.3404052453 0.010845419791707708 
984326.0188087766 -743778.3406312425 0.014929673835100347 
987460.8150470211 -612775.6694098229 0.018296687345301522 
990595.6112852657 -457110.4042782887 0.0210006326274897 
993730.4075235102 -279730.57692894136 0.023071172155243486 
996865.2037617547 -91456.40771332767 0.02450220912928213 
999999.9999999992 200552.8666623295 0.020272239674731442 
