#x u 
0.0 -27965.272895985217 0.048383322543931934 
3134.796238244514 6011.532012522242 0.047882569010169324 
6269.592476489028 9207.85169406794 0.044129946061179266 
9404.38871473354 12596.81373123423 0.03869597089128556 
12539.184952978056 15522.258630541124 0.03176670539795412 
15673.98119122257 17845.738288062712 0.023608943423949178 
18808.777429467085 19479.17842538384 0.014538226749876766 
21943.5736677116 20359.35814603552 0.004905317187399123 
25078.369905956115 20452.242052851536 -0.004917280857978373 
28213.16614420063 19754.23830895539 -0.01454972778482341 
31347.962382445145 18292.338700855908 -0.023619537129464255 
34482.75862068966 16123.07484706663 -0.03177597960842792 
37617.55485893417 13330.33212248316 -0.03870364581037601 
40752.35109717868 10022.105813170027 -0.04413464306956114 
43887.14733542319 6326.324941552244 -0.04785895486800783 
47021.943573667704 2385.9052545566738 -0.04973256216861524 
50156.739811912215 -1646.7773244769087 -0.04968301262744937 
53291.53605015673 -5615.779068654345 -0.04771222232393475 
56426.33228840124 -9367.618787252548 -0.04389640166611458 
59561.12852664575 -12757.212939238583 -0.038383108336221064 
62695.92476489026 -15653.48600990005 -0.03138554123907106 
65830.72100313478 -17944.43919747387 -0.023174296106149784 
68965.51724137929 -19541.481403800164 -0.014066901565950479 
72100.3134796238 -20382.85504970388 -0.004415540320448772 
75235.10971786831 -20436.024238921847 0.005406569750512714 
78369.90595611282 -19698.932920336287 0.015019607914602181 
81504.70219435733 -18200.08439541675 0.02405183824450473 
84639.49843260185 -15997.439096318849 0.03215398463623586 
87774.29467084636 -13176.173257529852 0.039012737306690456 
90909.09090909087 -9845.385153174371 0.04436286847453096 
94043.88714733538 -6133.876269684602 0.0479974887113597 
97178.68338557989 -2185.170555782326 0.049776047350351876 
100313.4796238244 1848.03564475261 0.049629767576762296 
103448.27586206891 5809.778356598596 0.04756430602550235 
106583.07210031342 9546.857095617335 0.043659534039219836 
109717.86833855794 12914.759127459125 0.038066449045626685 
112852.66457680245 15783.247771114577 0.031001335491029458 
115987.46081504696 18041.398647865804 0.022737401126606646 
119122.25705329147 19601.889124026755 0.01359421207201698 
122257.05329153598 20404.375074848125 0.003925335202144896 
125391.84952978049 20417.824390228867 -0.00589533427444537 
128526.645768025 19641.716985539533 -0.01548803133316922 
131661.44200626953 18106.06491281427 -0.024481806636689297 
134796.23824451404 15870.2517952208 -0.03252887113580252 
137931.03448275855 13020.736468774267 -0.0393180450628422 
141065.83072100306 9667.709632630984 -0.04458679124543757 
144200.62695924757 5940.83274620564 -0.048131367410465524 
147335.42319749208 1984.2238613012487 -0.04981470488481498 
150470.2194357366 -2049.1153896944525 -0.04957170903863726 
153605.0156739811 -6003.214847514922 -0.04741177656239017 
156739.81191222562 -9725.164960526265 -0.04341843219916738 
159874.60815047013 -13071.038557614462 -0.037746098443377965 
163009.40438871464 -15911.488074576075 -0.030614122580100885 
166144.20062695915 -18136.733726366743 -0.022298295159197533 
169278.99686520366 -19660.565289760474 -0.013120196339006572 
172413.79310344817 -20423.37577968437 -0.003434774144825696 
175548.58934169268 -20395.51389380297 0.006383429374137069 
178683.3855799372 -19581.87576732837 0.01595491959310833 
181818.1818181817 -18021.344573185925 0.02490990734984395 
184952.97805642622 -15766.696960195812 0.03290175656052061 
188087.77429467073 -12855.237068648043 0.03961913610672877 
191222.57053291524 -9349.51131765738 0.04479999139795264 
194357.36677115975 -5515.399879468285 0.04824995219008028 
197492.16300940426 -1922.7676814345923 0.04985493377482398 
200626.95924764877 1056.1116283552255 0.049563567637719345 
203761.75548589329 4333.422802345725 0.04734002823068986 
206896.5517241378 10210.228311044411 0.04315901511362331 
210031.3479623823 19650.85000802661 0.03712758873570669 
213166.14420062682 28329.389936151332 0.029660539605994154 
216300.94043887133 27087.922572655807 0.02145101370773258 
219435.73667711584 9492.246914161777 0.013113602887308805 
222570.53291536035 -20365.137674605416 0.004814312833702296 
225705.32915360486 -49661.33208754336 -0.003660772154041709 
228840.12539184937 -67247.8083184768 -0.012443015161118799 
231974.9216300939 -70968.91518156455 -0.021260444439228025 
235109.7178683384 -65267.05873276302 -0.02956186461733983 
238244.5141065829 -54854.520893497946 -0.036820366500125754 
241379.31034482742 -42004.79505368149 -0.042669508924670904 
244514.10658307193 -27530.744918629745 -0.04686862258646369 
247648.90282131644 -11992.081617864285 -0.04925532787311485 
250783.69905956095 4010.3151566011857 -0.04973733095536713 
253918.49529780546 19857.63315179688 -0.0482959927869907 
257053.29153604998 34937.05700697575 -0.04498704987619968 
260188.0877742945 48665.465807137734 -0.03993845895637834 
263322.884012539 60511.98235312992 -0.03334544890264175 
266457.6802507835 70018.50216866826 -0.025462971236484715 
269592.476489028 76817.40838811122 -0.016595841157301058 
272727.27272727253 80645.7874907729 -0.007086950346819566 
275862.06896551704 81355.59615969672 0.002695992643008396 
278996.86520376155 78919.38611274253 0.012374681669825308 
282131.66144200607 73431.36552691626 0.021574842089219934 
285266.4576802506 65103.75601070162 0.029940703945162586 
288401.2539184951 54258.58600016526 0.03714875958463837 
291536.0501567396 41315.23792799175 0.04292027368989024 
294670.8463949841 26774.230716091937 0.04703206196566165 
297805.6426332286 11197.864722349328 0.049325121669892766 
300940.43887147313 -4811.522399102239 0.049710780245480285 
304075.23510971764 -20634.848078759795 0.04817412428567643 
307210.03134796215 -35660.224738074 0.04477457623512689 
310344.82758620667 -49306.621465655466 0.03964359652553393 
313479.6238244512 -61046.33246699281 0.03297960000429775 
316614.4200626957 -70425.38343334108 0.025040283237702562 
319749.2163009402 -77081.08671603038 0.01613265939162781 
322884.0125391847 -80756.06644808789 0.006601186040679041 
326018.8087774292 -81308.21126209389 -0.003185554996959767 
329153.60501567373 -78716.16973293704 -0.012849110708524352 
332288.40125391824 -73080.17603685157 -0.022015791654497324 
335423.19749216276 -64618.173898515466 -0.030331122529185985 
338557.99373040727 -53657.38871307729 -0.037473549711261746 
341692.7899686518 -40621.67374892889 -0.043166875733650606 
344827.5862068963 -26015.119753209547 -0.0471909398321578 
347962.3824451408 -10402.56177616803 -0.04939013155629941 
351097.1786833853 5612.262985036612 -0.049679408221238223 
354231.9749216298 21410.061687522088 -0.048047583506119526 
357366.77115987433 36379.93388025771 -0.044557760028797945 
360501.56739811884 49942.995008084676 -0.03934488916930163 
363636.36363636336 61574.76186189466 -0.032610552503595465 
366771.15987460787 70825.43433022356 -0.024615166649458908 
369905.9561128524 77337.28915746848 -0.015667912962878977 
373040.7523510969 80858.5130925602 -0.006114781503327899 
376175.5485893414 81252.94050061319 0.0036748083925330324 
379310.3448275859 78505.31888436363 0.01332229354666871 
382445.1410658304 72721.89869782983 0.022454605967585407 
385579.93730407493 64126.324644111126 0.030718599379530222 
388714.73354231945 53050.98734073374 0.037794705379478474 
391849.52978056396 39924.16978340859 0.043409291138685566 
394984.32601880847 25253.48565410266 0.04734524077681675 
398119.122257053 9606.249913608022 0.04945035122720151 
401253.9184952975 -6412.459252738323 0.049643217925328914 
404388.714733542 -22183.19879220857 0.04791638272116849 
407523.5109717865 -37096.11463088232 0.044336622285631275 
410658.307210031 -50574.52471427704 0.03904236585850132 
413793.10344827553 -62097.21928689824 0.03223834219345545 
416927.89968652005 -71218.61605946242 0.02418766270266372 
420062.69592476456 -77585.99086404528 0.015201646945555768 
423197.49216300907 -80953.11748816859 0.00562778390982889 
426332.2884012536 -81189.78923581899 -0.004163705378362365 
429467.0846394981 -78286.85401687841 -0.013794184291532563 
432601.8808777426 -72356.56825820482 -0.022891242469068866 
435736.6771159871 -63628.2559506238 -0.031103096915861942 
438871.4733542316 -52439.4406963683 -0.03811219544126745 
442006.26959247614 -39222.79368045775 -0.04364749639377958 
445141.06583072065 -24489.402287608456 -0.04749494983440656 
448275.86206896516 -8809.006366806138 -0.04950577484205564 
451410.65830720967 7212.033593329703 -0.049602212867751336 
454545.4545454542 22954.18440834061 -0.04778053465563314 
457680.2507836987 37808.69752950876 -0.04411118445317954 
460815.0470219432 51201.149333870475 -0.03873605593405211 
463949.8432601877 62613.6540702683 -0.03186300517355071 
467084.6394984322 71604.89048742241 -0.023757812859770525 
470219.43573667674 77827.16771485197 -0.014733906561540323 
473354.23197492125 81039.87045948746 -0.005140240492763749 
476489.02821316576 81118.76359258199 0.0046521985376491585 
479623.82445141027 78060.79631880001 0.0142647371757068 
482758.6206896548 71984.22015039128 0.023325658810752485 
485893.4169278993 63124.01612439088 0.031484577846803224 
489028.2131661438 51822.80809223816 0.03842598910412478 
492163.0094043883 38517.61346465061 0.04388146839604805 
495297.8056426328 23722.943760108108 0.047640052485049815 
498432.60188087734 8010.90845826091 0.049556397025475145 
501567.39811912185 -8010.90845825697 0.0495563970254754 
504702.19435736636 -23722.943760104245 0.04764005248505064 
507836.99059561087 -38517.61346464722 0.04388146839604936 
510971.7868338554 -51822.808092234045 0.03842598910412655 
514106.5830720999 -63124.016124387854 0.031484577846805376 
517241.3793103444 -71984.22015038866 0.023325658810754914 
520376.1755485889 -78060.79631879908 0.014264737175709455 
523510.9717868334 -81118.7635925829 0.0046521985376519305 
526645.768025078 -81039.87045948961 -0.005140240492760965 
529780.5642633225 -77827.16771485432 -0.014733906561537663 
532915.360501567 -71604.89048742456 -0.02375781285976807 
536050.1567398115 -62613.65407027019 -0.031863005173548564 
539184.952978056 -51201.149333873036 -0.03873605593405037 
542319.7492163006 -37808.69752951266 -0.04411118445317823 
545454.5454545451 -22954.18440834507 -0.04778053465563235 
548589.3416927896 -7212.03359333488 -0.04960221286775107 
551724.1379310341 8809.006366801059 -0.049505774842055955 
554858.9341692786 24489.402287603363 -0.04749494983440738 
557993.7304075231 39222.7936804535 -0.043647496393780905 
561128.5266457676 52439.44069636495 -0.038112195441269224 
564263.3228840121 63628.25595062171 -0.03110309691586411 
567398.1191222566 72356.56825820424 -0.022891242469071385 
570532.9153605012 78286.85401687853 -0.013794184291535274 
573667.7115987457 81189.78923581916 -0.0041637053783651545 
576802.5078369902 80953.11748816891 0.005627783909826131 
579937.3040752347 77585.99086404563 0.01520164694555314 
583072.1003134792 71218.61605946449 0.02418766270266131 
586206.8965517237 62097.21928690121 0.032238342193453326 
589341.6927899682 50574.52471428085 0.03904236585849961 
592476.4890282127 37096.11463088609 0.044336622285630005 
595611.2852664572 22183.198792213785 0.047916382721167695 
598746.0815047018 6412.4592527424575 0.04964321792532866 
601880.8777429463 -9606.249913603497 0.04945035122720181 
605015.6739811908 -25253.48565409913 0.047345240776817635 
608150.4702194353 -39924.1697834051 0.04340929113868696 
611285.2664576798 -53050.9873407305 0.03779470537948033 
614420.0626959243 -64126.324644108216 0.030718599379532446 
617554.8589341688 -72721.89869782716 0.022454605967587898 
620689.6551724133 -78505.3188843615 0.013322293546671374 
623824.4514106578 -81252.94050061182 0.0036748083925357933 
626959.2476489024 -80858.5130925604 -0.006114781503325136 
630094.0438871469 -77337.28915746993 -0.015667912962876326 
633228.8401253914 -70825.43433022677 -0.024615166649456493 
636363.6363636359 -61574.76186189856 -0.03261055250359336 
639498.4326018804 -49942.99500808869 -0.03934488916929991 
642633.2288401249 -36379.93388026206 -0.044557760028796654 
645768.0250783694 -21410.06168752617 -0.04804758350611878 
648902.8213166139 -5612.26298504113 -0.04967940822123803 
652037.6175548584 10402.561776164053 -0.04939013155629979 
655172.413793103 26015.119753205705 -0.04719093983215871 
658307.2100313475 40621.67374892514 -0.043166875733651994 
661442.006269592 53657.38871307313 -0.0374735497112636 
664576.8025078365 64618.17389851087 -0.030331122529188178 
667711.598746081 73080.17603684787 -0.022015791654499822 
670846.3949843255 78716.16973293488 -0.012849110708527066 
673981.19122257 81308.21126209298 -0.003185554996962582 
677115.9874608145 80756.06644808894 0.006601186040676252 
680250.783699059 77081.08671603192 0.016132659391625153 
683385.5799373036 70425.38343334285 0.025040283237700137 
686520.3761755481 61046.33246699482 0.03297960000429566 
689655.1724137926 49306.62146565771 0.03964359652553224 
692789.9686520371 35660.22473807777 0.04477457623512566 
695924.7648902816 20634.848078764175 0.04817412428567572 
699059.5611285261 4811.522399107054 0.049710780245480125 
702194.3573667706 -11197.864722343962 0.04932512166989318 
705329.1536050151 -26774.230716087615 0.04703206196566264 
708463.9498432596 -41315.2379279875 0.04292027368989172 
711598.7460815042 -54258.58600016165 0.037148759584640284 
714733.5423197487 -65103.756010699435 0.029940703945164914 
717868.3385579932 -73431.365526915 0.021574842089222553 
721003.1347962377 -78919.38611274248 0.012374681669828132 
724137.9310344822 -81355.596159698 0.002695992643011293 
727272.7272727267 -80645.78749077485 -0.007086950346816703 
730407.5235109712 -76817.40838811363 -0.016595841157298327 
733542.3197492157 -70018.50216867091 -0.02546297123648222 
736677.1159874602 -60511.98235313376 -0.03334544890263965 
739811.9122257048 -48665.46580714165 -0.039938458956376675 
742946.7084639493 -34937.057006980715 -0.044987049876198476 
746081.5047021938 -19857.63315180115 -0.04829599278698999 
749216.3009404383 -4010.315156605895 -0.049737330955366976 
752351.0971786828 11992.08161786043 -0.04925532787311523 
755485.8934169273 27530.744918624725 -0.046868622586464556 
758620.6896551718 42004.795053676295 -0.04266950892467235 
761755.4858934163 54854.52089349329 -0.03682036650012766 
764890.2821316608 65574.92221479281 -0.029547752855266656 
768025.0783699054 74035.73907511929 -0.02111986820450685 
771159.8746081499 82085.8754015415 -0.01176287190102157 
774294.6708463944 95902.58944875197 -0.0015411780481067324 
777429.4670846389 123862.66477300273 0.00955840416978262 
780564.2633228834 165448.3480070207 0.021132482023478793 
783699.0595611279 200199.5186275278 0.031869353264511395 
786833.8557993724 196031.00514490923 0.03994471002343867 
789968.6520376169 139185.04793075856 0.04440826517693 
793103.4482758614 56164.20691564854 0.046201468319262175 
796238.244514106 -3709.192684497216 0.04736864152007697 
799373.0407523505 -14655.540893992964 0.04894020071907326 
802507.836990595 -1350.4382752274196 0.04970489745554622 
805642.6332288395 -13998.391167666472 0.047355484373928905 
808777.429467084 -75117.43469349899 0.040928218632060226 
811912.2257053285 -154236.89374826275 0.03196001272127499 
815047.021943573 -198248.19479178602 0.023091800494731453 
818181.8181818175 -185976.16726565175 0.015559125204326816 
821316.614420062 -149502.57763253292 0.008204472670084544 
824451.4106583066 -139709.63673666702 -0.0009554267247712517 
827586.2068965511 -172298.77819093195 -0.012268719520677492 
830721.0031347956 -211092.09218404815 -0.023697373531448962 
833855.7993730401 -206168.92589796067 -0.03257995662774853 
836990.5956112846 -146706.31508233788 -0.03806815295819762 
840125.3918495291 -72949.6172134535 -0.041689089732237776 
843260.1880877736 -34733.25703696368 -0.04545630518538422 
846394.9843260181 -40159.02594040953 -0.049527748728255286 
849529.7805642626 -48347.461457349695 -0.05188177354250672 
852664.5768025072 -13803.746724875273 -0.05035648494068465 
855799.3730407517 64328.07178306747 -0.04491040058624033 
858934.1692789962 139957.69005385865 -0.03772830310363255 
862068.9655172407 167136.71314967872 -0.031060037168093444 
865203.7617554852 147062.56260588672 -0.025060401358463564 
868338.5579937297 125637.30590395309 -0.017892937325226205 
871473.3542319742 144226.22992731846 -0.007976697207556385 
874608.1504702187 195448.69387940346 0.00399949614115923 
877742.9467084632 230499.12569072642 0.01542618123726726 
880877.7429467078 210284.85972396197 0.02413169798173247 
884012.5391849523 146601.41933990078 0.03028425358059054 
887147.3354231968 90064.81928930286 0.03585317023491497 
890282.1316614413 77509.19213820058 0.04221127738887575 
893416.9278996858 94149.51203279075 0.04841273984188132 
896551.7241379303 90240.40928561828 0.051967028252761914 
899686.5203761748 34639.675761102946 0.05130228131121535 
902821.3166144193 -51103.818596249126 0.047333401242446366 
905956.1128526638 -114010.68575852516 0.04249033514184933 
909090.9090909084 -123947.69081630075 0.03823009805644063 
912225.7053291529 -103897.04536443797 0.03364636713609094 
915360.5015673974 -104469.28559036361 0.026632063862913193 
918495.2978056419 -149540.55692044937 0.01636298861219624 
921630.0940438864 -210225.10694132117 0.00448041266960289 
924764.8902821309 -234560.44526509565 -0.006281888666038293 
927899.6865203754 -201688.98608759342 -0.014594808628237012 
931034.4827586199 -143580.58167988426 -0.02154404607263315 
934169.2789968645 -111490.42706880737 -0.02910729610002294 
937304.075235109 -122446.44182694062 -0.037715727954946446 
940438.8714733535 -142018.28874925093 -0.04547766544481752 
943573.667711598 -121431.40835037876 -0.04989193169285282 
946708.4639498425 -49939.591177269656 -0.05025875418846828 
949843.260188087 32651.27118891509 -0.04826183711876203 
952978.0564263315 76494.30190594362 -0.04611687280994332 
956112.852664576 72678.12650550052 -0.04423757043371564 
959247.6489028205 61129.727683033736 -0.040873204788869605 
962382.445141065 87221.41548684334 -0.03409458230871664 
965517.2413793096 152786.27432058047 -0.02403355906530133 
968652.0376175541 213088.76586860832 -0.01301355335095845 
971786.8338557986 222947.06114615485 -0.003424852009712669 
974921.6300940431 183525.0146331168 0.004432572837378476 
978056.4263322876 140632.277295804 0.012284807734706542 
981191.2225705321 136370.1861952213 0.021682007289746213 
984326.0188087766 164992.55296931765 0.031989835190195395 
987460.8150470211 179373.65353756113 0.04070028318424771 
990595.6112852657 141232.7856609979 0.04574740773147885 
993730.4075235102 62296.01386646228 0.0474032137601566 
996865.2037617547 -7625.226569558137 0.047804707863126766 
999999.9999999992 -27965.27289617585 0.04838332254392319 
