#x u 
0.0 -61749.20837811704 -0.05281703576999222 
3134.796238244514 20372.656649739023 -0.04771708927740743 
6269.592476489028 28971.930783584932 -0.044105921212177275 
9404.38871473354 38937.94358320843 -0.038675176154698454 
12539.184952978056 47374.137359363056 -0.03174996729684401 
15673.98119122257 53977.978552338725 -0.023597006207782687 
18808.777429467085 58494.49283407192 -0.014531549517269293 
21943.5736677116 60749.02755088365 -0.004904158137673249 
25078.369905956115 60654.39848825999 0.004912876924118297 
28213.16614420063 58214.26745058264 0.01453993107655885 
31347.962382445145 53523.00983160382 0.02360472567961163 
34482.75862068966 46762.04429568481 0.031756725009516235 
37617.55485893417 38192.57237525385 0.038680702693520835 
40752.35109717868 28145.209839250863 0.04410894378862114 
43887.14733542319 17010.04111644371 0.047831467162949434 
47021.943573667704 5230.392855420392 0.049703739424674515 
50156.739811912215 -6729.467564517829 0.049652958835363616 
53291.53605015673 -18512.948507186127 0.04768594310380024 
56426.33228840124 -29929.41173479022 0.04389090498634983 
59561.12852664575 -40213.884360482945 0.03839977006642725 
62695.92476489026 -46748.37131540576 0.03132310711854169 
65830.72100313478 -47473.434994374635 0.022851753234353147 
68965.51724137929 -49451.522069878236 0.013638307146480576 
72100.3134796238 -69280.91271784835 0.0048033862394366335 
75235.10971786831 -109805.68315620578 -0.0031458488847043884 
78369.90595611282 -144335.26168730995 -0.011053604717404393 
81504.70219435733 -149140.99299949515 -0.019640550979464766 
84639.49843260185 -133617.2076737806 -0.028135497565895458 
87774.29467084636 -112926.44852022981 -0.03554244521800433 
90909.09090909087 -87868.82663894439 -0.04157496746925395 
94043.88714733538 -59413.31959428701 -0.04599978684640042 
97178.68338557989 -28660.30107851589 -0.04864579570311093 
100313.4796238244 3201.010509297557 -0.049410672948046575 
103448.27586206891 34938.53910679111 -0.04826484079871286 
106583.07210031342 65324.99533650566 -0.0452526085535136 
109717.86833855794 93185.33575311962 -0.04049045915237304 
112852.66457680245 117442.20174187349 -0.03416254478458117 
115987.46081504696 137157.58094723916 -0.02651356572858559 
119122.25705329147 151569.0801854828 -0.0178393077988039 
122257.05329153598 160119.40716858138 -0.008475204316133751 
125391.84952978049 162477.92098201203 0.0012166350895467125 
128526.645768025 158553.41796002933 0.010861427249029188 
131661.44200626953 148497.65852896546 0.02008620830885079 
134796.23824451404 132699.49863562424 0.028534256233478588 
137931.03448275855 111769.85269827538 0.03587888523683159 
141065.83072100306 86518.06956252675 0.041836078712844 
144200.62695924757 57920.63500322963 0.046175472149984804 
147335.42319749208 27083.411045818364 0.048729261320724165 
150470.2194357366 -4801.12768847433 0.049398691266499886 
153605.0156739811 -36500.00694415294 0.048157875149309505 
156739.81191222562 -66787.43191277162 0.045054795295039744 
159874.60815047013 -94492.1886852075 0.04020944771821475 
163009.40438871464 -118542.93506204148 0.03380920187934106 
166144.20062695915 -138009.6293275937 0.02610155511290806 
169278.99686520366 -152139.49493806766 0.017384561912118426 
172413.79310344817 -160386.1303702519 0.007995308169650515 
175548.58934169268 -162430.6384537319 -0.0017031239247473947 
178683.3855799372 -158193.95811589554 -0.011335696262771571 
181818.1818181817 -147839.92167148436 -0.02052991753112635 
184952.97805642622 -131768.91943138864 -0.028930247440593058 
188087.77429467073 -110602.4166200906 -0.03621184545945391 
191222.57053291524 -85158.92133214517 -0.042093132388118536 
194357.36677115975 -56422.332846172125 -0.04634667901920072 
197492.16300940426 -25503.894266208852 -0.04880800081885257 
200626.95924764877 6400.779219239281 -0.04938191853926542 
203761.75548589329 38057.93474439408 -0.048046238797623333 
206896.5517241378 68243.39095634372 -0.04485261229361969 
210031.3479623823 95789.87707504739 -0.03992453647828913 
213166.14420062682 119632.17122300793 -0.03345257991089662 
216300.94043887133 138848.29252663133 -0.02568701297787516 
219435.73667711584 152695.1540918203 -0.016928129943711963 
222570.53291536035 160637.29815418494 -0.007514636579815516 
225705.32915360486 162367.60221639514 0.0021894475785570744 
228840.12539184937 157819.15546689177 0.011808865857940169 
231974.9216300939 147167.84621917328 0.02097163561213203 
235109.7178683384 130825.56031543916 0.02932343278112097 
238244.5141065829 109424.25351214877 0.03654129359295835 
241379.31034482742 83791.51376791464 0.04234610356413561 
244514.10658307193 54918.558439392684 0.046513390849156164 
247648.90282131644 23921.90393275595 0.04888200656076481 
250783.69905956095 -7999.809955710551 0.0493603563930847 
253918.49529780546 -39612.17140830109 0.0479299425709626 
257053.29153604998 -69692.73125768773 0.04464607915843685 
260188.0877742945 -97078.2750633465 0.03963575306536809 
263322.884012539 -120709.80458269807 0.03309271346704978 
266457.6802507835 -139673.4892046709 0.025269979528809446 
269592.476489028 -153236.00375485898 0.01647005616168886 
272727.27272727253 -160872.88616029688 0.007033236165668435 
275862.06896551704 -162288.81838371852 -0.0026755588837577247 
278996.86520376155 -157429.04636411832 -0.012280890143093586 
282131.66144200607 -146481.49735481638 -0.021411319710823842 
285266.4576802506 -129869.51278162713 -0.02971377412107763 
288401.2539184951 -108235.47764130755 -0.0368671976850599 
291536.0501567396 -82415.97949100395 -0.04259496770590392 
294670.8463949841 -53409.457629912984 -0.0466755914709209 
297805.6426332286 -22337.593478430554 -0.04895127136884379 
300940.43887147313 9598.064812213228 -0.049334006919212026 
304075.23510971764 41162.56619465815 -0.04780899774858445 
307210.03134796215 71135.31224919859 -0.044435215920582374 
310344.82758620667 98357.25769186072 -0.03934312548777515 
313479.6238244512 121775.73062436178 -0.03272963745027525 
316614.4200626957 140485.1393281168 -0.024850495212658984 
319749.2163009402 153761.99147163788 -0.016010384993388263 
322884.0125391847 161092.87153954364 -0.006551153616935559 
326018.8087774292 162194.29459673283 0.003161410693726343 
329153.60501567373 157023.66864320068 0.012751723337870816 
332288.40125391824 145780.9416455345 0.02184892718342812 
335423.19749216276 128900.86955442256 0.030101233602310474 
338557.99373040727 107036.20430372984 0.03718952612720067 
341692.7899686518 81032.45191076836 0.0428397006767623 
344827.5862068963 51895.17678134537 0.046833265153094536 
347962.3824451408 20751.116561227227 0.04901578852528282 
351097.1786833853 -11195.388778326043 0.04930287267321179 
354231.9749216298 -42708.968734860144 0.04768341606060057 
357366.77115987433 -72570.99401884292 0.04422004303111237 
360501.56739811884 -99626.7009155199 0.03904668212666888 
363636.36363636336 -122829.84596671216 0.03236338707433548 
366771.15987460787 -141283.16417721345 0.024428600714074995 
369905.9561128524 -154273.06622802455 0.015549161021075779 
373040.7523510969 -161297.2329561342 0.006068435689501797 
376175.5485893414 -162084.04002304314 -0.0036469558870076166 
379310.3448275859 -156603.06162063123 -0.013221319777431526 
382445.1410658304 -145066.24703633782 -0.022284415587577766 
385579.93730407493 -127919.72457991712 -0.030485773646170656 
388714.73354231945 -105826.54981369767 -0.037508247657615415 
391849.52978056396 -79641.06521181243 -0.04308027874072069 
394984.32601880847 -50375.862759700765 -0.046986396603332356 
398119.122257053 -19162.627049255614 -0.04907555177273706 
401253.9184952975 12791.626933908994 -0.049266956674710365 
404388.714733542 44251.22904750048 -0.04755320968683979 
407523.5109717865 73999.63732372122 -0.044000581359064345 
410658.307210031 100886.48161445263 -0.03874645173329053 
413793.10344827553 123872.04837394605 -0.03199399786086567 
416927.89968652005 142067.48635368553 -0.0240043369514659 
420062.69592476456 154769.17845626146 -0.015086428977619195 
423197.49216300907 161485.95058961044 -0.005585129200875479 
426332.2884012536 161958.06535594596 0.004132147371884399 
429467.0846394981 156167.26608994894 0.013689633916885172 
432601.8808777426 144337.4828435235 0.02271774268642831 
435736.6771159871 126926.17301671242 0.030867356957157508 
438871.4733542316 104606.63149233516 0.03782333136436332 
442006.26959247614 78241.95434097559 0.043316678564762214 
445141.06583072065 48851.66291914319 0.0471349709698285 
448275.86206896516 17572.27900582714 0.04913055531493053 
451410.65830720967 -14386.62446413315 0.04922626240710354 
454545.4545454542 -45789.19755291534 0.047418391255666756 
457680.2507836987 -75421.10360357897 0.043776852189433384 
460815.0470219432 -102136.47760593255 0.03844246342617522 
463949.8432601877 -124902.23676566978 0.031621505635928124 
467084.6394984322 -142838.0297882459 0.023577745073028268 
470219.43573667674 -155250.28003976328 0.014622233742149769 
473354.23197492125 -161659.00613675598 0.0051012810256478485 
476489.02821316576 -161816.38281338193 -0.004616938090944629 
479623.82445141027 -155716.32431778684 -0.014156620335707717 
482758.6206896548 -143594.71974796726 -0.023148866452754362 
485893.4169278993 -125920.31122669353 -0.031245946526536006 
489028.2131661438 -103376.5676562253 -0.0381347466883265 
492163.0094043883 -76835.25499424282 -0.04354887722110626 
495297.8056426328 -47322.7250877003 -0.047278973842756346 
498432.60188087734 -15980.226674503832 -0.04918079381721817 
501567.39811912185 15980.226674494777 -0.049180793817218425 
504702.19435736636 47322.725087691404 -0.04727897384275715 
507836.99059561087 76835.25499423526 -0.04354887722110762 
510971.7868338554 103376.56765621874 -0.0381347466883283 
514106.5830720999 125920.31122668643 -0.031245946526538157 
517241.3793103444 143594.7197479615 -0.02314886645275678 
520376.1755485889 155716.32431778387 -0.014156620335710293 
523510.9717868334 161816.38281338147 -0.0046169380909473 
526645.768025078 161659.00613675822 0.005101281025645131 
529780.5642633225 155250.28003976675 0.014622233742147096 
532915.360501567 142838.02978825028 0.02357774507302581 
536050.1567398115 124902.23676567498 0.03162150563592597 
539184.952978056 102136.47760593802 0.038442463426173495 
542319.7492163006 75421.10360358625 0.043776852189432114 
545454.5454545451 45789.19755292403 0.047418391255666 
548589.3416927896 14386.62446414219 0.049226262407103316 
551724.1379310341 -17572.279005818124 0.049130555314930824 
554858.9341692786 -48851.66291913417 0.04713497096982937 
557993.7304075231 -78241.95434096728 0.04331667856476357 
561128.5266457676 -104606.63149232845 0.03782333136436513 
564263.3228840121 -126926.17301670829 0.030867356957159697 
567398.1191222566 -144337.482843522 0.022717742686430793 
570532.9153605012 -156167.2660899483 0.013689633916887878 
573667.7115987457 -161958.06535594648 0.004132147371887265 
576802.5078369902 -161485.95058961227 -0.005585129200872599 
579937.3040752347 -154769.17845626516 -0.015086428977616435 
583072.1003134792 -142067.4863536911 -0.024004336951463378 
586206.8965517237 -123872.04837395356 -0.0319939978608635 
589341.6927899682 -100886.48161446076 -0.03874645173328879 
592476.4890282127 -73999.63732373029 -0.044000581359063096 
595611.2852664572 -44251.2290475095 -0.047553209686839036 
598746.0815047018 -12791.626933918058 -0.04926695667471015 
601880.8777429463 19162.62704924666 -0.049075551772737376 
605015.6739811908 50375.862759691605 -0.04698639660333321 
608150.4702194353 79641.06521180418 -0.043080278740722 
611285.2664576798 105826.54981369109 -0.037508247657617136 
614420.0626959243 127919.72457991145 -0.030485773646172817 
617554.8589341688 145066.24703633282 -0.022284415587580257 
620689.6551724133 156603.06162062823 -0.013221319777434274 
623824.4514106578 162084.04002304247 -0.0036469558870104567 
626959.2476489024 161297.23295613512 0.006068435689499016 
630094.0438871469 154273.06622802705 0.015549161021073203 
633228.8401253914 141283.16417721775 0.024428600714072685 
636363.6363636359 122829.84596671752 0.03236338707433342 
639498.4326018804 99626.70091552686 0.03904668212666718 
642633.2288401249 72570.99401885085 0.04422004303111112 
645768.0250783694 42708.96873486904 0.04768341606059983 
648902.8213166139 11195.388778334973 0.04930287267321158 
652037.6175548584 -20751.11656121768 0.04901578852528315 
655172.413793103 -51895.17678133717 0.04683326515309538 
658307.2100313475 -81032.45191076004 0.042839700676763674 
661442.006269592 -107036.20430372262 0.03718952612720253 
664576.8025078365 -128900.86955441756 0.030101233602312705 
667711.598746081 -145780.94164553206 0.021848927183430622 
670846.3949843255 -157023.66864319955 0.012751723337873454 
673981.19122257 -162194.2945967323 0.0031614106937290364 
677115.9874608145 -161092.8715395439 -0.0065511536169328855 
680250.783699059 -153761.99147163983 -0.01601038499338569 
683385.5799373036 -140485.13932812083 -0.024850495212656577 
686520.3761755481 -121775.7306243685 -0.03272963745027314 
689655.1724137926 -98357.2576918679 -0.03934312548777343 
692789.9686520371 -71135.31224920735 -0.044435215920581174 
695924.7648902816 -41162.56619466759 -0.04780899774858376 
699059.5611285261 -9598.06481222251 -0.04933400691921187 
702194.3573667706 22337.59347842213 -0.04895127136884416 
705329.1536050151 53409.457629904166 -0.04667559147092181 
708463.9498432596 82415.97949099602 -0.042594967705905325 
711598.7460815042 108235.47764130164 -0.036867197685061734 
714733.5423197487 129869.5127816223 -0.029713774121079825 
717868.3385579932 146481.49735481202 -0.02141131971082628 
721003.1347962377 157429.04636411535 -0.012280890143096218 
724137.9310344822 162288.8183837178 -0.0026755588837604834 
727272.7272727267 160872.88616029837 0.007033236165665657 
730407.5235109712 153236.0037548625 0.016470056161686186 
733542.3197492157 139673.48920467673 0.025269979528807055 
736677.1159874602 120709.80458270514 0.033092713467047744 
739811.9122257048 97078.27506335333 0.03963575306536644 
742946.7084639493 69692.73125769569 0.04464607915843568 
746081.5047021938 39612.17140830999 0.047929942570961954 
749216.3009404383 7999.809955719624 0.049360356393084566 
752351.0971786828 -23921.90393274718 0.048882006560765225 
755485.8934169273 -54918.55843938464 0.04651339084915711 
758620.6896551718 -83791.51376790722 0.04234610356413702 
761755.4858934163 -109424.25351214159 0.03654129359296019 
764890.2821316608 -130825.56031543243 0.029323432781123152 
768025.0783699054 -147167.84621916886 0.020971635612134536 
771159.8746081499 -157819.15546689005 0.011808865857942922 
774294.6708463944 -162367.60221639523 0.00218944757855992 
777429.4670846389 -160637.29815418762 -0.007514636579812754 
780564.2633228834 -152695.1540918243 -0.016928129943709378 
783699.0595611279 -138848.29252663578 -0.02568701297787284 
786833.8557993724 -119632.17122301334 -0.03345257991089462 
789968.6520376169 -95789.87707505438 -0.03992453647828748 
793103.4482758614 -68243.3909563518 -0.04485261229361851 
796238.244514106 -38057.934744402744 -0.04804623879762264 
799373.0407523505 -6400.779219248762 -0.0493819185392653 
802507.836990595 25503.89426619958 -0.048808000818853 
805642.6332288395 56422.332846162884 -0.04634667901920168 
808777.429467084 85158.921332137 -0.04209313238812 
811912.2257053285 110602.41662008344 -0.03621184545945583 
815047.021943573 131768.91943138296 -0.02893024744059537 
818181.8181818175 147839.92167147977 -0.020529917531128903 
821316.614420062 158193.95811589225 -0.01133569626277425 
824451.4106583066 162430.63845373061 -0.001703123924750102 
827586.2068965511 160386.1303702524 0.007995308169647816 
830721.0031347956 152139.49493806993 0.017384561912115803 
833855.7993730401 138009.6293275981 0.026101555112905662 
836990.5956112846 118542.93506204674 0.03380920187933898 
840125.3918495291 94492.18868521514 0.04020944771821311 
843260.1880877736 66787.43191277959 0.045054795295038606 
846394.9843260181 36500.006944161905 0.048157875149308894 
849529.7805642626 4801.127688483942 0.049398691266499824 
852664.5768025072 -27083.41104580825 0.04872926132072465 
855799.3730407517 -57920.635003220945 0.04617547214998584 
858934.1692789962 -86518.06956251863 0.04183607871284553 
862068.9655172407 -111769.85269826752 0.03587888523683354 
865203.7617554852 -132699.49863561796 0.028534256233480867 
868338.5579937297 -148497.65852896083 0.020086208308853323 
871473.3542319742 -158553.41796002668 0.010861427249031903 
874608.1504702187 -162477.92098201095 0.0012166350895495115 
877742.9467084632 -160119.407168582 -0.00847520431613097 
880877.7429467078 -151569.08018548644 -0.01783930779880129 
884012.5391849523 -137157.5809472443 -0.026513565728583256 
887147.3354231968 -117442.20174187957 -0.034162544784579196 
890282.1316614413 -93185.3357531264 -0.04049045915237146 
893416.9278996858 -65324.99533651405 -0.04525260855351249 
896551.7241379303 -34938.53910679952 -0.04826484079871225 
899686.5203761748 -3201.010509306353 -0.04941067294804649 
902821.3166144193 28660.301078507408 -0.04864579570311145 
905956.1128526638 59413.31959427822 -0.045999786846401436 
909090.9090909084 87868.82663893618 -0.041574967469255465 
912225.7053291529 112926.44852022134 -0.0355424452180063 
915360.5015673974 133617.20767377346 -0.028135497565897814 
918495.2978056419 149140.99299948945 -0.019640550979467424 
921630.0940438864 158524.10940679203 -0.01040322019690542 
924764.8902821309 176471.67110130866 -9.003156531278494e-05 
927899.6865203754 227865.66411945908 0.012072550694387393 
931034.4827586199 296014.54623566696 0.024940195602530357 
934169.2789968645 311803.41904607904 0.03496803873762119 
937304.075235109 230662.14906865844 0.039753296554814535 
940438.8714733535 98253.54699117113 0.041060176245731 
943573.667711598 10796.835457647603 0.04301391118854443 
946708.4639498425 13365.204693710722 0.04744998223100792 
949843.260188087 52269.15549139703 0.05174039459347971 
952978.0564263315 33400.841632265525 0.05147450738380646 
956112.852664576 -76479.39824268885 0.04510552703844042 
959247.6489028205 -212725.70239913752 0.03564819366141604 
962382.445141065 -278882.0528492689 0.027648044126545188 
965517.2413793096 -246299.3257941584 0.02261038968227433 
968652.0376175541 -182624.35727513622 0.017687013430303832 
971786.8338557986 -179332.77296588063 0.008988134151904862 
974921.6300940431 -254604.16486620018 -0.003977339413451854 
978056.4263322876 -333691.3775113713 -0.017415214913795243 
981191.2225705321 -327388.3685137953 -0.026857033429554686 
984326.0188087766 -226049.19287239684 -0.03148435963569711 
987460.8150470211 -110304.49186749905 -0.03463454917885005 
990595.6112852657 -67242.27712434677 -0.03997262619719611 
993730.4075235102 -100218.85208296888 -0.04736742664706065 
996865.2037617547 -126559.67337209279 -0.05284063814664219 
999999.9999999992 -61749.20837817607 -0.05281703576999494 
