#x u 
0.0 -221359.98849801868 0.016454150032269438 
3134.796238244514 -275843.3955977888 0.021721951423906177 
6269.592476489028 -456006.60421111167 0.019899944716031417 
9404.38871473354 -615312.9859513611 0.01745614559561596 
12539.184952978056 -750871.4399767863 0.014335199683194147 
15673.98119122257 -857393.4987868594 0.010659921923120723 
18808.777429467085 -930760.1721313962 0.006572425357038829 
21943.5736677116 -968134.3744674327 0.002230773287376916 
25078.369905956115 -968070.8465844879 -0.0021971427257339925 
28213.16614420063 -930572.0450951034 -0.006540095288719929 
31347.962382445145 -857088.0476445596 -0.010630142542750848 
34482.75862068966 -750460.4784383286 -0.014309122470493579 
37617.55485893417 -614812.6227104453 -0.017434769017068405 
40752.35109717868 -455389.979394394 -0.019886213514566597 
43887.14733542319 -278357.41782040126 -0.021568658670188208 
47021.943573667704 -90560.78238420383 -0.022417044375005517 
50156.739811912215 100737.83607165042 -0.022398563576626007 
53291.53605015673 288140.9251154109 -0.021513930927026057 
56426.33228840124 464401.61233294307 -0.01979735514697831 
59561.12852664575 622703.9016891182 -0.017315216175739216 
62695.92476489026 756926.2479112142 -0.01416349826058299 
65830.72100313478 861878.2764800034 -0.01046407824854031 
68965.51724137929 933501.4952728444 -0.006360012612001128 
72100.3134796238 969026.2363449361 -0.002010005458773836 
75235.10971786831 967078.7589142649 0.0024177285514960373 
78369.90595611282 927734.3718807097 0.0067519690636912225 
81504.70219435733 852514.5216329028 0.01082511111375097 
84639.49843260185 744327.9577572984 0.014479646408124549 
87774.29467084636 607358.2517698761 0.01757425416524742 
90909.09090909087 446902.0185181135 0.01998926598636426 
94043.88714733538 269164.09622725676 0.021631293429291078 
97178.68338557989 81017.6055729983 0.02243683933696334 
100313.4796238244 -110261.8337102388 0.022374753270792146 
103448.27586206891 -297277.4508487941 0.021447436097286852 
106583.07210031342 -472797.3569566885 0.01969074714661176 
109717.86833855794 -630034.201984385 0.017172617533252853 
112852.66457680245 -762907.6413626925 0.01399042326164731 
115987.46081504696 -866279.4627637609 0.010267219698710276 
119122.25705329147 -936152.2806336347 0.006146983026105267 
122257.05329153598 -969824.1149841356 0.0017890426851704798 
125391.84952978049 -965992.8768863514 -0.0026380798882932816 
128526.645768025 -924806.7202145022 -0.006963187983413586 
131661.44200626953 -847858.3125396105 -0.011019029786452408 
134796.23824451404 -738123.2467173596 -0.014648766003945879 
137931.03448275855 -599844.9747923692 -0.017712034833965485 
141065.83072100306 -438370.71382169076 -0.020090379753226348 
144200.62695924757 -259944.6691349827 -0.02169183022765819 
147335.42319749208 -71466.57108281633 -0.022454458210461582 
150470.2194357366 119775.13734946113 -0.02234877289796746 
153605.0156739811 306385.1444396884 -0.0213788611383914 
156739.81191222562 481147.2462504759 -0.019582229394263226 
159874.60815047013 637303.3970319958 -0.017028353368097517 
163009.40438871464 768815.0425033064 -0.013815991371231602 
166144.20062695915 870596.6303957859 -0.010069365333953478 
169278.99686520366 938712.26973248 -0.005933357197671829 
172413.79310344817 970527.9349722704 -0.0015679064875069614 
175548.58934169268 964813.3205105924 0.0028581746913481625 
178683.3855799372 921789.3865335928 0.007173730989725682 
181818.1818181817 843119.7884665278 0.011211883580258118 
184952.97805642622 731846.7034032724 0.014816476025856312 
188087.77429467073 592273.6130416844 0.017848093416988908 
191222.57053291524 429798.60046131717 0.02018946673003348 
194357.36677115975 250702.71831539058 0.021750140000310187 
197492.16300940426 61904.05112168444 0.02247010803724676 
200626.95924764877 -129299.94781370109 0.02232168490631166 
203761.75548589329 -315484.5065991069 0.02130919289709033 
206896.5517241378 -489381.41522423073 0.019468647083386376 
210031.3479623823 -644280.6465031678 0.016871888792714944 
213166.14420062682 -774488.4724969656 0.013632912703285625 
216300.94043887133 -875420.537585922 0.009897632549589521 
219435.73667711584 -942937.1106519047 0.005799642143139501 
222570.53291536035 -972636.9611525179 0.0014153443339102972 
225705.32915360486 -961044.5909420147 -0.003192384851615946 
228840.12539184937 -909260.6120192591 -0.007815463080195366 
231974.9216300939 -825505.797048089 -0.011990083875400275 
235109.7178683384 -721605.6636103735 -0.01516121898860123 
238244.5141065829 -604596.7611505293 -0.017067868803318655 
241379.31034482742 -472162.577898134 -0.01794989024234581 
244514.10658307193 -317870.54229731986 -0.018302775386247947 
247648.90282131644 -140640.23913807285 -0.018435891320731944 
250783.69905956095 51811.58188336554 -0.0183045206428477 
253918.49529780546 247351.99364744665 -0.017698726911942388 
257053.29153604998 434834.2846737706 -0.016477600158667904 
260188.0877742945 605701.0757470845 -0.014628431058439622 
263322.884012539 753145.422508298 -0.012213580922533659 
266457.6802507835 871465.6560328702 -0.00932643194077121 
269592.476489028 956086.3360719854 -0.006078630086642851 
272727.27272727253 1003735.1832039447 -0.0025957677705157767 
275862.06896551704 1012569.6177914123 0.000987472815498065 
278996.86520376155 982248.0124864458 0.004532527854289326 
282131.66144200607 913942.9029508524 0.007902310162832934 
285266.4576802506 810295.6459336785 0.01096651034986948 
288401.2539184951 675314.2780767484 0.013606635876561284 
291536.0501567396 514218.5252454992 0.015720593159783032 
294670.8463949841 333237.9558701206 0.017226635528235903 
297805.6426332286 139371.08370186924 0.018066524364028676 
300940.43887147313 -59885.26452550553 0.018207781188465524 
304075.23510971764 -256825.85118396778 0.01764494360394373 
307210.03134796215 -443834.98908308236 0.016399776524722333 
310344.82758620667 -613681.0398888852 0.014520430528272826 
313479.6238244512 -759796.0613838022 0.012079579873743074 
316614.4200626957 -876529.7896155954 0.009171612190310374 
319749.2163009402 -959368.1344524596 0.0059089785100990945 
322884.0125391847 -1005107.7393270413 0.0024178447897921338 
326018.8087774292 -1011979.8549487595 -0.001166786923521265 
329153.60501567373 -979718.7367913092 -0.004706299017876517 
332288.40125391824 -909571.9214263525 -0.008063818655760856 
335423.19749216276 -804251.984317834 -0.0111095106430595 
338557.99373040727 -667831.6446017331 -0.013725598152520961 
341692.7899686518 -505586.2731465874 -0.01581091715049983 
344827.5862068963 -323789.8941038588 -0.017284828407417605 
347962.3824451408 -129472.56856270382 -0.0180903358146021 
351097.1786833853 69851.45772330863 -0.01819629042227723 
354231.9749216298 266474.3300174367 -0.01759859496861327 
357366.77115987433 452792.64713517006 -0.016320362320731654 
360501.56739811884 621601.4847635847 -0.01441102170075482 
363636.36363636336 766373.0096907861 -0.011944407259115955 
366771.15987460787 881508.9109406834 -0.009015902909947013 
369905.9561128524 962556.8863078984 -0.00573875383768415 
373040.7523510969 1006382.8127643254 -0.0022396873088306513 
376175.5485893414 1011291.942912354 0.001345987868031119 
379310.3448275859 977094.4408211652 0.004879613730229172 
382445.1410658304 905112.7229770687 0.00822454506068995 
385579.93730407493 798130.3204735385 0.011251433454808314 
388714.73354231945 660284.2399386753 0.013843229219775396 
391849.52978056396 496904.9856001416 0.01589970768305221 
394984.32601880847 314310.4288300104 0.017341344877761674 
398119.122257053 119561.4962286942 0.01811239273234936 
401253.9184952975 -79810.87621682856 0.01818303484701146 
404388.714733542 -276096.9642251269 0.017550539493073614 
407523.5109717865 -461706.39005096734 0.016239365248865024 
410658.307210031 -629461.6421886213 0.014300215187152358 
413793.10344827553 -772875.6295487928 0.011808076188679104 
416927.89968652005 -886402.537096605 0.008859319201503665 
420062.69592476456 -965652.282369872 0.0055679725790293184 
423197.49216300907 -1007560.2798498676 0.002061312606644272 
426332.2884012536 -1010505.9484009295 -0.0015250582688118718 
429467.0846394981 -974375.3790993947 -0.005052455182021209 
432601.8808777426 -900565.7400886188 -0.008384473789200137 
435736.6771159871 -791931.2481244394 -0.011392265020405558 
438871.4733542316 -652672.7960899767 -0.013959517669604973 
442006.26959247614 -488175.50458080316 -0.01598695614588615 
445141.06583072065 -304800.4794363191 -0.017396179457888253 
448275.86206896516 -109638.8279479856 -0.018132692978029552 
451410.65830720967 89762.55406895584 -0.018168015748290724 
454545.4545454542 285692.8205337272 -0.017500781838095614 
457680.2507836987 470575.35331061576 -0.016156793164809797 
460815.0470219432 637260.749828551 -0.014188021734289938 
463949.8432601877 779303.2902862816 -0.011670599884814824 
467084.6394984322 891210.19346377 -0.008701876251611326 
470219.43573667674 968654.0224242714 -0.005396651297747697 
473354.23197492125 1008640.0263843138 -0.0018827379833138225 
476489.02821316576 1009621.9476459688 0.0017039807583087967 
479623.82445141027 971561.8153404511 0.005224806609826925 
482758.6206896548 895931.413760596 0.008543589330235836 
485893.4169278993 785655.3685018256 0.011531991680977951 
489028.2131661438 644998.0512690236 0.014074452223506945 
492163.0094043883 479398.67673736723 0.016072654077008836 
495297.8056426328 295260.9682670999 0.017449326829539494 
498432.60188087734 99705.52609338275 0.01815123458277671 
501567.39811912185 -99705.52609332676 0.0181512345827768 
504702.19435736636 -295260.96826704603 0.01744932682953976 
507836.99059561087 -479398.67673731776 0.016072654077009276 
510971.7868338554 -644998.0512689806 0.014074452223507568 
514106.5830720999 -785655.3685017903 0.011531991680978753 
517241.3793103444 -895931.4137605692 0.00854358933023677 
520376.1755485889 -971561.8153404349 0.005224806609827956 
523510.9717868334 -1009621.9476459633 0.0017039807583098445 
526645.768025078 -1008640.0263843196 -0.0018827379833128064 
529780.5642633225 -968654.0224242881 -0.005396651297746748 
532915.360501567 -891210.1934637969 -0.008701876251610452 
536050.1567398115 -779303.2902863178 -0.01167059988481408 
539184.952978056 -637260.7498285953 -0.014188021734289284 
542319.7492163006 -470575.35331066686 -0.016156793164809283 
545454.5454545451 -285692.8205337819 -0.017500781838095267 
548589.3416927896 -89762.55406901214 -0.018168015748290613 
551724.1379310341 109638.82794792973 -0.018132692978029656 
554858.9341692786 304800.47943626554 -0.017396179457888565 
557993.7304075231 488175.50458075426 -0.015986956145886667 
561128.5266457676 652672.7960899329 -0.013959517669605636 
564263.3228840121 791931.2481244038 -0.011392265020406335 
567398.1191222566 900565.7400885923 -0.008384473789201003 
570532.9153605012 974375.3790993787 -0.005052455182022171 
573667.7115987457 1010505.9484009242 -0.0015250582688128684 
576802.5078369902 1007560.2798498737 0.00206131260664328 
579937.3040752347 965652.2823698886 0.005567972579028312 
583072.1003134792 886402.5370966328 0.008859319201502715 
586206.8965517237 772875.6295488309 0.01180807618867826 
589341.6927899682 629461.6421886666 0.014300215187151676 
592476.4890282127 461706.39005101845 0.016239365248864563 
595611.2852664572 276096.9642251815 0.017550539493073385 
598746.0815047018 79810.87621688518 0.01818303484701144 
601880.8777429463 -119561.49622863781 0.018112392732349485 
605015.6739811908 -314310.4288299563 0.017341344877762017 
608150.4702194353 -496904.98560009187 0.015899707683052725 
611285.2664576798 -660284.239938632 0.01384322921977606 
614420.0626959243 -798130.3204735034 0.011251433454809081 
617554.8589341688 -905112.7229770434 0.00822454506069082 
620689.6551724133 -977094.4408211506 0.004879613730230133 
623824.4514106578 -1011291.9429123503 0.0013459878680321738 
626959.2476489024 -1006382.8127643322 -0.002239687308829583 
630094.0438871469 -962556.8863079165 -0.005738753837683155 
633228.8401253914 -881508.9109407121 -0.009015902909946132 
636363.6363636359 -766373.0096908228 -0.011944407259115195 
639498.4326018804 -621601.4847636285 -0.014411021700754225 
642633.2288401249 -452792.6471352207 -0.016320362320731228 
645768.0250783694 -266474.33001749194 -0.01759859496861304 
648902.8213166139 -69851.4577233663 -0.018196290422277196 
652037.6175548584 129472.56856264661 -0.018090335814602253 
655172.413793103 323789.89410380385 -0.017284828407417942 
658307.2100313475 505586.2731465373 -0.015810917150500335 
661442.006269592 667831.6446016899 -0.013725598152521609 
664576.8025078365 804251.9843177989 -0.011109510643060311 
667711.598746081 909571.9214263271 -0.0080638186557618 
670846.3949843255 979718.7367912947 -0.004706299017877566 
673981.19122257 1011979.8549487557 -0.0011667869235223271 
677115.9874608145 1005107.7393270485 0.0024178447897911237 
680250.783699059 959368.1344524777 0.005908978510098157 
683385.5799373036 876529.7896156237 0.009171612190309573 
686520.3761755481 759796.0613838399 0.012079579873742379 
689655.1724137926 613681.039888931 0.014520430528272246 
692789.9686520371 443834.9890831346 0.01639977652472192 
695924.7648902816 256825.8511840241 0.0176449436039435 
699059.5611285261 59885.264525563165 0.018207781188465482 
702194.3573667706 -139371.08370181246 0.018066524364028877 
705329.1536050151 -333237.95587006706 0.017226635528236292 
708463.9498432596 -514218.52524545044 0.015720593159783584 
711598.7460815042 -675314.2780767054 0.013606635876562002 
714733.5423197487 -810295.6459336434 0.010966510349870319 
717868.3385579932 -913942.9029508275 0.007902310162833867 
721003.1347962377 -982248.0124864321 0.0045325278542903275 
724137.9310344822 -1012569.6177914102 0.0009874728154991045 
727272.7272727267 -1003735.1832039533 -0.0025957677705147324 
730407.5235109712 -956086.3360720047 -0.006078630086641839 
733542.3197492157 -871465.6560329001 -0.009326431940770243 
736677.1159874602 -753145.4225083374 -0.01221358092253279 
739811.9122257048 -605701.0757471318 -0.014628431058438932 
742946.7084639493 -434834.2846738251 -0.01647760015866742 
746081.5047021938 -247157.57966219497 -0.017689815416864138 
749216.3009404383 -49752.11278120026 -0.01821011926149381 
752351.0971786828 151235.96145389098 -0.01795020749960561 
755485.8934169273 353002.3446264177 -0.016692413441153124 
758620.6896551718 555966.5753273417 -0.014108505532204635 
761755.4858934163 756160.3883756348 -0.010120536717785098 
764890.2821316608 933988.537390089 -0.005426070916194331 
768025.0783699054 1055304.0392636373 -0.0014566549084892664 
771159.8746081499 1094177.6273222326 0.0006607124844546265 
774294.6708463944 1059361.6628423154 0.0013142461961746506 
777429.4670846389 992091.2871280144 0.0023070864063735605 
780564.2633228834 928947.4295295072 0.005158386966632493 
783699.0595611279 865352.6342000066 0.009436142748191021 
786833.8557993724 760774.2718044515 0.01300428492336707 
789968.6520376169 583740.2633609205 0.014096855270652986 
793103.4482758614 350191.5797936456 0.013088501481360945 
796238.244514106 113731.10294076861 0.01206127556848505 
799373.0407523505 -83051.1343070187 0.012587994091271594 
802507.836990595 -245374.58963210363 0.014060235680137152 
805642.6332288395 -412615.7738436918 0.014328413651230566 
808777.429467084 -608797.3790786864 0.011984569679682257 
811912.2257053285 -809613.3058621689 0.007885736029295324 
815047.021943573 -960970.2886319313 0.0043139718013619575 
818181.8181818175 -1029799.2014981995 0.0026549237106116104 
821316.614420062 -1033931.4586585719 0.002033393363371783 
824451.4106583066 -1019834.4370328786 0.000336131802857327 
827586.2068965511 -1011781.4736528392 -0.0034588749089170187 
830721.0031347956 -985985.6041039823 -0.00810025936728775 
833855.7993730401 -896884.9305892474 -0.011274361247231163 
836990.5956112846 -727863.832893098 -0.011938881027044634 
840125.3918495291 -512965.6877232015 -0.011328995460543499 
843260.1880877736 -306627.50940029626 -0.011582641435223688 
846394.9843260181 -133072.86434150813 -0.013434620251658296 
849529.7805642626 31680.581839260194 -0.015406387071486826 
852664.5768025072 226595.67061720474 -0.015343692980524997 
855799.3730407517 456443.4710582937 -0.01268477189602265 
858934.1692789962 678702.84182616 -0.009074101410994951 
862068.9655172407 840591.7997012206 -0.006676747728469019 
865203.7617554852 927566.0068663439 -0.005965140585030502 
868338.5579937297 972564.7256676217 -0.005302771334092111 
871473.3542319742 1016544.582427185 -0.002758132949585013 
874608.1504702187 1062008.0656338586 0.0017630380692040838 
877742.9467084632 1068514.9167967043 0.0063128046624476445 
880877.7429467078 994938.7532194257 0.008841621275846204 
884012.5391849523 844026.9624650866 0.009247215677039428 
887147.3354231968 662369.0899539825 0.009381964643817759 
890282.1316614413 495726.13518162974 0.01101624110621493 
893416.9278996858 346542.32903543534 0.013903503712969298 
896551.7241379303 178084.83574754474 0.015983917610612172 
899686.5203761748 -39430.830101587526 0.01551318189440563 
902821.3166144193 -289535.67847248726 0.01287884495011233 
905956.1128526638 -518645.0638290858 0.010195653080199174 
909090.9090909084 -684317.5367796385 0.009106678403710999 
912225.7053291529 -792190.4855949831 0.009101964790787004 
915360.5015673974 -883069.8802728549 0.008120032115776797 
918495.2978056419 -984048.7697054591 0.004795880230911067 
921630.0940438864 -1075294.7223399004 -1.1861916514074866e-05 
924764.8902821309 -1107592.1620152236 -0.0040230863833472215 
927899.6865203754 -1052292.9041719025 -0.005826760201587244 
931034.4827586199 -931213.743263818 -0.00625514726120868 
934169.2789968645 -795074.1296530216 -0.007401928040108448 
937304.075235109 -673121.6682992314 -0.010322086864506114 
940438.8714733535 -546805.054868822 -0.013836185596807394 
943573.667711598 -374982.86037078215 -0.015698602854432874 
946708.4639498425 -143913.35398840607 -0.014902866974186876 
949843.260188087 110801.73005614182 -0.012702070809684954 
952978.0564263315 333658.3320795409 -0.011274005389770041 
956112.852664576 499401.7882202365 -0.011436487285001233 
959247.6489028205 631472.1758933424 -0.011815005957548225 
962382.445141065 769687.7556816112 -0.010335645036987202 
965517.2413793096 921468.6620045359 -0.006470496130325004 
968652.0376175541 1048153.5533187145 -0.0018721341583444913 
971786.8338557986 1100997.4348744648 0.001271817109265498 
974921.6300940431 1069155.7856808591 0.0024363610614566815 
978056.4263322876 989331.4617798107 0.0032023995772935054 
981191.2225705321 907036.7087407372 0.005484995732147982 
984326.0188087766 830230.2848448261 0.009414821925158096 
987460.8150470211 724014.669883137 0.013104147466389228 
990595.6112852657 551822.8086137983 0.014545802090608965 
993730.4075235102 319544.21031201753 0.013653038446365878 
996865.2037617547 78320.46950687551 0.012191423155392562 
999999.9999999992 -221359.98849823797 0.016454150032259383 
