#x u 
0.0 -37183.82360111785 0.046112120635263765 
3134.796238244514 -122267.29352469457 0.0441704196933031 
6269.592476489028 -195886.8103646431 0.04082915803590427 
9404.38871473354 -264258.1991704258 0.0358028619772323 
12539.184952978056 -322438.6423803561 0.029396898314198394 
15673.98119122257 -368296.3827305953 0.021860900234615708 
18808.777429467085 -399402.1022466358 0.01345616141613044 
21943.5736677116 -412161.65528960276 0.004398084282141765 
25078.369905956115 -407673.5399968921 -0.004890086027536706 
28213.16614420063 -405509.72582564823 -0.013159997018748818 
31347.962382445145 -423660.94178488373 -0.0192710327956964 
34482.75862068966 -421802.20270549576 -0.0248031115861834 
37617.55485893417 -357680.34092877706 -0.03148239188935777 
40752.35109717868 -279726.9899862129 -0.036944248944718566 
43887.14733542319 -190956.6038626187 -0.040977472886801994 
47021.943573667704 -94801.93100239834 -0.0434260990542193 
50156.739811912215 5018.729980502445 -0.044195439138918935 
53291.53605015673 104645.31681000825 -0.04325574278051283 
56426.33228840124 200225.2720523389 -0.04064334801191253 
59561.12852664575 288062.5214083758 -0.0364592760685736 
62695.92476489026 364760.40080742753 -0.030865324900037086 
65830.72100313478 427353.0053155052 -0.024077812447571373 
68965.51724137929 473419.8805993701 -0.016359211635200044 
72100.3134796238 501179.6218305131 -0.008008000548787657 
75235.10971786831 509558.7605619736 0.0006528797035146999 
78369.90595611282 498233.27572431683 0.009288513115237786 
81504.70219435733 467641.1235116781 0.017564959974558696 
84639.49843260185 418965.3016275106 0.025162170303977643 
87774.29467084636 354088.1027952031 0.03178636018434163 
90909.09090909087 275518.32654908043 0.03718137237109859 
94043.88714733538 186294.26402387396 0.041138581888056205 
97178.68338557989 89866.20731823663 0.04350496354960135 
100313.4796238244 -10036.973207934403 0.044189009440513044 
103448.27586206891 -109552.02425004415 0.04316426752458348 
106583.07210031342 -204830.70146021096 0.04047036454414676 
109717.86833855794 -292188.5809527202 0.03621147365501844 
112852.66457680245 -368247.5358766129 0.03055228605336144 
115987.46081504696 -430066.3684901737 0.02371164237155873 
119122.25705329147 -475254.5461985171 0.015954070116843643 
122257.05329153598 -502064.6433847543 0.00757955439970825 
125391.84952978049 -509459.914311604 -0.0010880624822529402 
128526.645768025 -497154.38405118015 -0.009713604017282901 
131661.44200626953 -465623.90712776396 -0.017963520746159166 
134796.23824451404 -416087.76623614266 -0.025518788610812772 
137931.03448275855 -350461.5226125896 -0.03208724560607541 
141065.83072100306 -271282.94133336603 -0.037414889676563264 
144200.62695924757 -181613.85600746248 -0.04129570096932864 
147335.42319749208 -84921.76775326885 -0.04357960861603361 
150470.2194357366 15054.242976434693 -0.04417829396939337 
153605.0156739811 114448.10653504086 -0.04306860588289191 
156739.81191222562 209416.2648913986 -0.0402934559649952 
159874.60815047013 296286.3019155167 -0.03596015918840575 
163009.40438871464 371698.955611574 -0.03023628402295375 
166144.20062695915 432738.0206889546 -0.02334317256737472 
169278.99686520366 477043.11814243207 -0.015547381256303141 
172413.79310344817 502900.9710448247 -0.0071503731301126834 
175548.58934169268 509311.65691970347 0.0015231397327488134 
178683.3855799372 496027.2747166677 0.01013775282310149 
181818.1818181817 463561.53113829705 0.018360339284384575 
184952.97805642622 413169.8756157777 0.02587293191924211 
188087.77429467073 346800.9521131553 0.032385018972494524 
191222.57053291524 267021.24511764507 0.037644778212899715 
194357.36677115975 176915.83375352074 0.041448814892063854 
197492.16300940426 79969.09185533869 0.04365002701389262 
200626.95924764877 -20070.052674555704 0.0441632937648245 
203761.75548589329 -119333.08880719956 0.04296876713340249 
206896.5517241378 -213981.51760448434 0.040112639432343326 
210031.3479623823 -300355.2868698742 0.035705357043047 
213166.14420062682 -375114.3252684297 0.02991734945699766 
216300.94043887133 -435367.70279551717 0.022972438771910794 
219435.73667711584 -478785.42296235135 0.01513918449723307 
222570.53291536035 -503688.52369756345 0.006720498365133475 
225705.32915360486 -509114.00276535796 -0.001958069258034518 
228840.12539184937 -494852.0570360708 -0.010560918395645956 
231974.9216300939 -461454.1955675575 -0.018755377102876333 
235109.7178683384 -410211.91276475054 -0.02622456588186243 
238244.5141065829 -343106.7463257512 -0.03267965140336413 
241379.31034482742 -262733.6512323264 -0.03787101568383945 
244514.10658307193 -172200.6529105425 -0.0415979088061559 
247648.90282131644 -75008.65997110873 -0.04371621191348811 
250783.69905956095 25083.915832457096 -0.04414401028163578 
253918.49529780546 124206.49728527803 -0.042864760959205904 
257053.29153604998 218526.01682793617 -0.03992793248309837 
260188.0877742945 304395.14117592777 -0.0354470919315143 
263322.884012539 378493.3135996997 -0.029595513288095582 
266457.6802507835 437955.15976409276 -0.02259947694163674 
269592.476489028 480481.2916768334 -0.014729519429534963 
272727.27272727253 504427.2249603645 -0.006289971797163468 
275862.06896551704 508866.971018509 0.002392808875469736 
278996.86520376155 493628.844990581 0.010983059693230138 
282131.66144200607 459302.10480033234 0.019148595887983032 
285266.4576802506 407214.1645678894 0.026573656394645057 
288401.2539184951 339379.2635414199 0.032971114323080294 
291536.0501567396 258420.5755195652 0.038093580147221015 
294670.8463949841 167468.77079118625 0.041742968251388596 
297805.6426332286 70040.95319947392 0.043778156895725374 
300940.43887147313 -30095.346169090466 0.044120445390080115 
304075.23510971764 -129067.85931054648 0.04275659744758017 
307210.03134796215 -223049.32180304307 0.0397393530314887 
310344.82758620667 -308405.4730191149 0.0351853889022436 
313479.6238244512 -381835.59288642765 0.029270806730268627 
316614.4200626957 -440500.1406442168 0.022224323249113498 
319749.2163009402 -482130.5598081518 0.01431842578551753 
322884.0125391847 -505117.0031885882 0.005858835181811882 
326018.8087774292 -508570.5856380996 -0.0028273164208328467 
329153.60501567373 -492357.7572162287 -0.011404135773509261 
332288.40125391824 -457105.46756209305 -0.019539957502476345 
335423.19749216276 -404176.9217687001 -0.0269201696002437 
338557.99373040727 -335618.8652786543 -0.033259379463441374 
341692.7899686518 -254082.43629292736 -0.038312450017118097 
344827.5862068963 -162720.6463279208 -0.04188397915883807 
347962.3824451408 -65066.453344901965 -0.043835855952727834 
351097.1786833853 35103.85763935586 -0.044092601375652817 
354231.9749216298 133916.70339262736 -0.04264428708901231 
357366.77115987433 227550.993826668 -0.03954691936732612 
360501.56739811884 312385.8934481799 -0.03492027333710496 
363636.36363636336 385140.83896997233 -0.02894326127592899 
366771.15987460787 443002.39860506577 -0.02184701407948466 
369905.9561128524 483733.06739824417 -0.01390594343604341 
373040.7523510969 505757.7914825056 -0.005427130333855172 
376175.5485893414 508224.87536974694 0.0032615497524100365 
379310.3448275859 491038.9169923872 0.011824105797451214 
382445.1410658304 454864.4968987561 0.019929423989250083 
385579.93730407493 401100.47894115944 0.027264071891278274 
388714.73354231945 331825.9162483258 0.033544418866389814 
391849.52978056396 249719.65429682564 0.038527604065932926 
394984.32601880847 157956.74002852084 0.04202092785223703 
398119.122257053 60085.64287070194 0.043889303488419726 
401253.9184952975 -40108.96448125087 0.044060480938869606 
404388.714733542 -138752.5592552261 0.042527840776180666 
407523.5109717865 -232030.59629379923 0.039350650154232066 
410658.307210031 -316336.0164128923 0.034651770948941264 
413793.10344827553 -388408.7312834373 0.02861290869282607 
416927.89968652005 -445461.69095939444 0.021467586026948027 
420062.69592476456 -485288.6590242246 0.013492112386662024 
423197.49216300907 -506349.5276937897 0.00499489912318083 
426332.2884012536 -507829.87374295597 -0.003695466755083132 
429467.0846394981 -489672.4522298076 -0.012242929033297508 
432601.8808777426 -452579.4101560137 -0.020316957575001324 
435736.6771159871 -397985.1344611507 -0.027605329913593997 
438871.4733542316 -328000.78431832336 -0.03382620488672338 
442006.26959247614 -245332.65266570536 -0.03873902142645519 
445141.06583072065 -153177.51393139426 -0.04215380104930155 
448275.86206896516 -55099.004852231374 -0.043938494319068884 
451410.65830720967 45110.18126297732 -0.044024087195004925 
454545.4545454542 143574.95788174027 -0.04240726980289877 
457680.2507836987 236487.69473988432 -0.03915056442782768 
460815.0470219432 320255.45880148927 -0.03437990777907425 
463949.8432601877 391638.9528827721 -0.028279781020964897 
467084.6394984322 447877.77918707975 -0.021086075891205817 
470219.43573667674 486797.18381346273 -0.013076972773729273 
473354.23197492125 506892.1544315445 -0.00456218347072679 
476489.02821316576 507385.6190678694 0.004129025344413526 
479623.82445141027 488258.4954582202 0.012660564860513089 
482758.6206896548 450250.4289582612 0.020702520673893724 
485893.4169278993 394831.1904775251 0.027943910569496702 
489028.2131661438 324143.84047786304 0.034104710194776934 
492163.0094043883 240921.85688300946 0.03894668159388606 
495297.8056426328 148383.43156077396 0.042282585863019015 
498432.60188087734 50107.02293005014 0.04398342367378944 
501567.39811912185 -50107.02293002253 0.043983423673789664 
504702.19435736636 -148383.43156074762 0.04228258586301971 
507836.99059561087 -240921.85688298414 0.038946681593887214 
510971.7868338554 -324143.84047784086 0.03410471019477853 
514106.5830720999 -394831.19047750684 0.02794391056949868 
517241.3793103444 -450250.4289582475 0.02070252067389596 
520376.1755485889 -488258.49545821367 0.012660564860515481 
523510.9717868334 -507385.61906786915 0.004129025344416002 
526645.768025078 -506892.15443155053 -0.004562183470724309 
529780.5642633225 -486797.1838134732 -0.013076972773726846 
532915.360501567 -447877.77918709494 -0.02108607589120355 
536050.1567398115 -391638.95288279094 -0.028279781020962864 
539184.952978056 -320255.45880151354 -0.03437990777907262 
542319.7492163006 -236487.69473991077 -0.039150564427826474 
545454.5454545451 -143574.95788176803 -0.042407269802898044 
548589.3416927896 -45110.18126300578 -0.044024087195004676 
551724.1379310341 55099.00485220284 -0.04393849431906912 
554858.9341692786 153177.51393136597 -0.0421538010493023 
557993.7304075231 245332.6526656801 -0.038739021426456445 
561128.5266457676 328000.7843183009 -0.033826204886725005 
564263.3228840121 397985.13446113304 -0.027605329913595877 
567398.1191222566 452579.41015600075 -0.020316957575003416 
570532.9153605012 489672.4522298004 -0.012242929033299812 
573667.7115987457 507829.87374295376 -0.003695466755085579 
576802.5078369902 506349.5276937933 0.004994899123178313 
579937.3040752347 485288.6590242336 0.013492112386659592 
583072.1003134792 445461.6909594083 0.021467586026945814 
586206.8965517237 388408.73128345463 0.028612908692824242 
589341.6927899682 316336.01641291374 0.03465177094893981 
592476.4890282127 232030.59629382368 0.03935065015423096 
595611.2852664572 138752.55925525376 0.04252784077618002 
598746.0815047018 40108.96448127997 0.04406048093886939 
601880.8777429463 -60085.642870672506 0.043889303488420024 
605015.6739811908 -157956.7400284934 0.04202092785223781 
608150.4702194353 -249719.65429680148 0.0385276040659341 
611285.2664576798 -331825.91624830477 0.03354441886639136 
614420.0626959243 -401100.4789411421 0.027264071891280196 
617554.8589341688 -454864.4968987424 0.019929423989252328 
620689.6551724133 -491038.91699237935 0.011824105797453677 
623824.4514106578 -508224.8753697447 0.003261549752412579 
626959.2476489024 -505757.7914825089 -0.0054271303338526726 
630094.0438871469 -483733.06739825226 -0.013905943436041119 
633228.8401253914 -443002.3986050794 -0.021847014079482585 
636363.6363636359 -385140.8389699903 -0.028943261275927164 
639498.4326018804 -312385.89344820235 -0.034920273337103444 
642633.2288401249 -227550.99382669426 -0.039546919367324976 
645768.0250783694 -133916.70339265547 -0.042644287089011634 
648902.8213166139 -35103.85763938497 -0.04409260137565264 
652037.6175548584 65066.45334487438 -0.043835855952728126 
655172.413793103 162720.64632789456 -0.041883979158838826 
658307.2100313475 254082.43629290326 -0.038312450017119304 
661442.006269592 335618.8652786316 -0.03325937946344303 
664576.8025078365 404176.9217686822 -0.02692016960024572 
667711.598746081 457105.46756208024 -0.019539957502478646 
670846.3949843255 492357.75721622084 -0.011404135773511695 
673981.19122257 508570.5856380975 -0.00282731642083524 
677115.9874608145 505117.00318859203 0.005858835181809517 
680250.783699059 482130.5598081614 0.014318425785515211 
683385.5799373036 440500.1406442311 0.022224323249111312 
686520.3761755481 381835.5928864474 0.02927080673026671 
689655.1724137926 308405.47301913827 0.03518538890224207 
692789.9686520371 223049.32180306886 0.0397393530314876 
695924.7648902816 129067.85931057324 0.04275659744757955 
699059.5611285261 30095.34616911783 0.04412044539007999 
702194.3573667706 -70040.95319944594 0.043778156895725694 
705329.1536050151 -167468.77079115846 0.041742968251389456 
708463.9498432596 -258420.5755195396 0.038093580147222285 
711598.7460815042 -339379.26354139973 0.03297111432308192 
714733.5423197487 -407214.1645678736 0.02657365639464699 
717868.3385579932 -459302.1048003198 0.019148595887985183 
721003.1347962377 -493628.84499057324 0.010983059693232483 
724137.9310344822 -508866.9710185077 0.0023928088754722123 
727272.7272727267 -504427.2249603691 -0.006289971797160972 
730407.5235109712 -480481.2916768434 -0.014729519429532555 
733542.3197492157 -437955.1597641087 -0.02259947694163458 
736677.1159874602 -378493.31359971967 -0.029595513288093747 
739811.9122257048 -304395.14117594995 -0.03544709193151288 
742946.7084639493 -218526.0168279612 -0.03992793248309735 
746081.5047021938 -124206.49728530542 -0.04286476095920527 
749216.3009404383 -25083.915832486004 -0.044144010281635664 
752351.0971786828 75008.6599710799 -0.04371621191348848 
755485.8934169273 172200.65291051607 -0.04159790880615671 
758620.6896551718 262733.65123230265 -0.03787101568384069 
761755.4858934163 343106.7463257299 -0.032679651403365755 
764890.2821316608 410211.9127647333 -0.02622456588186441 
768025.0783699054 461454.1955675455 -0.018755377102878563 
771159.8746081499 494852.05703606457 -0.010560918395648416 
774294.6708463944 509114.0027653562 -0.0019580692580370264 
777429.4670846389 503688.5236975674 0.006720498365131104 
780564.2633228834 478785.42296236026 0.015139184497230828 
783699.0595611279 435367.70279553183 0.022972438771908715 
786833.8557993724 375114.3252684489 0.029917349456995847 
789968.6520376169 300355.2868698973 0.035705357043045526 
793103.4482758614 213981.51760451047 0.040112639432342286 
796238.244514106 119333.0888072277 0.0429687671334019 
799373.0407523505 20070.052674583552 0.04416329376482439 
802507.836990595 -79969.09185531088 0.04365002701389301 
805642.6332288395 -176915.83375349452 0.04144881489206472 
808777.429467084 -267021.24511762056 0.03764477821290101 
811912.2257053285 -346800.95211313444 0.03238501897249622 
815047.021943573 -413169.8756157607 0.02587293191924417 
818181.8181818175 -463561.5311382847 0.01836033928438687 
821316.614420062 -496027.2747166611 0.010137752823103835 
824451.4106583066 -509311.6569197027 0.0015231397327512331 
827586.2068965511 -502900.97104482946 -0.007150373130110266 
830721.0031347956 -477043.1181424418 -0.015547381256300827 
833855.7993730401 -432738.0206889699 -0.0233431725673726 
836990.5956112846 -371698.9556115934 -0.0302362840229519 
840125.3918495291 -296286.30191554053 -0.0359601591884043 
843260.1880877736 -209416.26489142326 -0.040293455964994215 
846394.9843260181 -114448.106535069 -0.04306860588289138 
849529.7805642626 -15054.242976463021 -0.0441782939693933 
852664.5768025072 84921.76775323994 -0.043579608616034035 
855799.3730407517 181613.85600743542 -0.041295700969329545 
858934.1692789962 271282.9413333414 -0.03741488967656466 
862068.9655172407 350461.5226125674 -0.032087245606077175 
865203.7617554852 416087.7662361256 -0.025518788610814767 
868338.5579937297 465623.9071277522 -0.017963520746161424 
871473.3542319742 497154.38405117387 -0.009713604017285327 
874608.1504702187 509459.91431160236 -0.001088062482255428 
877742.9467084632 502064.6433847589 0.007579554399705752 
880877.7429467078 475254.5461985278 0.015954070116841263 
884012.5391849523 430066.3684901885 0.023711642371556593 
887147.3354231968 368247.53587663156 0.030552286053359693 
890282.1316614413 292188.5809527432 0.036211473655017055 
893416.9278996858 204830.70146023703 0.04047036454414577 
896551.7241379303 109552.0242500722 0.04316426752458298 
899686.5203761748 10036.973207963554 0.04418900944051303 
902821.3166144193 -89866.20731820697 0.04350496354960183 
905956.1128526638 -186294.2640238461 0.04113858188805715 
909090.9090909084 -275518.3265490562 0.03718137237109996 
912225.7053291529 -354088.102795182 0.03178636018434335 
915360.5015673974 -418965.30162749416 0.025162170303979704 
918495.2978056419 -467641.12351166643 0.017564959974561055 
921630.0940438864 -498233.2757243104 0.009288513115240277 
924764.8902821309 -509558.760561974 0.0006528797035172338 
927899.6865203754 -501179.6218305198 -0.008008000548785178 
931034.4827586199 -473419.8805993806 -0.01635921163519774 
934169.2789968645 -427353.0053155208 -0.02407781244756929 
937304.075235109 -364760.4008074473 -0.03086532490003528 
940438.8714733535 -288062.52140839957 -0.03645927606857216 
943573.667711598 -200225.27205236547 -0.040643348011911516 
946708.4639498425 -104645.31681003686 -0.04325574278051229 
949843.260188087 -5018.7299805316725 -0.044195439138918914 
952978.0564263315 94801.93100236918 -0.043426099054219756 
956112.852664576 190956.60386259103 -0.04097747288680297 
959247.6489028205 279726.98998618725 -0.036944248944720016 
962382.445141065 357680.3409287551 -0.03148239188935964 
965517.2413793096 421802.20270547795 -0.02480311158618559 
968652.0376175541 468434.72713640775 -0.017218704270323335 
971786.8338557986 545182.917849145 -0.006757695449441386 
974921.6300940431 652690.2010850024 0.006340920660751655 
978056.4263322876 696174.7581756243 0.017416599202541787 
981191.2225705321 606059.5084848717 0.02292886706814642 
984326.0188087766 432460.8376830036 0.024802053034162247 
987460.8150470211 294301.6406838511 0.028107163242112362 
990595.6112852657 254291.6599411638 0.035346003075119155 
993730.4075235102 256010.43896442303 0.043581467018057034 
996865.2037617547 187770.04839383965 0.04733094322998902 
999999.9999999992 -37183.82360115954 0.046112120635261857 
