#x u 
0.0 9.650191254473064e+22 4423428269775432.0 
3134.796238244514 -2.414976972696777e+21 -110697053873746.58 
6269.592476489028 5.943104127066997e+19 2724183812803.2036 
9404.38871473354 -2.4914452087208166e+18 -114202183960.16602 
12539.184952978056 -9.675723556347643e+17 -44351316964.85265 
15673.98119122257 -1.0314555661184111e+18 -47279578091.88155 
18808.777429467085 -1.056265113698032e+18 -48416791347.43777 
21943.5736677116 -1.0827126923181156e+18 -49629088221.52536 
25078.369905956115 -1.1097964131824585e+18 -50870544409.92105 
28213.16614420063 -1.1375582770867208e+18 -52143085133.62354 
31347.962382445145 -1.1660145953719823e+18 -53447458067.2903 
34482.75862068966 -1.195182756325302e+18 -54784460250.10511 
37617.55485893417 -1.2250805664645614e+18 -56154907892.79518 
40752.35109717868 -1.2557262781627543e+18 -57559637642.9169 
43887.14733542319 -1.2871386003796626e+18 -58999507076.075676 
47021.943573667704 -1.3193367100768297e+18 -60475395220.73595 
50156.739811912215 -1.3523402639336136e+18 -61988203094.439415 
53291.53605015673 -1.3861694103448586e+18 -63538854253.98687 
56426.33228840124 -1.4208448017261652e+18 -65128295359.04013 
59561.12852664575 -1.456387607118064e+18 -66757496750.231186 
62695.92476489026 -1.4928195251113344e+18 -68427453041.465164 
65830.72100313478 -1.5301627970895424e+18 -70139183727.31912 
68965.51724137929 -1.568440220809338e+18 -71893733805.33875 
72100.3134796238 -1.607675164324415e+18 -73692174413.71992 
75235.10971786831 -1.6478915802440863e+18 -75535603485.57018 
78369.90595611282 -1.6891140203556634e+18 -77425146419.21036 
81504.70219435733 -1.7313676506174612e+18 -79361956765.02185 
84639.49843260185 -1.7746782665234289e+18 -81347216929.63309 
87774.29467084636 -1.8190723088474153e+18 -83382138897.93683 
90909.09090909087 -1.8645768797838566e+18 -85467964973.05167 
94043.88714733538 -1.911219759496799e+18 -87605968534.58342 
97178.68338557989 -1.9590294230804122e+18 -89797454815.9696 
100313.4796238244 -2.008035057940107e+18 -92043761701.43669 
103448.27586206891 -2.058266581609926e+18 -94346260542.82664 
106583.07210031342 -2.1097546600189522e+18 -96706356996.70337 
109717.86833855794 -2.162530726213595e+18 -99125491882.44954 
112852.66457680245 -2.216626999546864e+18 -101605142061.89009 
115987.46081504696 -2.2720765053474176e+18 -104146821340.93216 
119122.25705329147 -2.3289130950803343e+18 -106752081393.773 
122257.05329153598 -2.38717146701323e+18 -109422512710.18086 
125391.84952978049 -2.4468871874001925e+18 -112159745566.43333 
128526.645768025 -2.5080967121951135e+18 -114965451020.56755 
131661.44200626953 -2.570837409307519e+18 -117841341932.55841 
134796.23824451404 -2.635147581415076e+18 -120789174010.01868 
137931.03448275855 -2.7010664893466803e+18 -123810746880.06087 
141065.83072100306 -2.7686343760505815e+18 -126907905187.96957 
144200.62695924757 -2.837892491162578e+18 -130082539723.33078 
147335.42319749208 -2.908883116189305e+18 -133336588574.3113 
150470.2194357366 -2.9816495903209124e+18 -136672038310.8368 
153605.0156739811 -3.0562363368888955e+18 -140090925197.3951 
156739.81191222562 -3.132688890486101e+18 -143595336436.1607 
159874.60815047013 -3.211053924765218e+18 -147187411441.216 
163009.40438871464 -3.291379280932104e+18 -150869343144.67017 
166144.20062695915 -3.373713996952264e+18 -154643379335.43414 
169278.99686520366 -3.45810833748888e+18 -158511824031.4439 
172413.79310344817 -3.5446138245896274e+18 -162477038886.2129 
175548.58934169268 -3.6332832691401226e+18 -166541444630.6191 
178683.3855799372 -3.724170803103807e+18 -170707522550.7732 
181818.1818181817 -3.8173319125689564e+18 -174977816002.82825 
184952.97805642622 -3.912823471622857e+18 -179354931965.66098 
188087.77429467073 -4.010703777073147e+18 -183841542632.40204 
191222.57053291524 -4.111032584037524e+18 -188440387041.7875 
194357.36677115975 -4.2138711424237245e+18 -193154272750.3222 
197492.16300940426 -4.3192822343219676e+18 -197986077546.2739 
200626.95924764877 -4.4273302123328174e+18 -202938751206.54358 
203761.75548589329 -4.53808103885398e+18 -208015317297.4764 
206896.5517241378 -4.65160232634993e+18 -213218875020.71918 
210031.3479623823 -4.767963378628673e+18 -218552601105.26056 
213166.14420062682 -4.887235233150962e+18 -224019751746.80652 
216300.94043887133 -5.009490704398194e+18 -229623664595.65652 
219435.73667711584 -5.13480442832524e+18 -235367760794.30145 
222570.53291536035 -5.26325290792516e+18 -241255547066.0003 
225705.32915360486 -5.394914559933506e+18 -247290617855.61087 
228840.12539184937 -5.529869762700966e+18 -253476657523.9751 
231974.9216300939 -5.668200905263646e+18 -259817442597.19345 
235109.7178683384 -5.809992437640906e+18 -266316844072.16083 
238244.5141065829 -5.955330922391544e+18 -272978829779.77426 
241379.31034482742 -6.104305087459514e+18 -279807466807.25793 
244514.10658307193 -6.257005880341554e+18 -286806923981.09045 
247648.90282131644 -6.413526523609834e+18 -293981474412.04083 
250783.69905956095 -6.573962571823649e+18 -301335498103.8633 
253918.49529780546 -6.738411969864734e+18 -308873484627.2515 
257053.29153604998 -6.906975112731749e+18 -316600035860.68665 
260188.0877742945 -7.079754906830563e+18 -324519868799.849 
263322.884012539 -7.256856832797749e+18 -332637818437.3038 
266457.6802507835 -7.438389009895674e+18 -340958840714.22314 
269592.476489028 -7.62446226201841e+18 -349488015545.949 
272727.27272727253 -7.815190185348797e+18 -358230549923.23566 
275862.06896551704 -8.010689217708014e+18 -367191781091.0784 
278996.86520376155 -8.211078709639858e+18 -376377179807.055 
282131.66144200607 -8.416480997273297e+18 -385792353681.1797 
285266.4576802506 -8.62702147700761e+18 -395443050599.3033 
288401.2539184951 -8.842828682065854e+18 -405335162232.14954 
291536.0501567396 -9.064034360963385e+18 -415474727632.1314 
294670.8463949841 -9.290773557939261e+18 -425867936920.141 
297805.6426332286 -9.523184695399662e+18 -436521135064.5645 
300940.43887147313 -9.761409658423634e+18 -447440825754.83405 
304075.23510971764 -1.0005593881382648e+19 -458633675371.8792 
307210.03134796215 -1.0255886436727052e+19 -470106517057.90125 
310344.82758620667 -1.0512440125993568e+19 -481866354887.94653 
313479.6238244512 -1.0775411573089411e+19 -493920368145.8404 
316614.4200626957 -1.1044961319909972e+19 -506275915707.0725 
319749.2163009402 -1.1321253924348338e+19 -518940540531.3304 
322884.0125391847 -1.1604458060756476e+19 -531921974267.41473 
326018.8087774292 -1.1894746622919492e+19 -545228141973.34906 
329153.60501567373 -1.2192296829605827e+19 -558867166954.5646 
332288.40125391824 -1.2497290332757854e+19 -572847375723.1112 
335423.19749216276 -1.2809913328388946e+19 -587177303080.9208 
338557.99373040727 -1.3130356670254606e+19 -601865697330.232 
341692.7899686518 -1.345881598636718e+19 -616921525614.3597 
344827.5862068963 -1.3795491798425004e+19 -632353979392.0594 
347962.3824451408 -1.4140589644229296e+19 -648172480048.8372 
351097.1786833853 -1.4494320203163253e+19 -664386684648.6304 
354231.9749216298 -1.485689942481011e+19 -681006491829.365 
357366.77115987433 -1.5228548660788568e+19 -698042047845.9918 
360501.56739811884 -1.560949479988611e+19 -715503752764.6892 
363636.36363636336 -1.5999970406572767e+19 -733402266812.0197 
366771.15987460787 -1.6400213862979846e+19 -751748516882.9093 
369905.9561128524 -1.6810469514430134e+19 -770553703211.4218 
373040.7523510969 -1.7230987818608853e+19 -789829306208.4177 
376175.5485893414 -1.766202549846582e+19 -809587093470.247 
379310.3448275859 -1.8103845698942773e+19 -829839126962.7676 
382445.1410658304 -1.8556718147621196e+19 -850597770385.0797 
385579.93730407493 -1.9020919319388766e+19 -871875696717.4598 
388714.73354231945 -1.9496732605225017e+19 -893685895958.1052 
391849.52978056396 -1.9984448485209166e+19 -916041683053.4274 
394984.32601880847 -2.0484364705855873e+19 -938956706026.7151 
398119.122257053 -2.099678646188686e+19 -962444954310.1394 
401253.9184952975 -2.152202658254992e+19 -986520767285.1844 
404388.714733542 -2.2060405722598486e+19 -1011198843036.7262 
407523.5109717865 -2.2612252558048686e+19 -1036494247326.0879 
410658.307210031 -2.317790398683349e+19 -1062422422788.567 
413793.10344827553 -2.375770533447598e+19 -1088999198361.0327 
416927.89968652005 -2.4352010564907827e+19 -1116240798945.3582 
420062.69592476456 -2.496118249656133e+19 -1144163855313.594 
423197.49216300907 -2.5585593023866917e+19 -1172785414260.9133 
426332.2884012536 -2.6225623344291824e+19 -1202122949012.5452 
429467.0846394981 -2.688166419105789e+19 -1232194369891.0305 
432601.8808777426 -2.7554116071680942e+19 -1263018035250.3271 
435736.6771159871 -2.824338951247745e+19 -1294612762683.4307 
438871.4733542316 -2.894990530918735e+19 -1326997840510.3618 
442006.26959247614 -2.9674094783866356e+19 -1360193039553.5251 
445141.06583072065 -3.041640004820453e+19 -1394218625207.635 
448275.86206896516 -3.117727427343184e+19 -1429095369811.5684 
451410.65830720967 -3.1957181966975517e+19 -1464844565329.7114 
454545.4545454542 -3.275659925603774e+19 -1501488036350.5212 
457680.2507836987 -3.357601417826772e+19 -1539048153410.2568 
460815.0470219432 -3.441592697970434e+19 -1577547846650.0137 
463949.8432601877 -3.5276850420172472e+19 -1617010619814.3774 
467084.6394984322 -3.6159310086318473e+19 -1657460564600.2727 
470219.43573667674 -3.706384471247656e+19 -1698922375364.7417 
473354.23197492125 -3.799100650956149e+19 -1741421364200.645 
476489.02821316576 -3.8941361502188904e+19 -1784983476389.4854 
479623.82445141027 -3.99154898742287e+19 -1829635306240.782 
482758.6206896548 -4.091398632300248e+19 -1875404113327.6907 
485893.4169278993 -4.193746042234147e+19 -1922317839128.735 
489028.2131661438 -4.298653699472602e+19 -1970405124085.8547 
492163.0094043883 -4.406185649273469e+19 -2019695325089.1577 
495297.8056426328 -4.51640753900354e+19 -2070218533399.053 
498432.60188087734 -4.629386658215682e+19 -2122005593016.723 
501567.39811912185 -4.7451919797285945e+19 -2175088119514.1357 
504702.19435736636 -4.8638942017341325e+19 -2229498519335.0767 
507836.99059561087 -4.985565790957954e+19 -2285270009579.0312 
510971.7868338554 -5.1102810268998795e+19 -2342436638279.9355 
514106.5830720999 -5.238116047180877e+19 -2401033305192.221 
517241.3793103444 -5.369148894024491e+19 -2461095783096.8364 
520376.1755485889 -5.503459561900945e+19 -2522660739640.225 
523510.9717868334 -5.641130046363133e+19 -2585765759719.6284 
526645.768025078 -5.7822443941042045e+19 -2650449368428.354 
529780.5642633225 -5.9268887542673924e+19 -2716751054575.015 
532915.360501567 -6.075151431039321e+19 -2784711294791.133 
536050.1567398115 -6.227122937559022e+19 -2854371578241.779 
539184.952978056 -6.382896051175427e+19 -2925774431954.371 
542319.7492163006 -6.542565870087196e+19 -2998963446781.08 
545454.5454545451 -6.706229871399388e+19 -3073983304010.677 
548589.3416927896 -6.873987970632385e+19 -3150879802646.085 
551724.1379310341 -7.045942582719544e+19 -3229699887364.3086 
554858.9341692786 -7.2221986845306225e+19 -3310491677175.746 
557993.7304075231 -7.40286387895932e+19 -3393304494800.474 
561128.5266457676 -7.58804846061394e+19 -3478188896779.3384 
564263.3228840121 -7.777865483151334e+19 -3565196704338.3213 
567398.1191222566 -7.97243082829526e+19 -3654381035024.968 
570532.9153605012 -8.171863276581152e+19 -3745796335136.2007 
573667.7115987457 -8.376284579870743e+19 -3839498412957.3525 
576802.5078369902 -8.585819535680497e+19 -3935544472832.6416 
579937.3040752347 -8.800596063369463e+19 -4033993150087.9556 
583072.1003134792 -9.020745282233047e+19 -4134904546827.2505 
586206.8965517237 -9.246401591550198e+19 -4238340268624.376 
589341.6927899682 -9.47770275263308e+19 -4344363462132.7695 
592476.4890282127 -9.714789972929236e+19 -4453038853635.958 
595611.2852664572 -9.95780799222752e+19 -4564432788562.44 
598746.0815047018 -1.0206905171020572e+20 -4678613271989.003 
601880.8777429463 -1.0462233581077686e+20 -4795650010157.267 
605015.6739811908 -1.0723949098283346e+20 -4915614453028.781 
608150.4702194353 -1.0992211497798181e+20 -5038579837904.615 
611285.2664576798 -1.1267184551600359e+20 -5164621234136.134 
614420.0626959243 -1.1549036128467011e+20 -5293815588954.212 
617554.8589341688 -1.1837938296456788e+20 -5426241774444.878 
620689.6551724133 -1.2134067427955943e+20 -5561980635700.109 
623824.4514106578 -1.2437604307352293e+20 -5701115040173.057 
626959.2476489024 -1.2748734241402484e+20 -5843729928267.938 
630094.0438871469 -1.306764717236028e+20 -5989912365195.46 
633228.8401253914 -1.3394537793934728e+20 -6139751594125.411 
636363.6363636359 -1.3729605670149094e+20 -6293339090668.88 
639498.4326018804 -1.4073055357173064e+20 -6450768618723.366 
642633.2288401249 -1.4425096528202532e+20 -6612136287714.874 
645768.0250783694 -1.47859441014634e+20 -6777540611271.89 
648902.8213166139 -1.5155818371417312e+20 -6947082567367.15 
652037.6175548584 -1.553494514324971e+20 -7120865659963.861 
655172.413793103 -1.5923555870721923e+20 -7298995982204.037 
658307.2100313475 -1.632188779747187e+20 -7481582281177.461 
661442.006269592 -1.6730184101849324e+20 -7668736024310.892 
664576.8025078365 -1.7148694045374248e+20 -7860571467418.008 
667711.598746081 -1.7577673124908846e+20 -8057205724451.635 
670846.3949843255 -1.8017383228636375e+20 -8258758839000.809 
673981.19122257 -1.8468092795941683e+20 -8465353857576.485 
677115.9874608145 -1.893007698129128e+20 -8677116904730.34 
680250.783699059 -1.940361782221284e+20 -8894177260052.81 
683385.5799373036 -1.9889004411476722e+20 -9116667437097.19 
686520.3761755481 -2.038653307358475e+20 -9344723264278.04 
689655.1724137926 -2.0896507545673885e+20 -9578483967793.35 
692789.9686520371 -2.141923916294522e+20 -9818092256620.975 
695924.7648902816 -2.1955047048731722e+20 -10063694409641.3 
699059.5611285261 -2.2504258309320052e+20 -10315440364939.277 
702194.3573667706 -2.306720823364654e+20 -10573483811340.354 
705329.1536050151 -2.364424049798813e+20 -10837982282236.252 
708463.9498432596 -2.4235707375773955e+20 -11109097251757.8 
711598.7460815042 -2.484196995264544e+20 -11386994233353.586 
714733.5423197487 -2.5463398346896048e+20 -11671842880834.549 
717868.3385579932 -2.6100371935425426e+20 -11963817091946.176 
721003.1347962377 -2.6753279585345877e+20 -12263095114531.684 
724137.9310344822 -2.7422519891382465e+20 -12569859655350.83 
727272.7272727267 -2.8108501419211905e+20 -12884297991620.88 
730407.5235109712 -2.8811642954888416e+20 -13206602085347.836 
733542.3197492157 -2.953237376050926e+20 -13536968700517.607 
736677.1159874602 -3.027113383627564e+20 -13875599523218.834 
739811.9122257048 -3.102837418910919e+20 -14222701284770.549 
742946.7084639493 -3.1804557107987985e+20 -14578485887929.975 
746081.5047021938 -3.260015644617028e+20 -14943170536257.416 
749216.3009404383 -3.3415657910477685e+20 -15316977866717.176 
752351.0971786828 -3.4251559357815456e+20 -15700136085595.6 
755485.8934169273 -3.51083710991098e+20 -16092879107819.145 
758620.6896551718 -3.598661621084865e+20 -16495446699757.514 
761755.4858934163 -3.688683085441556e+20 -16908084625599.008 
764890.2821316608 -3.7809564603411576e+20 -17331044797387.633 
768025.0783699054 -3.8755380779165745e+20 -17764585428813.22 
771159.8746081499 -3.972485679463779e+20 -18208971192848.785 
774294.6708463944 -4.07185845069241e+20 -18664473383331.2 
777429.4670846389 -4.173717057858151e+20 -19131370080583.746 
780564.2633228834 -4.278123684798985e+20 -19609946321182.004 
783699.0595611279 -4.3851420708979094e+20 -20100494271966.203 
786833.8557993724 -4.494837549995316e+20 -20603313408406.754 
789968.6520376169 -4.607277090274743e+20 -21118710697431.51 
793103.4482758614 -4.722529335146412e+20 -21647000784826.53 
796238.244514106 -4.8406646451534515e+20 -22188506187324.76 
799373.0407523505 -4.96175514092644e+20 -22743557489499.82 
802507.836990595 -5.085874747212437e+20 -23312493545585.125 
805642.6332288395 -5.213099238005434e+20 -23895661686341.555 
808777.429467084 -5.343506282805758e+20 -24493417931100.168 
811912.2257053285 -5.4771754940366566e+20 -25106127205108.883 
815047.021943573 -5.6141884756470504e+20 -25734163562316.523 
818181.8181818175 -5.7546288729300356e+20 -26377910413729.547 
821316.614420062 -5.898582423587667e+20 -27037760761481.3 
824451.4106583066 -6.046137010073067e+20 -27714117438756.465 
827586.2068965511 -6.197382713241989e+20 -28407393355717.562 
830721.0031347956 -6.352411867346426e+20 -29118011751583.082 
833855.7993730401 -6.511319116403906e+20 -29846406453011.707 
836990.5956112846 -6.674201471976888e+20 -30593022138949.71 
840125.3918495291 -6.841158372397496e+20 -31358314612103.85 
843260.1880877736 -7.012291743473827e+20 -32142751077205.11 
846394.9843260181 -7.187706060714797e+20 -32946810426233.453 
849529.7805642626 -7.367508413111573e+20 -33770983530777.207 
852664.5768025072 -7.551808568514529e+20 -34615773541706.33 
855799.3730407517 -7.7407190406456e+20 -35481696196341.695 
858934.1692789962 -7.934355157786983e+20 -36369280133308.42 
862068.9655172407 -8.132835133188118e+20 -37279067215265.79 
865203.7617554852 -8.336280137233914e+20 -38211612859709.5 
868338.5579937297 -8.544814371418231e+20 -39167486378049.64 
871473.3542319742 -8.758565144167848e+20 -40147271323170.555 
874608.1504702187 -8.977662948563208e+20 -41151565845684.75 
877742.9467084632 -9.2022415420034e+20 -42180983059099.35 
880877.7429467078 -9.43243802786396e+20 -43236151414116.78 
884012.5391849523 -9.668392939197358e+20 -44317715082298.695 
887147.3354231968 -9.910250324527208e+20 -45426334349327.39 
890282.1316614413 -1.0158157835788713e+21 -46562686018104.41 
893416.9278996858 -1.0412266818468927e+21 -47727463821933.484 
896551.7241379303 -1.0672732404001947e+21 -48921378848038.59 
899686.5203761748 -1.0939713604475464e+21 -50145159971677.695 
902821.3166144193 -1.1213373409706262e+21 -51399554301114.516 
905956.1128526638 -1.149387888674413e+21 -52685327633721.766 
909090.9090909084 -1.1781401281864854e+21 -54003264923494.18 
912225.7053291529 -1.2076116125114743e+21 -55354170760256.445 
915360.5015673974 -1.2378203337470229e+21 -56738869860858.766 
918495.2978056419 -1.268784734067824e+21 -58158207572659.92 
921630.0940438864 -1.3005237169844107e+21 -59613050389604.85 
924764.8902821309 -1.333056658883588e+21 -61104286481211.62 
927899.6865203754 -1.3664034208575552e+21 -62632826234791.57 
931034.4827586199 -1.400584360828935e+21 -64199602811233.14 
934169.2789968645 -1.4356203459791262e+21 -65805572714689.23 
937304.075235109 -1.4715327654875515e+21 -67451716376515.26 
940438.8714733535 -1.5083435435895717e+21 -69139038753814.625 
943573.667711598 -1.5460751529610476e+21 -70868569942956.0 
946708.4639498425 -1.58475062843771e+21 -72641365808438.75 
949843.260188087 -1.6243935810777462e+21 -74458508627489.36 
952978.0564263315 -1.6650282125761511e+21 -76321107750782.73 
956112.852664576 -1.7066793300396768e+21 -78230300279692.4 
959247.6489028205 -1.7493723611313647e+21 -80187251760481.34 
962382.445141065 -1.7931333695939194e+21 -82193156895858.03 
965517.2413793096 -1.8379890711613992e+21 -84249240274332.31 
968652.0376175541 -1.883966849868946e+21 -86356757117816.39 
971786.8338557986 -1.931094774770523e+21 -88516994047927.61 
974921.6300940431 -1.9794016170748449e+21 -90731269871460.95 
978056.4263322876 -2.0289168677099743e+21 -93000936385509.72 
981191.2225705321 -2.0796707553272723e+21 -95327379202726.45 
984326.0188087766 -2.1316942647557407e+21 -97712018597227.08 
987460.8150470211 -2.1850191559179918e+21 -100156310371656.53 
990595.6112852657 -2.239677983219427e+21 -102661746745944.7 
993730.4075235102 -2.295704115422446e+21 -105229857268294.61 
996865.2037617547 -2.3531317560178012e+21 -107862209748959.16 
999999.9999999992 -2.4119959641055434e+21 -110560411217376.42 
