#x u 
0.0 3053540014722.5757 139967.37651385658 
3134.796238244514 -76415984879.12592 -3502.6950934030033 
6269.592476489028 1879878363.8805654 86.20304902362899 
9404.38871473354 -79513203.3855651 -3.618528389204763 
12539.184952978056 -31291034.016918227 -1.4166687396264994 
15673.98119122257 -33283002.885183103 -1.5171932043692935 
18808.777429467085 -34013680.03316018 -1.5602286792506341 
21943.5736677116 -34773364.70113778 -1.604550524355936 
25078.369905956115 -35533291.14296567 -1.6484728329662512 
28213.16614420063 -36298508.949552506 -1.6918755951642717 
31347.962382445145 -37073930.88292367 -1.7346619990799017 
34482.75862068966 -37864992.59071238 -1.7768011225729026 
37617.55485893417 -38677389.09343271 -1.8183266851011772 
40752.35109717868 -39516842.82374285 -1.8593352058289028 
43887.14733542319 -40388927.35957399 -1.8999843348624288 
47021.943573667704 -41298932.57005446 -1.9404904549684576 
50156.739811912215 -42251716.52512844 -1.9811229024122188 
53291.53605015673 -43251514.219736755 -2.0221933952395585 
56426.33228840124 -44301737.94977705 -2.0640423355298383 
59561.12852664575 -45404840.72690909 -2.107025433764817 
62695.92476489026 -46562281.420687385 -2.1515027037841614 
65830.72100313478 -47774559.43686828 -2.197828716525447 
68965.51724137929 -49041250.4201124 -2.2463414105300803 
72100.3134796238 -50361011.15534751 -2.2973484963641337 
75235.10971786831 -51731593.52329161 -2.3511138162282714 
78369.90595611282 -53149937.38612359 -2.407847413956059 
81504.70219435733 -54612365.70060307 -2.467700931951931 
84639.49843260185 -56114827.524845175 -2.5307663683455353 
87774.29467084636 -57653106.30917735 -2.597074886520699 
90909.09090909087 -59222962.82126794 -2.6665946873754236 
94043.88714733538 -60820261.01158319 -2.7392304941643086 
97178.68338557989 -62441147.52566806 -2.814828133951821 
100313.4796238244 -64082295.508260295 -2.893184844658814 
103448.27586206891 -65741142.13286064 -2.9740621066818664 
106583.07210031342 -67416033.13935414 -3.0571969489972632 
109717.86833855794 -69106256.71333002 -3.1423107389512226 
112852.66457680245 -70812033.66506444 -3.229118245081183 
115987.46081504696 -72534542.75226094 -3.317340219136869 
119122.25705329147 -74275985.50470653 -3.406719255416377 
122257.05329153598 -76039612.06003974 -3.4970348312004593 
125391.84952978049 -77829627.92617874 -3.5881133215736303 
128526.645768025 -79650987.4432256 -3.679832700705472 
131661.44200626953 -81509166.43586525 -3.7721256212722953 
134796.23824451404 -83410003.80899175 -3.8649844640161573 
137931.03448275855 -85359611.46127053 -3.958467852737685 
141065.83072100306 -87364268.65519932 -4.052704379087684 
144200.62695924757 -89430230.48398429 -4.147889980756322 
147335.42319749208 -91563478.89838585 -4.244280039629829 
150470.2194357366 -93769525.07535958 -4.342181050475624 
153605.0156739811 -96053344.78990735 -4.441945575191787 
156739.81191222562 -98419414.93660292 -4.543969103089997 
159874.60815047013 -100871731.95423679 -4.6486835373700215 
163009.40438871464 -103413719.78600131 -4.756543358401963 
166144.20062695915 -106048046.97728002 -4.8680057342494045 
169278.99686520366 -108776452.35622607 -4.983509581698419 
172413.79310344817 -111599644.89621605 -5.1034570854287065 
175548.58934169268 -114517238.64728574 -5.228196419635437 
178683.3855799372 -117527632.84288374 -5.35800210439555 
181818.1818181817 -120627824.2341015 -5.493052950381958 
184952.97805642622 -123813281.2877656 -5.633414054396355 
188087.77429467073 -127078075.83579957 -5.779032284245356 
191222.57053291524 -130415377.5470641 -5.9297504908895045 
194357.36677115975 -133818236.46940935 -6.085337348280135 
197492.16300940426 -137280456.2724731 -6.245524007101974 
200626.95924764877 -140797377.58888337 -6.410039414483122 
203761.75548589329 -144366487.53834727 -6.578640475869601 
206896.5517241378 -147987822.0853625 -6.751135444458028 
210031.3479623823 -151664084.99586353 -6.927396852489502 
213166.14420062682 -155400360.0264722 -7.107358040376436 
216300.94043887133 -159203369.62021425 -7.290990765904575 
219435.73667711584 -163080446.27176484 -7.478271061904548 
222570.53291536035 -167038584.62403378 -7.669149710491917 
225705.32915360486 -171083951.0890644 -7.863544066768024 
228840.12539184937 -175222002.57497996 -8.061357627102817 
231974.9216300939 -179458057.48220855 -8.262519606703664 
235109.7178683384 -183797981.7465164 -8.467028550611694 
238244.5141065829 -188248687.7624613 -8.674985657109858 
241379.31034482742 -192818301.4530157 -8.886610775000952 
244514.10658307193 -197515978.10555717 -9.10223986395349 
247648.90282131644 -202351386.67370492 -9.322304592664933 
250783.69905956095 -207333913.0272174 -9.547296263674097 
253918.49529780546 -212471739.93595952 -9.777721280126219 
257053.29153604998 -217771101.6094443 -10.014061897281223 
260188.0877742945 -223236028.1537143 -10.256756910608312 
263322.884012539 -228868690.69805074 -10.506207650939093 
266457.6802507835 -234670128.54591024 -10.762799644382579 
269592.476489028 -240640929.82834503 -11.026920745857339 
272727.27272727253 -246781523.18982732 -11.298960553455458 
275862.06896551704 -253092054.96246904 -11.579290472430941 
278996.86520376155 -259572115.03151792 -11.868237046645994 
282131.66144200607 -266220614.87171128 -12.16606301364607 
285266.4576802506 -273035925.9849265 -12.472961560814802 
288401.2539184951 -280016170.07493705 -12.78905926919015 
291536.0501567396 -287159507.8422633 -13.114421126916342 
294670.8463949841 -294464392.4462613 -13.449056374041385 
297805.6426332286 -301929860.60318255 -13.792928746635571 
300940.43887147313 -309555892.00655496 -14.145972646667147 
304075.23510971764 -317343729.6571462 -14.508110325879462 
307210.03134796215 -325295998.8126677 -14.879262547970947 
310344.82758620667 -333416587.222319 -15.25935081626853 
313479.6238244512 -341710446.35084516 -15.648298188959995 
316614.4200626957 -350183534.1509705 -16.046038407937715 
319749.2163009402 -358842961.0460205 -16.452535713240426 
322884.0125391847 -367697167.5699418 -16.867806972040235 
326018.8087774292 -376755890.6532255 -17.291934442227625 
329153.60501567373 -386029847.45791984 -17.725065358351262 
332288.40125391824 -395530314.0084141 -18.167405920092804 
335423.19749216276 -405268849.5813542 -18.61922067243667 
338557.99373040727 -415257241.0072563 -19.080840211957476 
341692.7899686518 -425507496.40443176 -19.55266900810818 
344827.5862068963 -436031660.88036084 -20.035182599480976 
347962.3824451408 -446841419.0154198 -20.528912333979388 
351097.1786833853 -457947690.0362653 -21.0344269767062 
354231.9749216298 -469360455.79963183 -21.552322185806748 
357366.77115987433 -481088847.6503038 -22.08321915303286 
360501.56739811884 -493141277.2136195 -22.627762763212946 
363636.36363636336 -505525383.1908433 -23.186609127766644 
366771.15987460787 -518247799.6969088 -23.76040313395438 
369905.9561128524 -531313988.07342297 -24.349757557053106 
373040.7523510969 -544728360.1424092 -24.955244694490446 
376175.5485893414 -558494662.5763093 -25.577399673912765 
379310.3448275859 -572616355.3461142 -26.216723748155733 
382445.1410658304 -587096752.3753098 -26.873677492017393 
385579.93730407493 -601938968.1789038 -27.548666419971415 
388714.73354231945 -617145943.2784014 -28.242031990511936 
391849.52978056396 -632720758.687131 -28.95405802945775 
394984.32601880847 -648667153.9647759 -29.68498896208795 
398119.122257053 -664989941.5779461 -30.43504598310232 
401253.9184952975 -681695099.5615342 -31.204431280721394 
404388.714733542 -698789638.460719 -31.99332471532506 
407523.5109717865 -716281551.0544258 -32.80188698619161 
410658.307210031 -734180037.9667699 -33.630277926325945 
413793.10344827553 -752495874.5318103 -34.47868344647581 
416927.89968652005 -771241587.6296115 -35.34733555148108 
420062.69592476456 -790431258.7013744 -36.236516543755975 
423197.49216300907 -810080114.6522889 -37.14655431454853 
426332.2884012536 -830204252.6636978 -38.077824040764085 
429467.0846394981 -850820670.9271965 -39.0307636186222 
432601.8808777426 -871947422.2963263 -40.005893903302635 
435736.6771159871 -893603544.5897137 -41.00382737221452 
438871.4733542316 -915808628.0102272 -42.025258357353835 
442006.26959247614 -938582247.506693 -43.07094490074489 
445141.06583072065 -961943631.5694953 -44.141698956770384 
448275.86206896516 -985911702.166484 -45.238390907826904 
451410.65830720967 -1010505244.9736363 -46.361957249661515 
454545.4545454542 -1035742848.1342299 -47.51339486839673 
457680.2507836987 -1061642514.0223197 -48.69373764338674 
460815.0470219432 -1088221227.7916546 -49.904028600387754 
463949.8432601877 -1115494859.1141906 -51.14530518062322 
467084.6394984322 -1143478473.914585 -52.41860154184613 
470219.43573667674 -1172186747.598944 -53.72495421396237 
473354.23197492125 -1201634103.6836278 -55.06539438367387 
476489.02821316576 -1231834528.054262 -56.440925070884575 
479623.82445141027 -1262801391.1073565 -57.85249897991643 
482758.6206896548 -1294547643.9416976 -59.3010143510377 
485893.4169278993 -1327086396.3981678 -60.78732967795517 
489028.2131661438 -1360431503.47937 -62.312280627792795 
492163.0094043883 -1394597783.6859531 -63.876682292504384 
495297.8056426328 -1429600878.1358743 -65.48131747807601 
498432.60188087734 -1465457133.6939666 -67.1269288009291 
501567.39811912185 -1502183861.69079 -68.81423080557875 
504702.19435736636 -1539799912.3979373 -70.54393935094765 
507836.99059561087 -1578326142.0345988 -72.31679874756902 
510971.7868338554 -1617785419.0791914 -74.13359023298784 
514106.5830720999 -1658202255.5452423 -75.99512539522635 
517241.3793103444 -1699602502.0325038 -77.90224425914808 
520376.1755485889 -1742013440.5305836 -79.85583287794236 
523510.9717868334 -1785464150.3393173 -81.85685420094798 
526645.768025078 -1829985689.201056 -83.90637068344996 
529780.5642633225 -1875610779.0289235 -86.00554384726306 
532915.360501567 -1922373167.9513192 -88.15561812330311 
536050.1567398115 -1970307156.3554657 -90.35791082441737 
539184.952978056 -2019447589.5039961 -92.61382166542387 
542319.7492163006 -2069830120.7639205 -94.92485246674482 
545454.5454545451 -2121491258.2763097 -97.29261441544044 
548589.3416927896 -2174467934.3230963 -99.71881073368925 
551724.1379310341 -2228796850.116708 -102.20520624596976 
554858.9341692786 -2284514112.2075453 -104.75360752158537 
557993.7304075231 -2341655407.8951054 -107.3658650555303 
561128.5266457676 -2400256439.862598 -110.04388488981081 
564263.3228840121 -2460353104.733273 -112.78962637600112 
567398.1191222566 -2521981207.141605 -115.60507692920316 
570532.9153605012 -2585176033.19007 -118.4922190883713 
573667.7115987457 -2649972305.755687 -121.45301434925322 
576802.5078369902 -2716404693.4441113 -124.48941219061645 
579937.3040752347 -2784508504.987227 -127.60336796909324 
583072.1003134792 -2854320035.9575276 -130.79684578410826 
586206.8965517237 -2925876422.1517925 -134.0718001406208 
589341.6927899682 -2999215392.1869693 -137.43015485249578 
592476.4890282127 -3074375435.4081674 -140.87380322103985 
595611.2852664572 -3151396474.339729 -144.40463386981256 
598746.0815047018 -3230320595.889767 -148.02456199438174 
601880.8777429463 -3311192314.3225913 -151.73554195795177 
605015.6739811908 -3394058303.1328216 -155.53955832901642 
608150.4702194353 -3478967061.3326797 -159.43861656949412 
611285.2664576798 -3565969018.2344713 -163.43475624841435 
614420.0626959243 -3655117084.832335 -167.53008682976525 
617554.8589341688 -3746467146.828997 -171.72682248556794 
620689.6551724133 -3840078005.50639 -176.0272928299974 
623824.4514106578 -3936010803.624877 -180.4339307586549 
626959.2476489024 -4034328472.974335 -184.9492614377684 
630094.0438871469 -4135095684.1244445 -189.57591390762894 
633228.8401253914 -4238379222.3565474 -194.31665126895183 
636363.6363636359 -4344248238.551851 -199.17439368220113 
639498.4326018804 -4452773931.506236 -204.15221341497295 
642633.2288401249 -4564028801.488612 -209.25330799696096 
645768.0250783694 -4678086065.012152 -214.4809782662503 
648902.8213166139 -4795019663.364494 -219.83863095996563 
652037.6175548584 -4914904692.795492 -225.32979786342588 
655172.413793103 -5037817664.171972 -230.95814435103753 
658307.2100313475 -5163836206.799338 -236.72744972338236 
661442.006269592 -5293038451.034049 -242.64157027596656 
664576.8025078365 -5425502706.874965 -248.70441371632134 
667711.598746081 -5561307795.020599 -254.91994175439152 
670846.3949843255 -5700533750.426636 -261.2921886509966 
673981.19122257 -5843262270.7597475 -267.82526763714867 
677115.9874608145 -5989576588.93241 -274.5233511401094 
680250.783699059 -6139561090.508038 -281.3906400234407 
683385.5799373036 -6293301300.216871 -288.4313507691111 
686520.3761755481 -6450884506.139355 -295.6497330686301 
689655.1724137926 -6612400645.311169 -303.05010069027117 
692789.9686520371 -6777942815.666733 -310.63684673527257 
695924.7648902816 -6947607178.002494 -318.41443290478554 
699059.5611285261 -7121492649.102688 -326.3873718586226 
702194.3573667706 -7299700992.329043 -334.56023124694815 
705329.1536050151 -7482337467.449284 -342.9376674430817 
708463.9498432596 -7669511574.578351 -351.52446778253466 
711598.7460815042 -7861337280.763971 -360.3255727019836 
714733.5423197487 -8057932613.000718 -369.3460711677889 
717868.3385579932 -8259419124.964846 -378.5911909204885 
721003.1347962377 -8465921845.075414 -388.06630968835543 
724137.9310344822 -8677569784.506186 -397.7769898339972 
727272.7272727267 -8894496477.166424 -407.72901203818867 
730407.5235109712 -9116839970.916664 -417.9283822272816 
733542.3197492157 -9344742240.007235 -428.3813119077652 
736677.1159874602 -9578348560.775103 -439.09419839117334 
739811.9122257048 -9817807386.226992 -450.0736304721659 
742946.7084639493 -10063270684.323238 -461.3264177548977 
746081.5047021938 -10314894181.152061 -472.85961641441395 
749216.3009404383 -10572837036.114542 -484.6805269858768 
752351.0971786828 -10837261089.509401 -496.7966674458229 
755485.8934169273 -11108330320.80837 -509.21574814081015 
758620.6896551718 -11386211010.84534 -521.9456697765567 
761755.4858934163 -11671072456.17118 -534.9945379280855 
764890.2821316608 -11963087603.183987 -548.3706673212382 
768025.0783699054 -12262433142.13798 -562.0825583763188 
771159.8746081499 -12569289230.248793 -576.1388578384962 
774294.6708463944 -12883839429.34331 -590.5483339547708 
777429.4670846389 -13206271212.200565 -605.3198848291703 
780564.2633228834 -13536776768.68164 -620.4625683777807 
783699.0595611279 -13875553498.669022 -635.9856248958712 
786833.8557993724 -14222803887.107342 -651.8984761474344 
789968.6520376169 -14578735098.061451 -668.2107137161117 
793103.4482758614 -14943558926.409683 -684.9321033066777 
796238.244514106 -15317492391.245121 -702.0726161309482 
799373.0407523505 -15700758616.753832 -719.6424702776393 
802507.836990595 -16093587389.745733 -737.6521542696403 
805642.6332288395 -16496215164.911667 -756.1124233769929 
808777.429467084 -16908884892.12425 -775.0342874021202 
811912.2257053285 -17331846221.279278 -794.4290170471068 
815047.021943573 -17765356211.523235 -814.3081760566647 
818181.8181818175 -18209680094.7607 -834.6836593776801 
821316.614420062 -18665091533.925056 -855.567711957126 
824451.4106583066 -19131872291.09484 -876.9729239822328 
827586.2068965511 -19610311777.291798 -898.9122234384231 
830721.0031347956 -20100707011.338795 -921.3988891276281 
833855.7993730401 -20603363022.257473 -944.4465845910447 
836990.5956112846 -21118593220.502182 -968.0693900815156 
840125.3918495291 -21646719278.453182 -992.2818105681073 
843260.1880877736 -22188070576.25388 -1017.0987615935234 
846394.9843260181 -22742983730.300697 -1042.535556165827 
849529.7805642626 -23311802639.004723 -1068.6079122860954 
852664.5768025072 -23894878949.09877 -1095.3319765439737 
855799.3730407517 -24492572436.161728 -1122.7243405944216 
858934.1692789962 -25105250936.935776 -1150.802034053445 
862068.9655172407 -25733290003.916874 -1179.5825018823057 
865203.7617554852 -26377072798.328617 -1209.0835902581593 
868338.5579937297 -27036990529.131474 -1239.3235554440566 
871473.3542319742 -27713443214.2786 -1270.3210858679784 
874608.1504702187 -28406840258.3891 -1302.0953147357836 
877742.9467084632 -29117600603.784916 -1334.665812576748 
880877.7429467078 -29846152725.679874 -1368.0525726862313 
884012.5391849523 -30592934949.152493 -1402.2760119062386 
887147.3354231968 -31358396247.27225 -1437.3569945723382 
890282.1316614413 -32142997187.834057 -1473.3168648647497 
893416.9278996858 -32947210563.826256 -1510.1774666753247 
896551.7241379303 -33771521606.154617 -1547.9611466830322 
899686.5203761748 -34616428133.70089 -1586.6907571683275 
902821.3166144193 -35482441048.32224 -1626.3896774046164 
905956.1128526638 -36370085180.701546 -1667.0818539461416 
909090.9090909084 -37279900083.0811 -1708.7918412355546 
912225.7053291529 -38212440396.72968 -1751.5448253068287 
915360.5015673974 -39168275856.90559 -1795.3666331946924 
918495.2978056419 -40147991355.37297 -1840.283746949779 
921630.0940438864 -41152187368.7595 -1886.3233359593896 
924764.8902821309 -42181480608.89845 -1933.5133004891657 
927899.6865203754 -43236504463.749084 -1981.8823061399478 
931034.4827586199 -44317908996.107315 -2031.4597979984653 
934169.2789968645 -45426360732.92482 -2082.2760046041435 
937304.075235109 -46562542692.4997 -2134.3619517067796 
940438.8714733535 -47727154819.035614 -2187.749493100572 
943573.667711598 -48920914532.16307 -2242.4713447092217 
946708.4639498425 -50144556971.60123 -2298.5611023343845 
949843.260188087 -51398834874.14808 -2356.0532399356753 
952978.0564263315 -52684518467.47403 -2414.9831059141625 
956112.852664576 -54002395797.12257 -2475.3869364417565 
959247.6489028205 -55353273470.639854 -2537.3018851637703 
962382.445141065 -56737977381.486786 -2600.766049398013 
965517.2413793096 -58157353043.5783 -2665.818476179257 
968652.0376175541 -59612265664.30307 -2732.499154368846 
971786.8338557986 -61103600459.19438 -2800.8490163281504 
974921.6300940431 -62632263529.68489 -2870.9099643827185 
978056.4263322876 -64199183065.101524 -2942.7249116615126 
981191.2225705321 -65805310308.65 -3016.337812182019 
984326.0188087766 -67451620021.396095 -3091.7936685373925 
987460.8150470211 -69139110785.33075 -3169.138533349775 
990595.6112852657 -70868805734.30505 -3248.419531812198 
993730.4075235102 -72641753830.98639 -3329.684915963911 
996865.2037617547 -74459032783.76053 -3412.9840572563758 
999999.9999999992 -76321712693.08572 -3498.369194771644 
