#x u 
0.0 128289.78425892143 0.04110264349389648 
3134.796238244514 196177.53762622492 0.036638767573934285 
6269.592476489028 324454.39301167266 0.0338739038848619 
9404.38871473354 437975.5110815272 0.029697877366570424 
12539.184952978056 534626.9854664975 0.024376499327241556 
15673.98119122257 610602.5924463252 0.01811239762798264 
18808.777429467085 662966.2613879963 0.011147892190202202 
21943.5736677116 689693.0416492474 0.003752298007126594 
25078.369905956115 689749.410564326 -0.0037883974376642015 
28213.16614420063 663133.1883192436 -0.011182595655441087 
31347.962382445145 610873.623513237 -0.01814436319991647 
34482.75862068966 534991.5921121 -0.024404488707345167 
37617.55485893417 438421.45022968156 -0.029720893292686984 
40752.35109717868 324897.56265584455 -0.03388799173358256 
43887.14733542319 198809.89507046045 -0.036744642445373926 
47021.943573667704 65034.2541886136 -0.03818037882185022 
50156.739811912215 -71256.25955396364 -0.03813968097593945 
53291.53605015673 -204791.29565563894 -0.036624122692248615 
56426.33228840124 -330407.05786106025 -0.033692310568855355 
59561.12852664575 -443245.98802349734 -0.029457617701736098 
62695.92476489026 -538944.6077477587 -0.024083799550193324 
65830.72100313478 -613802.2539824015 -0.01777866151764751 
68965.51724137929 -664924.1835604217 -0.010786023122274804 
72100.3134796238 -690333.5128396848 -0.003376289502795237 
75235.10971786831 -689047.6637402062 0.004164005140970464 
78369.90595611282 -661116.3600120875 0.011543277817903147 
81504.70219435733 -607619.7044194343 0.01847617225201125 
84639.49843260185 -530626.411195513 0.024694593601950407 
87774.29467084636 -433113.8089189758 0.02995807568132905 
90909.09090909087 -318852.707297785 0.03406307977967039 
94043.88714733538 -192261.5800591993 0.03685086549887336 
97178.68338557989 -58235.702689555896 0.03821362924013873 
100313.4796238244 78042.14773716037 0.03809867296623587 
103448.27586206891 211302.1104093999 0.03651044203318553 
106583.07210031342 336391.0261539303 0.033510353288461886 
109717.86833855794 448471.70996249677 0.02921442008315236 
112852.66457680245 543210.0048060245 0.023788766038790432 
115987.46081504696 616942.3833703854 0.017443201051378105 
119122.25705329147 666817.6165591275 0.01042310794834915 
122257.05329153598 690907.0304459652 0.0029999535412303514 
125391.84952978049 688279.0880436483 -0.004539208988660359 
128526.645768025 659035.4118142105 -0.011902840429016922 
131661.44200626953 604306.8539310943 -0.018806189350045625 
134796.23824451404 526209.7662560123 -0.024982303434598403 
137931.03448275855 427764.16106936394 -0.030192352517098564 
141065.83072100306 312776.9272765563 -0.03423486413962183 
144200.62695924757 185694.61811430784 -0.036953514486522565 
147335.42319749208 51431.50309055724 -0.038243173420622396 
150470.2194357366 -84820.46509575931 -0.038053969789928754 
153605.0156739811 -217792.40049731426 -0.03639321890191158 
156739.81191222562 -342342.0383767843 -0.03332513078401721 
159874.60815047013 -453651.438353769 -0.028968274557697314 
163009.40438871464 -547408.1720195435 -0.02349075859236805 
166144.20062695915 -619954.2977953107 -0.01710291446049657 
169278.99686520366 -668379.0281874547 -0.010046927216531373 
172413.79310344817 -690526.2453791469 -0.002582655107104493 
175548.58934169268 -684907.6072260522 0.005030223976921944 
178683.3855799372 -650583.0539217783 0.012550369691711187 
181818.1818181817 -587189.8638999783 0.019764446305606212 
184952.97805642622 -495382.5088187932 0.026475853373487852 
188087.77429467073 -377819.7088661174 0.03246592382003908 
191222.57053291524 -240388.87902402334 0.03744154125915328 
194357.36677115975 -92767.41465379196 0.041010311041553546 
197492.16300940426 52769.27683678041 0.04273321765801686 
200626.95924764877 184611.06226770073 0.04226942438545673 
203761.75548589329 295848.5825883137 0.03955385210660413 
206896.5517241378 386469.83197060565 0.03488813496883456 
210031.3479623823 461595.8520712976 0.02884806315514532 
213166.14420062682 526253.9612140963 0.02203081107213323 
216300.94043887133 580186.4816074752 0.014802799631164817 
219435.73667711584 616802.7273405977 0.00723703152888727 
222570.53291536035 627422.4801027573 -0.0007069027642916177 
225705.32915360486 607530.849469962 -0.008909939859782504 
228840.12539184937 559840.1451621751 -0.016965801206226164 
231974.9216300939 491652.1138959971 -0.02431280524838457 
235109.7178683384 409142.7789196137 -0.030504614935059036 
238244.5141065829 313955.7271536026 -0.035372706262226564 
241379.31034482742 205118.41491393655 -0.03894213266464688 
244514.10658307193 84014.17595674246 -0.04120437453164874 
247648.90282131644 -42831.355255198854 -0.041987493333298584 
250783.69905956095 -166065.96242894826 -0.04105736079521484 
253918.49529780546 -278590.31763161224 -0.03834296678616731 
257053.29153604998 -378264.30581038503 -0.03405063317235189 
260188.0877742945 -465630.90784384764 -0.028547909882948534 
263322.884012539 -539256.7830925474 -0.022136747119057047 
266457.6802507835 -593746.6078104094 -0.014948260075958487 
269592.476489028 -622640.0572366819 -0.007060886347876646 
272727.27272727253 -623242.5231780687 0.001292669348190574 
275862.06896551704 -598385.4203038195 0.009658521729826704 
278996.86520376155 -553311.5239766948 0.017516906907281096 
282131.66144200607 -490969.73830453155 0.02450866572590208 
285266.4576802506 -410635.51814158243 0.030507142098668404 
288401.2539184951 -311237.9548620308 0.03547185903398134 
291536.0501567396 -195793.3869854898 0.03924875548105791 
294670.8463949841 -72156.1775259279 0.04153638334818444 
297805.6426332286 50851.699009325384 0.04206105322344986 
300940.43887147313 168030.1373751291 0.0407821519655069 
304075.23510971764 278465.60346349556 0.037914964221846856 
307210.03134796215 381760.625663169 0.033747896554525814 
310344.82758620667 473977.57608004403 0.028444692383517586 
313479.6238244512 547733.8801198504 0.02203548460655569 
316614.4200626957 596502.1767992731 0.014599653997135146 
319749.2163009402 618726.0538775797 0.006439845461008616 
322884.0125391847 617531.138202459 -0.0019457370045124361 
326018.8087774292 596412.5986044805 -0.010074730598386945 
329153.60501567373 555474.7701074168 -0.017665438409897104 
332288.40125391824 492178.7923561105 -0.024613267646481907 
335423.19749216276 405776.1588783957 -0.03079605065671251 
338557.99373040727 300696.8625959975 -0.035924791023357515 
341692.7899686518 185230.56202656435 -0.039607439034118785 
344827.5862068963 66761.17465138293 -0.04156779385756714 
347962.3824451408 -51586.072463510274 -0.04179678748227983 
351097.1786833853 -169531.92774727434 -0.040482540135142124 
354231.9749216298 -285134.64894497197 -0.03779593285216806 
357366.77115987433 -392112.8947158423 -0.03375784512791618 
360501.56739811884 -481995.41626352037 -0.028325750531204757 
363636.36363636336 -549006.7586080388 -0.02160429498125972 
366771.15987460787 -592706.662644148 -0.013951997036342801 
369905.9561128524 -615742.7868800295 -0.005863593486049814 
373040.7523510969 -619187.1471151364 0.002258166019126545 
376175.5485893414 -600432.9614619015 0.010212596933744884 
379310.3448275859 -555898.7853419423 0.01788950951781352 
382445.1410658304 -485695.4922803689 0.025065894348888396 
385579.93730407493 -395313.90077579004 0.031336992583451025 
388714.73354231945 -292491.18715394527 0.036265851765486634 
391849.52978056396 -182451.30768942888 0.039604676512281466 
394984.32601880847 -66393.35095381783 0.041364441556254496 
398119.122257053 55339.19568767797 0.04166706994477521 
401253.9184952975 178914.26111513778 0.040540981870929346 
404388.714733542 296241.48594375583 0.03787792164729826 
407523.5109717865 398769.28308916296 0.03359685205886342 
410658.307210031 482036.1507454994 0.0278405518478602 
413793.10344827553 546362.9616823413 0.02099391922438295 
416927.89968652005 593115.6346295159 0.013498345977198747 
420062.69592476456 620601.3230148093 0.005648960637643983 
423197.49216300907 624015.489448342 -0.002422210762495597 
426332.2884012536 599563.6455028149 -0.01057093520575042 
429467.0846394981 548458.0528553817 -0.018469876378568905 
432601.8808777426 476587.76164158224 -0.02563422866269699 
435736.6771159871 390175.18257434585 -0.031629118816073644 
438871.4733542316 291916.27150771464 -0.0362523181789555 
442006.26959247614 181557.7818634169 -0.039510824212497034 
445141.06583072065 60169.88455172544 -0.041425191614544124 
448275.86206896516 -66534.67457362592 -0.041874697913884915 
451410.65830720967 -189495.24736404617 -0.040651230564298674 
454545.4545454542 -301029.90681869816 -0.03766793192921213 
457680.2507836987 -398208.59772112104 -0.03310355906942754 
460815.0470219432 -481509.651226123 -0.027328795244756766 
463949.8432601877 -550346.1436146247 -0.020687701921521806 
467084.6394984322 -600320.4659651703 -0.013357529292589475 
470219.43573667674 -625221.9913143249 -0.005425635584262556 
473354.23197492125 -621766.2069573619 0.0029076686413248834 
476489.02821316576 -592160.8369992559 0.01122506320884867 
479623.82445141027 -541837.1256203416 0.01900843561948708 
482758.6206896548 -474732.3633163216 0.025865527601714757 
485893.4169278993 -391045.967940938 0.031640980852207595 
489028.2131661438 -289753.00473964686 0.036306777216657496 
492163.0094043883 -173124.41202972166 0.0397579420243892 
495297.8056426328 -48367.731905509165 0.04173737075350307 
498432.60188087734 75490.26860617872 0.04197588913159672 
501567.39811912185 192371.34491513745 0.04040520445878984 
504702.19435736636 300733.4600420319 0.03722254840946101 
507836.99059561087 400497.2203447874 0.032739431562426924 
510971.7868338554 488726.66710447584 0.027171473872744253 
514106.5830720999 558775.8985684125 0.020585745633510216 
517241.3793103444 603948.6321567947 0.013054139729864165 
520376.1755485889 621949.355966111 0.004842752754921031 
523510.9717868334 615546.5021075385 -0.0035720754752976694 
526645.768025078 588820.6750054626 -0.011689247487963248 
529780.5642633225 542977.2994325038 -0.019186991223729754 
532915.360501567 476121.7939077855 -0.025943471825861177 
536050.1567398115 387190.641319121 -0.031864669879375924 
539184.952978056 279828.18163987383 -0.03671219890571471 
542319.7492163006 162027.12958526638 -0.04012254186311582 
545454.5454545451 41779.268579264026 -0.041806303205356825 
548589.3416927896 -76845.71600499717 -0.0417249713841053 
551724.1379310341 -193244.8215403911 -0.040064319192326996 
554858.9341692786 -306114.43329092104 -0.03703513176527731 
557993.7304075231 -410139.9925115335 -0.03271100672284547 
561128.5266457676 -497202.9159430989 -0.02707141030988514 
564263.3228840121 -561002.3913638289 -0.020199933492999412 
567398.1191222566 -600382.5776031223 -0.012422402319520767 
570532.9153605012 -617995.9313255427 -0.004230959392857331 
573667.7115987457 -615809.546972922 0.003936244834054508 
576802.5078369902 -592246.323699398 0.011839550972239578 
579937.3040752347 -543995.6741409163 0.01936685502563111 
583072.1003134792 -470581.2943155628 0.026334435422984033 
586206.8965517237 -376840.3840308017 0.032381259968840025 
589341.6927899682 -270632.9907979404 0.03707937126807314 
592476.4890282127 -158084.5416534864 0.04015457507454974 
595611.2852664572 -41228.75009531301 0.04159422957555227 
598746.0815047018 79630.76276130571 0.041535878059846855 
601880.8777429463 201499.8428630266 0.04005876052650891 
605015.6739811908 317045.85061424377 0.03709990380685228 
608150.4702194353 417638.3231773586 0.03258293635818632 
611285.2664576798 498059.2398927673 0.02662165153508291 
614420.0626959243 558098.9714939857 0.0195795127175936 
617554.8589341688 599512.6928253778 0.011915715493799132 
620689.6551724133 621666.0025733045 0.003970946811138205 
623824.4514106578 620545.0135658393 -0.00409228909276726 
626959.2476489024 592233.3252897045 -0.012143692999699147 
630094.0438871469 537226.5596446127 -0.019899382859271363 
633228.8401253914 461040.74862848513 -0.02690410588043928 
636363.6363636359 370433.7996086709 -0.03271226517850447 
639498.4326018804 269136.86246043735 -0.03708883673432599 
642633.2288401249 157473.49707391323 -0.04002930063644651 
645768.0250783694 36127.425181137434 -0.04158653716431348 
648902.8213166139 -90063.46537652345 -0.04169366145289531 
652037.6175548584 -212449.70038526322 -0.040173737637513245 
655172.413793103 -322869.9256714702 -0.03692837815476664 
658307.2100313475 -417570.54067392147 -0.03210674912193964 
661442.006269592 -496805.33424540807 -0.026074796881807263 
664576.8025078365 -560706.9249812309 -0.019212302930358503 
667711.598746081 -605921.7997938439 -0.011744190667509018 
670846.3949843255 -626670.4445743375 -0.0037744773462072877 
673981.19122257 -619210.5065684562 0.004523411497123604 
677115.9874608145 -585071.3224103213 0.012771718476231106 
680250.783699059 -529687.481943521 0.02046288573433457 
683385.5799373036 -457861.5520944542 0.027177527564192575 
686520.3761755481 -370782.2233466691 0.03272881666620698 
689655.1724137926 -267651.4620437846 0.03709301679479983 
692789.9686520371 -150095.85616704263 0.04020960915136505 
695924.7648902816 -24584.879573891227 0.04186990172276461 
699059.5611285261 99844.35628520524 0.0418179240993952 
702194.3573667706 216335.98516642142 0.03996198497689339 
705329.1536050151 322627.9034205046 0.0364766498364007 
708463.9498432596 418778.80785383575 0.03168779408416789 
711598.7460815042 502782.07785984245 0.025859057047764783 
714733.5423197487 568845.8715853026 0.019099253434715358 
717868.3385579932 610293.7461370823 0.011480852183523259 
721003.1347962377 624156.8515464722 0.0032358281632806855 
724137.9310344822 612722.9460306402 -0.005187564096516541 
727272.7272727267 580476.4679853104 -0.013278299653754926 
730407.5235109712 529674.488598804 -0.02067714230547823 
733542.3197492157 459199.13701600506 -0.02723915680801437 
736677.1159874602 367844.33585402975 -0.03289079650709072 
739811.9122257048 258498.13537519122 -0.037443396437381704 
742946.7084639493 138709.56618068466 -0.04056930329061949 
746081.5047021938 16902.477219631917 -0.04197400138078804 
749216.3009404383 -101946.15129415176 -0.04158959636941579 
752351.0971786828 -216792.3702944453 -0.03959087681878349 
755485.8934169273 -326833.8583524594 -0.0362201066849291 
758620.6896551718 -427686.8422578344 -0.03160555698608673 
761755.4858934163 -511629.5058248931 -0.02576176682247368 
764890.2821316608 -571867.5511097913 -0.01876382851148606 
768025.0783699054 -606564.7137895431 -0.010901346020926812 
771159.8746081499 -618571.6739800471 -0.002638942962805172 
774294.6708463944 -611162.4201350103 0.00558235455517429 
777429.4670846389 -584114.3897951406 0.013496129665502338 
780564.2633228834 -534042.4486864425 0.020956869387062253 
783699.0595611279 -458555.49045750336 0.02774767594523577 
786833.8557993724 -360063.9158604707 0.0334752149668231 
789968.6520376169 -245670.73439271864 0.037697385841888954 
793103.4482758614 -123683.76598622213 0.04018397134179639 
796238.244514106 -498.368166156748 0.04105482689167388 
799373.0407523505 119334.60492821017 0.04064321824817604 
802507.836990595 230877.57051054254 0.03919712770164629 
805642.6332288395 327881.05272171926 0.03669161504174573 
808777.429467084 405004.30850905145 0.03291763233745781 
811912.2257053285 461122.7706123536 0.027746313039202674 
815047.021943573 499861.31389094586 0.02131073603529135 
818181.8181818175 525987.5596717794 0.013950498611545344 
821316.614420062 540645.6991995752 0.006011189182097399 
824451.4106583066 539988.1138276815 -0.0022760355595297962 
827586.2068965511 518676.3095670501 -0.010718951343809461 
830721.0031347956 474957.71032687183 -0.019001571988897348 
833855.7993730401 412457.90056155744 -0.026640386311299103 
836990.5956112846 337145.048762945 -0.033135420044053614 
840125.3918495291 252772.77318706596 -0.03817751827391183 
843260.1880877736 159515.6924644135 -0.0417057223260937 
846394.9843260181 57051.241660208936 -0.043761261985697276 
849529.7805642626 -51361.255529478425 -0.04429623365218724 
852664.5768025072 -158291.1533391681 -0.04314137706257692 
855799.3730407517 -255836.53497947252 -0.04016866049223131 
858934.1692789962 -339891.26755841373 -0.03547772385251857 
862068.9655172407 -410652.7919502419 -0.029408006260119093 
865203.7617554852 -468987.4964938981 -0.022359364686012947 
868338.5579937297 -512609.8726123943 -0.014603008203455179 
871473.3542319742 -536204.6342338077 -0.0062725568458231965 
874608.1504702187 -535448.9732360799 0.002466176008235255 
877742.9467084632 -510764.6228343502 0.011257271944583962 
880877.7429467078 -466886.3080794831 0.01958750457657098 
884012.5391849523 -408702.54213292524 0.026988441931409923 
887147.3354231968 -337711.8003826699 0.03320833652049417 
890282.1316614413 -252757.2737463888 0.03818552487405695 
893416.9278996858 -154175.62734742134 0.04186269289515678 
896551.7241379303 -46882.845383088 0.044047047327677155 
899686.5203761748 60979.034031794625 0.04447108786785233 
902821.3166144193 162556.2862817727 0.04299544761464584 
905956.1128526638 255367.72237778892 0.03974350758821388 
909090.9090909084 339876.8891050735 0.03502678047433182 
912225.7053291529 415212.24233457097 0.029137508569089168 
915360.5015673974 476682.84651161084 0.022221943239872283 
918495.2978056419 517831.4169321582 0.014360481291155172 
921630.0940438864 534974.7863904748 0.005761234871418422 
924764.8902821309 529544.044366254 -0.003147278132746736 
927899.6865203754 505825.0426843007 -0.011833738286723102 
931034.4827586199 466506.71659228276 -0.019881028697393555 
934169.2789968645 410716.24131179054 -0.027087662613627363 
937304.075235109 336571.4886266024 -0.03336012322666103 
940438.8714733535 245501.3621901106 -0.03852178176897286 
943573.667711598 143700.6722481607 -0.042250506800302415 
946708.4639498425 39077.71508105913 -0.044220056468790486 
949843.260188087 -63227.499541730926 -0.04430411073824053 
952978.0564263315 -162190.30457101157 -0.04263379128289555 
956112.852664576 -257856.61929301525 -0.03945121003845491 
959247.6489028205 -347269.38226159086 -0.03491346508101238 
962382.445141065 -423804.69479595753 -0.029050894455433966 
965517.2413793096 -480759.1293467424 -0.02191859591403541 
968652.0376175541 -515544.88531401195 -0.013774710574879159 
971786.8338557986 -530192.6480292174 -0.005088903534621198 
974921.6300940431 -527721.7308083042 0.003638583025403812 
978056.4263322876 -508253.79981020803 0.012069060343177949 
981191.2225705321 -468983.17588333273 0.02003963579573954 
984326.0188087766 -408028.54862016346 0.027397931441948742 
987460.8150470211 -328079.5874497937 0.033844154272962425 
990595.6112852657 -235942.58529361285 0.038958919594216296 
993730.4075235102 -138304.34621093652 0.04239538633311307 
996865.2037617547 -40447.14665199451 0.04415279606079746 
999999.9999999992 128289.78423904272 0.041102643492985286 
