#x u 
0.0 -74279.79190217977 0.044277953195559654 
3134.796238244514 -119545.80251888912 0.04415728138428293 
6269.592476489028 -195443.93808716847 0.04071304157184596 
9404.38871473354 -263611.71036309475 0.035702338903293246 
12539.184952978056 -321579.9366629622 0.029311288484659467 
15673.98119122257 -367112.9567959073 0.021786758432657618 
18808.777429467085 -398449.7154289464 0.013419735629015295 
21943.5736677116 -414378.43491486413 0.004533771980371499 
25078.369905956115 -414283.15144024516 -0.004527512507703668 
28213.16614420063 -398167.5496401016 -0.013413718208884312 
31347.962382445145 -366654.8194019086 -0.021781215787615577 
34482.75862068966 -320963.55715663335 -0.029306434337527203 
37617.55485893417 -262860.6427866827 -0.03569837385964402 
40752.35109717868 -194592.91442837974 -0.04070985822452223 
43887.14733542319 -118800.28330165026 -0.04414709346652863 
47021.943573667704 -38413.64841413575 -0.04587716179128064 
50156.739811912215 43458.44122462694 -0.04583316150318085 
53291.53605015673 123649.99410981285 -0.04401679409218692 
56426.33228840124 199060.00504766684 -0.0404982984372407 
59561.12852664575 266772.3709429662 -0.03541373467070814 
62695.92476489026 324168.65642729367 -0.02895972273671923 
65830.72100313478 369029.3486843324 -0.02138583910321584 
68965.51724137929 399619.68595078756 -0.01298496564664705 
72100.3134796238 414756.74070712616 -0.004081963917682532 
75235.10971786831 413855.16345294984 0.004978887246216526 
78369.90595611282 396949.81815643376 0.013847204974184516 
81504.70219435733 364694.43406561785 0.022180051658146144 
84639.49843260185 318336.3260159602 0.02965519634089926 
87774.29467084636 259668.16079919133 0.03598357537856516 
90909.09090909087 190958.63478668185 0.04092047052392478 
94043.88714733538 114864.74350176752 0.044274972174457965 
97178.68338557989 34329.03567430214 0.045917361841539696 
100313.4796238244 -47534.17503959519 0.04578412836090713 
103448.27586206891 -127559.24048288523 0.04388042386767367 
106583.07210031342 -202651.59352671518 0.04027986456340289 
109717.86833855794 -269907.4148980798 0.03512168397957343 
112852.66457680245 -326725.9237930301 0.028605348820660757 
115987.46081504696 -370909.9500004217 0.020982845592038602 
119122.25705329147 -400750.89841490565 0.012548936288591972 
122257.05329153598 -415094.8203637033 0.0036297599563009674 
125391.84952978049 -413387.0367707568 -0.005429779095897543 
128526.645768025 -395693.5875816842 -0.014279348736462116 
131661.44200626953 -362698.6780008569 -0.0225767363453532 
134796.23824451404 -315678.22029454773 -0.03000108216684815 
137931.03448275855 -256450.4942978989 -0.03626528694766721 
141065.83072100306 -187305.83458259335 -0.041127114057377866 
144200.62695924757 -110918.06328055143 -0.044398556772380006 
147335.42319749208 -30241.093453988975 -0.0459531084908522 
150470.2194357366 51605.2986432693 -0.045730654739642336 
153605.0156739811 131456.11522963663 -0.04373979779932805 
156739.81191222562 206223.52737487154 -0.04005752405425798 
159874.60815047013 273016.2812617816 -0.03482622693113927 
163009.40438871464 329251.5028935881 -0.02824820054905559 
166144.20062695915 372754.57776192983 -0.020577817011321782 
169278.99686520366 401843.24313142715 -0.012111689843088793 
172413.79310344817 415392.64109442336 -0.0031772039543016585 
175548.58934169268 412878.8167960271 0.005880144325964679 
178683.3855799372 394398.9797542612 0.014710107583260515 
181818.1818181817 360667.74477061664 0.0229712313758601 
184952.97805642622 312989.4977948911 0.030344058268841633 
188087.77429467073 253207.95535558905 0.036543481244505654 
191222.57053291524 183634.868091339 0.04132976878308306 
194357.36677115975 106960.62541585873 0.04451783527415826 
197492.16300940426 26150.21823167217 0.045984398272247116 
200626.95924764877 -55671.41718836482 0.045672745825648696 
203761.75548589329 -135340.24040270818 0.043594929526092854 
206896.5517241378 -209775.46015991864 0.03983129847401178 
210031.3479623823 -276098.6685135164 0.03452739218098706 
213166.14420062682 -331745.14877987123 0.02788831256075023 
216300.94043887133 -374563.05306339194 0.020170792643693827 
219435.73667711584 -402896.6141567902 0.011673268717489707 
222570.53291536035 -415650.1740144604 0.0027243398038693844 
225705.32915360486 -412330.55281964445 -0.0063299392567102335 
228840.12539184937 -393066.1202346831 -0.015139439736442195 
231974.9216300939 -358601.8313496244 -0.02336349848865893 
235109.7178683384 -310270.419288924 -0.030684091382553614 
238244.5141065829 -249940.8584573586 -0.03681813128776688 
241379.31034482742 -179946.0913500491 -0.041528415046105834 
244514.10658307193 -102992.81372890562 -0.04463279611129298 
247648.90282131644 -22056.806770297822 -0.04601122815101304 
250783.69905956095 59732.13631302013 -0.04561040723535541 
253918.49529780546 139211.23929128505 -0.04344583309835073 
257053.29153604998 213307.04738948643 -0.039601209763672464 
260188.0877742945 279154.2777008698 -0.034225208712292385 
263322.884012539 334206.61959989846 -0.027525719760309028 
266457.6802507835 376335.2005056696 -0.01976181196534921 
269592.476489028 403910.90932737745 -0.011233715433075926 
272727.27272727253 415867.39414638537 -0.002271211427075354 
275862.06896551704 411742.2980162476 0.0067791202637383485 
278996.86520376155 391695.1382933936 0.015567303556240891 
282131.66144200607 356501.1381052473 0.02375349963882165 
285266.4576802506 307521.24849273195 0.0310211485290905 
288401.2539184951 246649.52047011646 0.0370892104398847 
291536.0501567396 176239.8621232199 0.041723033580281364 
294670.8463949841 99015.01304703223 0.04474342813404291 
297805.6426332286 17961.2560787868 0.04603359552499245 
300940.43887147313 -63787.06217905514 0.045543645014814 
304075.23510971764 -143068.73645763908 0.04329252297656159 
307210.03134796215 -216817.94654446235 0.039367280238922775 
310344.82758620667 -282182.81246855296 0.03391970583301393 
313479.6238244512 -336635.6766222574 0.027160457314628655 
316614.4200626957 -378070.8482129674 0.019350914642219653 
319749.2163009402 -404886.030269444 0.010793072620933748 
322884.0125391847 -416044.28042261105 0.0018178627716173886 
326018.8087774292 -411114.1094390865 -0.007227643782195864 
329153.60501567373 -390286.1668982333 -0.015993657545299838 
332288.40125391824 -354365.8687780512 -0.024141197001189586 
335423.19749216276 -304742.2520409666 -0.0313551970181897 
338557.99373040727 -243334.26061184533 -0.037356692409624075 
341692.7899686518 -172516.5398680166 -0.04191360551008361 
344827.5862068963 -95027.6091663873 -0.044849720612506916 
347962.3824451408 -13863.963373545324 -0.04605149822483418 
351097.1786833853 67835.80151015549 -0.04547246563911199 
354231.9749216298 146912.3577735343 -0.04313501402986024 
357366.77115987433 220307.81711222 -0.03912953258795568 
360501.56739811884 285183.97908715863 -0.03361091317305109 
363636.36363636336 339032.08425927063 -0.026792560649527522 
366771.15987460787 379769.82784950285 -0.018938140526127082 
369905.9561128524 405821.88240864093 -0.010351383017819713 
373040.7523510969 416180.81568741205 -0.0013643378065574684 
376175.5485893414 410446.0480144728 0.007675466310997904 
379310.3448275859 388839.34270152997 0.016418460352696937 
382445.1410658304 352196.23046204087 0.024526552974042458 
385579.93730407493 301933.69946099125 0.03168620445139011 
388714.73354231945 239995.4004206499 0.03762055125463092 
391849.52978056396 168776.4856994046 0.042100112352455976 
394984.32601880847 91030.9888144817 0.04495166323766572 
398119.122257053 9765.326039943679 0.0460649345142031 
401253.9184952975 -71877.9616298214 0.04539687601173545 
404388.714733542 -150741.73045623754 0.04297332153460133 
407523.5109717865 -223776.3206204516 0.038887989869311426 
410658.307210031 -288157.48648488236 0.03329886068151884 
413793.10344827553 -341395.6100906715 0.026422065446348387 
416927.89968652005 -381431.9746178368 0.0185235296500939 
420062.69592476456 -406718.3749414355 0.009908689460285018 
423197.49216300907 -416276.9867326122 0.0009106805196164344 
426332.2884012536 -409738.1788093017 -0.00812254440451338 
429467.0846394981 -387354.8063448386 -0.016841670763379318 
432601.8808777426 -349992.4327206643 -0.024909530222344916 
435736.6771159871 -299095.8599037736 -0.03201413887382473 
438871.4733542316 -236633.26204464916 -0.03788076146090599 
442006.26959247614 -165020.07812398864 -0.04228253557366046 
445141.06583072065 -87025.5068867282 -0.04504924170732057 
448275.86206896516 -5663.743432213152 -0.04607381142964313 
451410.65830720967 75935.64181513031 -0.04531586546591376 
454545.4545454542 154709.69593285478 -0.04280046299470585 
457680.2507836987 227967.9719359127 -0.03860852538153328 
460815.0470219432 293877.26444798266 -0.032856298569882154 
463949.8432601877 351966.02637508133 -0.025671114219575686 
467084.6394984322 403060.40299510316 -0.01719029871383111 
470219.43573667674 447848.19774802856 -0.0076198844320393465 
473354.23197492125 484036.18690584885 0.002645064494252626 
476489.02821316576 503937.47801381245 0.012921312959893953 
479623.82445141027 495691.7173125202 0.02230413806623862 
482758.6206896548 449683.1012391801 0.029971347895212677 
485893.4169278993 366843.56951457565 0.035577511494966164 
489028.2131661438 261563.97092664597 0.03941167830096967 
492163.0094043883 154378.3625173872 0.04209456583022208 
495297.8056426328 58502.06844051038 0.04398127705638531 
498432.60188087734 -28270.787142813093 0.04476990189671455 
501567.39811912185 -117852.31448061552 0.043707321720614686 
504702.19435736636 -216644.67071315134 0.04025278474887618 
507836.99059561087 -315478.6623762323 0.03460360172257616 
510971.7868338554 -395504.4387623774 0.027592509238516395 
514106.5830720999 -445060.787848076 0.020067325253386413 
517241.3793103444 -470637.67046735494 0.012364334473501257 
520376.1755485889 -490131.8203632148 0.004370032664380009 
523510.9717868334 -514393.902609857 -0.003952638530193821 
526645.768025078 -535359.3712082068 -0.012174844492822266 
529780.5642633225 -532744.102454646 -0.01958635954428488 
532915.360501567 -492613.9869783253 -0.02575796363124428 
536050.1567398115 -419375.80651559663 -0.030857102138335837 
539184.952978056 -329907.3245529483 -0.03533659694506919 
542319.7492163006 -236909.67371707407 -0.03928989442335282 
545454.5454545451 -139020.53595086347 -0.04215321916258609 
548589.3416927896 -27333.05071562851 -0.04310285974645884 
551724.1379310341 99531.0249830287 -0.04177338466691213 
554858.9341692786 228370.1662318898 -0.038570543540419694 
557993.7304075231 340095.58459550946 -0.03425748295763126 
561128.5266457676 425079.71018744865 -0.029242804719196904 
564263.3228840121 489034.5309192576 -0.023307782028265667 
567398.1191222566 543307.6141100968 -0.01604840181788701 
570532.9153605012 589909.6266272968 -0.007557018318784478 
573667.7115987457 617123.3252668 0.0013835192099893108 
576802.5078369902 610389.2686068664 0.0098083461980551 
579937.3040752347 567070.1190046206 0.01725884884150807 
583072.1003134792 499591.4375665578 0.023939690791007162 
586206.8965517237 423650.8001331198 0.030192456347156615 
589341.6927899682 343850.7139930465 0.035851711609527145 
592476.4890282127 251777.33536201366 0.040171492723543284 
595611.2852664572 138423.56004011357 0.04240868460861782 
598746.0815047018 7749.250420607625 0.04245736168930408 
601880.8777429463 -123035.07039347189 0.040872906956702676 
605015.6739811908 -236922.39138726212 0.03826433303414724 
608150.4702194353 -330328.2723747328 0.03469494574623835 
611285.2664576798 -412359.0782707825 0.02971979213826338 
614420.0626959243 -491081.9179526021 0.023016080152397395 
617554.8589341688 -561398.8947909055 0.014937178472521167 
620689.6551724133 -607412.2876940978 0.0063995734892904835 
623824.4514106578 -616900.4640778297 -0.0017879347382932236 
626959.2476489024 -592765.6612098549 -0.009458585652014278 
630094.0438871469 -549475.7182602168 -0.016936148250039633 
633228.8401253914 -498269.83892577083 -0.024369911618956196 
636363.6363636359 -436671.6842329248 -0.03126813792446041 
639498.4326018804 -353279.51426653774 -0.036732257687524625 
642633.2288401249 -242703.1646569968 -0.04015608440261396 
645768.0250783694 -114825.03370124874 -0.041664204046304804 
648902.8213166139 11485.424835389138 -0.04183656096367206 
652037.6175548584 123744.63196759004 -0.041014818194938164 
655172.413793103 224321.5734778084 -0.038923179243894976 
658307.2100313475 323282.62425729964 -0.0350028309748974 
661442.006269592 423326.89981439465 -0.029106239049635673 
664576.8025078365 512826.8760694509 -0.02181707094212433 
667711.598746081 574444.0529297595 -0.01405331339695412 
670846.3949843255 600391.8909000715 -0.006362888841515005 
673981.19122257 598411.6024850997 0.0013576474700738536 
677115.9874608145 582270.5819735687 0.009437298512019394 
680250.783699059 556834.6578457527 0.01775805224724747 
683385.5799373036 513427.58403084136 0.0255553596727107 
686520.3761755481 440330.7058357436 0.031913601698634976 
689655.1724137926 337321.9995972417 0.03644716080966194 
692789.9686520371 218882.31216613523 0.039461906065593334 
695924.7648902816 102590.9290268794 0.04143711231198086 
699059.5611285261 -5220.881624980785 0.04238047776338266 
702194.3573667706 -111635.20301027168 0.04173979476942505 
705329.1536050151 -225037.21008740348 0.038966857138631426 
708463.9498432596 -341649.6825703131 0.034141023477372946 
711598.7460815042 -445048.1178526695 0.02799506980366749 
714733.5423197487 -519329.81289743766 0.021312325492718786 
717868.3385579932 -562242.7393026663 0.014322772402368972 
721003.1347962377 -584611.7569758004 0.00672444436012393 
724137.9310344822 -596788.1760766275 -0.0017029620767340852 
727272.7272727267 -596459.6237797777 -0.010549148649216862 
730407.5235109712 -570684.3053718666 -0.018878228741218254 
733542.3197492157 -510017.06299307436 -0.02588948461026861 
736677.1159874602 -419849.51730418473 -0.03145139547823607 
739811.9122257048 -316990.6617180534 -0.03595954253298089 
742946.7084639493 -215005.28881954195 -0.03967905328979862 
746081.5047021938 -113613.80032749713 -0.0422725046931342 
749216.3009404383 -3152.2186691574234 -0.043016912447450956 
752351.0971786828 120767.15615886237 -0.041486570157292034 
755485.8934169273 247986.7784323884 -0.0379866024193394 
758620.6896551718 359846.70790718583 -0.03328217979496515 
761755.4858934163 444356.00297943014 -0.02790658307412171 
764890.2821316608 504710.0858767937 -0.02177141913316478 
768025.0783699054 552363.0167918629 -0.014481926272430038 
771159.8746081499 592085.4504503065 -0.006016846118421424 
774294.6708463944 614833.0388455273 0.0029523143045470596 
777429.4670846389 605998.7285594129 0.011449484778529891 
780564.2633228834 560412.3195792863 0.018893430535280253 
783699.0595611279 488328.8107084946 0.02538555632276851 
786833.8557993724 406095.0901194009 0.0312963448339419 
789968.6520376169 321260.4798973765 0.0365975069374878 
793103.4482758614 227698.04771454088 0.04065282913973489 
796238.244514106 115740.31238812814 0.04269651338718738 
799373.0407523505 -13478.323855219589 0.04250307891113867 
802507.836990595 -144713.79474742353 0.04054971348418712 
805642.6332288395 -259983.1066256354 0.03750363263873599 
808777.429467084 -352830.7457455911 0.03357421442556344 
811912.2257053285 -430671.14900247083 0.0284089719179852 
815047.021943573 -502924.5735641904 0.02163786622119383 
818181.8181818175 -567584.9099634661 0.013486618958552531 
821316.614420062 -610477.0245994913 0.004805581270344657 
824451.4106583066 -618086.1251881147 -0.003526092143028662 
827586.2068965511 -590543.8303181893 -0.011205736254506715 
830721.0031347956 -541166.9205068375 -0.018497970455564 
833855.7993730401 -483055.0556330397 -0.025633740144020117 
836990.5956112846 -416821.61848280486 -0.03226221555321451 
840125.3918495291 -332296.3287095715 -0.037543489530389815 
843260.1880877736 -222309.7235412893 -0.040794878713861185 
846394.9843260181 -93941.41813740504 -0.04202020937590594 
849529.7805642626 34734.01207265322 -0.04177305703258298 
852664.5768025072 149135.07144033944 -0.04050327885056197 
855799.3730407517 248832.32689943255 -0.038076880482137664 
858934.1692789962 343356.600400731 -0.03397410174044491 
862068.9655172407 437752.28612093534 -0.02795482500797083 
865203.7617554852 523240.354955441 -0.020486905815491018 
868338.5579937297 582958.7976571411 -0.012480513231226379 
871473.3542319742 606870.9237175169 -0.004599459768811746 
874608.1504702187 600272.5628103635 0.0031366285254231657 
877742.9467084632 577038.5630796965 0.011052892936290961 
880877.7429467078 544763.9625032773 0.01915016772646566 
884012.5391849523 497435.5513171565 0.026782491494964023 
887147.3354231968 423307.17720390885 0.0330324138953529 
890282.1316614413 319629.9391431458 0.03740085144465379 
893416.9278996858 198656.00454062244 0.04009671584842272 
896551.7241379303 78490.13416189386 0.041631207594654634 
899686.5203761748 -31728.315115017514 0.042150916018920355 
902821.3166144193 -136895.25091153244 0.041215959723793896 
905956.1128526638 -246116.0368700103 0.03825871129195377 
909090.9090909084 -358503.88106917887 0.0332405773557046 
912225.7053291529 -459713.2710431605 0.02681396233619908 
915360.5015673974 -533015.4971529925 0.019814791218366455 
918495.2978056419 -573418.7155798345 0.01261260513722436 
921630.0940438864 -590121.3422145149 0.0049926614951851175 
924764.8902821309 -594835.537792578 -0.003316841646795235 
927899.6865203754 -588342.2692691395 -0.012038729892750163 
931034.4827586199 -559456.3895224999 -0.020311516742707886 
934169.2789968645 -497489.6451267889 -0.02727416703209126 
937304.075235109 -405074.0816849272 -0.03266824348854039 
940438.8714733535 -297804.0727297458 -0.0368361573286945 
943573.667711598 -190988.87821882585 -0.04012833633346059 
946708.4639498425 -87328.51937374953 -0.04235190026872889 
949843.260188087 21678.15059846278 -0.042847448224869834 
952978.0564263315 142246.72000872856 -0.04111768985836613 
956112.852664576 267103.2441378305 -0.03734922291499829 
959247.6489028205 378519.8453775736 -0.03227906587564981 
962382.445141065 462567.65152077033 -0.026544258621802454 
965517.2413793096 519766.22925199626 -0.02019377183515677 
968652.0376175541 561091.4939348442 -0.012868680687222788 
971786.8338557986 593681.6128964226 -0.004451798058901765 
974921.6300940431 611380.4397741518 0.004506979080300907 
978056.4263322876 600131.6067726108 0.013048275060575945 
981191.2225705321 552584.6949341408 0.020484932652967594 
984326.0188087766 476559.7272038524 0.02680354966739262 
987460.8150470211 388447.5725248241 0.03237634623631656 
990595.6112852657 298430.7179735394 0.03729841686210603 
993730.4075235102 202973.14804359688 0.04105770992726768 
996865.2037617547 92860.74474005378 0.042869720985393524 
999999.9999999992 -74279.79190431778 0.044277953195461656 
