#x u 
0.0 -145513.6143963483 -0.03913545629777658 
3134.796238244514 -213211.4749727543 -0.03422666817558046 
6269.592476489028 -352552.0121095507 -0.031656200751888484 
9404.38871473354 -475886.30166295293 -0.027752812821217 
12539.184952978056 -580872.7778819974 -0.02277873156398575 
15673.98119122257 -663353.5563616786 -0.016921809706782656 
18808.777429467085 -720053.0278605667 -0.010404588559874667 
21943.5736677116 -748559.2252050076 -0.0034690320863756054 
25078.369905956115 -747301.8997344448 0.003638110080875009 
28213.16614420063 -715483.1096319915 0.010680809448386654 
31347.962382445145 -653062.9420480353 0.017444954729607092 
34482.75862068966 -560962.2087588183 0.02373741116173219 
37617.55485893417 -441613.0012451376 0.02936662064962695 
40752.35109717868 -299780.8172090817 0.03410801391351719 
43887.14733542319 -143225.586680907 0.03767394759044348 
47021.943573667704 17508.84400163141 0.03972072215644642 
50156.739811912215 170732.46361343242 0.03991825415164968 
53291.53605015673 306461.7825849763 0.038072880109039225 
56426.33228840124 419221.2561389797 0.034245560211916166 
59561.12852664575 509008.6623096601 0.028784066056699475 
62695.92476489026 579391.8208785892 0.022222286319323815 
65830.72100313478 633571.6404285046 0.015085444438573428 
68965.51724137929 670949.6776629275 0.007718126713022075 
72100.3134796238 686728.5574341805 0.0002515805538148899 
75235.10971786831 674974.834222961 -0.007269469799368212 
78369.90595611282 632863.539048969 -0.014704509674411517 
81504.70219435733 562809.8806989295 -0.0217299627084042 
84639.49843260185 470936.6421261865 -0.027917673538498264 
87774.29467084636 363437.26409626676 -0.03290731963523613 
90909.09090909087 244102.80265192594 -0.036522725468211226 
94043.88714733538 114995.78276716135 -0.038741067477313484 
97178.68338557989 -20814.506491589742 -0.039564721032263 
100313.4796238244 -157447.61486835522 -0.038933018667727734 
103448.27586206891 -287253.11489870667 -0.036761898244334616 
106583.07210031342 -403679.7346949377 -0.03306510743649571 
109717.86833855794 -503139.6114544594 -0.028027512837191185 
112852.66457680245 -584148.2387695643 -0.021952168668410182 
115987.46081504696 -644869.5909569438 -0.015133440410661227 
119122.25705329147 -681817.91596581 -0.0077828604005291385 
122257.05329153598 -691196.5509813374 -7.613749665246779e-05 
125391.84952978049 -671542.0568056223 0.007739166219207856 
128526.645768025 -624939.748319061 0.015300085518281716 
131661.44200626953 -555547.3335216627 0.022206264598553484 
134796.23824451404 -466955.63077610225 0.028149047835003514 
137931.03448275855 -361096.1385439846 0.03296712512164469 
141065.83072100306 -239738.97525997198 0.036580683905452493 
144200.62695924757 -106867.74922938703 0.038882499286717526 
147335.42319749208 30729.868539039184 0.03970794876746969 
150470.2194357366 165460.2848318048 0.038920936973505384 
153605.0156739811 291607.1949763549 0.03652869076360844 
156739.81191222562 406083.64679856686 0.03270582026953062 
159874.60815047013 506666.9507553888 0.02770118726290756 
163009.40438871464 589767.3499878551 0.021722062771262405 
166144.20062695915 650252.9985686925 0.014911726313011115 
169278.99686520366 683666.5408620465 0.007436431819789976 
172413.79310344817 688624.4794184151 -0.00041894068679921876 
175548.58934169268 666965.351694538 -0.008257561623628885 
178683.3855799372 621542.9339104183 -0.01568389286540903 
181818.1818181817 553996.423127005 -0.0224161345344117 
184952.97805642622 464811.8169561894 -0.028291403139467784 
188087.77429467073 355539.4094124034 -0.033169523855945654 
191222.57053291524 230729.3798755984 -0.03684698012122241 
194357.36677115975 97413.05891624212 -0.03908049581834168 
197492.16300940426 -37488.12050390636 -0.03970274720265892 
200626.95924764877 -169286.51024527382 -0.038713918925622204 
203761.75548589329 -295151.865567878 -0.03625613536467206 
206896.5517241378 -411837.12883787125 -0.032498703040684446 
210031.3479623823 -514101.3169768229 -0.027553516734281223 
213166.14420062682 -595679.9018135602 -0.02150592267552595 
216300.94043887133 -651956.4241296176 -0.014522774771688444 
219435.73667711584 -681677.1053522248 -0.006916393397428962 
222570.53291536035 -686028.0111633167 0.0009120351249932248 
225705.32915360486 -666133.248692363 0.008600546989545299 
228840.12539184937 -621653.6779993774 0.015902637387842183 
231974.9216300939 -551966.92211079 0.022643305006564682 
235109.7178683384 -458654.6458299579 0.02861291130815415 
238244.5141065829 -346610.6680557373 0.03352169032817809 
241379.31034482742 -222498.795493942 0.03707296880625669 
244514.10658307193 -92043.96404155712 0.039086994565046815 
247648.90282131644 41161.104102298676 0.039552439948254935 
250783.69905956095 174266.86797351053 0.038556801513810544 
253918.49529780546 302857.2138193555 0.036172091735467295 
257053.29153604998 420352.78895132 0.032416876708350834 
260188.0877742945 519956.09331594454 0.027333054584091014 
263322.884012539 597284.1634668156 0.021092862752627846 
266457.6802507835 651095.3865243951 0.01401776393242649 
269592.476489028 681497.7244787489 0.006481683478490064 
272727.27272727253 687643.3006363589 -0.0012089338495445295 
275862.06896551704 667417.9060669892 -0.00884270931502521 
278996.86520376155 619496.9405902376 -0.01622101208140762 
282131.66144200607 545611.39791394 -0.023064120566071933 
285266.4576802506 450607.91874464793 -0.029016218306446122 
288401.2539184951 340168.5384638796 -0.03375508407310804 
291536.0501567396 218479.85082914602 -0.037101320737018884 
294670.8463949841 88160.95918817134 -0.0390211741840351 
297805.6426332286 -47642.96758289743 -0.039527232266170914 
300940.43887147313 -183391.18447890694 -0.03858666896506374 
304075.23510971764 -311667.1615269077 -0.03613651860591128 
307210.03134796215 -425744.8118118183 -0.03219059467358382 
310344.82758620667 -521704.39205326606 -0.02692402143473923 
313479.6238244512 -598065.7051443048 -0.020642700809385597 
316614.4200626957 -653499.3500093776 -0.013663948334939604 
319749.2163009402 -685171.9188057107 -0.006226013763470548 
322884.0125391847 -689582.278913758 0.0014878211237649972 
326018.8087774292 -665090.9890150183 0.009246593245996988 
329153.60501567373 -613527.2553174386 0.016709836320474673 
332288.40125391824 -539189.2675839091 0.023483326660292323 
335423.19749216276 -446254.7811302097 0.029245402098853106 
338557.99373040727 -337250.41350990755 0.033822159363391814 
341692.7899686518 -214077.38561271326 0.03714268273007516 
344827.5862068963 -80371.34049438845 0.039130247606108615 
347962.3824451408 57453.873500385715 0.03965099848639987 
351097.1786833853 191762.98219211865 0.0385791155469601 
354231.9749216298 316418.92447433074 0.03591280830167289 
357366.77115987433 428010.8718350909 0.03181979625456483 
360501.56739811884 524502.6970063326 0.026562826224325924 
363636.36363636336 602915.2618990281 0.020379664155804535 
366771.15987460787 658651.9565935759 0.013437704305748421 
369905.9561128524 687322.5644851273 0.005902950251300516 
373040.7523510969 687262.8270053631 -0.001958695195921744 
376175.5485893414 660181.6582917946 -0.00976499556638759 
379310.3448275859 609299.4962382902 -0.01711446643705412 
382445.1410658304 536938.9425031834 -0.02370663204071616 
385579.93730407493 444063.0347043543 -0.029370692295843916 
388714.73354231945 332168.6429203573 -0.03398363162403636 
391849.52978056396 205430.67358495912 -0.03737403725999295 
394984.32601880847 70699.11671198701 -0.03932146292315186 
398119.122257053 -64816.144374237876 -0.03965893462140482 
401253.9184952975 -195926.40554122248 -0.03837577064801694 
404388.714733542 -319609.05781688786 -0.03561544005690662 
407523.5109717865 -432970.81943732325 -0.03157129619959923 
410658.307210031 -531373.4396070562 -0.026388057809770292 
413793.10344827553 -608882.1319209833 -0.020168546400241724 
416927.89968652005 -660734.9859716801 -0.013072382703657131 
420062.69592476456 -685381.8800149208 -0.00539483257002151 
423197.49216300907 -684064.5608021861 0.002466606800003707 
426332.2884012536 -658460.180185988 0.010133391935333483 
429467.0846394981 -608907.3407173621 0.01733891257209047 
432601.8808777426 -535079.4594091474 0.02390733581355149 
435736.6771159871 -438356.1431086834 0.029652286010475915 
438871.4733542316 -323320.1772801501 0.03431298792678041 
442006.26959247614 -196693.0649882352 0.03760502019652483 
445141.06583072065 -64684.64534472262 0.03934088719756395 
448275.86206896516 68626.79910656359 0.039500514485910236 
451410.65830720967 200371.58546964388 0.03818248989328326 
454545.4545454542 326596.22159417166 0.035490085687928316 
457680.2507836987 441217.5669485898 0.03147231841356168 
460815.0470219432 537523.2822271639 0.02618004798747407 
463949.8432601877 610828.8342237173 0.019773904097083298 
467084.6394984322 659667.311738487 0.012564309570727702 
470219.43573667674 684406.681682093 0.004933494334643968 
473354.23197492125 684862.8346821897 -0.002788045733138811 
476489.02821316576 659495.6046770159 -0.010371508045361735 
479623.82445141027 607070.4107838187 -0.017625195221571226 
482758.6206896548 529035.4692028298 -0.02429515038018576 
485893.4169278993 430073.3792415345 -0.030047127168551496 
489028.2131661438 316168.2395465845 -0.034559813946179796 
492163.0094043883 192106.1902222184 -0.03764122128785682 
495297.8056426328 60890.59503786238 -0.03925442928530166 
498432.60188087734 -74486.60346409497 -0.039432496754761945 
501567.39811912185 -208971.59154359516 -0.03817684449369689 
504702.19435736636 -335454.92942473595 -0.03544852849714632 
507836.99059561087 -447054.5846867965 -0.031261793189098254 
510971.7868338554 -539475.0004711371 -0.025779456211293673 
514106.5830720999 -611150.7918562378 -0.019305584922499543 
517241.3793103444 -661194.5360305121 -0.01217689477612921 
520376.1755485889 -687450.3998370895 -0.004658938258859057 
523510.9717868334 -686810.9028393587 0.0030534656265125363 
526645.768025078 -657537.6868912863 0.010742894350645394 
529780.5642633225 -601181.8889081266 0.01809278537495425 
532915.360501567 -522082.04296572553 0.02471994318480161 
536050.1567398115 -424925.270956943 0.030293456684291533 
539184.952978056 -312854.6761852708 0.03462594016604989 
542319.7492163006 -187994.73685408855 0.03765112538064686 
545454.5454545451 -53692.68485564928 0.039319918689857174 
548589.3416927896 84054.48686863575 0.039530955628663475 
551724.1379310341 217678.19329447785 0.038173311548788905 
554858.9341692786 340688.6453946326 0.035238863188354216 
557993.7304075231 449315.46921167575 0.030886301612146692 
561128.5266457676 541614.9565224806 0.02538739088016135 
564263.3228840121 615171.883113438 0.01900767020579282 
567398.1191222566 665980.5752955512 0.011940615104247248 
570532.9153605012 689822.1068824716 0.004356183046468478 
573667.7115987457 684797.7944845245 -0.0034971073582457613 
576802.5078369902 652428.4887087841 -0.011254763060042364 
579937.3040752347 596199.6753309283 -0.018514404985370894 
583072.1003134792 519077.9044999777 -0.024958991088009745 
586206.8965517237 422564.31818167155 -0.0304072021669903 
589341.6927899682 308195.1791832368 -0.03474901179658653 
592476.4890282127 179791.32907088895 -0.03784410791565787 
595611.2852664572 43941.9642592319 -0.03949837088677458 
598746.0815047018 -91958.68761532227 -0.03954969475045836 
601880.8777429463 -222248.23667776183 -0.03797743357354502 
605015.6739811908 -343641.86139593244 -0.03492276181540842 
608150.4702194353 -453514.56955241604 -0.030598655374170877 
611285.2664576798 -547827.2205114212 -0.025181936477156868 
614420.0626959243 -621063.6341386316 -0.018796393632905174 
617554.8589341688 -668410.170536123 -0.011598124042485194 
620689.6551724133 -688025.0211434026 -0.0038649840828369354 
623824.4514106578 -681119.5479937857 0.004013691671337291 
626959.2476489024 -649839.3237199455 0.011647127121626608 
630094.0438871469 -595206.4844018479 0.018748730693285358 
633228.8401253914 -517278.7013214408 0.025138079139098955 
636363.6363636359 -417308.4592410259 0.030648815869569804 
639498.4326018804 -299545.5827381669 0.03505024016477755 
642633.2288401249 -170667.77114598054 0.03807479834908223 
645768.0250783694 -37288.59394783509 0.03953082139644708 
648902.8213166139 96011.25046858151 0.039388456548628124 
652037.6175548584 226252.92161742668 0.03775294556781709 
655172.413793103 349886.2335670382 0.03475566021515609 
658307.2100313475 461365.0476383997 0.030477428488943067 
661442.006269592 554167.7284629444 0.02498235362085474 
664576.8025078365 623374.3031189907 0.01842190643787582 
667711.598746081 667255.582050362 0.011093188812708635 
670846.3949843255 686342.9267310152 0.0033817399430480337 
673981.19122257 681064.4550370214 -0.004360781548979184 
677115.9874608145 650503.2707095981 -0.011886357326849027 
680250.783699059 593612.9238979797 -0.01900611149280234 
683385.5799373036 511601.00471303175 -0.025490210782475334 
686520.3761755481 408924.7699176759 -0.03102897444098135 
689655.1724137926 291765.497649764 -0.03530688099808882 
692789.9686520371 165464.8094194865 -0.03812132606068746 
695924.7648902816 33466.46502276339 -0.03942949447723089 
699059.5611285261 -101301.20805636064 -0.03928054436314643 
702194.3573667706 -234250.56093039227 -0.03770882980363364 
705329.1536050151 -358657.34042581904 -0.03470256301199831 
708463.9498432596 -467586.419489901 -0.030280622234402105 
711598.7460815042 -556393.462368453 -0.024594199557280684 
714733.5423197487 -623357.5286570718 -0.017941719157034974 
717868.3385579932 -667945.1769576413 -0.01067467726141888 
721003.1347962377 -688669.5049849851 -0.0030849675177548287 
724137.9310344822 -682899.4515257626 0.004617783290406083 
727272.7272727267 -648886.3192688732 0.012226093977054302 
730407.5235109712 -587904.3004904524 0.01944763505709697 
733542.3197492157 -504243.0689332407 0.02591461412966554 
736677.1159874602 -403010.1191416719 0.031291130534819196 
739811.9122257048 -287965.09945305606 0.0353763806179596 
742946.7084639493 -161538.79384701006 0.038104888576147675 
746081.5047021938 -26861.760016734013 0.03945174157794566 
749216.3009404383 110508.51697627902 0.039348835295007066 
752351.0971786828 243171.416858722 0.03770441631494542 
755485.8934169273 364366.0391901875 0.03450732075122771 
758620.6896551718 469946.6778952972 0.029905973220451396 
761755.4858934163 557973.0484110184 0.024176515765504357 
764890.2821316608 626531.9741141964 0.01760884126943956 
768025.0783699054 672244.6722163039 0.01042356949557416 
771159.8746081499 691163.8173721596 0.002798646043510076 
774294.6708463944 681218.4261906832 -0.005032467661468539 
777429.4670846389 643701.3337523798 -0.0127253106821724 
780564.2633228834 582262.8866006458 -0.019881578083469874 
783699.0595611279 500456.6869781775 -0.026170550479180387 
786833.8557993724 400364.7862147486 -0.03139860203617856 
789968.6520376169 283655.50511756376 -0.035464509371599465 
793103.4482758614 153834.70458360444 -0.038257215560373106 
796238.244514106 17168.25668462544 -0.03961162643480381 
799373.0407523505 -118871.31314428466 -0.0393750906302877 
802507.836990595 -248194.10930631522 -0.03751874408706901 
805642.6332288395 -367199.1396089276 -0.034178540682001636 
808777.429467084 -473440.4162212639 -0.029582469080599978 
811912.2257053285 -563454.6772892441 -0.023937828499002858 
815047.021943573 -632218.2340127132 -0.01739217677076813 
818181.8181818175 -674964.599565754 -0.010102035558155125 
821316.614420062 -689584.5244532953 -0.0023284010211688283 
824451.4106583066 -677186.0339432271 0.005551416788927013 
827586.2068965511 -640291.0353293354 0.013139083892350575 
830721.0031347956 -580590.4852292563 0.020129073778624072 
833855.7993730401 -498602.46973442135 0.0263331576628986 
836990.5956112846 -395535.81901829166 0.03160134114834275 
840125.3918495291 -275305.58385681023 0.03573313694767341 
843260.1880877736 -144454.47939553828 0.03848197880390335 
846394.9843260181 -9908.138272691742 0.039656052739043296 
849529.7805642626 123253.85386536107 0.03921560918423256 
852664.5768025072 251863.37536994368 0.037268495943361346 
855799.3730407517 372702.2647102803 0.033970463062332173 
858934.1692789962 480781.8474200684 0.02943457284441961 
862068.9655172407 569869.3063347685 0.02374210636466414 
865203.7617554852 634888.5510016407 0.017038412302894167 
868338.5579937297 673830.9781700376 0.00960587450107985 
871473.3542319742 687300.0386031001 0.001828588640355957 
874608.1504702187 676268.9074184427 -0.005924148954719457 
877742.9467084632 640471.9308259565 -0.013384124752317128 
880877.7429467078 579144.0006177309 -0.020361304533776447 
884012.5391849523 493312.61009202595 -0.026647743821031356 
887147.3354231968 387174.3755888327 -0.03196080325579162 
890282.1316614413 267010.87632543466 -0.03599581330484406 
893416.9278996858 138650.36013986275 -0.03854192702162457 
896551.7241379303 5985.297925366891 -0.039547142570281066 
899686.5203761748 -128066.12776680323 -0.039070692178385207 
902821.3166144193 -259340.3113647518 -0.03717788679964622 
905956.1128526638 -381471.36246769165 -0.033890459931547406 
909090.9090909084 -487422.2200757922 -0.029243201754059374 
912225.7053291529 -572150.7980211596 -0.023381513871619446 
915360.5015673974 -633867.2161367388 -0.016588610044461608 
918495.2978056419 -672745.1871444527 -0.009205595496498268 
921630.0940438864 -688480.8743456277 -0.0015240080213894754 
924764.8902821309 -679158.247446332 0.006236962169245223 
927899.6865203754 -642466.2879037268 0.013846361474201926 
931034.4827586199 -577965.9093450858 0.020968748129894004 
934169.2789968645 -488239.0447455673 0.027182928488291423 
937304.075235109 -378123.82124661317 0.032125359612634456 
940438.8714733535 -253237.28046215896 0.0356405813768018 
943573.667711598 -119440.97675062751 0.03780056700143598 
946708.4639498425 16572.08700414721 0.03877028662874114 
949843.260188087 147030.00570993964 0.038636497249064816 
952978.0564263315 264482.6932993777 0.03734451068554745 
956112.852664576 364256.4092885294 0.034779954207706534 
959247.6489028205 445776.6760796837 0.030899941123170023 
962382.445141065 511185.4698429819 0.025790112849644272 
965517.2413793096 562108.9961926015 0.019618157758974353 
968652.0376175541 597290.0080143732 0.012564189407726904 
971786.8338557986 613117.8217273039 0.004819092627784959 
974921.6300940431 606423.2372434023 -0.0033499470605772336 
978056.4263322876 576853.3774719813 -0.011555851447399346 
981191.2225705321 526728.8798252782 -0.019344928993212652 
984326.0188087766 458884.4556698204 -0.026319725695818343 
987460.8150470211 374950.75701552676 -0.03222500014491592 
990595.6112852657 275895.0741617853 -0.03692207451581179 
993730.4075235102 164060.7570430943 -0.040285243784339085 
996865.2037617547 46898.07906804388 -0.04225140043740445 
999999.9999999992 -145513.61446063 -0.039135456300723105 
