#x u 
0.0 49933.61164667197 0.049282052758470404 
3134.796238244514 73216.44291071464 0.046221590035282326 
6269.592476489028 122052.07207564858 0.04267480116961545 
9404.38871473354 164864.3486672896 0.037418024727888556 
12539.184952978056 201346.66690437976 0.030716372630813584 
15673.98119122257 230041.52540803057 0.02282685553677524 
18808.777429467085 249840.7245852327 0.01405462639906514 
21943.5736677116 259978.5885218086 0.004738905184215707 
25078.369905956115 260063.08746228527 -0.004760069365244252 
28213.16614420063 250090.95380275737 -0.01407497216038409 
31347.962382445145 230447.80968440225 -0.02284559616055693 
34482.75862068966 201893.2549634483 -0.030732781571451706 
37617.55485893417 165531.4936142185 -0.03743153114022032 
40752.35109717868 122768.63602693428 -0.04268280430689513 
43887.14733542319 75258.34309368362 -0.04628353345535349 
47021.943573667704 24838.00766305587 -0.04809447064348526 
50156.739811912215 -26541.615164232015 -0.04804554104560442 
53291.53605015673 -76888.9811439773 -0.04613842153181066 
56426.33228840124 -124239.05699009255 -0.042446030608012386 
59561.12852664575 -166702.38494305205 -0.03710847456025899 
62695.92476489026 -202477.36016580442 -0.030324843169989346 
65830.72100313478 -229810.68075084224 -0.022340504612566942 
68965.51724137929 -246920.13900414034 -0.013430970200367463 
72100.3134796238 -251960.31405304154 -0.00388650875395249 
75235.10971786831 -243192.8709082021 0.005994543052647837 
78369.90595611282 -219538.53486276453 0.015895097386223037 
81504.70219435733 -181526.78622079053 0.025449958246714578 
84639.49843260185 -132292.4523557193 0.03421332354560331 
87774.29467084636 -77881.57247859062 0.04165644749675316 
90909.09090909087 -26115.114380523664 0.04722945497447069 
94043.88714733538 16064.304116292638 0.050490362419381395 
97178.68338557989 45657.63652050799 0.051250366015970654 
100313.4796238244 65134.74630415477 0.04964574484523229 
103448.27586206891 80925.32031185152 0.046067795818735394 
106583.07210031342 99284.44198497488 0.04096958641455447 
109717.86833855794 122076.18212747644 0.03466625136540061 
112852.66457680245 145521.02540258816 0.02726869543223609 
115987.46081504696 162978.73295326458 0.018800165459804192 
119122.25705329147 169688.77867103816 0.009400872129527957 
122257.05329153598 165725.9208929698 -0.0005503935371241454 
125391.84952978049 154910.15835229107 -0.0105007406457975 
128526.645768025 140919.3513463644 -0.019915976198309992 
131661.44200626953 124251.63420588215 -0.028433979259938715 
134796.23824451404 102709.79769279846 -0.03585561821352698 
137931.03448275855 74630.63506475525 -0.042008319941511725 
141065.83072100306 41486.93299021121 -0.04663642198247776 
144200.62695924757 7271.883451014539 -0.04943666557182936 
147335.42319749208 -24594.289164141886 -0.050204637724093074 
150470.2194357366 -53604.85305572077 -0.04894389772508076 
153605.0156739811 -81387.19966407477 -0.04582921677112956 
156739.81191222562 -108720.39998666824 -0.04106599575629803 
159874.60815047013 -133550.40657933458 -0.03479272473492691 
163009.40438871464 -152125.63941930345 -0.027124039300366266 
166144.20062695915 -162084.5657466255 -0.01828116543050276 
169278.99686520366 -164276.06393712576 -0.008662620106506657 
172413.79310344817 -161426.54862035142 0.001230790608384356 
175548.58934169268 -155076.89586806475 0.010950909422252818 
178683.3855799372 -144019.26169159604 0.020188479460954034 
181818.1818181817 -125873.71187430713 0.028714975052331167 
184952.97805642622 -100132.76367430063 0.0362561024753398 
188087.77429467073 -69451.1160563363 0.042444188124602975 
191222.57053291524 -37796.72178030688 0.04691244152089964 
194357.36677115975 -7372.588081047641 0.04944320337808536 
197492.16300940426 22496.25226677984 0.05002347627121709 
200626.95924764877 53388.39695125106 0.0487561242154091 
203761.75548589329 84850.7951524308 0.045724146535906444 
206896.5517241378 113638.11762689392 0.04095179968805511 
210031.3479623823 135972.7394766629 0.034501499245044524 
213166.14420062682 150492.1301321462 0.026599811940146642 
216300.94043887133 158824.44439998732 0.01765266297732636 
219435.73667711584 163221.95064132207 0.008124046618177094 
222570.53291536035 163767.3477294037 -0.0016059802988209484 
225705.32915360486 158106.4775029265 -0.011268100412112425 
228840.12539184937 143993.6947227523 -0.02060164920848781 
231974.9216300939 121969.5614175273 -0.029245935996058493 
235109.7178683384 95343.68786010737 -0.03675402016445117 
238244.5141065829 67481.23537099539 -0.04272850847975858 
241379.31034482742 39217.72409070756 -0.04694945670904893 
244514.10658307193 9082.813929617743 -0.049371136252054706 
247648.90282131644 -23946.673821273725 -0.05000021645538039 
250783.69905956095 -58106.878110828016 -0.04879006563286918 
253918.49529780546 -89428.48709253405 -0.0456660865068252 
257053.29153604998 -114675.68839192521 -0.04065627990265756 
260188.0877742945 -133599.15668392606 -0.03398769816731982 
263322.884012539 -148179.58030801552 -0.02604254810105124 
266457.6802507835 -159698.3284180139 -0.017212647929337885 
269592.476489028 -166748.81083848706 -0.007795392242502348 
272727.27272727253 -166303.19330943507 0.0019713456859969873 
275862.06896551704 -156727.0135547277 0.011785596274326763 
278996.86520376155 -139577.90341360157 0.02121341861058095 
282131.66144200607 -118295.26747477328 0.02976298211809077 
285266.4576802506 -95147.75832728136 0.03703740993029167 
288401.2539184951 -69626.77957676741 0.042819742992035274 
291536.0501567396 -39943.71851838383 0.04701360162802405 
294670.8463949841 -6017.706128046757 0.04951313081115766 
297805.6426332286 29230.688238529485 0.050147936893726645 
300940.43887147313 61685.38894215733 0.04876727970995386 
304075.23510971764 89088.78111985681 0.0453785926771061 
307210.03134796215 112181.73967914123 0.04019544996175254 
310344.82758620667 132780.26947968305 0.033542458364368144 
313479.6238244512 150856.9111572384 0.025712142009488306 
316614.4200626957 163734.672343425 0.01691663341250409 
319749.2163009402 168271.70932368035 0.007374866075406222 
322884.0125391847 163762.5395054723 -0.0025684757374631524 
326018.8087774292 152521.04102048115 -0.012430813053044307 
329153.60501567373 137540.05402427385 -0.021713510610908853 
332288.40125391824 119686.22073113348 -0.030044436290711463 
335423.19749216276 97365.99933893501 -0.03720612445247575 
338557.99373040727 68989.97684911007 -0.04303405145250087 
341692.7899686518 35612.58164029509 -0.0473048166492812 
344827.5862068963 934.7106475841465 -0.049742791856056026 
347962.3824451408 -31374.703232282132 -0.050146993134633736 
351097.1786833853 -60267.66984705529 -0.0485110223929051 
354231.9749216298 -87144.19080978172 -0.04501352951092886 
357366.77115987433 -113150.31472724675 -0.03988993451350283 
360501.56739811884 -136836.77013698372 -0.0333180323623467 
363636.36363636336 -154683.1592173227 -0.025432576580677855 
366771.15987460787 -163973.40560114244 -0.01644563226961655 
369905.9561128524 -165030.09458282366 -0.006735978267729412 
373040.7523510969 -160483.3705432709 0.0031984804998013423 
376175.5485893414 -152360.06174713 0.012888732846821509 
379310.3448275859 -140060.07014286116 0.02200196302539194 
382445.1410658304 -121342.53326978983 0.03031028098206499 
385579.93730407493 -95269.34300806464 0.03756858267936689 
388714.73354231945 -63987.71739422079 0.043443982060655216 
391849.52978056396 -31447.935300633588 0.047583653834291396 
394984.32601880847 -368.50176136297887 0.049760585098087326 
398119.122257053 29403.062930044354 0.049952672954234355 
401253.9184952975 59458.704347095554 0.048278231934162835 
404388.714733542 89883.61831095697 0.04485919274616613 
407523.5109717865 117942.6597164511 0.03975632619859092 
410658.307210031 139826.48331070264 0.0330420841535927 
413793.10344827553 153663.47522045847 0.024929105678292963 
416927.89968652005 160668.83174790887 0.015811347940006274 
420062.69592476456 163255.74298893297 0.006164426833027919 
423197.49216300907 162119.8861790217 -0.003602137786921958 
426332.2884012536 155377.36617000497 -0.01319903995485873 
429467.0846394981 140665.9930824422 -0.022375396546561246 
432601.8808777426 117994.35540814244 -0.030802040973380566 
435736.6771159871 90329.05619101907 -0.03805731925047175 
438871.4733542316 61281.24505329371 -0.04374418102381276 
442006.26959247614 32295.18428100666 -0.047628002315111315 
445141.06583072065 2256.5113728162432 -0.04966105476092391 
448275.86206896516 -30113.178564586735 -0.04987656431054292 
451410.65830720967 -63641.79969809058 -0.04826984815401313 
454545.4545454542 -94670.00302565611 -0.044794732667806064 
457680.2507836987 -119678.17192564445 -0.03947926809515822 
460815.0470219432 -137861.05107951144 -0.03253642030611401 
463949.8432601877 -150987.0742699975 -0.02434795996894997 
467084.6394984322 -160730.24493460744 -0.015330533585425788 
470219.43573667674 -166312.29406385942 -0.005814440904639092 
473354.23197492125 -164956.62331363827 0.003949709554970053 
476489.02821316576 -154689.04836540125 0.01367723346403 
479623.82445141027 -136544.1652715861 0.02296274392847195 
482758.6206896548 -113853.30241126782 0.03132663258664115 
485893.4169278993 -89349.98586031228 0.038360390013364935 
489028.2131661438 -63113.645327303806 0.043831813318976606 
492163.0094043883 -33480.99553773213 0.04765206898560348 
495297.8056426328 73.41349140045713 0.04975003842713252 
498432.60188087734 35160.63702319325 0.04999456608094117 
501567.39811912185 67718.91407106847 0.04825220781544725 
504702.19435736636 95015.31380504998 0.04452278020933732 
507836.99059561087 117299.95116973562 0.03901034888827348 
510971.7868338554 136421.8628619005 0.03205233555397233 
514106.5830720999 152906.92764187447 0.023975805904875483 
517241.3793103444 164608.4078403147 0.015023898048165132 
520376.1755485889 168378.43335353327 0.0054192321956290515 
523510.9717868334 163023.95787931958 -0.004514783477749467 
526645.768025078 150452.6463080088 -0.01431604887308634 
529780.5642633225 133809.5081503889 -0.023483672433928304 
532915.360501567 114559.57539386814 -0.03162548935705135 
536050.1567398115 91569.00995444301 -0.03851274970697035 
539184.952978056 63125.23453290366 -0.04399837574169512 
542319.7492163006 29738.51280088682 -0.047897266956859724 
545454.5454545451 -5259.319336883287 -0.04996510897279831 
548589.3416927896 -37990.7969839412 -0.05000623940419119 
551724.1379310341 -66836.46447173308 -0.048002853545261265 
554858.9341692786 -92867.84515049218 -0.044132668672244836 
557993.7304075231 -117505.26635260864 -0.0386565910643655 
561128.5266457676 -139911.52100526623 -0.03179167573117175 
564263.3228840121 -156904.40242927367 -0.02369723970910822 
567398.1191222566 -165515.7913511774 -0.014580363406200031 
570532.9153605012 -165535.78487681807 -0.0047992387752339195 
573667.7115987457 -159389.72787504832 0.005156690623262306 
576802.5078369902 -149492.47008788463 0.014802632199558888 
579937.3040752347 -135866.47723874732 0.0237820911960292 
583072.1003134792 -116521.42635836065 0.031863216721652904 
586206.8965517237 -90178.8136776384 0.03882640552278114 
589341.6927899682 -58451.415738603275 0.04437515869656135 
592476.4890282127 -25154.578626660776 0.04817625751449939 
595611.2852664572 6563.706543239277 0.04999743692907222 
598746.0815047018 36299.71068521597 0.04980598800283953 
601880.8777429463 65542.77076728546 0.04773029024647672 
605015.6739811908 94842.05551161844 0.04392761808251429 
608150.4702194353 122019.9596304734 0.038497138526879415 
611285.2664576798 143356.29315107907 0.031526497048979585 
614420.0626959243 156539.17992330773 0.023217096603242435 
617554.8589341688 162316.58274119266 0.0139479136376516 
620689.6551724133 163143.32720432265 0.004200151531250643 
623824.4514106578 160269.79767707954 -0.005590463800310817 
626959.2476489024 152346.52370773765 -0.01511227963936954 
630094.0438871469 137013.6484482608 -0.024119302445101718 
633228.8401253914 113795.809894206 -0.03231219859200241 
636363.6363636359 85242.41115198743 -0.03929844479643932 
639498.4326018804 55091.006069902665 -0.04468717428024141 
642633.2288401249 25353.834686573726 -0.04823121319231748 
645768.0250783694 -4648.3806359446335 -0.049877360620081856 
648902.8213166139 -36335.42846376262 -0.04968022020292845 
652037.6175548584 -69100.08839202086 -0.04767574842807003 
655172.413793103 -99683.19643633814 -0.04385014228783205 
658307.2100313475 -124395.65757390659 -0.038236448034206984 
661442.006269592 -141896.26447462547 -0.031034073094367384 
664576.8025078365 -153647.41938360492 -0.022619586897273745 
667711.598746081 -161608.13881831768 -0.013429003696166444 
670846.3949843255 -165621.07986354784 -0.0038246215774735146 
673981.19122257 -163261.9833696283 0.005926167675129789 
677115.9874608145 -152320.3739969767 0.01555180606890388 
680250.783699059 -133304.63703515194 0.024676161680362442 
683385.5799373036 -109331.06902121415 0.03283725819892921 
686520.3761755481 -83498.89304270214 0.039619939097304206 
689655.1724137926 -56487.15030898395 0.04477658124180685 
692789.9686520371 -26866.434180463395 0.048221177662955576 
695924.7648902816 6243.7012504444865 0.04991338756070809 
699059.5611285261 41011.37741757151 0.04976249323549614 
702194.3573667706 73544.76539372606 0.04765756440063594 
705329.1536050151 100721.78039613955 0.043594556179578414 
708463.9498432596 122269.81935777492 0.03776626193151674 
711598.7460815042 139956.28546704617 0.030517270221813542 
714733.5423197487 154785.1339635906 0.022205268423794586 
717868.3385579932 165184.3501177638 0.013105908623552136 
721003.1347962377 168118.31814570597 0.0034503501585094946 
724137.9310344822 161974.68113372533 -0.00645673297388843 
727272.7272727267 148201.56822181473 -0.016176745052686622 
730407.5235109712 129977.17377398227 -0.025212545712107307 
733542.3197492157 109304.7918050797 -0.033155197875199306 
736677.1159874602 85571.2212608972 -0.03976230983795573 
739811.9122257048 57057.29514846456 -0.04489925625454497 
742946.7084639493 23777.192304188182 -0.04841728379819675 
746081.5047021938 -11378.985697584998 -0.050106865187951016 
749216.3009404383 -44444.09607581378 -0.04978313541134432 
752351.0971786828 -73269.25469034679 -0.047418722478152354 
755485.8934169273 -98520.5570855936 -0.04318668433013427 
758620.6896551718 -121779.52919219423 -0.037367926357373314 
761755.4858934163 -142792.4407125226 -0.030217056897524176 
764890.2821316608 -158802.67792280894 -0.021921489277342093 
768025.0783699054 -166702.7341409173 -0.012687950676681672 
771159.8746081499 -165770.57873709826 -0.0028544087370797333 
774294.6708463944 -158134.01332312613 0.007102992436754614 
777429.4670846389 -146487.7790669799 0.016689215746448566 
780564.2633228834 -131466.8242971396 0.025525101066649306 
783699.0595611279 -111429.23987229401 0.0333708516312103 
786833.8557993724 -84858.01592596552 0.04002812624959365 
789968.6520376169 -52828.984833404495 0.04523727322293177 
793103.4482758614 -18916.80294040637 0.04868977370523805 
796238.244514106 13400.591625351311 0.05015280967594662 
799373.0407523505 43153.86059013971 0.04958265739790428 
802507.836990595 71623.32602298578 0.047112790706737025 
805642.6332288395 99732.60722277373 0.042931518983278606 
808777.429467084 125884.97678474124 0.03717716581310741 
811912.2257053285 146562.70278104141 0.029957363061956215 
815047.021943573 159099.22154396208 0.021465725183344754 
818181.8181818175 163744.3544976282 0.012064300531778172 
821316.614420062 162880.6302455233 0.002234086529906699 
824451.4106583066 158236.61332051875 -0.007567091691177942 
827586.2068965511 149038.82143078445 -0.017003933926537085 
830721.0031347956 133045.31255965878 -0.02583059616353829 
833855.7993730401 109363.70628760746 -0.03377494759723733 
836990.5956112846 80072.40504472097 -0.040476354031940234 
840125.3918495291 48916.10691806323 -0.04555586650098612 
843260.1880877736 18416.13357628409 -0.0487569496521095 
846394.9843260181 -11606.36653763083 -0.05001872107555381 
849529.7805642626 -42591.88854797562 -0.04941218386883975 
852664.5768025072 -74457.18338272814 -0.04701124211441743 
855799.3730407517 -104442.91963506947 -0.0428361487310743 
858934.1692789962 -128842.1496457532 -0.03692844565631514 
862068.9655172407 -145813.71988260146 -0.02947582920818226 
865203.7617554852 -156347.7106736603 -0.020849889092209077 
868338.5579937297 -162423.65115033818 -0.011507242194502523 
871473.3542319742 -164392.74345237983 -0.0018439426650101432 
874608.1504702187 -160433.42440936842 0.007860181369769967 
877742.9467084632 -148676.44267161228 0.0173636049797059 
880877.7429467078 -129653.74637496384 0.02634331837333626 
884012.5391849523 -106270.02516833288 0.034364043708459135 
887147.3354231968 -81112.03970842066 0.04097409800156849 
890282.1316614413 -53894.19445122445 0.04584021868574119 
893416.9278996858 -21978.271538993693 0.048804620574333796 
896551.7241379303 16117.31124882357 0.04983734355453478 
899686.5203761748 57476.636896723445 0.04896346290305475 
902821.3166144193 95106.92060990765 0.04625391627006231 
905956.1128526638 121854.68276462845 0.04187662730907992 
909090.9090909084 134590.6589546079 0.036119051789617614 
912225.7053291529 135180.5994445745 0.029314662876807545 
915360.5015673974 127877.66755234229 0.02171600298512362 
918495.2978056419 115985.32602706127 0.013435454459995805 
921630.0940438864 100817.90652066749 0.004528021399164614 
924764.8902821309 83209.98040411016 -0.0048445727032787374 
927899.6865203754 65155.18495507227 -0.01431664376214108 
931034.4827586199 49342.837898943224 -0.023381810514316256 
934169.2789968645 37008.53875813374 -0.03156215015019518 
937304.075235109 26624.344190421398 -0.03853274838509079 
940438.8714733535 15195.720137178549 -0.044103252804030296 
943573.667711598 1126.0741811102635 -0.04810422722459074 
946708.4639498425 -14192.601186393309 -0.05031729446106402 
949843.260188087 -27708.175218180862 -0.05053309941447108 
952978.0564263315 -37615.112149802 -0.048680307828799334 
956112.852664576 -44863.69991306614 -0.04489033731709369 
959247.6489028205 -51755.47116123873 -0.03942772533201056 
962382.445141065 -59151.104173296946 -0.03255529622131302 
965517.2413793096 -65256.54079111357 -0.02446966525927391 
968652.0376175541 -67280.24845622107 -0.01536636612283502 
971786.8338557986 -64228.33897552025 -0.005555452463405707 
974921.6300940431 -57904.41212803326 0.004506424695573235 
978056.4263322876 -51066.11124980278 0.014314978170941964 
981191.2225705321 -44676.116608348704 0.023458905572761497 
984326.0188087766 -37132.172491392004 0.03166938188272062 
987460.8150470211 -26274.830171211375 0.03874126065563825 
990595.6112852657 -12049.487520059309 0.0444229467057137 
993730.4075235102 3038.7714571988836 0.04840114637296954 
996865.2037617547 14817.562764937964 0.05046925179439082 
999999.9999999992 49933.611600394164 0.049282052756349136 
