#x u 
0.0 74893.23780105212 -0.04531031092110747 
3134.796238244514 96331.26922436274 -0.045559374932016436 
6269.592476489028 160008.4985107639 -0.041939758962462464 
9404.38871473354 215743.66014305313 -0.03677875791829667 
12539.184952978056 263156.32046298723 -0.0301945927782749 
15673.98119122257 300393.56463423406 -0.022442765424774663 
18808.777429467085 326014.5503746676 -0.013823079106826359 
21943.5736677116 339028.5634037723 -0.0046688546371836314 
25078.369905956115 338932.35098458827 0.004665914314919803 
28213.16614420063 325729.6336668581 0.013820252485942703 
31347.962382445145 299930.9601739455 0.022440161864954185 
34482.75862068966 262533.9645161215 0.030192310788054177 
37617.55485893417 214984.7875098841 0.03677692386483826 
40752.35109717868 159122.15455148718 0.04193937428468465 
43887.14733542319 97106.27215530985 0.04548003022867391 
47021.943573667704 31335.292826032903 0.04726197462665867 
50156.739811912215 -35647.42143423439 0.047216299736684626 
53291.53605015673 -101251.65086618369 0.045344771805518866 
56426.33228840124 -162940.48168175115 0.04171976276793497 
59561.12852664575 -218328.40845208435 0.0364814516259414 
62695.92476489026 -265273.58153833216 0.029832403730543165 
65830.72100313478 -301960.632359584 0.022029737585065236 
68965.51724137929 -326970.87364708167 0.01337518207954292 
72100.3134796238 -339337.160042752 0.004203408642657584 
75235.10971786831 -338581.2875841982 -0.005130910493411506 
78369.90595611282 -324732.48583906784 -0.014266817458668316 
81504.70219435733 -298326.2875984572 -0.022851026976427005 
84639.49843260185 -260383.81983827098 -0.03055158789546181 
87774.29467084636 -212372.31676654608 -0.03707071973209819 
90909.09090909087 -156148.38191618558 -0.04215632783350413 
94043.88714733538 -93886.19333618018 -0.045611751871140485 
97178.68338557989 -27993.428183103435 -0.04730337069046063 
100313.4796238244 38981.84209185328 -0.04716576943745826 
103448.27586206891 104449.68557709386 -0.04520426914838259 
106583.07210031342 165878.46243662105 -0.04149472098259685 
109717.86833855794 220892.72348645594 -0.03618057306633715 
112852.66457680245 267365.06965741573 -0.029467323399089838 
115987.46081504696 303498.4186119366 -0.021614573258445395 
119122.25705329147 327895.4891659325 -0.01292598802671161 
122257.05329153598 339612.8182807329 -0.0037375537329562216 
125391.84952978049 338197.29519098345 0.005595413205759378 
128526.645768025 323703.8960207805 0.014711996304800044 
131661.44200626953 296693.5094229805 0.023259637862883643 
134796.23824451404 258209.62011939377 0.03090784693279652 
137931.03448275855 209735.7077558763 0.03736108251484535 
141065.83072100306 153144.68452978274 0.04236987025114483 
144200.62695924757 90650.37003767514 0.045739354056364215 
147335.42319749208 24721.49085853457 0.047336849169020236 
150470.2194357366 -42135.16367002601 0.04710253678822956 
153605.0156739811 -107652.75887238322 0.04506007755808605 
156739.81191222562 -169647.4679905326 0.04130448446584427 
159874.60815047013 -225053.4160968215 0.03595034178706225 
163009.40438871464 -269387.7528473808 0.02909741986881092 
166144.20062695915 -299218.21366433427 0.020931978359612254 
169278.99686520366 -317079.71025314246 0.011938845046292052 
172413.79310344817 -332121.20907740924 0.0029168122567247916 
175548.58934169268 -351353.52778330434 -0.005437216588992133 
178683.3855799372 -369436.9458304537 -0.013010861945128287 
181818.1818181817 -371254.87222366565 -0.0201721076645884 
184952.97805642622 -346052.4287772758 -0.027133785378430007 
188087.77429467073 -295579.9133417242 -0.033591129953652495 
191222.57053291524 -228351.01486662537 -0.03899365264066806 
194357.36677115975 -151294.74123226685 -0.04293399422166479 
197492.16300940426 -68387.90402270656 -0.04521407940058628 
200626.95924764877 17163.49159649088 -0.04574573734487414 
203761.75548589329 102051.17545717073 -0.04450840885611879 
206896.5517241378 182992.54310703347 -0.04154994139370919 
210031.3479623823 256857.59403553716 -0.0369847388148648 
213166.14420062682 320789.96870947717 -0.030989337380553195 
216300.94043887133 372317.4039193249 -0.023795579103025512 
219435.73667711584 409447.3351310664 -0.01568164642143665 
222570.53291536035 430743.94890315086 -0.006961304894403531 
225705.32915360486 435383.7057536683 0.002028230105709696 
228840.12539184937 423187.18640997144 0.010939333502173352 
231974.9216300939 394626.02994712186 0.01942741316626192 
235109.7178683384 350804.6955175401 0.02716423528560587 
238244.5141065829 293417.75294528244 0.03385061715689002 
241379.31034482742 224684.35375650585 0.03922799657294567 
244514.10658307193 147262.4166496303 0.04308843041634935 
247648.90282131644 64145.84585073698 0.045282635814182036 
250783.69905956095 -21451.243082350302 0.04572576290271081 
253918.49529780546 -106218.81302225852 0.04440067596933775 
257053.29153604998 -186878.9043187732 0.04135861609014538 
260188.0877742945 -260312.39341037459 0.036717219638862375 
263322.884012539 -323679.60924848396 0.030655969291454702 
266457.6802507835 -374530.14330055914 0.02340925343587226 
269592.476489028 -410897.60678215453 0.015257302379389343 
272727.27272727253 -431375.67085834325 0.006515351850157676 
275862.06896551704 -435172.44934194564 -0.002478547159924596 
278996.86520376155 -422141.1209110939 -0.011376600817979629 
282131.66144200607 -392785.60668580234 -0.01983472162831529 
285266.4576802506 -348241.0836118059 -0.02752583428663109 
288401.2539184951 -290230.0871985924 -0.03415252367324062 
291536.0501567396 -220995.90111757116 -0.03945853588775251 
294670.8463949841 -143215.8094828176 -0.043238687580508 
297805.6426332286 -59897.56634637424 -0.04534680038719482 
300940.43887147313 25736.9140700629 -0.04570135364226468 
304075.23510971764 110376.14871146568 -0.044288636780877806 
307210.03134796215 190747.14065016282 -0.04116327952607667 
310344.82758620667 263741.94578902615 -0.03644613935886496 
313479.6238244512 326537.85697613476 -0.03031962796266682 
316614.4200626957 376706.5580144377 -0.02302065736843403 
319749.2163009402 412308.02658379916 -0.01483147857277944 
322884.0125391847 431965.5548519499 -0.0060687668995275034 
326018.8087774292 434918.9867293424 0.0029286238265426767 
329153.60501567373 421054.1130846945 0.011812764747989838 
332288.40125391824 390907.08820902486 0.02024010637427238 
335423.19749216276 345643.6967436337 0.027884763631309494 
338557.99373040727 287014.2728193765 0.034451117828533113 
341692.7899686518 217286.01468288363 0.03968524822570302 
344827.5862068963 139155.31220133038 0.043384751141104155 
347962.3824451408 55643.47753877749 0.04540656689647596 
351097.1786833853 -30020.08890397093 0.04567251193092399 
354231.9749216298 -114522.77931603006 0.044172302157117295 
357366.77115987433 -194596.87693140615 0.04096395064666891 
360501.56739811884 -267145.9185484707 0.03617152426621682 
363636.36363636336 -329364.4346787032 0.02998034601502677 
366771.15987460787 -378846.43697637797 0.022629828589594135 
369905.9561128524 -413678.45774319384 0.014404216301108209 
373040.7523510969 -432513.54367271473 0.005621593355581558 
376175.5485893414 -434623.34249851387 -0.0033784164538432377 
379310.3448275859 -419926.26835672883 -0.012247782989842033 
382445.1410658304 -388990.6567092247 -0.020643528086961193 
385579.93730407493 -343012.786826566 -0.028240988508053122 
388714.73354231945 -283770.6217007886 -0.034746370662926615 
391849.52978056396 -213555.0542643117 -0.039908111598579626 
394984.32601880847 -135081.31862183684 -0.04352660693182743 
398119.122257053 -51383.99202053322 -0.04546192954543311 
401253.9184952975 34300.35217051055 -0.04563924056596849 
404388.714733542 118658.30266544169 -0.04405168338103729 
407523.5109717865 198427.73978697148 -0.0407606487842921 
410658.307210031 270523.98154657474 -0.03589340099509457 
413793.10344827553 332159.0682140457 -0.02963815635457475 
416927.89968652005 380949.57264529285 -0.02223680500478071 
420062.69592476456 415008.7673459157 -0.013975557003389878 
423197.49216300907 433019.58417267795 -0.005173874588474646 
426332.2884012536 434285.54532319185 0.003827881417653648 
429467.0846394981 418757.6961138084 0.012681613352291338 
432601.8808777426 387036.4980559176 0.02104494763959902 
435736.6771159871 340348.6090254483 0.02859447436757295 
438871.4733542316 280499.44843579247 0.0350382535406459 
442006.26959247614 209803.38171763316 0.04012710439146555 
445141.06583072065 130994.22386997481 0.04366424119446773 
448275.86206896516 47119.52290764253 0.04551288296459238 
451410.65830720967 -38577.2887385045 0.045601542774297954 
454545.4545454542 -122782.31766646064 0.04392679215112722 
457680.2507836987 -202239.3576718177 0.040553393656644836 
460815.0470219432 -273875.8071541347 0.03561179651992319 
463949.8432601877 -334921.48653820367 0.029293092169361913 
467084.6394984322 -383015.76104373287 0.021841624732289986 
470219.43573667674 -416298.8263688292 0.013545542254132275 
473354.23197492125 -433483.6272723385 0.004725654021241043 
476489.02821316576 -433905.6279654142 -0.004276975125580767 
479623.82445141027 -417548.5096926022 -0.013114213759302409 
482758.6206896548 -385044.8017776767 -0.021444326099587376 
485893.4169278993 -337651.4217316958 -0.02894518692622995 
489028.2131661438 -277201.07028665056 -0.035326738152758774 
492163.0094043883 -206031.3609074375 -0.04034220536484113 
495297.8056426328 -126894.42434202804 -0.04379764058024949 
498432.60188087734 -42850.48379944831 -0.04555942221211923 
501567.39811912185 42850.48379942436 -0.04555942221211948 
504702.19435736636 126894.42434200463 -0.04379764058025022 
507836.99059561087 206031.36090741592 -0.040342205364842273 
510971.7868338554 277201.0702866314 -0.03532673815276037 
514106.5830720999 337651.4217316797 -0.028945186926231953 
517241.3793103444 385044.8017776641 -0.02144432609958967 
520376.1755485889 417548.5096925952 -0.013114213759304936 
523510.9717868334 433905.6279654127 -0.004276975125583377 
526645.768025078 433483.62727234256 0.004725654021238471 
529780.5642633225 416298.8263688375 0.013545542254129836 
532915.360501567 383015.7610437444 0.021841624732287762 
536050.1567398115 334921.48653821787 0.029293092169359963 
539184.952978056 273875.8071541529 0.03561179651992158 
542319.7492163006 202239.3576718394 0.040553393656643635 
545454.5454545451 122782.31766648327 0.04392679215112647 
548589.3416927896 38577.288738529045 0.04560154277429771 
551724.1379310341 -47119.522907618004 0.04551288296459263 
554858.9341692786 -130994.22386995098 0.04366424119446849 
557993.7304075231 -209803.38171761198 0.040127104391466786 
561128.5266457676 -280499.4484357742 0.035038253540647574 
564263.3228840121 -340348.609025434 0.028594474367574965 
567398.1191222566 -387036.49805590784 0.02104494763960129 
570532.9153605012 -418757.69611380255 0.012681613352293775 
573667.7115987457 -434285.54532319005 0.003827881417656174 
576802.5078369902 -433019.58417267987 -0.005173874588472133 
579937.3040752347 -415008.76734592195 -0.013975557003387457 
583072.1003134792 -380949.5726453041 -0.02223680500477848 
586206.8965517237 -332159.06821406144 -0.029638156354572766 
589341.6927899682 -270523.98154659476 -0.03589340099509296 
592476.4890282127 -198427.7397869937 -0.04076064878429093 
595611.2852664572 -118658.30266546598 -0.04405168338103659 
598746.0815047018 -34300.35217053509 -0.04563924056596828 
601880.8777429463 51383.99202050899 -0.0454619295454334 
605015.6739811908 135081.31862181367 -0.04352660693182822 
608150.4702194353 213555.0542642913 -0.03990811159858089 
611285.2664576798 283770.62170077127 -0.03474637066292829 
614420.0626959243 343012.78682655096 -0.028240988508055127 
617554.8589341688 388990.6567092135 -0.02064352808696347 
620689.6551724133 419926.2683567215 -0.012247782989844457 
623824.4514106578 434623.34249851096 -0.003378416453845753 
626959.2476489024 432513.54367271706 0.0056215933555790205 
630094.0438871469 413678.45774320146 0.01440421630110577 
633228.8401253914 378846.43697639095 0.022629828589591918 
636363.6363636359 329364.43467871984 0.02998034601502482 
639498.4326018804 267145.9185484891 0.03617152426621524 
642633.2288401249 194596.87693142745 0.0409639506466678 
645768.0250783694 114522.77931605297 0.044172302157116615 
648902.8213166139 30020.088903995038 0.04567251193092381 
652037.6175548584 -55643.4775387533 0.04540656689647628 
655172.413793103 -139155.31220130695 0.04338475114110499 
658307.2100313475 -217286.0146828623 0.039685248225704316 
661442.006269592 -287014.2728193584 0.034451117828534834 
664576.8025078365 -345643.6967436193 0.027884763631311576 
667711.598746081 -390907.08820901415 0.02024010637427472 
670846.3949843255 -421054.1130846895 0.011812764747992394 
673981.19122257 -434918.9867293424 0.002928623826545297 
677115.9874608145 -431965.55485195515 -0.006068766899524884 
680250.783699059 -412308.02658380935 -0.014831478572776937 
683385.5799373036 -376706.55801445234 -0.023020657368431764 
686520.3761755481 -326537.8569761518 -0.03031962796266481 
689655.1724137926 -263741.945789046 -0.03644613935886331 
692789.9686520371 -190747.14065018512 -0.04116327952607552 
695924.7648902816 -110376.14871149001 -0.04428863678087715 
699059.5611285261 -25736.914070087514 -0.04570135364226451 
702194.3573667706 59897.566346349915 -0.04534680038719517 
705329.1536050151 143215.80948279443 -0.04323868758050883 
708463.9498432596 220995.90111754905 -0.039458535887753825 
711598.7460815042 290230.0871985724 -0.03415252367324233 
714733.5423197487 348241.08361178974 -0.027525834286633154 
717868.3385579932 392785.60668579093 -0.019834721628317616 
721003.1347962377 422141.12091108796 -0.011376600817982136 
724137.9310344822 435172.44934194465 -0.002478547159927179 
727272.7272727267 431375.6708583471 0.006515351850155096 
730407.5235109712 410897.6067821621 0.015257302379386883 
733542.3197492157 374530.14330056997 0.023409253435870064 
736677.1159874602 323679.6092484986 0.03065596929145281 
739811.9122257048 260312.3934103935 0.03671721963886085 
742946.7084639493 186878.90431879536 0.0413586160901443 
746081.5047021938 106218.81302228276 0.044400675969337146 
749216.3009404383 21451.243082375564 0.04572576290271072 
752351.0971786828 -64145.845850711805 0.045282635814182445 
755485.8934169273 -147262.41664960663 0.04308843041635024 
758620.6896551718 -224684.3537564837 0.03922799657294701 
761755.4858934163 -293417.7529452626 0.033850617156891756 
764890.2821316608 -350804.6955175253 0.02716423528560799 
768025.0783699054 -394626.02994711173 0.0194274131662643 
771159.8746081499 -423187.186409966 0.010939333502175904 
774294.6708463944 -435383.7057536667 0.00202823010571229 
777429.4670846389 -430743.9489031532 -0.006961304894400987 
780564.2633228834 -409447.3351310733 -0.015681646421434273 
783699.0595611279 -372317.403919337 -0.023795579103023365 
786833.8557993724 -320789.96870949387 -0.03098933738055134 
789968.6520376169 -256857.594035557 -0.03698473881486327 
793103.4482758614 -182992.5431070552 -0.04154994139370806 
796238.244514106 -102051.17545719453 -0.04450840885611815 
799373.0407523505 -17163.491596515934 -0.045745737344874 
802507.836990595 68387.90402268148 -0.04521407940058668 
805642.6332288395 151294.74123224293 -0.04293399422166573 
808777.429467084 228351.0148666037 -0.038993652640669466 
811912.2257053285 296551.39557441813 -0.03354659941681363 
815047.021943573 354196.06168062706 -0.026760499761043693 
818181.8181818175 404462.33230913 -0.01864995319287037 
821316.614420062 456613.91973069124 -0.00901486766216698 
824451.4106583066 514876.858704183 0.0020583211230479214 
827586.2068965511 560526.7962338125 0.013386405081983256 
830721.0031347956 554705.7502238145 0.022831082465457897 
833855.7993730401 474099.7024599046 0.028948148205364253 
836990.5956112846 344578.10767227923 0.032543974785455454 
840125.3918495291 226456.59463740044 0.036014660301172834 
843260.1880877736 157694.8136763348 0.04075660196695629 
846394.9843260181 115515.71699712684 0.04542049768174701 
849529.7805642626 41740.986494491895 0.04708446860268078 
852664.5768025072 -92653.66499806537 0.04422299275320166 
855799.3730407517 -252551.11319327063 0.038318192078458685 
858934.1692789962 -371251.15500229574 0.032372365519186125 
862068.9655172407 -416664.24336284865 0.027875948903604775 
865203.7617554852 -421489.88498829794 0.023423450815956696 
868338.5579937297 -445709.31043286715 0.01642909233846568 
871473.3542319742 -510995.54634625115 0.006126972869556179 
874608.1504702187 -576129.6604929972 -0.005310865470151494 
877742.9467084632 -579312.5309005833 -0.014724843591775885 
880877.7429467078 -502885.5583081494 -0.020947134948691767 
884012.5391849523 -392418.37058155896 -0.025690461693370616 
887147.3354231968 -310108.5088911616 -0.031426585474503 
890282.1316614413 -271473.3979555468 -0.038499076186645255 
893416.9278996858 -231815.62074315478 -0.044517130408382996 
896551.7241379303 -136548.7860157145 -0.04667561893379314 
899686.5203761748 17690.80893114039 -0.04456802396228807 
902821.3166144193 175539.42642011898 -0.04054019758348836 
905956.1128526638 277014.92366546224 -0.037217547223940745 
909090.9090909084 316476.68022781383 -0.03480724315222513 
912225.7053291529 344612.1464053435 -0.031009146594433063 
915360.5015673974 411552.124261635 -0.023622376508379346 
918495.2978056419 511091.10407369834 -0.013098371519223138 
921630.0940438864 584767.2990592807 -0.0023474128210588504 
924764.8902821309 581568.0174450475 0.006007048762559923 
927899.6865203754 510528.0350555956 0.012050409143379803 
931034.4827586199 430973.3685617566 0.018142419992255233 
934169.2789968645 390717.80158803053 0.026098164429228594 
937304.075235109 377193.6314574877 0.03496256436375695 
940438.8714733535 332826.0563016279 0.041729763488003974 
943573.667711598 218363.03919980157 0.044260206798976985 
946708.4639498425 57447.09612378833 0.04333687060767698 
949843.260188087 -84540.87898921155 0.04170714129857578 
952978.0564263315 -165225.36106269772 0.041124758303554575 
956112.852664576 -205633.24614663929 0.040505400481684 
959247.6489028205 -263954.99760337884 0.037134075101192536 
962382.445141065 -370456.73470232345 0.02965044327773901 
965517.2413793096 -492141.7695778891 0.01966761102730706 
968652.0376175541 -564426.1900785445 0.010316301867482523 
971786.8338557986 -556602.5603120689 0.003237562428119908 
974921.6300940431 -502346.9115482033 -0.002824637611234538 
978056.4263322876 -463291.53743040236 -0.010364786849394762 
981191.2225705321 -464040.5260369044 -0.020149876019554633 
984326.0188087766 -466967.01485809556 -0.030078113840337664 
987460.8150470211 -413233.5321862304 -0.03707378500947496 
990595.6112852657 -286812.9698482675 -0.040036523333029476 
993730.4075235102 -134119.15660961805 -0.04075460979704793 
996865.2037617547 -18824.28940605122 -0.041819644680016525 
999999.9999999992 74893.23780091811 -0.04531031092111362 
