#x u 
0.0 -307787.28529480175 0.027926428614775522 
3134.796238244514 -365041.9500968257 0.029654797411724707 
6269.592476489028 -503604.46248611395 0.025862396323223416 
9404.38871473354 -620830.7542554251 0.021155240016878428 
12539.184952978056 -714144.7090861767 0.015625648696581514 
15673.98119122257 -779974.7294021585 0.009485762364664769 
18808.777429467085 -815710.0563374559 0.0029759949267655597 
21943.5736677116 -819832.5510297732 -0.003645675478266946 
25078.369905956115 -792119.5510060685 -0.010120289994179611 
28213.16614420063 -733718.8973340929 -0.016200967374419742 
31347.962382445145 -647024.3700217012 -0.021658775713603532 
34482.75862068966 -535440.7158756483 -0.026285057728959053 
37617.55485893417 -403197.09581647697 -0.02989698344322128 
40752.35109717868 -255273.80744818982 -0.03234875771646205 
43887.14733542319 -97350.12953015632 -0.033543695244291696 
47021.943573667704 64372.35367657206 -0.033439927735193616 
50156.739811912215 223509.1897966441 -0.032047456496918134 
53291.53605015673 373877.3088001142 -0.02942146923923182 
56426.33228840124 509764.8030222227 -0.02565879962543042 
59561.12852664575 626043.6260009101 -0.020899141464355037 
62695.92476489026 718234.6686044342 -0.015325753499014834 
65830.72100313478 782662.7612304946 -0.009159207263965928 
68965.51724137929 816714.6657856446 -0.002643546222760274 
72100.3134796238 819068.1809230901 0.003969020970860443 
75235.10971786831 789748.8835275709 0.0104281306158852 
78369.90595611282 730006.4974779991 0.01648932388292465 
81504.70219435733 642144.6820152912 0.02191791310646023 
84639.49843260185 529438.9480269579 0.026498377956223812 
87774.29467084636 396138.4302132981 0.030048586820665753 
90909.09090909087 247416.34918667632 0.03243210090346258 
94043.88714733538 89150.43469087328 0.03356255516703832 
97178.68338557989 -72437.57765341237 0.033400891949209706 
100313.4796238244 -231129.32328469906 0.031951976650920415 
103448.27586206891 -380918.39343702566 0.02926587086384506 
106583.07210031342 -516105.66937726515 0.02544217320700843 
109717.86833855794 -631421.7381740223 0.020630658527055246 
112852.66457680245 -722274.6154000635 0.01502347132791489 
115987.46081504696 -785066.8916253062 0.008841297766644182 
119122.25705329147 -817423.2501629282 0.0023207793946978528 
122257.05329153598 -818226.659895217 -0.004292086408845106 
125391.84952978049 -787520.4542381887 -0.010744990685267457 
128526.645768025 -726428.4853049899 -0.016785486535617684 
131661.44200626953 -637178.5707519678 -0.022173818062546598 
134796.23824451404 -523157.89381242683 -0.026698680040043218 
137931.03448275855 -388849.36395351164 -0.030188475928170797 
141065.83072100306 -239580.6586926758 -0.0325143963067908 
144200.62695924757 -81177.32971678564 -0.03358894264650419 
147335.42319749208 80318.48154900149 -0.03336674348026771 
150470.2194357366 238794.0214189358 -0.031850327600525585 
153605.0156739811 388163.2106087758 -0.02909640199419518 
156739.81191222562 522557.7300918037 -0.025215687884995765 
159874.60815047013 636650.9807542716 -0.020364191424259433 
163009.40438871464 726000.2906211491 -0.014730926565481119 
166144.20062695915 787250.9052026612 -0.00852913027611157 
169278.99686520366 818160.1035968801 -0.0019928576912125106 
172413.79310344817 817551.6237399733 0.004626004428717794 
175548.58934169268 785341.2536540616 0.011066566220767309 
178683.3855799372 722653.4350149436 0.017074218896628645 
181818.1818181817 631905.1261281244 0.02241631766770307 
184952.97805642622 516719.80501409713 0.026891520373862714 
188087.77429467073 381667.171762708 0.030332064700045226 
191222.57053291524 231965.0364149741 0.03260469075161369 
194357.36677115975 73282.54032650967 0.03361602312163621 
197492.16300940426 -88353.01659747635 0.03332195968815348 
200626.95924764877 -246674.73160648558 0.03173462637027619 
203761.75548589329 -395435.82979125815 0.02892111111373027 
206896.5517241378 -528782.1545329671 0.024994868167677053 
210031.3479623823 -641585.3022060187 0.02010643742270658 
213166.14420062682 -729611.3138360973 0.014438980914518524 
216300.94043887133 -789549.6353015514 0.008207377360229542 
219435.73667711584 -819042.9673502599 0.0016544126489375774 
222570.53291536035 -816820.0222507535 -0.004960515529321584 
225705.32915360486 -782882.2264389561 -0.01137773319712753 
228840.12539184937 -718592.497347164 -0.017351403531822008 
231974.9216300939 -626569.3138667704 -0.022656593630316812 
235109.7178683384 -510446.22623086564 -0.027091590506321428 
238244.5141065829 -374652.52848039975 -0.030482088476989074 
241379.31034482742 -224306.38780062555 -0.03269088196776734 
244514.10658307193 -65156.75587594078 -0.03362958077159127 
247648.90282131644 96570.73526442595 -0.03326515457954178 
250783.69905956095 254489.5848816457 -0.0316177693791739 
253918.49529780546 402438.7203117114 -0.028753621021311772 
257053.29153604998 534777.830072519 -0.024779758800326374 
260188.0877742945 646520.3616256999 -0.01984384724407337 
263322.884012539 733388.6107405773 -0.014134769641410585 
266457.6802507835 791933.6029191953 -0.007877411255997955 
269592.476489028 819762.9366685353 -0.0013196326594557416 
272727.27272727253 815768.3716145266 0.005283506515916616 
275862.06896551704 780202.341209129 0.01168115349036334 
278996.86520376155 714565.1206604947 0.017631638290679725 
282131.66144200607 621415.456663601 0.022905798122263996 
285266.4576802506 504250.08296545607 0.027294851845862944 
288401.2539184951 367479.34575376625 0.0306235543750435 
291536.0501567396 216383.2694663407 0.032762777086689204 
294670.8463949841 56916.653190809266 0.03363492635725568 
297805.6426332286 -104638.9341159456 0.03321154749947601 
300940.43887147313 -262038.95232751386 0.0315088837542327 
304075.23510971764 -409314.330842291 0.02858738730549153 
307210.03134796215 -540878.6070276372 0.02455505105146554 
310344.82758620667 -651629.7205390636 0.019568468750849805 
313479.6238244512 -737162.5975152494 0.013826078794866489 
316614.4200626957 -794068.1162717233 0.00755459487802388 
319749.2163009402 -820171.5113466308 0.0009953539032020815 
322884.0125391847 -814588.6846538901 -0.005603742818418085 
326018.8087774292 -777626.7162852623 -0.011991688443304208 
329153.60501567373 -710670.8993940318 -0.017919443272227928 
332288.40125391824 -616164.0376371708 -0.02315107164313599 
335423.19749216276 -497634.0649176635 -0.027478461559160363 
338557.99373040727 -359621.8313706804 -0.030732315664564597 
341692.7899686518 -207413.94145817665 -0.03278450072966904 
344827.5862068963 -46645.01578012661 -0.033544141882265496 
347962.3824451408 117058.53220995252 -0.03295479588197271 
351097.1786833853 278264.3436107694 -0.03099808801971232 
354231.9749216298 431754.9271889449 -0.027703097734583952 
357366.77115987433 572467.857987813 -0.023157223503500614 
360501.56739811884 695398.9039786906 -0.01751621696770484 
363636.36363636336 795445.0779578636 -0.011014224384907095 
366771.15987460787 867219.8905319356 -0.003972245850478917 
369905.9561128524 905063.0389713369 0.0032051740950528687 
373040.7523510969 903602.2961370184 0.010061312769773427 
376175.5485893414 859066.4683573558 0.0161555913011202 
379310.3448275859 771056.6599059906 0.0211551179302618 
382445.1410658304 643940.5182240526 0.024910762898483915 
385579.93730407493 486886.3806879919 0.027472232346887348 
388714.73354231945 312069.65343193326 0.029020181942533474 
391849.52978056396 131584.7864293273 0.0297392643259814 
394984.32601880847 -45508.69778921563 0.029697023211544826 
398119.122257053 -214439.3043555471 0.028799900607715225 
401253.9184952975 -373570.74477953836 0.02685815509179481 
404388.714733542 -521577.82847828144 0.023725550209950534 
407523.5109717865 -654793.8471809098 0.019428948263150645 
410658.307210031 -766528.8031010036 0.014205021813707745 
413793.10344827553 -848862.1333326842 0.00842078546626952 
416927.89968652005 -895687.6644749149 0.0024338691692636946 
420062.69592476456 -904887.0888838894 -0.003510115076623531 
423197.49216300907 -878180.229481065 -0.009276452714378611 
426332.2884012536 -819004.1766554845 -0.01475236895763274 
429467.0846394981 -730297.0939500111 -0.01975589687262943 
432601.8808777426 -614025.2108664326 -0.024026440483371058 
435736.6771159871 -472679.49246668076 -0.027306941170392153 
438871.4733542316 -311162.9353645392 -0.029444742822387127 
442006.26959247614 -137121.44850442445 -0.03042135264210852 
445141.06583072065 40776.17025523113 -0.03028786700684293 
448275.86206896516 215148.05302134488 -0.029072484549428415 
451410.65830720967 380747.60365136014 -0.026753614341997214 
454545.4545454542 533207.8457949269 -0.023327566868062435 
457680.2507836987 667136.8018290204 -0.01890374085208392 
460815.0470219432 775731.2357634009 -0.01372765547793153 
463949.8432601877 852607.1579203444 -0.008099609029713063 
467084.6394984322 894273.5307811901 -0.002260993211057447 
470219.43573667674 900888.7227147995 0.003643527576376329 
473354.23197492125 874539.9464295437 0.009493024493563103 
476489.02821316576 816762.7892601187 0.01508498115064006 
479623.82445141027 727852.8542151123 0.020114293954435015 
482758.6206896548 608746.8857521466 0.024271820912266436 
485893.4169278993 463563.42630841397 0.027374454528861773 
489028.2131661438 300050.97357309324 0.02940004557578347 
492163.0094043883 127187.67560882632 0.030391969873878676 
495297.8056426328 -47916.46576780857 0.030331369041432733 
498432.60188087734 -220845.96969467803 0.02911260253502754 
501567.39811912185 -387713.4111894135 0.02665446396734262 
504702.19435736636 -542394.4250835768 0.023036953083584034 
507836.99059561087 -676306.6624564653 0.018519173222099217 
510971.7868338554 -781341.2184159884 0.013410160340769384 
514106.5830720999 -853241.9350739153 0.007916409217160258 
517241.3793103444 -892094.650968757 0.00211899689401448 
520376.1755485889 -899439.5497484169 -0.003897365500213499 
523510.9717868334 -875014.8511651729 -0.009901098023025051 
526645.768025078 -816616.4438040423 -0.015515791221695184 
529780.5642633225 -723370.9124754461 -0.020380802065276312 
532915.360501567 -599073.1463014131 -0.02431653281802392 
536050.1567398115 -451974.73453971895 -0.027328387316692602 
539184.952978056 -290959.1629405314 -0.029446071933694574 
542319.7492163006 -121814.66421691135 -0.030567752853808763 
545454.5454545451 52670.555650001355 -0.03047892546477982 
548589.3416927896 228984.31884907323 -0.029036082046746556 
551724.1379310341 399592.7385037816 -0.02632854832330485 
554858.9341692786 553836.4489329646 -0.022645844325741953 
557993.7304075231 682494.899711086 -0.01827564125325758 
561128.5266457676 781587.7557465108 -0.013336516027546836 
564263.3228840121 851615.2739988222 -0.00781940008071493 
567398.1191222566 893100.8140210104 -0.001795637241809157 
570532.9153605012 903188.0956833086 0.004430330768874747 
573667.7115987457 877015.1004751065 0.01039719015754326 
576802.5078369902 812572.0672388242 0.015730933988753606 
579937.3040752347 713959.2264511224 0.020316318307637353 
583072.1003134792 589475.7904168556 0.024221602136800215 
586206.8965517237 446363.8613570155 0.027453716531727235 
589341.6927899682 287673.376692033 0.029798300740296275 
592476.4890282127 114630.93354828232 0.0309146491001313 
595611.2852664572 -67931.3254066811 0.03059247874156438 
598746.0815047018 -249035.5896479142 0.028908755456920322 
601880.8777429463 -415186.68691199814 0.026127758749184674 
605015.6739811908 -557147.8697808428 0.02245905307450169 
608150.4702194353 -673398.86160518 0.017939526770237475 
611285.2664576798 -766939.6616754169 0.012571907233946411 
614420.0626959243 -838741.5950769382 0.0065692346262409915 
617554.8589341688 -884476.3541366153 0.00042378217594690455 
620689.6551724133 -897672.507574414 -0.005311143160591613 
623824.4514106578 -875725.9045321285 -0.010335582437199408 
626959.2476489024 -822248.9079599536 -0.014705246873812174 
630094.0438871469 -743216.7224869892 -0.018615183291418792 
633228.8401253914 -641112.1358999596 -0.022079357335849717 
636363.6363636359 -513611.732275723 -0.02482864670449677 
639498.4326018804 -358663.3895425026 -0.026525957416838546 
642633.2288401249 -180900.60659508544 -0.027068826886776257 
645768.0250783694 7439.656923331719 -0.026659060220090847 
648902.8213166139 192487.73840163997 -0.02556458166360772 
652037.6175548584 365865.8594404275 -0.02382666375696827 
655172.413793103 525918.1668668516 -0.02122989173453677 
658307.2100313475 672049.8035934835 -0.017578920915190893 
661442.006269592 798390.9681006043 -0.012998185865434157 
664576.8025078365 893786.4110013854 -0.007935760900303727 
667711.598746081 948500.5607349041 -0.0028553765736387465 
670846.3949843255 960861.1141443577 0.0020715441903762176 
673981.19122257 936920.3404709824 0.006956020298516185 
677115.9874608145 883402.4294975664 0.011875909095422008 
680250.783699059 801271.8453306851 0.016590683226355877 
683385.5799373036 686710.0225500274 0.020597545977849442 
686520.3761755481 538538.0798489489 0.023484495011799156 
689655.1724137926 364226.35592861695 0.025219688219365245 
692789.9686520371 177915.13428654047 0.026075212926598403 
695924.7648902816 -7847.369480724039 0.026262923896283367 
699059.5611285261 -188286.80043211294 0.025665136001401245 
702194.3573667706 -364193.40406043787 0.02394890590447493 
705329.1536050151 -533777.9075171232 0.020950814251474503 
708463.9498432596 -687381.9280278806 0.01692891954023075 
711598.7460815042 -810974.4578311865 0.012409627995838661 
714733.5423197487 -895159.681606641 0.007779310159480492 
717868.3385579932 -940491.2311844364 0.0030424210892057535 
721003.1347962377 -953579.6929105442 -0.0020012302409832235 
724137.9310344822 -938073.2963396729 -0.007347032387864273 
727272.7272727267 -890043.5591337633 -0.012580704862593104 
730407.5235109712 -802768.4806123872 -0.017106605657199167 
733542.3197492157 -675995.2161569111 -0.020583429600994796 
736677.1159874602 -519876.858419492 -0.023117411544402826 
739811.9122257048 -349183.5348927047 -0.025010864933963244 
742946.7084639493 -173554.5868716254 -0.02632985410088881 
746081.5047021938 6188.233587319837 -0.026749731039051875 
749216.3009404383 191914.10064628697 -0.025849978429646914 
752351.0971786828 378830.63434806623 -0.023555854277233036 
755485.8934169273 553032.0365719104 -0.020262164756713046 
758620.6896551718 698946.6462134148 -0.01650126670620977 
761755.4858934163 809247.7441800828 -0.012495794083101457 
764890.2821316608 887036.8620860538 -0.008062957737556019 
768025.0783699054 938081.563494348 -0.002971918723988883 
771159.8746081499 961334.4808252724 0.0026229226285466433 
774294.6708463944 947867.0026264468 0.008137163516946305 
777429.4670846389 889562.122656078 0.012961631589615963 
780564.2633228834 788552.977393859 0.01690419497763662 
783699.0595611279 657403.1649356411 0.020209238514658577 
786833.8557993724 509603.4867668852 0.023134875156939738 
789968.6520376169 350144.0966608862 0.025534726536889603 
793103.4482758614 175947.70224337466 0.026892285650807896 
796238.244514106 -14367.852061423731 0.026782930142365803 
799373.0407523505 -211835.53920924966 0.02528457429173027 
802507.836990595 -399039.4653989968 0.022903444360569344 
805642.6332288395 -561006.3139087465 0.020086134244808863 
808777.429467084 -693991.2951699616 0.016826148581990122 
811912.2257053285 -803110.7938632371 0.012779305804581536 
815047.021943573 -891411.7868873597 0.007769011645913145 
818181.8181818175 -952029.012234413 0.0021471846839168553 
821316.614420062 -971944.6417131573 -0.003379518214105537 
824451.4106583066 -943672.0096737333 -0.008289509186125811 
827586.2068965511 -872700.6692560309 -0.012594433174102568 
830721.0031347956 -772792.7678796058 -0.016632844633297263 
833855.7993730401 -653897.225232878 -0.020527523044269486 
836990.5956112846 -515264.8063443255 -0.023882770530841476 
840125.3918495291 -350971.95469924103 -0.026051585386037447 
843260.1880877736 -161995.8862427143 -0.026703676704059844 
846394.9843260181 38061.66737050834 -0.02610233225604846 
849529.7805642626 229996.05382998026 -0.024796492868743983 
852664.5768025072 401793.78515193 -0.023047114214287113 
855799.3730407517 554040.1142669499 -0.020590499076807652 
858934.1692789962 692412.2063819711 -0.016991553087973475 
862068.9655172407 815295.1355560945 -0.012218201352775602 
865203.7617554852 909795.2952272312 -0.006828227509351764 
868338.5579937297 960689.9783564426 -0.0015603303245704978 
871473.3542319742 963196.464694963 0.0032527647839774437 
874608.1504702187 926241.8449226064 0.007838575954944176 
877742.9467084632 862731.5575094044 0.012545822275454085 
880877.7429467078 776954.9123770868 0.017276512115115456 
884012.5391849523 662362.5612476299 0.021395459742590175 
887147.3354231968 512100.018871302 0.024226071599723054 
890282.1316614413 331179.1448924395 0.025622273338278656 
893416.9278996858 137255.68483406506 0.0260186829620064 
896551.7241379303 -51176.81530786048 0.025903935626373255 
899686.5203761748 -227113.42793309354 0.025269553731461086 
902821.3166144193 -395145.3897969713 0.023617761628171013 
905956.1128526638 -559376.5503682777 0.020526478956432618 
909090.9090909084 -712055.8792318606 0.016179428245241524 
912225.7053291529 -835216.1429378206 0.011297656185978767 
915360.5015673974 -913987.7583319427 0.00653322171474984 
918495.2978056419 -947872.5798225049 0.0019535731191829397 
921630.0940438864 -948216.7793812226 -0.002844339764994797 
924764.8902821309 -924518.430924007 -0.008110961998331327 
927899.6865203754 -873978.1894639275 -0.013472311473849712 
931034.4827586199 -785383.5119668293 -0.01811752268696677 
934169.2789968645 -653343.6833412752 -0.021462829388232393 
937304.075235109 -487858.65519490297 -0.02360319734411926 
940438.8714733535 -308914.8248106856 -0.025078660159106772 
943573.667711598 -131457.57321723315 -0.02620003826302557 
946708.4639498425 43723.37307723174 -0.026645616538035922 
949843.260188087 223764.03848378945 -0.025760549475409105 
952978.0564263315 408844.29063674755 -0.023251687933115463 
956112.852664576 584565.983826771 -0.019547964958435575 
959247.6489028205 730003.536990298 -0.015440310108600518 
962382.445141065 833362.2505142413 -0.011370414089441781 
965517.2413793096 899034.3203569221 -0.007111123562420782 
968652.0376175541 938722.5447056978 -0.002174308905245867 
971786.8338557986 956009.2922251634 0.0034836801369840078 
974921.6300940431 940720.298943522 0.009208325665844064 
978056.4263322876 879205.2000409311 0.014125453696119988 
981191.2225705321 769854.70808721 0.017862114742722875 
984326.0188087766 627477.929823547 0.02075879952420124 
987460.8150470211 471705.27589804534 0.023350937040449583 
990595.6112852657 311351.57484861516 0.02566621824714732 
993730.4075235102 140997.25918678776 0.027084085446282873 
996865.2037617547 -45449.978494292125 0.026857635765003145 
999999.9999999992 -307787.29854142974 0.027926428007580214 
