#x u 
0.0 -128485.67550471977 -0.03553670074770708 
3134.796238244514 -230499.9656959839 -0.03177430471086071 
6269.592476489028 -380283.2969688099 -0.02938139265384906 
9404.38871473354 -513293.49011206307 -0.02575752915862427 
12539.184952978056 -626531.7980396674 -0.021141159553636255 
15673.98119122257 -715539.8247920063 -0.015707155836545035 
18808.777429467085 -776877.9994469782 -0.009665759286493318 
21943.5736677116 -808174.3217277481 -0.0032505880377343924 
25078.369905956115 -808218.5647391526 0.0032902833621022854 
28213.16614420063 -777009.0175841895 0.009703919592826085 
31347.962382445145 -715752.5526126985 0.01574230551382873 
34482.75862068966 -626817.95567795 0.0211719369039154 
37617.55485893417 -513644.3252519993 0.025782850063231912 
40752.35109717868 -380608.0825802279 0.029396741103892905 
43887.14733542319 -232853.73558946556 0.03187386095653202 
47021.943573667704 -76094.94090479494 0.03311841946305637 
50156.739811912215 83606.44309850346 0.033082289579484316 
53291.53605015673 240074.76819532472 0.03176686844744208 
56426.33228840124 387259.4084615392 0.029223023366734602 
59561.12852664575 519468.7378157842 0.025549124758229968 
62695.92476489026 631590.2250469825 0.02088724218232945 
65830.72100313478 719288.1352588016 0.015417650512887165 
68965.51724137929 779171.1926215102 0.009351858712685509 
72100.3134796238 808923.7209171206 0.0029244307875317343 
75235.10971786831 807395.1906764751 -0.0036160847975392095 
78369.90595611282 774644.7101228774 -0.010016766480724292 
81504.70219435733 711938.7394586896 -0.01603010007344625 
84639.49843260185 621702.1168833597 -0.021423550127370523 
87774.29467084636 507424.2901654506 -0.02598855207393934 
90909.09090909087 373524.3797912641 -0.02954857741062987 
94043.88714733538 225180.29169445764 -0.03196596005339979 
97178.68338557989 68128.48777282675 -0.033147219880455596 
100313.4796238244 -91557.84293903394 -0.03304667760604858 
103448.27586206891 -247703.6343263929 -0.03166822119722654 
106583.07210031342 -394270.7328349934 -0.029065155526252516 
109717.86833855794 -525591.3927066339 -0.025338141072627777 
112852.66457680245 -636587.4475552342 -0.02063130138505618 
115987.46081504696 -722966.6829244344 -0.01512664982769122 
119122.25705329147 -781388.8161052079 -0.009037051128238513 
122257.05329153598 -809594.6647784009 -0.0025979899046591802 
125391.84952978049 -806493.509534264 0.003941535518674458 
128526.645768025 -772205.2719626985 0.010328641869487135 
131661.44200626953 -708055.8772886011 0.016316339916939468 
134796.23824451404 -616525.9808790701 0.02167308553854306 
137931.03448275855 -501155.0413670617 0.026191733525151112 
141065.83072100306 -366404.44988123147 0.029697547880625966 
144200.62695924757 -217485.0081709511 0.0320549588581112 
147335.42319749208 -60155.42704277774 0.033172805438497266 
150470.2194357366 99500.36283158638 0.03300786052457904 
153605.0156739811 255308.4763507743 0.03156650253174243 
156739.81191222562 401243.8179546122 0.028904468734812953 
159874.60815047013 531663.0719074175 0.02512469990913689 
163009.40438871464 641522.929165754 0.02037335961356684 
166144.20062695915 726575.1120035244 0.014834182049570974 
169278.99686520366 783530.6547974088 0.008721367064602893 
172413.79310344817 810187.0882390781 0.002271297049760433 
175548.58934169268 805513.6087641221 -0.004266603960922064 
178683.3855799372 769690.9396981703 -0.01063951551116283 
181818.1818181817 704104.342690747 -0.016600997282678887 
184952.97805642622 611290.0496845332 -0.021920518935667394 
188087.77429467073 494837.1868943438 -0.026392374710846926 
191222.57053291524 359248.98339290754 -0.029843638065637567 
194357.36677115975 209768.6313637175 -0.03214084873891252 
197492.16300940426 52176.532000280706 -0.033195173655707254 
200626.95924764877 -107433.23245260256 -0.032965842099839625 
203761.75548589329 -262888.55669537664 -0.03146172231640842 
206896.5517241378 -408177.98751970043 -0.028740978576993797 
210031.3479623823 -537683.1865423671 -0.024908821968839333 
213166.14420062682 -646396.1911995088 -0.020113441884937293 
216300.94043887133 -730113.0725242797 -0.0145402755441865 
219435.73667711584 -785596.5009669611 -0.008404837139123723 
222570.53291536035 -810700.9338415998 -0.001944383907893486 
225705.32915360486 -804455.5834039815 0.004591258596771366 
228840.12539184937 -767101.9571875941 0.010949357254956054 
231974.9216300939 -700084.5189138023 0.01688404456251506 
235109.7178683384 -605994.8311185846 0.022165826320846273 
238244.5141065829 -488471.33949894505 0.026590456171379666 
241379.31034482742 -352058.6743156547 0.029986833796771202 
244514.10658307193 -202031.9096633086 0.03222362136557573 
247648.90282131644 -44192.57649696628 0.03321432236265877 
250783.69905956095 115355.68241418173 0.03292062640709716 
253918.49529780546 270443.1401893187 0.03135389071354497 
257053.29153604998 415072.5690074162 0.028574700909101688 
260188.0877742945 543651.1527381296 0.0246905281890935 
263322.884012539 651206.7609873157 0.01985157340901649 
266457.6802507835 733580.2212949843 0.014244958819233326 
269592.476489028 787586.1543305111 0.008087492047631824 
272727.27272727253 811136.1522690267 0.001617282161665823 
275862.06896551704 803319.5365003843 -0.004915467958625886 
278996.86520376155 764438.5729479846 -0.011258136931826954 
282131.66144200607 695996.7883601927 -0.017165453962075007 
285266.4576802506 600640.8405789166 -0.022408983986204247 
288401.2539184951 482058.16368717153 -0.02678596085431821 
291536.0501567396 344834.2974831223 -0.030127124736678498 
294670.8463949841 194275.48233956815 -0.032303263617915426 
297805.6426332286 36203.72098337637 -0.033230221562768794 
300940.43887147313 -123267.54296256739 -0.03287219039216997 
304075.23510971764 -277969.661563548 -0.031243102182308857 
307210.03134796215 -421920.6352265654 -0.028405938733569232 
310344.82758620667 -549562.5787399976 -0.024470014518022692 
313479.6238244512 -655973.4495616055 -0.019586895942520863 
316614.4200626957 -737028.8520304767 -0.013945848077862387 
319749.2163009402 -789526.6942779167 -0.0077681124655489976 
322884.0125391847 -811351.6949080516 -0.0012964869487057595 
326018.8087774292 -801734.031556268 0.005222169747248593 
329153.60501567373 -761438.8822970996 0.011553807638339067 
332288.40125391824 -692492.6807553442 0.017475044656822362 
335423.19749216276 -597305.8617724582 0.02274518542761594 
338557.99373040727 -477938.8975208808 0.027086158317130467 
341692.7899686518 -336828.05294296576 0.030230187712011854 
344827.5862068963 -179183.9750318335 0.032044413160199126 
347962.3824451408 -14902.09913160557 0.03263283186168205 
351097.1786833853 142986.2610159453 0.032278818679904724 
354231.9749216298 283446.1865613078 0.03122201487666971 
357366.77115987433 402148.8323141735 0.029452740099299848 
360501.56739811884 501366.671014527 0.02672484155111427 
363636.36363636336 585182.2150101169 0.022780805961459122 
366771.15987460787 654578.4374770916 0.017579525114729568 
369905.9561128524 706368.8384705457 0.01134518648080252 
373040.7523510969 735619.5967112244 0.004453226170810816 
376175.5485893414 738485.4088237417 -0.0027054321768792953 
379310.3448275859 713398.8457170173 -0.00978719582759939 
382445.1410658304 660834.7306032605 -0.016495510959795016 
385579.93730407493 582725.4682506406 -0.02256637206041708 
388714.73354231945 482082.227710004 -0.027764592160262766 
391849.52978056396 362796.8803868047 -0.03188915622784895 
394984.32601880847 229482.18745449858 -0.03478056748158985 
398119.122257053 87293.4245040042 -0.0363270151260521 
401253.9184952975 -58270.97282477731 -0.036468698072407615 
404388.714733542 -201582.03320130726 -0.03520013744493067 
407523.5109717865 -337097.92177439586 -0.032570388448974724 
410658.307210031 -459578.24277688575 -0.028681143407500588 
413793.10344827553 -564286.6854890538 -0.023682799321681942 
416927.89968652005 -647174.1772467848 -0.017768642022914078 
420062.69592476456 -705035.4609726168 -0.011167371814911217 
423197.49216300907 -735633.0423807359 -0.004134259639111547 
426332.2884012536 -737783.7138208456 0.003058724245764131 
429467.0846394981 -711404.3088861882 0.01013342734630387 
432601.8808777426 -657514.9184562566 0.016816271083845518 
435736.6771159871 -578199.4438099136 0.0228488300707571 
438871.4733542316 -476525.0122189744 0.027997825413227644 
442006.26959247614 -356423.37121907825 0.0320641455998181 
445141.06583072065 -222538.84803821097 0.03489054613825464 
448275.86206896516 -80048.75358767886 0.03636773019571655 
451410.65830720967 65536.82401161207 0.03643857510442261 
454545.4545454542 208588.0943886307 0.035100341293658195 
457680.2507836987 343573.26876448444 0.032404778228901 
460815.0470219432 465272.4740757523 0.028456123261382683 
463949.8432601877 568979.6053254871 0.023407070772519516 
467084.6394984322 650684.3105369002 0.01745286748628907 
470219.43573667674 707227.0709564714 0.01082376228366386 
473354.23197492125 736421.3795591854 0.0037761024845756647 
476489.02821316576 737138.2932163983 -0.003417579096053302 
479623.82445141027 709350.0888962629 -0.010479102984935141 
482758.6206896548 654131.3357126262 -0.017135400243168068 
485893.4169278993 573617.3413662908 -0.02312907203476118 
489028.2131661438 470921.579853643 -0.028228343232700834 
492163.0094043883 350015.29351093265 -0.032236025156879865 
495297.8056426328 215573.9251799137 -0.034997140855055134 
498432.60188087734 72796.31895887745 -0.036404918057423415 
501567.39811912185 -72796.31895883691 -0.036404918057423616 
504702.19435736636 -215573.92517987455 -0.03499714085505573 
507836.99059561087 -350015.2935108957 -0.032236025156880815 
510971.7868338554 -470921.57985361014 -0.028228343232702107 
514106.5830720999 -573617.341366264 -0.023129072034762763 
517241.3793103444 -654131.3357126063 -0.0171354002431699 
520376.1755485889 -709350.0888962508 -0.010479102984937157 
523510.9717868334 -737138.2932163943 -0.0034175790960554184 
526645.768025078 -736421.37955919 0.0037761024845735834 
529780.5642633225 -707227.0709564842 0.010823762283661893 
532915.360501567 -650684.310536921 0.01745286748628724 
536050.1567398115 -568979.6053255147 0.023407070772517944 
539184.952978056 -465272.4740757855 0.028456123261381375 
542319.7492163006 -343573.2687645217 0.03240477822890004 
545454.5454545451 -208588.0943886706 0.035100341293657605 
548589.3416927896 -65536.82401165379 0.03643857510442241 
551724.1379310341 80048.75358763752 0.036367730195716735 
554858.9341692786 222538.8480381711 0.03489054613825523 
557993.7304075231 356423.3712190421 0.032064145599819106 
561128.5266457676 476525.012218943 0.027997825413228983 
564263.3228840121 578199.4438098884 0.022848830070758698 
567398.1191222566 657514.9184562388 0.01681627108384735 
570532.9153605012 711404.3088861781 0.010133427346305868 
573667.7115987457 737783.7138208434 0.003058724245766184 
576802.5078369902 735633.0423807413 -0.004134259639109476 
579937.3040752347 705035.46097263 -0.011167371814909224 
583072.1003134792 647174.1772468059 -0.017768642022912225 
586206.8965517237 564286.685489081 -0.023682799321680333 
589341.6927899682 459578.24277691846 -0.028681143407499287 
592476.4890282127 337097.9217744336 -0.03257038844897378 
595611.2852664572 201582.0332013482 -0.035200137444930106 
598746.0815047018 58270.97282482024 -0.03646869807240747 
601880.8777429463 -87293.42450396295 -0.03632701512605235 
605015.6739811908 -229482.18745445966 -0.03478056748159049 
608150.4702194353 -362796.88038676913 -0.03188915622784994 
611285.2664576798 -482082.2277099731 -0.027764592160264057 
614420.0626959243 -582725.468250615 -0.022566372060418623 
617554.8589341688 -660834.7306032414 -0.016495510959796802 
620689.6551724133 -713389.7705141299 -0.00978677984093435 
623824.4514106578 -738351.0618699796 -0.0026992740179646465 
626959.2476489024 -734651.0833333232 0.004497620622094921 
630094.0438871469 -701847.7082596779 0.011552424810682159 
633228.8401253914 -639260.9314760019 0.01828164476480583 
636363.6363636359 -545212.3434427895 0.02461293400087215 
639498.4326018804 -418283.0191534601 0.030533207258147302 
642633.2288401249 -262066.4771839431 0.03587379677517291 
645768.0250783694 -90756.83019954215 0.04005445688470256 
648902.8213166139 71696.17424045825 0.0421193734222514 
652037.6175548584 203499.31882797426 0.04127769962862376 
655172.413793103 300942.70123785216 0.03762555634575142 
658307.2100313475 382171.2100096788 0.03230861494232253 
661442.006269592 470365.8228576033 0.026739025792281705 
664576.8025078365 569112.868199223 0.02145288270021284 
667711.598746081 654677.9112866842 0.01574170159789677 
670846.3949843255 695657.6535857567 0.008538545670684199 
673981.19122257 682103.1616444913 -0.0002614373435444468 
677115.9874608145 634442.4778462915 -0.009405603248053025 
680250.783699059 582222.6255640645 -0.017270459660617788 
683385.5799373036 534223.5202587567 -0.023241983399577528 
686520.3761755481 471090.678184822 -0.028061501843449382 
689655.1724137926 368313.25732943206 -0.032778071333306014 
692789.9686520371 225444.30686020717 -0.03741196692844727 
695924.7648902816 70743.44804244002 -0.040741880672351995 
699059.5611285261 -63819.925668347816 -0.041447854602755366 
702194.3573667706 -171115.29975081523 -0.039414261606156825 
705329.1536050151 -271135.9055055688 -0.035826370670348676 
708463.9498432596 -384830.70058588975 -0.031960468921358495 
711598.7460815042 -507206.814529583 -0.027938717832390967 
714733.5423197487 -608166.8691110158 -0.022753960023366833 
717868.3385579932 -660353.8593140352 -0.015531663130343692 
721003.1347962377 -664861.6361906328 -0.006693756543348004 
724137.9310344822 -647902.9867845224 0.00220847333409448 
727272.7272727267 -632041.486964117 0.009826574439767836 
730407.5235109712 -612292.3465124632 0.016122561659950567 
733542.3197492157 -562219.0215797061 0.022099766617076362 
736677.1159874602 -463563.6527178628 0.02845270687735965 
739811.9122257048 -328176.62390843546 0.03456739069997944 
742946.7084639493 -189091.91170306996 0.03893314046312839 
746081.5047021938 -70013.83279438879 0.04054111447982451 
749216.3009404383 34857.46810644862 0.03980605571086537 
752351.0971786828 149644.44566626617 0.03804799629599288 
755485.8934169273 286226.20121159556 0.03608289627078569 
758620.6896551718 426633.73813426204 0.03340518517258341 
761755.4858934163 537101.9919923107 0.028819574717784992 
764890.2821316608 599172.9530098074 0.021853126938177855 
768025.0783699054 625312.3614924388 0.013456658864058625 
771159.8746081499 642780.245673729 0.005250732649955001 
774294.6708463944 662848.8812764798 -0.00189967067978476 
777429.4670846389 667818.5518864674 -0.008493787447435307 
780564.2633228834 629512.29893479 -0.015559382096088117 
783699.0595611279 539791.0937846437 -0.023264202344354352 
786833.8557993724 420968.8848931668 -0.030446517087281858 
789968.6520376169 305120.5620136295 -0.035568963936044244 
793103.4482758614 203948.31954718716 -0.03810240223186497 
796238.244514106 100750.92245214492 -0.038893742843190325 
799373.0407523505 -27242.005002792208 -0.03913904879481522 
802507.836990595 -179853.71146956857 -0.03904760528298781 
805642.6332288395 -328965.19847372617 -0.037604548376683304 
808777.429467084 -442976.5348143481 -0.03368151866458699 
811912.2257053285 -515188.1069717951 -0.027325214618502486 
815047.021943573 -566451.5363863816 -0.019865223428383632 
818181.8181818175 -619490.5356180386 -0.01272249273962129 
821316.614420062 -672050.1448910859 -0.006163883467781615 
824451.4106583066 -697215.5335360765 0.0006975335871680353 
827586.2068965511 -670626.4665013645 0.008668438653101459 
830721.0031347956 -596003.0600385931 0.017317205656242417 
833855.7993730401 -502154.1271338331 0.02512112976517423 
836990.5956112846 -414596.3952606544 0.030775156000479604 
840125.3918495291 -331562.07473355945 0.034296874681308986 
843260.1880877736 -229503.47778966487 0.03677665546887833 
846394.9843260181 -92147.51123472126 0.03904543021914756 
849529.7805642626 67624.38393062088 0.0406684789508152 
852664.5768025072 216251.11765076837 0.040327877005661115 
855799.3730407517 329588.4761404395 0.037193526957748684 
858934.1692789962 413175.51983997354 0.03184142739148565 
862068.9655172407 491570.89307629934 0.02575241795748152 
865203.7617554852 578176.6219276431 0.019915238113140023 
868338.5579937297 657452.545236267 0.013996798224528888 
871473.3542319742 698352.4803959589 0.0069433978115884375 
874608.1504702187 684949.2042516712 -0.0016297790992386512 
877742.9467084632 632121.2209736177 -0.010732969075112762 
880877.7429467078 569861.9646157082 -0.018732961085063643 
884012.5391849523 512728.59187327436 -0.024763485936075982 
887147.3354231968 446518.1845319245 -0.029343644271348297 
890282.1316614413 346089.47629219 -0.033566100815689955 
893416.9278996858 205463.13078702375 -0.03771966674187695 
896551.7241379303 48408.64120927973 -0.04080345057592356 
899686.5203761748 -91764.57958048358 -0.04144976066288289 
902821.3166144193 -202132.35101765225 -0.03928965230801755 
905956.1128526638 -298529.8271235994 -0.035328135994130636 
909090.9090909084 -403787.4905989374 -0.030935769605564045 
912225.7053291529 -518925.58195307665 -0.026515745140802162 
915360.5015673974 -617778.2361341548 -0.0212436883549424 
918495.2978056419 -670849.2987454974 -0.014146653529778013 
921630.0940438864 -673443.9843080014 -0.005377955293603102 
924764.8902821309 -648612.3641085548 0.003662158972703447 
927899.6865203754 -621904.2194437834 0.011496979538136524 
931034.4827586199 -594531.225751001 0.01781533500707202 
934169.2789968645 -543148.9344048093 0.023491471019936577 
937304.075235109 -446429.1651433154 0.029374604196629444 
940438.8714733535 -310393.1506985458 0.03513267432928792 
943573.667711598 -165763.10719903663 0.039375910235180805 
946708.4639498425 -39992.54646437839 0.04093818259599893 
949843.260188087 66773.05287393005 0.0399753437805697 
952978.0564263315 176723.81789325466 0.03773101840010232 
956112.852664576 305845.88787679275 0.035219655266568096 
959247.6489028205 442033.08468559186 0.03221232354800453 
962382.445141065 553051.260653755 0.027589174388677844 
965517.2413793096 616147.3684910662 0.020682821447313184 
968652.0376175541 638328.7829678928 0.01219337593960483 
971786.8338557986 646141.9292376237 0.003705269795011492 
974921.6300940431 655825.7330961106 -0.003695057568711337 
978056.4263322876 655303.0161149739 -0.010257861127594414 
981191.2225705321 616969.0583031831 -0.016995621584458505 
984326.0188087766 527809.7258904884 -0.024312276948434384 
987460.8150470211 405134.5018303844 -0.031289499482157715 
990595.6112852657 281317.8370910891 -0.03639112420277196 
993730.4075235102 173422.01433452516 -0.038850983553699994 
996865.2037617547 72148.23504542837 -0.039414813461921924 
999999.9999999992 -128485.67550528077 -0.0355367007477328 
