#x u 
0.0 31268.423756119242 -0.048505872237539535 
3134.796238244514 30205.82852557899 -0.047586585731240624 
6269.592476489028 47975.584931903664 -0.04391035390189836 
9404.38871473354 64605.82740158735 -0.038503303777618174 
12539.184952978056 78698.51477514976 -0.03160913103887661 
15673.98119122257 89749.00282404033 -0.023492585000696873 
18808.777429467085 97328.8753647583 -0.014467582431538875 
21943.5736677116 101145.04360174556 -0.00488311880717547 
25078.369905956115 101049.935696292 0.004890174888959726 
28213.16614420063 97047.22949556416 0.014474365653675337 
31347.962382445145 89291.7095397751 0.023498833087771582 
34482.75862068966 78083.28157709885 0.031614601278237196 
37617.55485893417 63855.37521546203 0.03850783368737636 
40752.35109717868 47158.183211286756 0.04391196920328368 
43887.14733542319 28637.38553039414 0.04761803005087387 
47021.943573667704 9009.18092108822 0.049482702956824984 
50156.739811912215 -10967.40847218363 0.04943388107000413 
53291.53605015673 -30519.88847474387 0.04747345233146193 
56426.33228840124 -48892.16521065368 0.043677226467802685 
59561.12852664575 -65373.783232555914 0.03819200343109521 
62695.92476489026 -79327.39881472895 0.03122989664867377 
65830.72100313478 -90213.42601781536 0.023060130602606525 
68965.51724137929 -97610.90246259258 0.013998629926213441 
72100.3134796238 -101233.7679338564 0.004395802606990778 
75235.10971786831 -100941.92632124983 -0.005377010280842982 
78369.90595611282 -96746.66313208497 -0.014941894325702053 
81504.70219435733 -88810.20908107888 -0.02392897571876729 
84639.49843260185 -77439.4666329759 -0.03199072426422762 
87774.29467084636 -63074.142092489536 -0.03881539236260698 
90909.09090909087 -46269.742173322826 -0.044139070282053446 
94043.88714733538 -27676.092568487067 -0.047755891540573414 
97178.68338557989 -8012.209208225995 -0.04952599375735467 
100313.4796238244 11961.506066672711 -0.04938092712727158 
103448.27586206891 31472.670223612455 -0.047326301373008646 
106583.07210031342 49766.787069292724 -0.043441568817235245 
109717.86833855794 66136.4235972095 -0.03787695196342437 
112852.66457680245 79948.56640300155 -0.030847634395682718 
115987.46081504696 90669.10029577214 -0.022625439635339556 
119122.25705329147 97883.46251815814 -0.013528319732686108 
122257.05329153598 101312.67387701155 -0.003908060069740357 
125391.84952978049 100824.1268612952 0.00586332417101621 
128526.645768025 96436.71357096935 0.01540797382374183 
131661.44200626953 88320.0951599961 0.02435679754301711 
134796.23824451404 76788.1410440747 0.032363744556247666 
137931.03448275855 62286.79157877837 0.03911918643773523 
141065.83072100306 45376.8135579956 0.04436189043157357 
144200.62695924757 26712.11537708754 0.047889121315294984 
147335.42319749208 7014.460412825192 0.04956448116547173 
150470.2194357366 -12954.44354698516 0.04932318386174712 
153605.0156739811 -32422.399523173648 0.04717456036436782 
156739.81191222562 -50636.58218162488 0.04320169788620194 
159874.60815047013 -66892.64956870867 0.03755822691245159 
163009.40438871464 -80561.97999568452 0.030462380313921216 
166144.20062695915 -91115.9808225043 0.02218855428777176 
169278.99686520366 -98146.52912098725 0.01305669746395481 
172413.79310344817 -101381.75377747949 0.0034199385002956647 
175548.58934169268 -100696.54874150851 -0.006349069393209263 
178683.3855799372 -96117.41087338954 -0.015872558944002524 
181818.1818181817 -87821.41531135252 -0.02478225706723746 
184952.97805642622 -76129.36798070453 -0.032733625976066494 
188087.77429467073 -61493.40003732873 -0.03941918644859405 
191222.57053291524 -44479.48396804022 -0.04458040804111935 
194357.36677115975 -25745.54744974165 -0.048017706453442464 
197492.16300940426 -6016.031303849011 -0.04959816144838632 
200626.95924764877 13946.124610794697 -0.04926065687379417 
203761.75548589329 33368.984261745165 -0.04701824402249018 
206896.5517241378 51501.46618857091 -0.04295763693913674 
210031.3479623823 67642.38780273762 -0.03723585919045916 
213166.14420062682 81167.5800994465 -0.030074171768142643 
216300.94043887133 91554.02425627131 -0.02174951693223353 
219435.73667711584 98400.07675695379 -0.01258380886139007 
222570.53291536035 101441.00093538032 -0.002931485240249808 
225705.32915360486 100559.20433534027 0.006834198836304548 
228840.12539184937 95788.78600764618 0.016335604627627648 
231974.9216300939 87314.21790075532 0.0252053130272577 
235109.7178683384 75463.21133548397 0.03310033264988369 
238244.5141065829 60694.044417043 0.03971536329899227 
241379.31034482742 43577.840433031015 0.04479460191725779 
244514.10658307193 24776.482531262787 0.04814163448389046 
247648.90282131644 5017.018716239501 0.049627031339538816 
250783.69905956095 -14936.453077634222 0.04919335222773654 
253918.49529780546 -34312.332632617705 0.046857367508075086 
257053.29153604998 -52361.355207341374 0.04270940964685069 
260188.0877742945 -68385.56558427445 0.036909880063024814 
263322.884012539 -81765.30797910993 0.0296830464096611 
266457.6802507835 -91983.18811251363 0.021308370149776566 
269592.476489028 -98644.08083262038 0.012109699789064227 
272727.27272727253 -101490.40959922812 0.002442747663124259 
275862.06896551704 -100412.10697294358 -0.007318665448472367 
278996.86520376155 -95450.8709016504 -0.016797065962523967 
282131.66144200607 -86798.55215395617 -0.02562592439046229 
285266.4576802506 -74789.7354003567 -0.033463829026330286 
288401.2539184951 -59888.80144017481 -0.040007688300440526 
291536.0501567396 -42671.97095211748 -0.045004451260638616 
294670.8463949841 -23805.02061449721 -0.04826089311189916 
297805.6426332286 -4017.527341213823 -0.04965108768139663 
300940.43887147313 15925.353204349809 -0.04912127738205694 
304075.23510971764 35252.434550243925 -0.046691950155625134 
307210.03134796215 53216.20847678601 -0.04245704203862926 
310344.82758620667 69121.76778419543 -0.03658030542133742 
313479.6238244512 82354.24632371875 -0.02928900278252574 
316614.4200626957 92403.45681487938 -0.020865157919975667 
319749.2163009402 98882.540142023 -0.011634600609926653 
322884.0125391847 101537.52862327971 -0.0019541194122284665 
326018.8087774292 100252.63141666263 0.007802543231477075 
329153.60501567373 95067.87772096251 0.01725854012802975 
332288.40125391824 86215.50435410868 0.02604675312621174 
335423.19749216276 74127.45291365229 0.0338232342630954 
338557.99373040727 59322.27548910587 0.04028492457220692 
341692.7899686518 42179.814267385955 0.045190782384008324 
344827.5862068963 22875.3589187959 0.04837344918965147 
347962.3824451408 1841.6906883377715 0.049724231630754304 
351097.1786833853 -19388.458709686536 0.04915792114463775 
354231.9749216298 -37999.58935300063 0.04660499219378981 
357366.77115987433 -51454.29030221564 0.0420808463649769 
360501.56739811884 -60200.26481730162 0.03580480300003497 
363636.36363636336 -68857.47725263721 0.028246827811027612 
366771.15987460787 -83627.16784758159 0.019998783535992014 
369905.9561128524 -107217.49971070144 0.011529937786297687 
373040.7523510969 -135720.2643524922 0.003030452100618105 
376175.5485893414 -160548.50213573177 -0.005514082950615107 
379310.3448275859 -173735.70170153806 -0.014094408060000875 
382445.1410658304 -171958.58740905256 -0.022507678799201007 
385579.93730407493 -156605.96351216763 -0.030368044598121632 
388714.73354231945 -131212.13130695056 -0.037236754182647616 
391849.52978056396 -99123.42450389612 -0.04273981808459977 
394984.32601880847 -62750.052082215545 -0.046610833104437234 
398119.122257053 -23872.097935416 -0.04868298558715013 
401253.9184952975 15935.33966583319 -0.04887285939900715 
404388.714733542 55126.55811069854 -0.04717282105207462 
407523.5109717865 92186.03403575256 -0.043648610983515114 
410658.307210031 125680.67850348717 -0.03843651030191534 
413793.10344827553 154315.25451299126 -0.03173807080048164 
416927.89968652005 176982.46377994822 -0.023812320954616332 
420062.69592476456 192805.7659315156 -0.014965749297738992 
423197.49216300907 201173.2742989749 -0.005540452517940655 
426332.2884012536 201761.41755875567 0.00409909341174608 
429467.0846394981 194547.45222681673 0.01358012750942347 
432601.8808777426 179810.3421485638 0.02253601844147523 
435736.6771159871 158119.9709744478 0.03062044214637891 
438871.4733542316 130315.1047745274 0.03752077417685254 
442006.26959247614 97470.95697709345 0.04297017887882469 
445141.06583072065 60857.609894307076 0.0467579279190022 
448275.86206896516 21890.900673342156 0.048737549143852366 
451410.65830720967 -17922.32908802366 0.04883249065384136 
454545.4545454542 -57042.50286547906 0.0470390810633309 
457680.2507836987 -93956.8445909745 0.04342667147296194 
460815.0470219432 -127237.87766259664 0.03813495366445798 
463949.8432601877 -155598.6254263772 0.031368558223181825 
467084.6394984322 -177942.37852889948 0.023389141478902163 
470219.43573667674 -193405.10463850287 0.014505267262557296 
473354.23197492125 -201388.86055231513 0.0050604747512096905 
476489.02821316576 -201584.91464382852 -0.004580006182693235 
479623.82445141027 -193985.68550659585 -0.014043378400665793 
482758.6206896548 -178885.0351270153 -0.022963693553504978 
485893.4169278993 -156866.9052492135 -0.03099600329411392 
489028.2131661438 -128782.73636350795 -0.03782969842080857 
492163.0094043883 -95718.54252553717 -0.043200520126794775 
495297.8056426328 -58952.91522193413 -0.04690077888112113 
498432.60188087734 -19907.580271917825 -0.048787385777256206 
501567.39811912185 19907.580271907 -0.0487873857772565 
504702.19435736636 58952.91522192366 -0.046900778881121985 
507836.99059561087 95718.54252552679 -0.0432005201267961 
510971.7868338554 128782.73636349839 -0.037829698420810326 
514106.5830720999 156866.90524920527 -0.03099600329411604 
517241.3793103444 178885.03512700868 -0.02296369355350743 
520376.1755485889 193985.68550659198 -0.01404337840066845 
523510.9717868334 201584.91464382678 -0.004580006182695996 
526645.768025078 201388.86055231612 0.005060474751206931 
529780.5642633225 193405.10463850608 0.014505267262554643 
532915.360501567 177942.37852890516 0.02338914147889972 
536050.1567398115 155598.62542638494 0.03136855822317966 
539184.952978056 127237.87766260584 0.0381349536644562 
542319.7492163006 93956.84459098481 0.043426671472960664 
545454.5454545451 57042.50286549009 0.04703908106333014 
548589.3416927896 17922.329088035018 0.04883249065384116 
551724.1379310341 -21890.900673331107 0.04873754914385271 
554858.9341692786 -60857.60989429522 0.04675792791900309 
557993.7304075231 -97470.95697708272 0.042970178878826044 
561128.5266457676 -130315.10477451813 0.03752077417685434 
564263.3228840121 -158119.97097443976 0.03062044214638109 
567398.1191222566 -179810.34214855748 0.022536018441477703 
570532.9153605012 -194547.45222681266 0.013580127509426143 
573667.7115987457 -201761.41755875427 0.004099093411748845 
576802.5078369902 -201173.27429897577 -0.005540452517937912 
579937.3040752347 -192805.76593151822 -0.014965749297736386 
583072.1003134792 -176982.46377995252 -0.023812320954613917 
586206.8965517237 -154315.25451299798 -0.031738070800479565 
589341.6927899682 -125680.67850349616 -0.038436510301913675 
592476.4890282127 -92186.03403576296 -0.04364861098351387 
595611.2852664572 -55126.55811070956 -0.04717282105207386 
598746.0815047018 -15935.339665844354 -0.04887285939900691 
601880.8777429463 23872.097935405025 -0.0486829855871504 
605015.6739811908 62756.23932911504 -0.0466105494951067 
608150.4702194353 99218.27535096474 -0.04273547033741858 
611285.2664576798 131920.5394755653 -0.03720428236279639 
614420.0626959243 160034.03222009796 -0.03021090972241461 
617554.8589341688 184008.6185021407 -0.02195533277016333 
620689.6551724133 206400.8330125072 -0.012597112706298385 
623824.4514106578 231222.29840181037 -0.0022745568097154675 
626959.2476489024 260118.47999463123 0.008732583480923503 
630094.0438871469 286705.6912739272 0.01975726841338101 
633228.8401253914 295055.0964011515 0.029690159090338335 
636363.6363636359 268110.3088468884 0.037380124601368865 
639498.4326018804 202737.7755225661 0.042338398425562224 
642633.2288401249 117595.54408520061 0.04511261106338402 
645768.0250783694 42223.302436370264 0.046798597598735774 
648902.8213166139 -6552.6312101522035 0.04796884056090238 
652037.6175548584 -38875.37124756424 0.04802669191159492 
655172.413793103 -80656.52459588068 0.04572489192299542 
658307.2100313475 -146031.0105976919 0.04043047965441783 
661442.006269592 -220973.37803963092 0.032875205552070574 
664576.8025078365 -275620.40361725434 0.024587255505788663 
667711.598746081 -293298.5368765617 0.01655453772762222 
670846.3949843255 -286283.6054500758 0.008493645906163038 
673981.19122257 -281739.57306001824 -0.0005164055550345355 
677115.9874608145 -292475.7996108568 -0.010706295647872751 
680250.783699059 -303209.2120724631 -0.021000470705682794 
683385.5799373036 -286792.95455818844 -0.029775530543589532 
686520.3761755481 -233362.7314422888 -0.03621088841603166 
689655.1724137926 -161741.1154865123 -0.040825765745913775 
692789.9686520371 -101078.14983527726 -0.04465092461430561 
695924.7648902816 -61987.4016152118 -0.047917420262777274 
699059.5611285261 -27457.02041513227 -0.04964986278925403 
702194.3573667706 27002.042502200504 -0.04859752976270683 
705329.1536050151 105257.26203845863 -0.0445273075502214 
708463.9498432596 184139.37661623943 -0.03851990701726596 
711598.7460815042 235531.0630668292 -0.031956646357760174 
714733.5423197487 253808.30224968813 -0.02525802492841899 
717868.3385579932 259865.99769773838 -0.017692906163065927 
721003.1347962377 277584.59034992545 -0.008448470351912029 
724137.9310344822 307555.22310127167 0.0021763040460072306 
727272.7272727267 325730.98151016724 0.01272142565887295 
730407.5235109712 308433.56520022964 0.021725972786999757 
733542.3197492157 257421.04010047868 0.028891665154785227 
736677.1159874602 198658.26980250725 0.035041154018435175 
739811.9122257048 156076.13807739323 0.04092941653779529 
742946.7084639493 127880.05903629819 0.046171015335326575 
746081.5047021938 90254.1865290506 0.0494216149044602 
749216.3009404383 24478.878688782388 0.049630755322633266 
752351.0971786828 -61140.87622553656 0.04705444131133177 
755485.8934169273 -137671.04961176577 0.04296680419960531 
758620.6896551718 -183616.49120846327 0.03837554854964677 
761755.4858934163 -205232.22210758334 0.03309006184746239 
764890.2821316608 -227820.14549145073 0.026116637178260276 
768025.0783699054 -267261.7705290663 0.01695692633332769 
771159.8746081499 -311797.52680967445 0.006434255054486817 
774294.6708463944 -333258.63998546125 -0.0038322142416555415 
777429.4670846389 -315968.5697117994 -0.012764941255245181 
780564.2633228834 -272948.1637085987 -0.02058469632462015 
783699.0595611279 -232408.52662552404 -0.0282059670820298 
786833.8557993724 -208743.24148713358 -0.03592195003736388 
789968.6520376169 -188498.5015025208 -0.04277562867084968 
793103.4482758614 -146016.96092264022 -0.04729001233267667 
796238.244514106 -72232.49967600277 -0.048799659211194196 
799373.0407523505 13732.763147740709 -0.0479919195880916 
802507.836990595 82428.59536437158 -0.04609558323912362 
805642.6332288395 122686.21213747737 -0.043574166782954185 
808777.429467084 150986.2480527121 -0.03969838012321701 
811912.2257053285 191841.98477358313 -0.03344430367743483 
815047.021943573 249927.14091509202 -0.024767131201515177 
818181.8181818175 303334.648809108 -0.014903620422366882 
821316.614420062 325109.4916195823 -0.005376082586006523 
824451.4106583066 310459.05940887507 0.0032659671916330235 
827586.2068965511 281076.9011080712 0.01165675550923203 
830721.0031347956 262077.54037883927 0.02057092231576252 
833855.7993730401 255817.04392115524 0.02973807656521568 
836990.5956112846 240112.96853165323 0.03777583488232948 
840125.3918495291 192691.7050869469 0.043324569607808026 
843260.1880877736 116102.76479321081 0.046202518856915745 
846394.9843260181 36851.496472212486 0.04737758009876702 
849529.7805642626 -20391.01435476538 0.04779470388387207 
852664.5768025072 -56453.57745622463 0.0472983044421747 
855799.3730407517 -94417.63254766983 0.044785654339619785 
858934.1692789962 -152980.44730529728 0.039429584502117 
862068.9655172407 -224537.03862406028 0.031682003996140365 
865203.7617554852 -281105.73244562035 0.02299829069129031 
868338.5579937297 -301929.80963724747 0.014565413882313789 
871473.3542319742 -293795.74260671635 0.006361484637040656 
874608.1504702187 -282772.1595668264 -0.002476759981474886 
877742.9467084632 -286116.22896328085 -0.012379034876010695 
880877.7429467078 -293919.66922886553 -0.022514173751501127 
884012.5391849523 -279790.05393147416 -0.031294314175323704 
887147.3354231968 -229309.49018190082 -0.0376939995631801 
890282.1316614413 -156315.09794147217 -0.04201053737024408 
893416.9278996858 -89851.68468868235 -0.04527896938935678 
896551.7241379303 -45473.68375600398 -0.04796807600142205 
899686.5203761748 -11003.57237136876 -0.04933701762458194 
902821.3166144193 38373.51631816871 -0.04813430046718064 
905956.1128526638 111654.83843501219 -0.04390649675936591 
909090.9090909084 190217.4344302804 -0.037540835340304286 
912225.7053291529 245154.48832788432 -0.03046924325872611 
915360.5015673974 265593.70347289636 -0.0233661618242889 
918495.2978056419 268301.776899323 -0.01570149033182961 
921630.0940438864 278561.64636956446 -0.006607908858332393 
924764.8902821309 302501.58790354786 0.0038620263514722044 
927899.6865203754 320012.0895717727 0.014424103468886599 
931034.4827586199 305707.43761636404 0.023537301981180016 
934169.2789968645 255885.14751914542 0.030654145654395427 
937304.075235109 193128.58754209772 0.03644628440800587 
940438.8714733535 143701.8584775118 0.0417823843180527 
943573.667711598 111473.91172003532 0.04654583144548177 
946708.4639498425 75726.18374757763 0.04954560612829853 
949843.260188087 15059.98459064914 0.049621475454625086 
952978.0564263315 -67827.74448781539 0.046786593729476265 
956112.852664576 -146633.66302804166 0.04220934896002632 
959247.6489028205 -196761.8634504907 0.03705447663156188 
962382.445141065 -218925.93948883054 0.03139975158072645 
965517.2413793096 -236316.8014880014 0.024361536476279727 
968652.0376175541 -268411.56840749935 0.015288385994029353 
971786.8338557986 -309041.5655941103 0.0047570272652192125 
974921.6300940431 -331828.1171109462 -0.005688172262897263 
978056.4263322876 -317294.2935552688 -0.014790909000511384 
981191.2225705321 -273161.8841724923 -0.02252736778674562 
984326.0188087766 -226508.56583686802 -0.029761332579375847 
987460.8150470211 -196037.8859894683 -0.03698769638935734 
990595.6112852657 -173596.01072724117 -0.04349933443074502 
993730.4075235102 -134338.10698818945 -0.047863813643312686 
996865.2037617547 -64389.92880613257 -0.049235976718426416 
999999.9999999992 31268.423755488504 -0.04850587223756845 
