#x u 
0.0 -182416.20754752794 0.01659395540433766 
3134.796238244514 -281214.5400626691 0.020037435210205262 
6269.592476489028 -463533.6344206908 0.01837920105333951 
9404.38871473354 -625465.8071550372 0.016123100222597046 
12539.184952978056 -763268.1306871499 0.013240911522496252 
15673.98119122257 -871553.8670813573 0.009846744299092063 
18808.777429467085 -946136.6512177079 0.0060718031724824525 
21943.5736677116 -984132.3564563929 0.0020620655821242152 
25078.369905956115 -984071.6899310604 -0.0020274120287210482 
28213.16614420063 -945956.997617492 -0.006038489670938105 
31347.962382445145 -871262.1736424222 -0.009816059079952073 
34482.75862068966 -762875.6648404639 -0.013214041748293909 
37617.55485893417 -624988.7745925218 -0.016101037777549107 
40752.35109717868 -462933.5852367641 -0.018365407108896385 
43887.14733542319 -282976.7665879847 -0.019919586641180508 
47021.943573667704 -92077.24398437048 -0.020703476293679225 
50156.739811912215 102382.9031682019 -0.020686763074608906 
53291.53605015673 292883.906208292 -0.019870093283701568 
56426.33228840124 472059.0964708287 -0.018285047519811706 
59561.12852664575 632979.7741663029 -0.015992919460007728 
62695.92476489026 769423.1410153182 -0.013082345634727936 
65830.72100313478 876112.935690727 -0.009665877855531838 
68965.51724137929 948923.4667012739 -0.0058756308395736066 
72100.3134796238 985039.1527706241 -0.0018581733370422477 
75235.10971786831 983063.4012896101 0.002231139678467098 
78369.90595611282 943072.6145148766 0.006234174582604482 
81504.70219435733 866613.2350956679 0.009996134123266836 
84639.49843260185 756641.9451781645 0.013371543426174158 
87774.29467084636 617411.3315863964 0.01622987550434637 
90909.09090909087 454305.4384041057 0.018460598733179834 
94043.88714733538 273631.56613480486 0.019977451105398714 
97178.68338557989 82376.36856090598 0.020721775980556866 
100313.4796238244 -112064.32097017851 0.020664790335746464 
103448.27586206891 -302171.4862227074 0.019808697804320048 
106583.07210031342 -480593.6882282642 0.018186603461447865 
109717.86833855794 -640431.3452329903 0.015861233651751426 
112852.66457680245 -775503.5393384794 0.01292251036324347 
115987.46081504696 -880587.0324307042 0.009484073946469603 
119122.25705329147 -951618.2486574381 0.005678888645208394 
122257.05329153598 -985850.4127971916 0.0016541008727398022 
125391.84952978049 -981959.7679831691 -0.0024346509359995682 
128526.645768025 -940096.7653457108 -0.00642925485851056 
131661.44200626953 -861880.2460711293 -0.010175239668522792 
134796.23824451404 -750334.8408565641 -0.01352774823416104 
137931.03448275855 -609774.0075222541 -0.016357139139339578 
141065.83072100306 -445633.2297136187 -0.018553999913836265 
144200.62695924757 -264259.8268948422 -0.02003337801057392 
147335.42319749208 -72667.50367587518 -0.020738065918331557 
150470.2194357366 121734.86995624026 -0.020640813374664953 
153605.0156739811 311429.7594405461 -0.01974538113282259 
156739.81191222562 489081.6685014972 -0.018086395533518745 
159874.60815047013 647820.8025926902 -0.01572800950526907 
163009.40438871464 781508.7236672452 -0.012761421772370028 
166144.20062695915 884975.7234120197 -0.009301350202682527 
169278.99686520366 954220.7357290657 -0.005481595670766559 
172413.79310344817 986566.0578540516 -0.001449867981659812 
175548.58934169268 980760.8970501551 0.0026379260633113888 
178683.3855799372 937029.7387295654 0.006623711578347045 
181818.1818181817 857063.6656086282 0.010353358344756763 
184952.97805642622 743954.9635846767 0.013682641022372061 
188087.77429467073 602077.5431235328 0.016482816339572492 
191222.57053291524 436917.80025940685 0.018645601592137483 
194357.36677115975 254862.45780778036 0.020087361932506688 
197492.16300940426 62951.59096586798 0.020752344527086332 
200626.95924764877 -131393.6122059532 0.02061483451682511 
203761.75548589329 -320657.8279268886 0.019680149410122236 
206896.5517241378 -497522.2140642411 0.01798443345492066 
210031.3479623823 -655147.4295618869 0.015593259941610942 
213166.14420062682 -787438.1115750044 0.012599095485655128 
216300.94043887133 -889278.5829873868 0.009117724346053268 
219435.73667711584 -956730.675507963 0.005283771051161184 
222570.53291536035 -987186.0185327209 0.0012454944717990046 
225705.32915360486 -979466.9047658241 -0.0028409453452968147 
228840.12539184937 -933871.8321290743 -0.0068175258822817985 
231974.9216300939 -852163.9608553029 -0.010530472876719276 
235109.7178683384 -737502.9321295772 -0.013836206768173893 
238244.5141065829 -594322.6848495353 -0.016606894915952828 
241379.31034482742 -428159.9953274415 -0.018735394883884086 
244514.10658307193 -245440.37029907218 -0.020139397635442195 
247648.90282131644 -53229.57275102344 -0.020764610421977473 
250783.69905956095 141039.61094398715 -0.02058685628184625 
253918.49529780546 329854.7966762871 -0.019613008962867703 
257053.29153604998 505914.5062907681 -0.017880727114680407 
260188.0877742945 662410.5155508071 -0.015456998029773426 
263322.884012539 793291.1279864291 -0.012435547246687108 
266457.6802507835 893495.1938340717 -0.008933214185957883 
269592.476489028 959147.8245618499 -0.005085433972867922 
272727.27272727253 987710.234704891 -0.0010410001647922866 
275862.06896551704 978077.9166309949 0.003043689091663853 
278996.86520376155 930623.3518210697 0.0070106789727888055 
282131.66144200607 847181.6070202836 0.010706566086550167 
285266.4576802506 730979.3722563706 0.013988430577639557 
288401.2539184951 586510.1848230228 0.016729362834434457 
291536.0501567396 419360.66431357415 0.018823371080267118 
294670.8463949841 235994.4781915462 0.020189480072578134 
297805.6426332286 43502.39194364068 0.020774862413368962 
300940.43887147313 -150671.93063096475 0.020556881383261852 
304075.23510971764 -339019.7736995744 0.01954396630282968 
307210.03134796215 -514257.73123531666 0.017775286570995873 
310344.82758620667 -669609.356132357 0.015319236985431438 
313479.6238244512 -799067.2052332652 0.012270792917568033 
316614.4200626957 -897625.146994374 0.008747837617538556 
319749.2163009402 -961471.9484579627 0.004886603672064434 
322884.0125391847 -988138.6555282467 0.0008364048939902679 
326018.8087774292 -976594.0673598738 -0.003246137638843981 
329153.60501567373 -927284.6128668872 -0.007203152116471313 
332288.40125391824 -842117.0873286204 -0.010881620895444363 
335423.19749216276 -724384.9166675204 -0.014139297686992649 
338557.99373040727 -578640.800757284 -0.016850208217184564 
341692.7899686518 -410520.6606411648 -0.01890952164871274 
344827.5862068963 -226525.6976167742 -0.020237604386554066 
347962.3824451408 -33770.991956720885 -0.020783099506947768 
351097.1786833853 160289.63705421134 -0.020524912728256364 
354231.9749216298 348151.8701103766 -0.019473028126269297 
357366.77115987433 522551.07971102674 -0.01766812205026069 
360501.56739811884 676743.2531104235 -0.015179990169656661 
363636.36363636336 804765.7831093738 -0.012104848477375394 
366771.15987460787 901668.0419152882 -0.00856161261996816 
369905.9561128524 963702.8217858016 -0.004687299432764829 
373040.7523510969 988471.2394514106 -0.0006317285025359356 
376175.5485893414 975015.5008669985 0.0034482713518991237 
379310.3448275859 923855.9390818038 0.007394926645878791 
382445.1410658304 836970.8929744025 0.011055620325308692 
385579.93730407493 717720.2049414662 0.014288793464039738 
388714.73354231945 570715.2958826293 0.016969419343735862 
391849.52978056396 401640.8416782985 0.018993838233710085 
394984.32601880847 217034.94692621735 0.020283765909922764 
398119.122257053 24036.31661247645 0.020789320903820376 
401253.9184952975 -169891.7974183484 0.020490953417383332 
404388.714733542 -357250.2002113375 0.01940020131328965 
407523.5109717865 -530793.7473684495 0.017559243946073694 
410658.307210031 -683811.5145875203 0.015039271087618164 
413793.10344827553 -810386.3089247394 0.011937730020597158 
416927.89968652005 -905623.4864872647 0.008374557254702441 
420062.69592476456 -965840.2281809307 0.0044875405850382 
423197.49216300907 -988707.954222021 0.00042699084162560507 
426332.2884012536 -973342.3702489522 -0.00365007062662419 
429467.0846394981 -920337.6652029481 -0.007585984065031139 
432601.8808777426 -831743.4764868206 -0.01122854536803664 
435736.6771159871 -710984.3921887246 -0.014436835041972882 
438871.4733542316 -562717.3704673434 -0.01708620223910624 
442006.26959247614 -392602.6214220267 -0.019070837457949047 
445141.06583072065 -206928.06135079358 -0.020300682979002137 
448275.86206896516 -12030.03004542698 -0.020689507727795355 
451410.65830720967 186381.4233670295 -0.02013854554682697 
454545.4545454542 383502.36262867984 -0.01853761002016956 
457680.2507836987 574545.1791984151 -0.015818658984063795 
460815.0470219432 752416.9386263272 -0.01207333306214831 
463949.8432601877 905323.5666408816 -0.0076717948262546845 
467084.6394984322 1017217.54921218 -0.003248777246003055 
470219.43573667674 1073173.7894283526 0.0005389370966415962 
473354.23197492125 1067654.4766264462 0.0033902260215664445 
476489.02821316576 1009244.6893720345 0.0055783848675965905 
479623.82445141027 916103.8961394968 0.007747310741558027 
482758.6206896548 803720.5084169743 0.010358014563710088 
485893.4169278993 674696.0081727203 0.013230773255588184 
489028.2131661438 520298.8657636628 0.015627607668704753 
492163.0094043883 333352.60482686514 0.016853172384585807 
495297.8056426328 120674.0560875366 0.016835049922935805 
498432.60188087734 -97268.90926839749 0.016124312966986243 
501567.39811912185 -299699.8624077432 0.015311720772501267 
504702.19435736636 -478955.8201921614 0.014444245326408266 
507836.99059561087 -640605.0895482728 0.013030331528011047 
510971.7868338554 -790212.2106722381 0.010614183792044263 
514106.5830720999 -920471.8954286028 0.007308614959799982 
517241.3793103444 -1012354.0747902758 0.0037298983212671016 
520376.1755485889 -1049735.9907688308 0.00042256502407435467 
523510.9717868334 -1033104.4356390705 -0.002592636082503664 
526645.768025078 -978578.4735087636 -0.0056557935266002175 
529780.5642633225 -903175.4481161368 -0.008875038170854993 
532915.360501567 -810961.1771071876 -0.011770983800883646 
536050.1567398115 -693462.5893310312 -0.013587808880712624 
539184.952978056 -542903.7132832742 -0.013988309521435198 
542319.7492163006 -363911.70016101643 -0.013418085753814113 
545454.5454545451 -171693.20161554654 -0.0127357029957889 
548589.3416927896 20485.061025981926 -0.012447273418000658 
551724.1379310341 210323.91081200517 -0.012292117939533428 
554858.9341692786 402042.665529302 -0.011578762093178228 
557993.7304075231 593500.9614031961 -0.009919576689869172 
561128.5266457676 769437.3438281127 -0.0076222288087635995 
564263.3228840121 909016.5229472131 -0.0053612060383963185 
567398.1191222566 1000480.6204614502 -0.0034941832778127057 
570532.9153605012 1047814.1090133527 -0.00174276147594072 
573667.7115987457 1062489.4183620287 0.000436227379206149 
576802.5078369902 1048981.7772085867 0.003189805852183174 
579937.3040752347 999289.9675050677 0.006020800586224788 
583072.1003134792 902213.7579425105 0.008218263050374217 
586206.8965517237 757583.9080711423 0.00951738801400958 
589341.6927899682 580386.4425576956 0.010298500927146088 
592476.4890282127 390299.7070706473 0.011119316558101196 
595611.2852664572 197448.0645273894 0.012075234730606735 
598746.0815047018 -898.4268790831875 0.012662317834553459 
601880.8777429463 -209500.2617869793 0.012288075317325264 
605015.6739811908 -421895.7135174017 0.010893414129200304 
608150.4702194353 -618971.1001561625 0.009031913294832135 
611285.2664576798 -781167.1319393717 0.007322785650251471 
614420.0626959243 -901785.7591989089 0.005851646937882023 
617554.8589341688 -987688.9759065821 0.0041470460677821615 
620689.6551724133 -1046908.6131105646 0.0017544718339809892 
623824.4514106578 -1076400.720457597 -0.0011989966104482487 
626959.2476489024 -1062964.1814705888 -0.004046315601765851 
630094.0438871469 -996437.3167471073 -0.006187774258498214 
633228.8401253914 -881318.15700722 -0.007628820162124364 
636363.6363636359 -734557.7487385229 -0.008886671802818085 
639498.4326018804 -571757.8452559314 -0.010367697762472849 
642633.2288401249 -396134.4799519738 -0.011873472530914073 
645768.0250783694 -201639.7276891922 -0.012757244619376589 
648902.8213166139 13300.882009438888 -0.012567917999934399 
652037.6175548584 236168.6914586874 -0.011505649121705173 
655172.413793103 445267.5565728222 -0.010210974891090628 
658307.2100313475 624316.5557397866 -0.009109603891611175 
661442.006269592 771690.9548304297 -0.00800122806235118 
664576.8025078365 894905.2497709951 -0.006323033302886382 
667711.598746081 996426.9698985533 -0.00380840670863525 
670846.3949843255 1065982.7960094446 -0.0008455427375393212 
673981.19122257 1087637.7552079281 0.0018438525494794608 
677115.9874608145 1054339.753674903 0.003870912721969727 
680250.783699059 974720.3836884833 0.005493881822138876 
683385.5799373036 865031.7150009724 0.007253828797537294 
686520.3761755481 734665.9888188754 0.009318787576082958 
689655.1724137926 580383.611649487 0.011229331716926031 
692789.9686520371 395152.619438105 0.012315779036835759 
695924.7648902816 182087.57368497644 0.012350551046306838 
699059.5611285261 -41421.427027637554 0.011751758600751689 
702194.3573667706 -254009.85314134668 0.01112567898988791 
705329.1536050151 -444540.3048197617 0.010630213517901745 
708463.9498432596 -615592.3942622446 0.00982855472074972 
711598.7460815042 -772897.2595987137 0.008185803085797281 
714733.5423197487 -912136.3232761825 0.005684607811059634 
717868.3385579932 -1017260.8490059759 0.0029105203164438757 
721003.1347962377 -1072331.6394363018 0.0005150932484322536 
724137.9310344822 -1074618.36301769 -0.0013815054818180988 
727272.7272727267 -1035328.8557608938 -0.0032237294910021207 
730407.5235109712 -967292.729938823 -0.005458777917551718 
733542.3197492157 -872575.7381103026 -0.007974313896866215 
736677.1159874602 -743002.2449643991 -0.01013041918290701 
739811.9122257048 -572923.7681578144 -0.011355128981269409 
742946.7084639493 -370641.5442129126 -0.01168012208196298 
746081.5047021938 -156264.35117450505 -0.01165601760645454 
749216.3009404383 51992.138843544104 -0.011738719737621242 
752351.0971786828 248942.15064924653 -0.011793590812137284 
755485.8934169273 439607.1519098012 -0.01123923381298627 
758620.6896551718 625730.2149024936 -0.009679225203007426 
761755.4858934163 796128.1140374172 -0.007356592855356866 
764890.2821316608 931322.8088171288 -0.0049519442786943434 
768025.0783699054 1017849.623452067 -0.0029358187968085412 
771159.8746081499 1057433.2253787098 -0.0011537525378943997 
774294.6708463944 1061581.4026768713 0.0009229965480796163 
777429.4670846389 1037428.3458039365 0.0035484885258044753 
780564.2633228834 979794.5699489253 0.006340967535570791 
783699.0595611279 877823.0354915678 0.008592628093525833 
786833.8557993724 729159.6849113414 0.009927744905915874 
789968.6520376169 546659.5709915844 0.010620423156587752 
793103.4482758614 350410.32245767687 0.011241158808925972 
796238.244514106 153253.60294058267 0.012006720337498427 
799373.0407523505 -45227.81075749995 0.012518910044627489 
802507.836990595 -250231.6333326991 0.012167853174270602 
805642.6332288395 -457999.50514201506 0.010776021523572628 
808777.429467084 -651585.7025170599 0.00880571300941211 
811912.2257053285 -810889.1776463251 0.006911365755335417 
815047.021943573 -926694.5374923853 0.005306274420772619 
818181.8181818175 -1004233.3860820298 0.00360743295498518 
821316.614420062 -1052766.149071776 0.0013186176599987306 
824451.4106583066 -1072335.5660700588 -0.0015596485655865256 
827586.2068965511 -1051754.382397448 -0.0044379525702504 
830721.0031347956 -980011.1630655138 -0.006663770224214736 
833855.7993730401 -859109.0356060896 -0.008115680042690816 
836990.5956112846 -704791.2765128766 -0.009244868415247909 
840125.3918495291 -534289.533638296 -0.010523994254650806 
843260.1880877736 -353816.3026031671 -0.011886138692400466 
846394.9843260181 -158733.04106365232 -0.012746110725021305 
849529.7805642626 54050.30917889924 -0.01258322041832068 
852664.5768025072 274778.00700859865 -0.011473779952534286 
855799.3730407517 482839.80668886425 -0.010014168687858623 
858934.1692789962 660268.320911276 -0.008715615315503739 
862068.9655172407 802862.0771124868 -0.00750642102340561 
865203.7617554852 917543.4037472132 -0.005863287867157809 
868338.5579937297 1009010.6736588255 -0.0034311153752977644 
871473.3542319742 1069958.0842577284 -0.0004767072449131534 
874608.1504702187 1085328.8590314914 0.002303553183552141 
877742.9467084632 1046253.9904125753 0.004422863540479483 
880877.7429467078 959090.5220844974 0.006021400670565866 
884012.5391849523 840072.4630726171 0.00762697819871961 
887147.3354231968 701155.3236171516 0.009514557188461665 
890282.1316614413 541827.9559742139 0.011341478467199642 
893416.9278996858 355325.8186977749 0.01244460912409073 
896551.7241379303 142485.10134829752 0.012489036975582022 
899686.5203761748 -81591.77753190853 0.011788035065930055 
902821.3166144193 -295353.12886163394 0.0109594055002518 
905956.1128526638 -485182.1401412383 0.010280453762328157 
909090.9090909084 -651542.9120057186 0.009419681371213311 
912225.7053291529 -800748.9414794579 0.007826096292838567 
915360.5015673974 -931316.1239097783 0.005364876202421947 
918495.2978056419 -1029520.8252159966 0.002528820569607971 
921630.0940438864 -1079058.3757158525 8.964586660517668e-07 
924764.8902821309 -1074823.824213533 -0.0019749494870714476 
927899.6865203754 -1026455.5732645731 -0.00375660789045885 
931034.4827586199 -947994.0463002841 -0.0058330283214679006 
934169.2789968645 -844543.6117644269 -0.008218811820972366 
937304.075235109 -709905.8923782791 -0.0103542102722444 
940438.8714733535 -537549.0345050988 -0.011618591319852583 
943573.667711598 -333200.785406554 -0.011920098241002961 
946708.4639498425 -115604.82479346928 -0.01174402324330807 
949843.260188087 95608.9433529498 -0.011611266973109338 
952978.0564263315 292473.5729597252 -0.011517764183174146 
956112.852664576 478774.30591411307 -0.010944672592648919 
959247.6489028205 657912.7578989198 -0.009428005127649706 
962382.445141065 821626.9228348765 -0.007087592127459345 
965517.2413793096 951721.9967604196 -0.004557755243391824 
968652.0376175541 1033252.8015417787 -0.0023907769897493357 
971786.8338557986 1065522.5044173219 -0.0005578786765890652 
974921.6300940431 1059519.2807007066 0.0014309339987941328 
978056.4263322876 1024621.9718092242 0.0039180174950306694 
981191.2225705321 958624.4272239346 0.006644214432781485 
984326.0188087766 851567.3125758565 0.00893060606054641 
987460.8150470211 699281.5988076659 0.010307916912901253 
990595.6112852657 512282.27639623487 0.010934849576104848 
993730.4075235102 310440.47616998764 0.011370980086423425 
996865.2037617547 111227.08378795176 0.011835499924109252 
999999.9999999992 -182416.20754987633 0.016593955404230018 
