#x u 
0.0 160289982.58260554 7.2996007595310095 
3134.796238244514 -3459472.251997396 -0.20324175631462946 
6269.592476489028 705577.8940784277 -0.0075378370601783175 
9404.38871473354 646352.1301159991 -0.003922965875938313 
12539.184952978056 667000.9289683752 0.0046505620179854105 
15673.98119122257 659077.4488030984 0.01291685275473806 
18808.777429467085 625631.1050792811 0.020681982651027546 
21943.5736677116 567978.6789574756 0.027646747493035896 
25078.369905956115 488384.62265366793 0.03354342591105223 
28213.16614420063 389863.22532051796 0.03814107773181034 
31347.962382445145 276125.75024234055 0.04125739427708143 
34482.75862068966 151538.37283853083 0.04277039858522903 
37617.55485893417 20987.992333342634 0.04262475060557532 
40752.35109717868 -110378.36722111181 0.04083060417423738 
43887.14733542319 -237458.3853270919 0.037458365050352015 
47021.943573667704 -355420.5158957613 0.03263464983906927 
50156.739811912215 -459809.0769552882 0.026541136783880488 
53291.53605015673 -546607.08622045 0.01941255792496059 
56426.33228840124 -612369.767360834 0.011528622670123528 
59561.12852664575 -654449.9956447245 0.0031989735401962006 
62695.92476489026 -671213.0776801417 -0.005253940569820491 
65830.72100313478 -662113.7962376574 -0.01350796747497393 
68965.51724137929 -627614.4959538194 -0.021248988130232026 
72100.3134796238 -569052.6815987083 -0.028177814137163047 
75235.10971786831 -488584.55785938085 -0.03402154012888196 
78369.90595611282 -389215.5950100466 -0.038549320041003844 
81504.70219435733 -274799.9971931667 -0.041586596877209135 
84639.49843260185 -149886.21956047008 -0.04302160342564175 
87774.29467084636 -19416.117386128702 -0.04280395630862557 
90909.09090909087 111581.95112972803 -0.04094129649096512 
94043.88714733538 238170.85677627462 -0.037499759961522744 
97178.68338557989 355559.6754190227 -0.032607651554498254 
100313.4796238244 459174.2037342718 -0.026455743246143297 
103448.27586206891 544862.8925390857 -0.019288565466975056 
106583.07210031342 609204.133673052 -0.011388224586713631 
109717.86833855794 649751.0082414654 -0.003058340115344702 
112852.66457680245 665083.483416165 0.005385751567298322 
115987.46081504696 654706.0711050254 0.013621983096778586 
119122.25705329147 618958.2156002956 0.02132902455964452 
122257.05329153598 559057.9474303615 0.028201311985683236 
125391.84952978049 477222.0872801252 0.033968532385131374 
128526.645768025 376684.18083446176 0.03841082824859631 
131661.44200626953 261497.39090199408 0.04136399605498864 
134796.23824451404 136200.99455162362 0.042717733412236135 
137931.03448275855 5547.816413510132 0.0424154566767703 
141065.83072100306 -125591.37483846812 0.04046053138273184 
144200.62695924757 -252230.75376957815 0.03692464340045489 
147335.42319749208 -369373.43333590403 0.031949097537685725 
150470.2194357366 -472309.7634482096 0.02573453715889088 
153605.0156739811 -556992.7119880142 0.01852432675977407 
156739.81191222562 -620273.308027387 0.010591522427947152 
159874.60815047013 -659899.8347439063 0.0022339314547286226 
163009.40438871464 -674404.9399534217 -0.006228238001930578 
166144.20062695915 -663094.996450284 -0.014461670714694855 
169278.99686520366 -626217.5346797331 -0.022139278926260633 
172413.79310344817 -565157.10770662 -0.028962267587513683 
175548.58934169268 -482435.8662990205 -0.03467416929531179 
178683.3855799372 -381457.0280853757 -0.03906347371179237 
181818.1818181817 -266163.78463919985 -0.041962204091497785 
184952.97805642622 -140847.70990596857 -0.04325062029466822 
188087.77429467073 -10160.419460060628 -0.04286999057120044 
191222.57053291524 120854.31779356406 -0.04083457983488908 
194357.36677115975 246933.22701463645 -0.03723212457605759 
197492.16300940426 362993.31249839795 -0.03221144423951332 
200626.95924764877 464541.16413746786 -0.025966934534738834 
203761.75548589329 547850.6885790483 -0.018730868132417627 
206896.5517241378 609892.432580871 -0.01077425700629139 
210031.3479623823 648239.088018663 -0.0024060736811483095 
213166.14420062682 661175.440979297 0.006039434033257199 
216300.94043887133 647997.6125253576 0.014226344620801563 
219435.73667711584 609248.780848854 0.021839610246448954 
222570.53291536035 546660.4347019489 0.028595509645442864 
225705.32915360486 462834.8895237713 0.03424113601744342 
228840.12539184937 360941.4262507466 0.03855486133730866 
231974.9216300939 244654.60857399888 0.04135769699698237 
235109.7178683384 118279.5358035784 0.04253246992121863 
238244.5141065829 -13218.970193108376 0.042037322486593365 
241379.31034482742 -144493.76370323746 0.039903416191871544 
244514.10658307193 -270305.33936886664 0.03622074584787757 
247648.90282131644 -385910.19102560333 0.031126145246315233 
250783.69905956095 -487133.069738986 0.02480309172834364 
253918.49529780546 -570230.6651040493 0.017488260471012738 
257053.29153604998 -631863.015091989 0.00947031795324485 
260188.0877742945 -669360.719002489 0.0010724310251287992 
263322.884012539 -681139.0775011608 -0.007374481553970741 
266457.6802507835 -666917.8088745188 -0.015551808079788626 
269592.476489028 -627566.0561286311 -0.023157963275413893 
272727.27272727253 -564746.4612010504 -0.02990527635085704 
275862.06896551704 -480709.9467408345 -0.035524655593558496 
278996.86520376155 -378403.0247429617 -0.03978490278015665 
282131.66144200607 -261685.65254929656 -0.042516862450431896 
285266.4576802506 -135302.80936412854 -0.04362550221929391 
288401.2539184951 -4477.669766619405 -0.04308335035800355 
291536.0501567396 125629.43986623749 -0.04091601622269569 
294670.8463949841 250218.7177915846 -0.037196702034407614 
297805.6426332286 364783.8825566822 -0.032054951336386056 
300940.43887147313 464942.48157735623 -0.02568740539836701 
304075.23510971764 546532.4856613841 -0.01835353951854042 
307210.03134796215 606055.0808967404 -0.010352709924443242 
310344.82758620667 641156.1318963312 -0.0019967102944045273 
313479.6238244512 650762.2851026057 0.006404351153417781 
316614.4200626957 634811.6406947756 0.01453979558061031 
319749.2163009402 593910.572105331 0.0220945471321886 
322884.0125391847 529295.4077719133 0.02876063531035581 
326018.8087774292 443123.8277011302 0.03426465259278421 
329153.60501567373 338733.33028840664 0.038393999223924155 
332288.40125391824 220494.48138680754 0.04100429359458016 
335423.19749216276 93275.17266055138 0.0420081453195824 
338557.99373040727 -38082.67477051348 0.041363176425739015 
341692.7899686518 -168897.95045487623 0.039076061789715524 
344827.5862068963 -294438.3257218889 0.03522028734656051 
347962.3824451408 -409778.3873757105 0.029948199484009265 
351097.1786833853 -510079.09440280334 0.023481034806399115 
354231.9749216298 -591192.4716877028 0.016081224811309136 
357366.77115987433 -650132.6402475082 0.008028009403335565 
360501.56739811884 -685062.8765295194 -0.00038747561833769395 
363636.36363636336 -694924.572314952 -0.008853194047859402 
366771.15987460787 -679182.2449627811 -0.017034712063469713 
369905.9561128524 -638008.4717449722 -0.024595659269766555 
373040.7523510969 -572733.5496423913 -0.031231652986772412 
376175.5485893414 -486059.64830413286 -0.0366942409314576 
379310.3448275859 -381738.1606880013 -0.04079050590111234 
382445.1410658304 -263934.28240784025 -0.043368046931475994 
385579.93730407493 -136807.02281836106 -0.04430900576852216 
388714.73354231945 -4591.04702200531 -0.04354575465184081 
391849.52978056396 128074.26160213545 -0.04108611120972417 
394984.32601880847 256094.57445117857 -0.03702356932304698 
398119.122257053 374382.7795469897 -0.03152152557332352 
401253.9184952975 478509.1113774846 -0.024786157845674114 
404388.714733542 564979.7087702313 -0.017053505233901214 
407523.5109717865 630933.1489517409 -0.00860041860812091 
410658.307210031 673628.2287621935 0.00023759010171379449 
413793.10344827553 690310.5742793803 0.009068299566824294 
416927.89968652005 678664.3637581909 0.017473683650626064 
420062.69592476456 637474.2893539984 0.02505223205398717 
423197.49216300907 566949.4276294853 0.03144715210328567 
426332.2884012536 468572.3859898888 0.03635372344721739 
429467.0846394981 344884.59778995434 0.039524084790539996 
432601.8808777426 199693.36255426102 0.040791062288331244 
435736.6771159871 38670.64947058186 0.04010896131752328 
438871.4733542316 -130272.3318961513 0.03758242022054334 
442006.26959247614 -297476.46629336855 0.03345340938322576 
445141.06583072065 -452917.3588718512 0.028044968773433404 
448275.86206896516 -587815.6611849152 0.021692131095147216 
451410.65830720967 -695696.5945579007 0.014695909817150027 
454545.4545454542 -772646.4395028327 0.007312070907544517 
457680.2507836987 -817114.47528386 -0.00024137106966269726 
460815.0470219432 -829690.0904998023 -0.007778044038718251 
463949.8432601877 -812852.5919404016 -0.01513899966678533 
467084.6394984322 -770330.5543656417 -0.022174219727897973 
470219.43573667674 -705927.8819059186 -0.02870321937575437 
473354.23197492125 -622318.0861542425 -0.03447678075359061 
476489.02821316576 -520673.76894676726 -0.03917773833757855 
479623.82445141027 -401572.06037554244 -0.04247875099006262 
482758.6206896548 -266663.7890291181 -0.044131592803951 
485893.4169278993 -119958.2874630848 -0.044034394668408014 
489028.2131661438 32138.004048931973 -0.04223789781298956 
492163.0094043883 181928.33491134027 -0.03889730199774773 
495297.8056426328 321806.34252907336 -0.034212284155637186 
498432.60188087734 445103.5481021791 -0.02839435426587817 
501567.39811912185 546305.9094410664 -0.021666655401943454 
504702.19435736636 621116.0209170999 -0.014272857631882713 
507836.99059561087 666732.5341295237 -0.00647469065563833 
510971.7868338554 682165.8624696627 0.0014579245479308905 
514106.5830720999 668117.3874966422 0.009246239413106882 
517241.3793103444 626300.9691729589 0.016587758358502822 
520376.1755485889 558704.6314517707 0.023148808708815753 
523510.9717868334 467450.6978988769 0.028590965365567687 
526645.768025078 355352.8933865494 0.03263024036383898 
529780.5642633225 226525.497289413 0.035093606784594084 
532915.360501567 86270.35248207895 0.035932829264234085 
536050.1567398115 -59848.22357157781 0.03518940853787023 
539184.952978056 -206993.25285983935 0.03294566491969724 
542319.7492163006 -351240.58589541924 0.029304937435713836 
545454.5454545451 -488852.0409491493 0.024410293076215138 
548589.3416927896 -615427.6770769455 0.018469907149968864 
551724.1379310341 -725852.9510855973 0.011750444842057253 
554858.9341692786 -815167.1220483336 0.004534153552233561 
557993.7304075231 -879574.3183246175 -0.002925043026766363 
561128.5266457676 -916720.9185597543 -0.01040816973182344 
564263.3228840121 -925163.5154077073 -0.017699746833804788 
567398.1191222566 -903808.2189476269 -0.024556737027636437 
570532.9153605012 -852111.3683806979 -0.030716190287283538 
573667.7115987457 -770977.778222544 -0.035939778830508834 
576802.5078369902 -663473.7760965282 -0.0400548498014071 
579937.3040752347 -534565.7210287694 -0.04295504207087321 
583072.1003134792 -390028.4998748558 -0.0445657526745684 
586206.8965517237 -235479.7099791169 -0.04481668815828548 
589341.6927899682 -76329.66280903715 -0.043656194291441394 
592476.4890282127 81547.13218753276 -0.041097170110548475 
595611.2852664572 231394.52710610494 -0.03724889541809011 
598746.0815047018 366139.72798161895 -0.03230077050884954 
601880.8777429463 479637.96924208605 -0.026471532077377048 
605015.6739811908 567553.1381643134 -0.01997170984286451 
608150.4702194353 627166.3498497937 -0.01301187022059218 
611285.2664576798 656483.0103101468 -0.005839874624266398 
614420.0626959243 653709.3276564934 0.001241642185348375 
617554.8589341688 617750.7860311205 0.007907124696056249 
620689.6551724133 549272.3690759044 0.013867774067140341 
623824.4514106578 451214.15918889246 0.018907880023532875 
626959.2476489024 328163.50928017724 0.022869863531271923 
630094.0438871469 185130.5296299247 0.025612565721814314 
633228.8401253914 26863.919810915064 0.02699435867173025 
636363.6363636359 -141746.55809677334 0.02690557457066002 
639498.4326018804 -314799.6679547983 0.02532136612354905 
642633.2288401249 -485184.8485654852 0.022322229669320466 
645768.0250783694 -645519.4027690049 0.018060556846160303 
648902.8213166139 -789502.4731049963 0.01270577548062907 
652037.6175548584 -912517.594141193 0.006421352669447332 
655172.413793103 -1011077.0003865504 -0.0006078688077078998 
658307.2100313475 -1081888.1279341388 -0.008133845093282672 
661442.006269592 -1121695.3453538811 -0.01584183139867905 
664576.8025078365 -1128209.9251754908 -0.023399409825529315 
667711.598746081 -1101259.5698213452 -0.03051797856546205 
670846.3949843255 -1043003.5247275503 -0.03697346693559535 
673981.19122257 -956979.6226079087 -0.042575146183155874 
677115.9874608145 -846922.6842338782 -0.04712511408738181 
680250.783699059 -716493.3719525555 -0.050420139221494686 
683385.5799373036 -570067.5320513076 -0.05230219024723294 
686520.3761755481 -413587.89563899406 -0.05271134339206261 
689655.1724137926 -254376.77509891294 -0.051690047881023514 
692789.9686520371 -99866.73968383603 -0.04933628059966239 
695924.7648902816 43674.68685164294 -0.0457544749228077 
699059.5611285261 171342.4729608717 -0.04105354122991442 
702194.3573667706 278747.7538477813 -0.03539014336094066 
705329.1536050151 361240.2406752361 -0.029006062878292806 
708463.9498432596 414221.133612526 -0.022212748997579333 
711598.7460815042 434398.9464900725 -0.015329862281253217 
714733.5423197487 420814.42987467104 -0.008631767532602568 
717868.3385579932 374654.8517220791 -0.002347137380320428 
721003.1347962377 298094.911815292 0.003298865123254668 
724137.9310344822 193371.70072632917 0.008054746523537416 
727272.7272727267 63009.45671741926 0.011666675894864548 
730407.5235109712 -89139.06848643845 0.013940508637490473 
733542.3197492157 -257265.97122904618 0.014784846897345319 
736677.1159874602 -434232.2028004104 0.014196265624783617 
739811.9122257048 -613000.478460804 0.012206418004734144 
742946.7084639493 -787611.6608031265 0.008848530129784413 
746081.5047021938 -952931.1626810496 0.004178303292451335 
749216.3009404383 -1103683.4809000453 -0.0016748839218898347 
752351.0971786828 -1234031.0498080908 -0.00848432324782978 
755485.8934169273 -1338366.3248888333 -0.015960703513601817 
758620.6896551718 -1412691.0703401216 -0.02381658208562244 
761755.4858934163 -1455312.4339818815 -0.031802319711143126 
764890.2821316608 -1466265.6985089576 -0.03968627363689025 
768025.0783699054 -1446163.7178051532 -0.04721107854471402 
771159.8746081499 -1395721.8303101982 -0.05408290828065256 
774294.6708463944 -1316444.8854966688 -0.06001559780473093 
777429.4670846389 -1211695.8590268055 -0.06479335948598394 
780564.2633228834 -1086924.4984225535 -0.06829556922317542 
783699.0595611279 -948678.3409942659 -0.07046575820125683 
786833.8557993724 -803257.3406218988 -0.07126373348501955 
789968.6520376169 -656208.8658911873 -0.07065515108476789 
793103.4482758614 -512948.554194909 -0.06865113553089768 
796238.244514106 -379599.4240318055 -0.06535591214229858 
799373.0407523505 -262919.00249528745 -0.0609702896433919 
802507.836990595 -169156.38201859713 -0.05574348298762218 
805642.6332288395 -102817.98294963749 -0.049917978373538924 
808777.429467084 -66429.30157982514 -0.04371722320810748 
811912.2257053285 -61356.852798345324 -0.03737913793645236 
815047.021943573 -88683.68448900583 -0.031189469461362432 
818181.8181818175 -149134.29783913988 -0.025469219585549416 
821316.614420062 -242102.20928755478 -0.02051894174112106 
824451.4106583066 -364821.0748618702 -0.01656804980196695 
827586.2068965511 -512601.9748259725 -0.013771919778745503 
830721.0031347956 -679974.1346720224 -0.012249858174623672 
833855.7993730401 -861665.9262281711 -0.012115758079824877 
836990.5956112846 -1052587.3051780828 -0.013463545713677933 
840125.3918495291 -1247067.4071695292 -0.01631957911348872 
843260.1880877736 -1438397.9498055473 -0.020610647600721524 
846394.9843260181 -1619402.3356889584 -0.026180998502287705 
849529.7805642626 -1783661.3121040761 -0.032841820723303584 
852664.5768025072 -1926338.8490759518 -0.04040502403398296 
855799.3730407517 -2043980.7415505957 -0.048672708821372236 
858934.1692789962 -2133727.8316511917 -0.05740263202982747 
862068.9655172407 -2192956.0675529586 -0.06629600782849018 
865203.7617554852 -2219839.401817394 -0.07503021238480219 
868338.5579937297 -2214301.566288868 -0.08331165016800322 
871473.3542319742 -2178380.626998157 -0.0909036824597225 
874608.1504702187 -2115629.00277152 -0.0976118889449787 
877742.9467084632 -2030151.7874963419 -0.10325380163703661 
880877.7429467078 -1926201.7751465773 -0.10765467423554269 
884012.5391849523 -1808587.406248468 -0.11068047716271702 
887147.3354231968 -1683243.1790018035 -0.11227775000318499 
890282.1316614413 -1557132.948864069 -0.11248175544668912 
893416.9278996858 -1437373.9851426885 -0.11138730816427686 
896551.7241379303 -1330291.2723499842 -0.1091143753222304 
899686.5203761748 -1241157.0389243113 -0.10580270935487372 
902821.3166144193 -1174616.6924892429 -0.10163531290063053 
905956.1128526638 -1135083.9044132682 -0.09685770606067494 
909090.9090909084 -1126475.2433069309 -0.0917640917712073 
912225.7053291529 -1151426.251086109 -0.08665698798166642 
915360.5015673974 -1210727.9203463278 -0.08181437031087738 
918495.2978056419 -1303501.3055768115 -0.07748832858731369 
921630.0940438864 -1427853.429215103 -0.07392382581523871 
924764.8902821309 -1581291.3687238176 -0.07136485088671442 
927899.6865203754 -1760514.2947600132 -0.07003103222618698 
931034.4827586199 -1960953.3840373503 -0.07008220455275983 
934169.2789968645 -2176744.2244976307 -0.07160286475300225 
937304.075235109 -2401353.166853384 -0.0746172199929409 
940438.8714733535 -2628368.8795861076 -0.07911295353053285 
943573.667711598 -2851813.7316202153 -0.08504460971261248 
946708.4639498425 -3065897.0031316406 -0.0923134438763274 
949843.260188087 -3264774.910069154 -0.10074997656859734 
952978.0564263315 -3442867.4123516944 -0.1101247107171864 
956112.852664576 -3595622.2948484337 -0.12018213914666116 
959247.6489028205 -3720064.9647846958 -0.13066775749707135 
962382.445141065 -3814668.7583934977 -0.14132668845694368 
965517.2413793096 -3878817.956948342 -0.15188621765969645 
968652.0376175541 -3912575.857541746 -0.16205461704433313 
971786.8338557986 -3917091.040448404 -0.17155116054083697 
974921.6300940431 -3895184.689519634 -0.1801459370800027 
978056.4263322876 -3851364.747801176 -0.18767439078123271 
981191.2225705321 -3791085.0666666445 -0.19401771592760528 
984326.0188087766 -3719895.555679881 -0.19907816327533162 
987460.8150470211 -3643265.4402256035 -0.20278455239087165 
990595.6112852657 -3567100.676494276 -0.2051285537276189 
993730.4075235102 -3498184.5906833755 -0.20619214788870313 
996865.2037617547 -3442716.6577013354 -0.2061800400544136 
999999.9999999992 -3422181.247346839 -0.20459262374365955 
