#x u 
0.0 55299.82312194872 0.05166911106531887 
3134.796238244514 26105.62089991242 0.04755850164015081 
6269.592476489028 47409.409712096036 0.043969792687569065 
9404.38871473354 64110.790741127785 0.03855384437319426 
12539.184952978056 78388.68064406459 0.031649571785290126 
15673.98119122257 89634.8378840579 0.02352139073306851 
18808.777429467085 97414.82381154169 0.014483638383871726 
21943.5736677116 101427.78030823774 0.004885804090543258 
25078.369905956115 101518.52731233748 -0.004900964113546138 
28213.16614420063 97683.5555937218 -0.014498212167210757 
31347.962382445145 90071.16340698907 -0.023534814746218873 
34482.75862068966 78975.72175328233 -0.031661326671831726 
37617.55485893417 64826.29106300001 -0.038563495946404215 
40752.35109717868 48170.02944046579 -0.04397441586968519 
43887.14733542319 29651.034074788688 -0.047684846313740654 
47021.943573667704 9985.434018913842 -0.049551305033076525 
50156.739811912215 -10066.30250252287 -0.04950161611917103 
53291.53605015673 -29728.775383201813 -0.04753770104072377 
56426.33228840124 -48241.63732768693 -0.04373550434091128 
59561.12852664575 -64888.9963576118 -0.03824205686867848 
62695.92476489026 -79027.09924889723 -0.03126979010372133 
65830.72100313478 -90109.22689288284 -0.023088321370814614 
68965.51724137929 -97706.84005855586 -0.014014027554932333 
72100.3134796238 -101526.13994257266 -0.004397811322143363 
75235.10971786831 -101419.35866246806 0.005388465036385742 
78369.90595611282 -97390.47150128873 0.014966359420476307 
81504.70219435733 -89595.76764815967 0.023965517474588086 
84639.49843260185 -78339.0348664177 0.032038050486333965 
87774.29467084636 -64055.51047362332 0.038871791060116095 
90909.09090909087 -47278.431260176934 0.04420160282338237 
94043.88714733538 -28623.855652478698 0.047819882710976945 
97178.68338557989 -8884.754651826705 0.049589993875258184 
100313.4796238244 10857.176365055937 0.04945808020376247 
103448.27586206891 29696.257830286355 0.0474357636524562 
106583.07210031342 48205.579624705206 0.043541584916592053 
109717.86833855794 68376.92774984837 0.03780202426047061 
112852.66457680245 88952.95265778506 0.030460909789946766 
115987.46081504696 100009.95218001152 0.0222205302473511 
119122.25705329147 88785.03228963134 0.013964963918930573 
122257.05329153598 56532.35424165038 0.005975862092545087 
125391.84952978049 22635.35315066148 -0.0022691601959226133 
128526.645768025 4241.4488665636745 -0.011177182982778915 
131661.44200626953 -30.902908330317587 -0.02030780241855504 
134796.23824451404 -27.61525321265799 -0.028849050494740174 
137931.03448275855 -23.259716995991766 -0.03627470656403221 
141065.83072100306 -18.004728149142466 -0.04229762070590428 
144200.62695924757 -12.053496947977692 -0.04668488699244377 
147335.42319749208 -5.636157344997628 -0.04926684995432188 
150470.2194357366 0.9991323119020308 -0.04994366515323059 
153605.0156739811 7.595785548255662 -0.04868916016362746 
156739.81191222562 13.898709961838904 -0.04555184665972733 
159874.60815047013 19.66417163539154 -0.040653044470364975 
163009.40438871464 24.669220320356544 -0.03418219014447638 
166144.20062695915 28.72031091892859 -0.026389511444845196 
169278.99686520366 31.660787866654573 -0.017576351047244393 
172413.79310344817 33.37694299855502 -0.00808351362726715 
175548.58934169268 33.80241264187498 0.0017219130473143337 
178683.3855799372 32.92074389781919 0.01146075339065764 
181818.1818181817 30.766030872124247 0.020756406708558953 
184952.97805642622 27.42159626018838 0.029249410337171107 
188087.77429467073 23.0167692588293 0.03661134005454887 
191222.57053291524 17.721884408412734 0.04255751023648028 
194357.36677115975 11.741694764830754 0.04685798264192002 
197492.16300940426 5.307454099864117 0.04934645811858759 
200626.95924764877 -1.332025672348209 0.049926707386714356 
203761.75548589329 -7.919996047654422 0.04857629222270441 
206896.5517241378 -14.201700388031895 0.04534743314463797 
210031.3479623823 -19.934225357312243 0.04036499004624124 
213166.14420062682 -24.895894367364235 0.03382163386815349 
216300.94043887133 -28.89483981169178 0.025970396017833335 
219435.73667711584 -31.776422577357152 0.01711488365183631 
222570.53291536035 -33.42921193613438 0.007597539195234605 
225705.32915360486 -33.789294568792684 -0.002213601897752307 
228840.12539184937 -32.84274608915439 -0.011939143064875962 
231974.9216300939 -30.62616950177471 -0.021202997890719243 
235109.7178683384 -27.22527976272977 -0.029646933358267843 
238244.5141065829 -22.77158918706118 -0.03694442271004543 
241379.31034482742 -17.437321869976586 -0.04281327222904509 
244514.10658307193 -11.428753785221488 -0.04702653366217799 
247648.90282131644 -4.978236099086644 -0.0494212803031176 
250783.69905956095 1.6647898432274815 -0.0499049073636525 
253918.49529780546 8.24343840770598 -0.04845871299835633 
257053.29153604998 14.503313429580885 -0.04513862150444755 
260188.0877742945 20.202345711368253 -0.0400730207307198 
263322.884012539 25.120153827767354 -0.0334577973228813 
266457.6802507835 29.06656627112534 -0.025548761792232685 
269592.476489028 31.888975378940813 -0.01665175633007356 
272727.27272727253 33.47823866645922 -0.007110827898389017 
275862.06896551704 33.772899364237674 0.0027050760569191108 
278996.86520376155 32.76156295189867 0.012416374793844505 
282131.66144200607 30.483337780693546 0.021647532651362874 
285266.4576802506 27.026322757214075 0.030041581003345832 
288401.2539184951 22.52420055985567 0.037273922225734536 
291536.0501567396 17.151068132792716 0.043064881877933746 
294670.8463949841 11.114704362073098 0.047190523705909315 
297805.6426332286 4.648535272670415 0.049491309251110116 
300940.43887147313 -1.9973925510475965 0.04987826719837038 
304075.23510971764 -8.566081259035855 0.0483364338942747 
307210.03134796215 -14.803519834327744 0.04492543199123324 
310344.82758620667 -20.4685066955426 0.03977716484111619 
313479.6238244512 -25.341976953903213 0.033090715796183924 
316614.4200626957 -29.23547364465776 0.025124649661208292 
319749.2163009402 -31.998435355752008 0.01618701399942468 
322884.0125391847 -33.52401843116968 0.006623426941545136 
326018.8087774292 -33.75322861602763 -0.003196287858062859 
329153.60501567373 -32.67720235820161 -0.012892402292146358 
332288.40125391824 -30.337549563322682 -0.022089967876263706 
335423.19749216276 -26.824744543322595 -0.030433314996595625 
338557.99373040727 -22.274627372215036 -0.03759980664434788 
341692.7899686518 -16.863150960663916 -0.04331231478020575 
344827.5862068963 -10.799576953679207 -0.04734993686816242 
347962.3824451408 -4.318383597175853 -0.04955653817064656 
351097.1786833853 2.3298015372147347 -0.0498467894746257 
354231.9749216298 8.887893309067294 -0.04820946676997967 
357366.77115987433 15.102290485578123 -0.04470788528167025 
360501.56739811884 20.732682494824985 -0.03947745107169433 
363636.36363636336 25.56134222977562 -0.03272042489030759 
366771.15987460787 29.40154554718174 -0.024698100758250713 
369905.9561128524 32.10479188943282 -0.015720701733993522 
373040.7523510969 33.56654679265921 -0.00613538359640567 
376175.5485893414 33.730284234450664 0.003687189659877386 
379310.3448275859 32.589672491827514 0.013367179391159905 
382445.1410658304 30.188818990485743 0.022530260654823938 
385579.93730407493 26.62056467004004 0.030822097344794904 
388714.73354231945 22.02289382921299 0.037922044359235525 
391849.52978056396 16.573598276256234 0.04355554693801184 
394984.32601880847 10.483402123965789 0.047504757687885105 
398119.122257053 3.9878130934230285 0.04961696073535021 
401253.9184952975 -2.6619845623044966 0.04981047724535792 
404388.714733542 -9.208843347340007 0.04807782393966983 
407523.5109717865 -15.399596407019999 0.04448600247502661 
410658.307210031 -20.99484748809482 0.03917390849088344 
413793.10344827553 -25.77822838074644 0.03234696051876725 
416927.89968652005 -29.5647658756061 0.024269156453186166 
420062.69592476456 -32.20803466884536 0.015252864760147493 
423197.49216300907 -33.60581962764263 0.005646745196976843 
426332.2884012536 -33.704068445716985 -0.00417773385112239 
429467.0846394981 -32.49898184306221 -0.013840660043536181 
432601.8808777426 -30.03716048633214 -0.02296836828423579 
435736.6771159871 -26.413802940631285 -0.031207890340993492 
438871.4733542316 -21.769024345092475 -0.03824060411743162 
442006.26959247614 -16.282438163863844 -0.04379455476092194 
445141.06583072065 -10.166210537419829 -0.0476549711494241 
448275.86206896516 -3.656855823021033 -0.049672571084999576 
451410.65830720967 2.993909408527543 -0.04976933403239209 
454545.4545454542 9.528900243247335 -0.04794151817102783 
457680.2507836987 15.695408762185252 -0.04425980509111665 
460815.0470219432 21.254976245967555 -0.03886656653845899 
463949.8432601877 25.992614369868534 -0.031970358902864274 
467084.6394984322 29.725118795700837 -0.02383785834816495 
470219.43573667674 32.30815367662581 -0.01478354845213176 
473354.23197492125 33.64183312378009 -0.00515755913497783 
476489.02821316576 33.67458378805895 0.004667872855241157 
479623.82445141027 32.405139202979626 0.014312798327665032 
482758.6206896548 29.882588755863253 0.023404248273623026 
485893.4169278993 26.20447940583108 0.031590656568170124 
489028.2131661438 21.513043541446677 0.0385554550226852 
492163.0094043883 15.989698861842044 0.04402931506821254 
495297.8056426328 9.848032957459509 0.04780056268398136 
498432.60188087734 3.325543883456703 0.049723363826097086 
501567.39811912185 -3.3255438831693027 0.04972336382609737 
504702.19435736636 -9.848032957248506 0.0478005626839822 
507836.99059561087 -15.989698862409568 0.04402931506821389 
510971.7868338554 -21.513043541737716 0.03855545502268701 
514106.5830720999 -26.20447940606391 0.03159065656817232 
517241.3793103444 -29.882588756387122 0.023404248273625455 
520376.1755485889 -32.40513920268859 0.014312798327667629 
523510.9717868334 -33.674583787535084 0.0046678728552438835 
526645.768025078 -33.641833122848766 -0.005157559134975056 
529780.5642633225 -32.30815367595642 -0.014783548452129031 
532915.360501567 -29.72511879503145 -0.023837858348162416 
536050.1567398115 -25.99261436983943 -0.03197035890286209 
539184.952978056 -21.254976246040314 -0.038866566538457215 
542319.7492163006 -15.695408762796433 -0.04425980509111536 
545454.5454545451 -9.528900243829412 -0.047941518171027084 
548589.3416927896 -2.993909408363834 -0.04976933403239183 
551724.1379310341 3.656855822850048 -0.04967257108499989 
554858.9341692786 10.166210537856387 -0.04765497114942499 
557993.7304075231 16.282438164620544 -0.04379455476092331 
561128.5266457676 21.769024345325306 -0.03824060411743339 
564263.3228840121 26.413802940194728 -0.0312078903409956 
567398.1191222566 30.037160485167988 -0.022968368284238233 
570532.9153605012 32.49898184198537 -0.013840660043538866 
573667.7115987457 33.70406844487297 -0.004177733851125223 
576802.5078369902 33.605819627438905 0.005646745196974011 
579937.3040752347 32.20803466896177 0.015252864760144796 
583072.1003134792 29.564765876042657 0.024269156453183748 
586206.8965517237 25.778228380862856 0.03234696051876519 
589341.6927899682 20.994847487687366 0.03917390849088173 
592476.4890282127 15.39959640656889 0.044486002475025335 
595611.2852664572 9.208843346721551 0.048077823939669063 
598746.0815047018 2.6619845623499714 0.049810477245357684 
601880.8777429463 -3.9878130938013783 0.049616960735350525 
605015.6739811908 -10.483402124584245 0.047504757687885965 
608150.4702194353 -16.57359827698383 0.043555546938013244 
611285.2664576798 -22.02289382991148 0.0379220443592374 
614420.0626959243 -26.620564671000466 0.03082209734479719 
617554.8589341688 -30.18881899182452 0.022530260654826502 
620689.6551724133 -32.58967249424313 0.013367179391162647 
623824.4514106578 -33.730284237186424 0.003687189659880213 
626959.2476489024 -33.56654679522035 -0.006135383596402844 
630094.0438871469 -32.10479189152829 -0.01572070173399081 
633228.8401253914 -29.4015455484041 -0.024698100758248208 
636363.6363636359 -25.56134223015397 -0.032720424890305425 
639498.4326018804 -20.732682494883193 -0.039477451071692586 
642633.2288401249 -15.102290486043785 -0.04470788528166897 
645768.0250783694 -8.887893309300125 -0.04820946676997893 
648902.8213166139 -2.3298015377204138 -0.049846789474625515 
652037.6175548584 4.3183835968520725 -0.04955653817064692 
655172.413793103 10.799576953701035 -0.04734993686816327 
658307.2100313475 16.863150959688937 -0.0433123147802071 
661442.006269592 22.274627372506075 -0.037599806644349705 
664576.8025078365 26.824744543468114 -0.030433314996597825 
667711.598746081 30.337549564254005 -0.022089967876266218 
670846.3949843255 32.67720235916204 -0.012892402292149076 
673981.19122257 33.75322861626046 -0.0031962878580656605 
677115.9874608145 33.524018430674914 0.006623426941542383 
680250.783699059 31.998435354413232 0.01618701399942207 
683385.5799373036 29.235473643813748 0.025124649661205894 
686520.3761755481 25.341976953786798 0.03309071579618185 
689655.1724137926 20.468506696124678 0.039777164841114515 
692789.9686520371 14.803519834327744 0.044925431991232 
695924.7648902816 8.56608125922503 0.048336433894273986 
699059.5611285261 1.9973925513550057 0.04987826719837021 
702194.3573667706 -4.648535272153822 0.04949130925111048 
705329.1536050151 -11.114704362218617 0.04719052370591023 
708463.9498432596 -17.151068133141962 0.04306488187793517 
711598.7460815042 -22.524200560699683 0.037273922225736424 
714733.5423197487 -27.026322758116294 0.030041581003348104 
717868.3385579932 -30.483337780984584 0.021647532651365424 
721003.1347962377 -32.76156295070541 0.0124163747938472 
724137.9310344822 -33.772899362724274 0.002705076056921885 
727272.7272727267 -33.47823866494582 -0.007110827898386282 
730407.5235109712 -31.888975378795294 -0.01665175633007094 
733542.3197492157 -29.066566272085765 -0.025548761792230288 
736677.1159874602 -25.120153828669572 -0.03345779732287922 
739811.9122257048 -20.20234571180481 -0.0400730207307181 
742946.7084639493 -14.503313429609989 -0.04513862150444633 
746081.5047021938 -8.243438406745554 -0.048458712998355614 
749216.3009404383 -1.6647898434475792 -0.04990490736365234 
752351.0971786828 4.978236098835623 -0.049421280303118 
755485.8934169273 11.428753785410663 -0.04702653366217893 
758620.6896551718 17.437321870253072 -0.04281327222904656 
761755.4858934163 22.77158918607165 -0.03694442271004731 
764890.2821316608 27.225279761798447 -0.0296469333582701 
768025.0783699054 30.62616949970834 -0.021202997890721782 
771159.8746081499 32.84274608833948 -0.0119391430648787 
774294.6708463944 33.78929456882179 -0.0022136018977551397 
777429.4670846389 33.42921193712391 0.0075975391952317955 
780564.2633228834 31.776422577677295 0.017114883651833643 
783699.0595611279 28.89483981137164 0.025970396017830927 
786833.8557993724 24.895894366287393 0.033821633868151395 
789968.6520376169 19.934225355900708 0.04036499004623957 
793103.4482758614 14.20170038798824 0.04534743314463678 
796238.244514106 7.919996047385212 0.04857629222270376 
799373.0407523505 1.3320256723091006 0.049926707386714266 
802507.836990595 -5.307454099816823 0.04934645811858811 
805642.6332288395 -11.741694763637497 0.04685798264192102 
808777.429467084 -17.72188440710306 0.042557510236481744 
811912.2257053285 -23.01676925717038 0.03661134005455077 
815047.021943573 -27.421596259140642 0.029249410337173418 
818181.8181818175 -30.766030872095143 0.020756406708561572 
821316.614420062 -32.920743897993816 0.011460753390660449 
824451.4106583066 -33.80241264242795 0.0017219130473171789 
827586.2068965511 -33.37694299797295 -0.00808351362726435 
830721.0031347956 -31.66078786549042 -0.017576351047241756 
833855.7993730401 -28.7203109182592 -0.026389511444842827 
836990.5956112846 -24.669220320036402 -0.03418219014447436 
840125.3918495291 -19.664171635347884 -0.04065304447036336 
843260.1880877736 -13.89870996226091 -0.04555184665972616 
846394.9843260181 -7.595785548503045 -0.04868916016362681 
849529.7805642626 -0.9991323112435566 -0.049943665153230496 
852664.5768025072 5.6361573448593845 -0.049266849954322296 
855799.3730407517 12.053496948399697 -0.046684886992444746 
858934.1692789962 18.004728148589493 -0.04229762070590579 
862068.9655172407 23.25971699555521 -0.036274706564034184 
865203.7617554852 27.6152532112028 -0.028849050494742522 
868338.5579937297 30.902908327698242 -0.02030780241855766 
871473.3542319742 -76.60559004559764 -0.010986276035937407 
874608.1504702187 3947.5439771075617 -0.0010506606289555933 
877742.9467084632 26803.35926295584 0.009795781732241864 
880877.7429467078 80000.54459303844 0.021701711021915007 
884012.5391849523 141644.12669101564 0.03329740381178887 
887147.3354231968 158885.0859123249 0.04182124200749081 
890282.1316614413 102329.28995606775 0.04562680917213363 
893416.9278996858 10429.46494334731 0.04622928205027874 
896551.7241379303 -40851.99417495571 0.04692441006146536 
899686.5203761748 -16870.93859624536 0.049182423015633414 
902821.3166144193 37291.66996283736 0.05089210228876394 
905956.1128526638 43870.56147047541 0.048518757041629376 
909090.9090909084 -24794.238696444838 0.04089795549290698 
912225.7053291529 -116115.96955371046 0.03061314004332317 
915360.5015673974 -151794.71906929283 0.021489242424973607 
918495.2978056419 -109496.53104253524 0.014839579147567488 
921630.0940438864 -45721.02321321648 0.008406453872943595 
924764.8902821309 -35888.44120946192 -0.0009054123345146724 
927899.6865203754 -94718.51794456466 -0.013393220268963276 
931034.4827586199 -160627.82981955213 -0.025855501487088837 
934169.2789968645 -160508.05796281624 -0.03457604791935308 
937304.075235109 -86733.96743971475 -0.03886790053576563 
940438.8714733535 -5435.376300557793 -0.04146556622582234 
943573.667711598 12626.577402757743 -0.04536801771548867 
946708.4639498425 -34121.12212795088 -0.05046443517712892 
949843.260188087 -77129.31688167989 -0.05349846506872815 
952978.0564263315 -50583.555233427585 -0.05141223060796457 
956112.852664576 38616.03993855161 -0.04455563884911773 
959247.6489028205 117344.38691839486 -0.036387611327986 
962382.445141065 122367.22114474361 -0.029982970939355424 
965517.2413793096 66052.06386011027 -0.0250135827062639 
968652.0376175541 22634.63200418708 -0.01836863732607727 
971786.8338557986 49558.814114819135 -0.007748956701674527 
974921.6300940431 126645.8297768835 0.0055575712738756555 
978056.4263322876 177043.9967852011 0.01765031723505163 
981191.2225705321 147892.17302341652 0.025727953396317744 
984326.0188087766 65867.5697549829 0.030649267715789186 
987460.8150470211 9242.979231267498 0.035666404366995925 
990595.6112852657 25877.56652107311 0.04267884515389003 
993730.4075235102 83413.80208206172 0.04995855133838463 
996865.2037617547 103053.53417139639 0.0537904616607182 
999999.9999999992 55299.82312186272 0.05166911106531494 
