#x u 
0.0 115102.84310753165 -0.018109491373442296 
3134.796238244514 288308.0712757031 -0.018370329827789 
6269.592476489028 472297.43097528146 -0.016915429409609023 
9404.38871473354 637293.090877496 -0.014839869994758705 
12539.184952978056 777708.833012533 -0.01218751093206866 
15673.98119122257 888048.1946298217 -0.009063971199197374 
18808.777429467085 964046.7989638718 -0.005589925994577529 
21943.5736677116 1002765.7395921528 -0.0018997184980361652 
25078.369905956115 1002707.7560097289 0.0018639510606310657 
28213.16614420063 963875.0904674218 0.005555541681834263 
31347.962382445145 887769.4011110625 0.009032299654847096 
34482.75862068966 777333.6929255521 0.012159778841244513 
37617.55485893417 636838.5115549137 0.014817039715158416 
40752.35109717868 471716.80052743194 0.016901326132270154 
43887.14733542319 288353.8118971331 0.018332038796146394 
47021.943573667704 93840.21074428421 0.019053851021255272 
50156.739811912215 -104302.10772446879 0.019038847621812294 
53291.53605015673 -298411.17401698255 0.018287617425473905 
56426.33228840124 -480981.95358416875 0.016829263555794796 
59561.12852664575 -644954.6225590252 0.0147201889183633 
62695.92476489026 -783976.7391239561 0.012041418595416565 
65830.72100313478 -892649.0774641074 0.008895475097193356 
68965.51724137929 -966824.8771366791 0.005406560366522048 
72100.3134796238 -1003905.911838263 0.0017219736983121272 
75235.10971786831 -1002548.3230921808 -0.0020116737047261805 
78369.90595611282 -961389.1572626543 -0.005714882879154003 
81504.70219435733 -879291.2506505789 -0.00936953224236084 
84639.49843260185 -761166.1458929605 -0.012754684776872395 
87774.29467084636 -623744.9757141721 -0.015181901544361047 
90909.09090909087 -484921.156770552 -0.015980713622136194 
94043.88714733538 -341750.39730284945 -0.015501261887570516 
97178.68338557989 -174517.09981745516 -0.014919581311682365 
100313.4796238244 20518.537472031538 -0.014726017797434383 
103448.27586206891 223956.69173796286 -0.01438452184894359 
106583.07210031342 418734.4467564859 -0.013486776827347745 
109717.86833855794 597319.7519785233 -0.012067498508491963 
112852.66457680245 752806.7184532213 -0.010181570346802615 
115987.46081504696 879182.6693679802 -0.0079019211335804 
119122.25705329147 971560.6500991212 -0.0053167048426018965 
122257.05329153598 1026368.4066157739 -0.002525891718323875 
125391.84952978049 1041486.5244471974 0.0003625975707816409 
128526.645768025 1016330.3863833707 0.003237065221575109 
131661.44200626953 951872.7796067827 0.005986355647293516 
134796.23824451404 850606.2780382484 0.008504153861101638 
137931.03448275855 716446.8545704095 0.010693096673773963 
141065.83072100306 554582.4505012789 0.012468537725604181 
144200.62695924757 371272.357983746 0.013761820758858888 
147335.42319749208 173605.1733663351 0.014522934553417926 
150470.2194357366 -30775.318636984157 0.0147224468593117 
153605.0156739811 -233965.7298961466 0.014352642541036116 
156739.81191222562 -428108.6926714623 0.013427821921635058 
159874.60815047013 -605696.7038128298 0.011983747789592668 
163009.40438871464 -759862.4397046771 0.010076262452764533 
166144.20062695915 -884644.3154855169 0.0077791283178343254 
169278.99686520366 -975217.0193742353 0.005181175500030863 
172413.79310344817 -1028078.1073469162 0.002382866764960774 
175548.58934169268 -1041183.4425530675 -0.0005075873638361045 
178683.3855799372 -1014026.2420326632 -0.0033784131029222335 
181818.1818181817 -947656.673999583 -0.006118595698162408 
184952.97805642622 -844641.2478650173 -0.008622172362281078 
188087.77429467073 -708963.5673875493 -0.010792329852996793 
191222.57053291524 -545870.2848229283 -0.01254514823849821 
194357.36677115975 -361668.21302241966 -0.01381284607895049 
197492.16300940426 -163480.44114943687 -0.014546401532951229 
200626.95924764877 41029.11498687673 -0.014717448030819197 
203761.75548589329 243952.07634990208 -0.014319371209081208 
206896.5517241378 437441.41748024325 -0.01336756468772975 
210031.3479623823 614014.9107592334 -0.011898834799351804 
213166.14420062682 766844.46394976 -0.00996997728923743 
216300.94043887133 890020.1623394656 -0.007655581025436605 
219435.73667711584 978778.8049837613 -0.005045143649237428 
222570.53291536035 1029688.0975582728 -0.002239610703783988 
225705.32915360486 1040779.379088073 0.000652527927362632 
228840.12539184937 1011623.7500146457 0.00351943332110433 
231974.9216300939 943348.657730277 0.0062502423229549645 
235109.7178683384 838594.2982177155 0.008739354622243246 
238244.5141065829 701411.5197425131 0.010890516313286847 
241379.31034482742 537105.1766595201 0.012620542031336906 
244514.10658307193 352028.99083762936 0.013862531728396094 
247648.90282131644 153339.85340595478 0.014568457696275692 
250783.69905956095 -51278.93203368511 0.01471102179677985 
253918.49529780546 -253914.76255045095 0.014284711079975533 
257053.29153604998 -446731.71602705 0.013306010969818243 
260188.0877742945 -622273.5660573053 0.011812767773250965 
263322.884012539 -773752.1140207917 0.009862725164532292 
266457.6802507835 -895309.6885409532 0.007531291238905569 
269592.476489028 -982245.6614797262 0.004908622483583544 
272727.27272727253 -1031198.2211012392 0.002096137428812075 
275862.06896551704 -1040274.3732412423 -0.000797405203967325 
278996.86520376155 -1009123.1433405337 -0.003660112198951195 
282131.66144200607 -938949.1486217316 -0.006381282753620475 
285266.4576802506 -832466.0155736635 -0.00885568927579716 
288401.2539184951 -693791.4440880133 -0.01098764653180443 
291536.0501567396 -528287.9761152312 -0.012694711791879894 
294670.8463949841 -342355.62631150853 -0.013910872888318677 
297805.6426332286 -143184.3936441145 -0.01458910090422349 
300940.43887147313 61523.775675331926 -0.014703168780456608 
304075.23510971764 263852.82224376034 -0.014248665515311313 
307210.03134796215 455978.68727091054 -0.013243166737829415 
310344.82758620667 630471.8687223644 -0.01172555505869868 
313479.6238244512 780584.7199634404 -0.009754516480743193 
316614.4200626957 900512.3810731147 -0.0074062710127720454 
319749.2163009402 985617.252621081 -0.004771625243888425 
322884.0125391847 1032608.3315130121 -0.001952460855130576 
326018.8087774292 1039668.4739917262 0.0009422051423943235 
329153.60501567373 1006524.6645374158 0.0038004360923983246 
332288.40125391824 934458.573370456 0.006511704280901371 
335423.19749216276 826256.9942984474 0.008971165039958864 
338557.99373040727 686104.0794746117 0.011083711088151907 
341692.7899686518 519419.53834653384 0.012767650326602306 
344827.5862068963 332649.0576375624 0.013957864870239596 
347962.3824451408 133015.04681453592 0.01460832915466565 
351097.1786833853 -71762.65229209099 0.014693889743492432 
354231.9749216298 -273765.2915642494 0.014211238011050724 
357366.77115987433 -465181.4343730492 0.013179038086855745 
360501.56739811884 -638609.0236231707 0.011637205114220697 
363636.36363636336 -787341.6191017048 0.009645361732738094 
366771.15987460787 -905627.7353408516 0.007280532472410118 
369905.9561128524 -988893.2514063055 0.004634165217144418 
373040.7523510969 -1033918.2920307894 0.0018085949175424495 
376175.5485893414 -1038961.7401040583 -0.0010869136988885372 
379310.3448275859 -1003828.5656247347 -0.003940391391810136 
382445.1410658304 -929877.3675052181 -0.006641494255565894 
385579.93730407493 -819967.8365882754 -0.009085770715045804 
388714.73354231945 -678350.1714790452 -0.011178700665287339 
391849.52978056396 -510500.72347926296 -0.012839350561392637 
394984.32601880847 -322910.22622968134 -0.01400350311653347 
398119.122257053 -122832.79921471415 -0.014626140582706093 
401253.9184952975 81994.56884296553 -0.014683185585836056 
404388.714733542 283651.20912828686 -0.014172432197186276 
407523.5109717865 474339.0647838758 -0.013113631236561854 
410658.307210031 646684.2415590436 -0.011547726508639439 
413793.10344827553 794022.1561021829 -0.00953527150714131 
416927.89968652005 910655.255219763 -0.007154087812861383 
420062.69592476456 992073.3401051209 -0.004496255735228417 
423197.49216300907 1035127.9756050366 -0.0016645535692165416 
426332.2884012536 1038154.240122449 0.0012315168385578102 
429467.0846394981 1001035.1080898453 0.004079964523300079 
432601.8808777426 925205.9753448076 0.006770640089634813 
435736.6771159871 813599.1524115751 0.009199495185762935 
438871.4733542316 670530.472131916 0.011272606050428038 
442006.26959247614 501532.3965251899 0.012909805542238587 
445141.06583072065 313140.076630824 0.01404778320086992 
448275.86206896516 112638.6383933453 0.014642533460862419 
451410.65830720967 -92218.53296199968 0.01467105734565475 
454545.4545454542 -293509.6161274201 0.014132251837388962 
457680.2507836987 -483450.69032954075 0.013046952530581458 
460815.0470219432 -654696.739336398 0.011457127920243303 
463949.8432601877 -800625.6830376287 0.009424256481306577 
467084.6394984322 -915594.4531042718 0.007026949297651899 
470219.43573667674 -995157.2102893116 0.004357910173608677 
473354.23197492125 -1036237.2649118108 0.0015203507803343084 
476489.02821316576 -1037246.0523641431 -0.0013760005367340269 
479623.82445141027 -998144.5628626513 -0.004219141950046919 
482758.6206896548 -920444.849954936 -0.006899129257602393 
485893.4169278993 -807151.5594498274 -0.009312327422281 
489028.2131661438 -662645.7398447498 -0.011365418135944457 
492163.0094043883 -492515.42729813367 -0.01297900843590214 
495297.8056426328 -303339.556421425 -0.014090700828643346 
498432.60188087734 -102433.55305457002 -0.014657506199233802 
501567.39811912185 102433.55305451155 -0.014657506199233835 
504702.19435736636 303339.55642136984 -0.01409070082864353 
507836.99059561087 492515.4272980828 -0.012979008435902455 
510971.7868338554 662645.7398447051 -0.011365418135944955 
514106.5830720999 807151.5594497904 -0.009312327422281646 
517241.3793103444 920444.8499549082 -0.006899129257603142 
520376.1755485889 998144.5628626337 -0.004219141950047736 
523510.9717868334 1037246.0523641376 -0.0013760005367348905 
526645.768025078 1036237.2649118177 0.0015203507803334512 
529780.5642633225 995157.2102893294 0.004357910173607886 
532915.360501567 915594.4531042993 0.00702694929765123 
536050.1567398115 800625.683037665 0.009424256481305997 
539184.952978056 654696.7393364428 0.011457127920242848 
542319.7492163006 483450.69032959203 0.0130469525305811 
545454.5454545451 293509.6161274765 0.0141322518373887 
548589.3416927896 92218.53296205729 0.014671057345654617 
551724.1379310341 -112638.63839328774 0.014642533460862455 
554858.9341692786 -313140.0766307686 0.01404778320087019 
557993.7304075231 -501532.39652513893 0.012909805542239068 
561128.5266457676 -670530.4721318709 0.011272606050428638 
564263.3228840121 -813599.152411538 0.009199495185763622 
567398.1191222566 -925205.9753447808 0.00677064008963555 
570532.9153605012 -1001035.1080898293 0.0040799645233008585 
573667.7115987457 -1038154.2401224448 0.0012315168385586125 
576802.5078369902 -1035127.9756050437 -0.0016645535692157134 
579937.3040752347 -992073.3401051393 -0.0044962557352275995 
583072.1003134792 -910655.2552197926 -0.007154087812860609 
586206.8965517237 -794022.1561022222 -0.009535271507140626 
589341.6927899682 -646684.2415590909 -0.011547726508638837 
592476.4890282127 -474339.0647839287 -0.013113631236561358 
595611.2852664572 -283651.20912834443 -0.014172432197185947 
598746.0815047018 -81994.56884302589 -0.014683185585835945 
601880.8777429463 122832.79921465373 -0.014626140582706147 
605015.6739811908 322910.2262296237 -0.014003503116533715 
608150.4702194353 510500.7234792109 -0.012839350561393043 
611285.2664576798 678350.1714790005 -0.011178700665287852 
614420.0626959243 819967.8365882402 -0.009085770715046418 
617554.8589341688 929877.3675051924 -0.0066414942555665935 
620689.6551724133 1003828.5656247187 -0.003940391391810933 
623824.4514106578 1038961.7401040533 -0.001086913698889354 
626959.2476489024 1033918.2920307956 0.0018085949175416587 
630094.0438871469 988893.2514063233 0.00463416521714366 
633228.8401253914 905627.7353408799 0.007280532472409397 
636363.6363636359 787341.6191017429 0.009645361732737438 
639498.4326018804 638609.0236232178 0.011637205114220157 
642633.2288401249 465181.43437310256 0.013179038086855369 
645768.0250783694 273765.2915643057 0.014211238011050528 
648902.8213166139 71762.65229214815 0.01469388974349241 
652037.6175548584 -133015.04681447992 0.014608329154665756 
655172.413793103 -332649.0576375087 0.013957864870239825 
658307.2100313475 -519419.5383464838 0.012767650326602696 
661442.006269592 -686104.0794745677 0.011083711088152443 
664576.8025078365 -826256.9942984115 0.008971165039959535 
667711.598746081 -934458.5733704296 0.006511704280902096 
670846.3949843255 -1006524.6645374001 0.0038004360923991295 
673981.19122257 -1039668.4739917222 0.0009422051423951385 
677115.9874608145 -1032608.3315130203 -0.0019524608551297873 
680250.783699059 -985617.2526211005 -0.004771625243887634 
683385.5799373036 -900512.3810731448 -0.007406271012771291 
686520.3761755481 -780584.7199634796 -0.009754516480742523 
689655.1724137926 -630471.8687224106 -0.011725555058698184 
692789.9686520371 -455978.6872709618 -0.01324316673782909 
695924.7648902816 -263852.82224381494 -0.014248665515311133 
699059.5611285261 -61523.77567538875 -0.01470316878045656 
702194.3573667706 143184.39364405654 -0.014589100904223598 
705329.1536050151 342355.6263114528 -0.013910872888318921 
708463.9498432596 528287.9761151802 -0.012694711791880309 
711598.7460815042 693791.444087969 -0.01098764653180499 
714733.5423197487 832466.0155736285 -0.008855689275797812 
717868.3385579932 938949.1486217069 -0.00638128275362118 
721003.1347962377 1009123.1433405193 -0.003660112198951981 
724137.9310344822 1040274.373241239 -0.0007974052039681475 
727272.7272727267 1031198.2211012478 0.0020961374288112553 
730407.5235109712 982245.661479746 0.004908622483582772 
733542.3197492157 895309.6885409829 0.007531291238904876 
736677.1159874602 773752.1140208297 0.009862725164531714 
739811.9122257048 622273.5660573513 0.011812767773250478 
742946.7084639493 446731.7160271024 0.013306010969817875 
746081.5047021938 253914.7625505085 0.01428471107997531 
749216.3009404383 51278.93203374452 0.014711021796779774 
752351.0971786828 -153339.85340589637 0.014568457696275815 
755485.8934169273 -352028.99083757366 0.013862531728396393 
758620.6896551718 -537105.1766594704 0.012620542031337348 
761755.4858934163 -701411.5197424707 0.010890516313287388 
764890.2821316608 -838594.2982176816 0.008739354622243897 
768025.0783699054 -943348.6577302526 0.006250242322955709 
771159.8746081499 -1011623.7500146317 0.0035194333211051613 
774294.6708463944 -1040779.3790880706 0.0006525279273634805 
777429.4670846389 -1029688.097558281 -0.0022396107037831675 
780564.2633228834 -978778.80498378 -0.00504514364923668 
783699.0595611279 -890020.1623394953 -0.0076555810254359405 
786833.8557993724 -766844.4639497997 -0.009969977289236811 
789968.6520376169 -614014.9107592818 -0.011898834799351296 
793103.4482758614 -437441.4174802977 -0.013367564687729375 
796238.244514106 -243952.07634996044 -0.014319371209081017 
799373.0407523505 -41029.11498693588 -0.01471744803081922 
802507.836990595 163480.4411493791 -0.01454640153295141 
805642.6332288395 361668.2130223657 -0.0138128460789508 
808777.429467084 545870.2848228784 -0.012545148238498647 
811912.2257053285 708963.5673875058 -0.010792329852997381 
815047.021943573 844641.2478649822 -0.008622172362281754 
818181.8181818175 947656.6739995575 -0.006118595698163204 
821316.614420062 1014026.2420326489 -0.003378413102923041 
824451.4106583066 1041183.4425530648 -0.000507587363836926 
827586.2068965511 1028078.1073469259 0.002382866764959965 
830721.0031347956 975217.0193742568 0.005181175500030096 
833855.7993730401 884644.3154855488 0.007779128317833649 
836990.5956112846 759862.4397047175 0.010076262452763975 
840125.3918495291 605696.703812877 0.011983747789592266 
843260.1880877736 428108.6926715154 0.013427821921634806 
846394.9843260181 233965.72989620385 0.014352642541036006 
849529.7805642626 30775.318637042925 0.014722446859311716 
852664.5768025072 -173605.17336627672 0.014522934553418064 
855799.3730407517 -371272.3579836905 0.013761820758859187 
858934.1692789962 -554582.4505012283 0.012468537725604651 
862068.9655172407 -716446.8545703667 0.01069309667377456 
865203.7617554852 -850606.2780382147 0.008504153861102311 
868338.5579937297 -951872.7796067593 0.005986355647294262 
871473.3542319742 -1016330.3863833578 0.00323706522157591 
874608.1504702187 -1041486.5244471964 0.0003625975707824881 
877742.9467084632 -1026368.406615784 -0.0025258917183230284 
880877.7429467078 -971560.6500991415 -0.005316704842601116 
884012.5391849523 -879182.6693680108 -0.007901921133579713 
887147.3354231968 -752806.7184532613 -0.010181570346802034 
890282.1316614413 -597319.7519785718 -0.012067498508491523 
893416.9278996858 -418734.44675654045 -0.013486776827347467 
896551.7241379303 -223956.6917380218 -0.014384521848943475 
899686.5203761748 -20518.53747209255 -0.014726017797434435 
902821.3166144193 183477.27402797557 -0.014508867297213538 
905956.1128526638 389508.6355287097 -0.01331213282771665 
909090.9090909084 611766.1918280364 -0.010166425602776696 
912225.7053291529 842701.5610039213 -0.005145429481951238 
915360.5015673974 1025190.797443626 -0.0006523950212620061 
918495.2978056419 1096805.0208410223 0.0006008044561982783 
921630.0940438864 1064049.7282788588 -0.0010091557070230728 
924764.8902821309 1004848.7099687824 -0.0019062292003326725 
927899.6865203754 986289.6765005789 0.0009144855217049039 
931034.4827586199 991082.4076412143 0.006518470414302701 
934169.2789968645 935978.3663809438 0.010881591190125228 
937304.075235109 762541.7412758179 0.011058887027450805 
940438.8714733535 503306.72679985827 0.008227371419382226 
943573.667711598 253332.93988551278 0.006394350337731445 
946708.4639498425 77072.2955397479 0.008141946459595026 
949843.260188087 -51700.25262684582 0.011888054101423871 
952978.0564263315 -214077.02906436598 0.013542468633070891 
956112.852664576 -452364.4939029231 0.010814162018383155 
959247.6489028205 -717399.5086903684 0.005639789360350164 
962382.445141065 -912506.1222731895 0.002181063182075906 
965517.2413793096 -988119.267304129 0.0024978473418564044 
968652.0376175541 -987842.9719203862 0.00444515469054208 
971786.8338557986 -997792.241710262 0.0040008565809740845 
974921.6300940431 -1052721.7870454942 -0.0004285784129824772 
978056.4263322876 -1097778.2861492583 -0.006254877617139039 
981191.2225705321 -1046111.8279545888 -0.009351600342976678 
984326.0188087766 -871722.8409995114 -0.00831565408859183 
987460.8150470211 -639859.3187197796 -0.005868808066327138 
990595.6112852657 -442934.4523925635 -0.005930611509798787 
993730.4075235102 -309163.84173756925 -0.009447582684337642 
996865.2037617547 -182235.57912791532 -0.01325230679657264 
999999.9999999992 115102.84310746363 -0.01810949137344542 
