#x u 
0.0 36059.95499534457 -0.04778150225204165 
3134.796238244514 -16214.430944137857 -0.047760756470956435 
6269.592476489028 -28352.239128098547 -0.04408207483593977 
9404.38871473354 -38372.64840032271 -0.03865193938166561 
12539.184952978056 -46979.55724880428 -0.03173036001930391 
15673.98119122257 -53767.87880549804 -0.023581681897251572 
18808.777429467085 -58477.02744330009 -0.014521102122946423 
21943.5736677116 -60924.87058427351 -0.004898991700852092 
25078.369905956115 -61016.75063655092 0.004912562597731942 
28213.16614420063 -58749.1145814723 0.014534148232802122 
31347.962382445145 -54209.65184529786 0.02359369874652531 
34482.75862068966 -47573.903329939465 0.03174088156414476 
37617.55485893417 -39098.473252054566 0.03866064534517731 
40752.35109717868 -29111.106264852613 0.04408540301027988 
43887.14733542319 -17998.0135811742 0.04780537932641235 
47021.943573667704 -6188.938196270894 0.049676722909458446 
50156.739811912215 5859.463262263926 0.04962706895338136 
53291.53605015673 17681.279434006377 0.047658337575327434 
56426.33228840124 28819.361005476952 0.04384665956474771 
59561.12852664575 38842.998661806414 0.038339432407816884 
62695.92476489026 47364.57860435499 0.03134962043060651 
65830.72100313478 54054.571565886 0.023147519474322316 
68965.51724137929 58654.2756984687 0.014050304562392871 
72100.3134796238 60985.82056697985 0.0044097647508423 
75235.10971786831 60959.04539404737 -0.005401300545046679 
78369.90595611282 58574.98557489348 -0.015003497694097463 
81504.70219435733 53925.83263861979 -0.024025509990755325 
84639.49843260185 47191.369204193994 -0.03211845646210352 
87774.29467084636 38632.01679137458 -0.038969383085703406 
90909.09090909087 28578.765328521637 -0.044313364713271436 
94043.88714733538 17420.373783250165 -0.047943749719144606 
97178.68338557989 5588.336854123518 -0.04972015121265298 
100313.4796238244 -6459.800964923175 -0.04957387579324437 
103448.27586206891 -18258.138583571534 -0.047510579924008214 
106583.07210031342 -29350.434087391957 -0.04361005122437759 
109717.86833855794 -39307.74693093433 -0.038023123115718205 
112852.66457680245 -47745.030247236224 -0.030965841859075565 
115987.46081504696 -54336.03580778523 -0.022711111354970788 
119122.25705329147 -58825.907522148715 -0.013578140988740228 
122257.05329153598 -61040.86863063177 -0.003920109516845374 
125391.84952978049 -60894.85173445396 0.005889488224760567 
128526.645768025 -58393.95884552278 0.015471336236216118 
131661.44200626953 -53638.66341377376 0.02445507724527598 
134796.23824451404 -46816.27347827761 0.032493467034627646 
137931.03448275855 -38172.98606607244 0.03927485341529072 
141065.83072100306 -27993.20497476592 0.04453471617753803 
144200.62695924757 -16680.333287852023 0.04807010354365486 
147335.42319749208 -4933.397011110694 0.04975629138323113 
150470.2194357366 6398.307971719598 0.04954618269295223 
153605.0156739811 17285.795213947145 0.047429145101330304 
156739.81191222562 29434.42493345686 0.04338957601355905 
159874.60815047013 44508.618668075826 0.03748585818202097 
163009.40438871464 59263.293512288976 0.030068315772689636 
166144.20062695915 63697.772280557256 0.021856039951096126 
169278.99686520366 48827.94917573442 0.013570549879245093 
172413.79310344817 18080.8474418165 0.005401515691916672 
175548.58934169268 -13117.192414995225 -0.002987774074958694 
178683.3855799372 -31463.79690693374 -0.011827356481411838 
181818.1818181817 -35945.73861927129 -0.020789328997269943 
184952.97805642622 -33074.05306179359 -0.029220736884361057 
188087.77429467073 -27761.25213624601 -0.03657544963763903 
191222.57053291524 -21374.9243370779 -0.04251579073692752 
194357.36677115975 -14162.028788557102 -0.046812047351650274 
197492.16300940426 -6401.4879675940465 -0.0492980833540404 
200626.95924764877 1606.598220942381 -0.049877763798733925 
203761.75548589329 9552.557299475273 -0.04852867245852188 
206896.5517241378 17129.11924410172 -0.04530297865925382 
210031.3479623823 24043.298608154204 -0.040325419893409924 
213166.14420062682 30027.724261542695 -0.03378847822462096 
216300.94043887133 34850.97862517004 -0.025944937011443465 
219435.73667711584 38326.54658248968 -0.017098105781681555 
222570.53291536035 40320.02801404876 -0.007590091261102709 
225705.32915360486 40754.33504649284 0.0022114318844487016 
228840.12539184937 39612.67303855528 0.011927439018492908 
231974.9216300939 36939.19002938396 0.021182212406415674 
235109.7178683384 32837.26953505524 0.029617870210162888 
238244.5141065829 27465.53271078595 0.036908205769294836 
241379.31034482742 21031.704475127743 0.04277130200377382 
244514.10658307193 13784.580792950219 0.0469804331398687 
247648.90282131644 6004.407742169638 0.04937283218972837 
250783.69905956095 -2007.9555945448938 0.04985598514642535 
253918.49529780546 -9942.671342411471 0.04841120849811594 
257053.29153604998 -17492.90425682052 0.045094371718940825 
260188.0877742945 -24366.687033995317 0.04003373679796244 
263322.884012539 -30298.210678775096 0.033424998351496704 
266457.6802507835 -35058.103331312304 0.02552371611756231 
269592.476489028 -38462.30007072506 0.016635432467683495 
272727.27272727253 -40379.16070063732 0.0071038570915989635 
275862.06896551704 -40734.56027203382 -0.0027024242471980486 
278996.86520376155 -39514.75549304555 -0.012404202913022962 
282131.66144200607 -36766.916181676235 -0.02162631138574493 
285266.4576802506 -32597.301210207952 -0.030012130978702294 
288401.2539184951 -27167.14947746854 -0.03723738227372648 
291536.0501567396 -20686.444804948318 -0.04302266499752276 
294670.8463949841 -13405.795868069843 -0.04714426242272565 
297805.6426332286 -5606.745165449145 -0.04944279248773059 
300940.43887147313 2409.1182219562597 -0.04982937109673028 
304075.23510971764 10331.821072499879 -0.04828904926530966 
307210.03134796215 17854.99267998642 -0.04488139119727115 
310344.82758620667 24687.71220065147 -0.03973817093847534 
313479.6238244512 30565.758554359403 -0.03305827667803095 
316614.4200626957 35261.827846669825 -0.02510001974736989 
319749.2163009402 38594.323204325134 -0.016171145728006656 
322884.0125391847 40434.37712145399 -0.006616933938176538 
326018.8087774292 40710.834762559185 0.003193154509116371 
329153.60501567373 39413.00551809324 0.012879763757404308 
332288.40125391824 36591.07641004099 0.022068312887524706 
335423.19749216276 32354.17136113069 0.03040348095169188 
338557.99373040727 26866.131375675337 0.03756294722499361 
341692.7899686518 20339.17881234015 0.043269855339156206 
344827.5862068963 13025.710751244478 0.047303519310861346 
347962.3824451408 5208.538805653254 0.04950795746278666 
351097.1786833853 -2810.047195496103 0.04979792423087355 
354231.9749216298 -10719.968747158251 0.048162206607997214 
357366.77115987433 -18215.349395622354 0.04466405775065051 
360501.56739811884 -25006.342972760307 0.039438750981083334 
363636.36363636336 -30830.34193955263 0.032688348771568634 
366771.15987460787 -35462.13241255566 0.02467388899403295 
369905.9561128524 -38722.603178726305 0.015705290592568213 
373040.7523510969 -40485.671921210305 0.006129369026197318 
376175.5485893414 -40683.1608191439 -0.003683575075600545 
379310.3448275859 -39307.43298215384 -0.01335407542827467 
382445.1410658304 -36411.68776870379 -0.02250817404322274 
385579.93730407493 -32107.90356833153 -0.03079188217315444 
388714.73354231945 -26562.50760033913 -0.03788486904743063 
391849.52978056396 -19989.94017769654 -0.04351284905435045 
394984.32601880847 -12644.362305903138 -0.047458188358380206 
398119.122257053 -4809.8272837430195 -0.049568320794721545 
401253.9184952975 3210.7036301456847 -0.04976164759880174 
404388.714733542 11107.076720991667 -0.04803069282830545 
407523.5109717865 18573.939453701038 -0.04444239245766315 
410658.307210031 25322.54844718131 -0.039135505965719714 
413793.10344827553 31091.935173121077 -0.03231525051041873 
416927.89968652005 35658.99760196486 -0.02424536518682295 
420062.69592476456 38847.12755239615 -0.015237912243400098 
423197.49216300907 40533.04012495864 -0.005641209643265835 
426332.2884012536 40651.54112580512 0.004173638382083817 
429467.0846394981 39198.048124418565 0.013827091923425613 
432601.8808777426 36228.76765607964 0.022945852191893046 
435736.6771159871 31858.521716655465 0.031177296973104025 
438871.4733542316 26256.307599110296 0.03820311651870911 
442006.26959247614 19638.76277272783 0.04375162257580101 
445141.06583072065 12261.787518003199 0.04760825456434887 
448275.86206896516 4410.649269670568 0.04962387662905876 
451410.65830720967 -3611.048667319257 0.04972054471888752 
454545.4545454542 -11493.107449443873 0.04789452068140081 
457680.2507836987 -18930.72807554326 0.0442164168170273 
460815.0470219432 -25636.297955999675 0.03882846530329963 
463949.8432601877 -31350.51288384691 0.03193901808037401 
467084.6394984322 -35852.40432147763 0.02381448988710672 
470219.43573667674 -38967.884248053364 0.014769056010266344 
473354.23197492125 -40576.47713858553 0.005152503134642524 
476489.02821316576 -40615.97874925245 -0.004663296898649324 
479623.82445141027 -39084.861553831666 -0.01429876736626447 
482758.6206896548 -36042.333813099074 -0.02338130488431384 
485893.4169278993 -31606.04999297703 -0.03155968797119999 
489028.2131661438 -25947.561069500283 -0.03851765877286621 
492163.0094043883 -19285.680657184246 -0.04398615274550886 
495297.8056426328 -11878.023492438711 -0.04775370337425128 
498432.60188087734 -4011.0434786351725 -0.049674619577587835 
501567.39811912185 4011.0434786319784 -0.049674619577588085 
504702.19435736636 11878.023492436063 -0.04775370337425207 
507836.99059561087 19285.680657182194 -0.04398615274551016 
510971.7868338554 25947.56106949858 -0.03851765877286797 
514106.5830720999 31606.049992976885 -0.03155968797120216 
517241.3793103444 36042.333813099045 -0.023381304884316348 
520376.1755485889 39084.86155383155 -0.014298767366267218 
523510.9717868334 40615.97874925184 -0.004663296898652179 
526645.768025078 40576.4771385848 0.005152503134639727 
529780.5642633225 38967.88424805287 0.014769056010263713 
532915.360501567 35852.40432147891 0.02381448988710431 
536050.1567398115 31350.51288384886 0.03193901808037189 
539184.952978056 25636.29795600177 0.03882846530329788 
542319.7492163006 18930.728075544874 0.04421641681702597 
545454.5454545451 11493.107449446266 0.04789452068140001 
548589.3416927896 3611.04866732168 0.04972054471888724 
551724.1379310341 -4410.64926966884 0.04962387662905903 
554858.9341692786 -12261.787518001482 0.04760825456434972 
557993.7304075231 -19638.76277272671 0.04375162257580236 
561128.5266457676 -26256.307599109 0.03820311651871095 
564263.3228840121 -31858.521716654097 0.031177296973106217 
567398.1191222566 -36228.76765607833 0.02294585219189553 
570532.9153605012 -39198.04812441781 0.013827091923428238 
573667.7115987457 -40651.54112580477 0.004173638382086525 
576802.5078369902 -40533.040124959225 -0.005641209643263114 
579937.3040752347 -38847.12755239729 -0.015237912243397446 
583072.1003134792 -35658.99760196655 -0.024245365186820474 
586206.8965517237 -31091.935173122678 -0.03231525051041656 
589341.6927899682 -25322.548447183028 -0.03913550596571795 
592476.4890282127 -18573.93945370319 -0.04444239245766185 
595611.2852664572 -11107.076720994191 -0.04803069282830468 
598746.0815047018 -3210.7036301482785 -0.049761647598801535 
601880.8777429463 4809.82728374056 -0.04956832079472192 
605015.6739811908 12644.362305901923 -0.047458188358381094 
608150.4702194353 19989.940177694516 -0.043512849054351814 
611285.2664576798 26562.507600337456 -0.03788486904743243 
614420.0626959243 32107.903568329813 -0.030791882173156572 
617554.8589341688 36411.68776870199 -0.022508174043225176 
620689.6551724133 39307.43298215297 -0.01335407542827733 
623824.4514106578 40683.1608191439 -0.0036835750756033267 
626959.2476489024 40485.67192121092 0.006129369026194534 
630094.0438871469 38722.603178727295 0.015705290592565535 
633228.8401253914 35462.13241255656 0.024673888994030516 
636363.6363636359 30830.34193955327 0.03268834877156655 
639498.4326018804 25006.342972762417 0.03943875098108167 
642633.2288401249 18215.349395624246 0.04466405775064927 
645768.0250783694 10719.968747160055 0.04816220660799645 
648902.8213166139 2810.047195498608 0.049797924230873356 
652037.6175548584 -5208.538805651679 0.04950795746278701 
655172.413793103 -13025.710751242666 0.047303519310862255 
658307.2100313475 -20339.178812339233 0.04326985533915763 
661442.006269592 -26866.131375673518 0.03756294722499549 
664576.8025078365 -32354.17136113043 0.030403480951694182 
667711.598746081 -36591.076410041394 0.022068312887527284 
670846.3949843255 -39413.00551809388 0.012879763757407113 
673981.19122257 -40710.83476256064 0.00319315450911927 
677115.9874608145 -40434.37712145585 -0.00661693393817368 
680250.783699059 -38594.32320432743 -0.01617114572800395 
683385.5799373036 -35261.82784667253 -0.02510001974736742 
686520.3761755481 -30565.758554361702 -0.033058276678028846 
689655.1724137926 -24687.71220065435 -0.039738170938473656 
692789.9686520371 -17854.992679988456 -0.044881391197269874 
695924.7648902816 -10331.821072501072 -0.0482890492653089 
699059.5611285261 -2409.1182219587627 -0.04982937109673011 
702194.3573667706 5606.745165446431 -0.049442792487730966 
705329.1536050151 13405.795868066736 -0.047144262422726534 
708463.9498432596 20686.44480494561 -0.04302266499752414 
711598.7460815042 27167.149477466417 -0.03723738227372834 
714733.5423197487 32597.301210206322 -0.030012130978704563 
717868.3385579932 36766.916181674664 -0.02162631138574752 
721003.1347962377 39514.75549304468 -0.012404202913025738 
724137.9310344822 40734.560272033355 -0.002702424247200877 
727272.7272727267 40379.16070063686 0.007103857091596228 
730407.5235109712 38462.30007072477 0.016635432467680896 
733542.3197492157 35058.10333131254 0.025523716117559925 
736677.1159874602 30298.21067877568 0.03342499835149459 
739811.9122257048 24366.687033996423 0.04003373679796073 
742946.7084639493 17492.90425682196 0.0450943717189396 
746081.5047021938 9942.67134241345 0.048411208498115234 
749216.3009404383 2007.9555945478696 0.049855985146425225 
752351.0971786828 -6004.407742166404 0.0493728321897288 
755485.8934169273 -13784.580792946435 0.04698043313986966 
758620.6896551718 -21031.70447512534 0.042771302003775304 
761755.4858934163 -27465.532710784377 0.036908205769296785 
764890.2821316608 -32837.26953505393 0.029617870210165213 
768025.0783699054 -36939.19002938221 0.021182212406418256 
771159.8746081499 -39612.67303855342 0.011927439018495637 
774294.6708463944 -40754.33504649118 0.00221143188445147 
777429.4670846389 -40320.02801404777 -0.0075900912610999596 
780564.2633228834 -38326.54658248936 -0.017098105781678915 
783699.0595611279 -34850.978625170595 -0.025944937011441037 
786833.8557993724 -30027.724261544383 -0.03378847822461887 
789968.6520376169 -24043.29860815672 -0.040325419893408265 
793103.4482758614 -17129.119244105037 -0.045302978659252625 
796238.244514106 -9552.557299477652 -0.048528672458521195 
799373.0407523505 -1606.5982209437934 -0.04987776379873378 
802507.836990595 6401.487967592278 -0.04929808335404084 
805642.6332288395 14162.028788555108 -0.04681204735165124 
808777.429467084 21374.924337075296 -0.042515790736929016 
811912.2257053285 27761.252136243013 -0.03657544963764097 
815047.021943573 33074.053061790386 -0.029220736884363357 
818181.8181818175 37078.08271592538 -0.020737424918315074 
821316.614420062 40717.49647030665 -0.011403187932115966 
824451.4106583066 49920.64976202743 -0.0013007872644267872 
827586.2068965511 76161.26487446029 0.00972135985697056 
830721.0031347956 123460.54611151322 0.021467862797858693 
833855.7993730401 170238.13176306413 0.0325791299290501 
836990.5956112846 175870.96652434114 0.04084633566484923 
840125.3918495291 120101.18525758744 0.045031197346457726 
843260.1880877736 34153.8903099578 0.04630431981352897 
846394.9843260181 -21304.212761949584 0.04724494997697538 
849529.7805642626 -16193.797716539448 0.04909717971351948 
852664.5768025072 16234.027902680165 0.05027428661082763 
855799.3730407517 13384.512210560657 0.04791903059866459 
858934.1692789962 -50089.52011066042 0.0409555815840785 
862068.9655172407 -134162.5084116436 0.031375386160639854 
865203.7617554852 -174288.25153303164 0.022358538298819 
868338.5579937297 -148353.1105250649 0.015196233564962951 
871473.3542319742 -99166.04458357109 0.008249143898516657 
874608.1504702187 -88825.7060821485 -0.0009733617493811477 
877742.9467084632 -133022.34427794942 -0.012815525985457848 
880877.7429467078 -184385.57320095837 -0.024726402313256585 
884012.5391849523 -182357.97779841785 -0.033560626804592104 
887147.3354231968 -117116.92549583621 -0.03852273908954392 
890282.1316614413 -40328.94108016305 -0.04167348783668815 
893416.9278996858 -11450.546178028912 -0.045480275396948634 
896551.7241379303 -36044.06108189341 -0.049999669298271154 
899686.5203761748 -60925.217018326184 -0.05266265181484136 
902821.3166144193 -31167.145369555794 -0.05089262564047248 
905956.1128526638 51046.073154424565 -0.04480540345295303 
909090.9090909084 127628.13083634968 -0.03715319573621463 
912225.7053291529 144592.92414527104 -0.030570768363003122 
915360.5015673974 107777.24229662819 -0.025015047638753757 
918495.2978056419 75749.98486902507 -0.018081465339791145 
921630.0940438864 97440.56440049593 -0.007852099591333843 
924764.8902821309 160120.09554450016 0.0047324646425778525 
927899.6865203754 202433.8184107027 0.016484322105625823 
931034.4827586199 178755.08394203056 0.024932609847855884 
934169.2789968645 107182.60426465573 0.03053826503469393 
937304.075235109 50735.27298919132 0.03584629459339396 
940438.8714733535 51548.717920953 0.04248278318648883 
943573.667711598 87261.08871424902 0.04916752346597204 
946708.4639498425 95394.80050573182 0.05284148799640238 
949843.260188087 40024.77080058673 0.0517302979230302 
952978.0564263315 -49415.74767704094 0.047127930528686315 
956112.852664576 -108006.58676287766 0.04202961492355464 
959247.6489028205 -102483.78287021493 0.03805339247900604 
962382.445141065 -65090.567336541324 0.03388485660289132 
965517.2413793096 -58617.01047682173 0.026873331504883812 
968652.0376175541 -109466.0714148223 0.016091175716125047 
971786.8338557986 -179164.97300534925 0.0036287073658005007 
974921.6300940431 -204272.2428095981 -0.0072476817158231835 
978056.4263322876 -162704.87085442062 -0.015149670616651994 
981191.2225705321 -96758.16527730507 -0.02163673041928229 
984326.0188087766 -68655.89437816518 -0.02919330944863412 
987460.8150470211 -95401.42191511503 -0.03825677475268388 
990595.6112852657 -131417.49598946166 -0.04643499598444043 
993730.4075235102 -117207.76887044449 -0.050745447070567856 
996865.2037617547 -41982.70034835343 -0.05056878192858801 
999999.9999999992 36059.95499521651 -0.04778150225204751 
