#x u 
0.0 4271803202.8218207 195.77549862566752 
3134.796238244514 -105815784.24137051 -4.890682572334776 
6269.592476489028 3782609.498078103 0.12844518797916651 
9404.38871473354 1082722.9238624445 0.001737546930953772 
12539.184952978056 1140107.2573677609 0.003210333386195632 
15673.98119122257 1076232.8662765974 0.000977739769885179 
18808.777429467085 965566.5748620456 -0.0015616377499926169 
21943.5736677116 811582.8757264 -0.004337014701312497 
25078.369905956115 622199.5952600742 -0.007143947909816532 
28213.16614420063 407305.32429084455 -0.00975116178908561 
31347.962382445145 177851.4154047683 -0.011933168277329567 
34482.75862068966 -55292.508750009656 -0.013511646522025456 
37617.55485893417 -282352.41237477516 -0.014389214558340541 
40752.35109717868 -495257.0728042101 -0.014563443436165746 
43887.14733542319 -687743.485335879 -0.01411728178125642 
47021.943573667704 -855057.6840538657 -0.01319089511315575 
50156.739811912215 -993441.863460962 -0.011944216120767992 
53291.53605015673 -1099595.427113123 -0.01051933365432348 
56426.33228840124 -1170274.6420621513 -0.009010758212717834 
59561.12852664575 -1202194.3402706124 -0.007451488330015603 
62695.92476489026 -1192364.1443464193 -0.005821309440959683 
65830.72100313478 -1138853.3729318094 -0.004077328659273506 
68965.51724137929 -1041749.1425061056 -0.00219612408635841 
72100.3134796238 -903894.8386794085 -0.00020865246499947396 
75235.10971786831 -731032.7592341278 0.0017893706748620657 
78369.90595611282 -531247.3329708051 0.003656516057223778 
81504.70219435733 -313948.8660159874 0.0052433627848817495 
84639.49843260185 -88823.22254781112 0.006429740655539461 
87774.29467084636 134905.9663895888 0.007146027261179855 
90909.09090909087 348804.03156756604 0.0073744675264980145 
94043.88714733538 545262.261152627 0.0071366052844821625 
97178.68338557989 717432.6914788228 0.006475974366140702 
100313.4796238244 859190.3617622263 0.005442546678239194 
103448.27586206891 965182.3949217077 0.004082192784876613 
106583.07210031342 1031000.0379334012 0.002433305824818324 
109717.86833855794 1053493.0123226065 0.0005319112546760749 
112852.66457680245 1031173.9996963998 -0.0015767695633764954 
115987.46081504696 964557.1451815667 -0.0038271881792144506 
119122.25705329147 856242.9154277511 -0.0061312027689465485 
122257.05329153598 710674.7690945839 -0.008388030807883216 
125391.84952978049 533688.10712934 -0.010500945197413273 
128526.645768025 332086.07750645373 -0.012390115342727449 
131661.44200626953 113400.83289402066 -0.01399457872881487 
134796.23824451404 -114204.62114144972 -0.01526574632504102 
137931.03448275855 -342083.2626985079 -0.016161542892204363 
141065.83072100306 -561441.3378525453 -0.016648167153168393 
144200.62695924757 -763821.0277563842 -0.016707935937195495 
147335.42319749208 -941544.4090769254 -0.016345326271650744 
150470.2194357366 -1087978.0277372987 -0.015585320260044852 
153605.0156739811 -1197650.8602232155 -0.014466088015955727 
156739.81191222562 -1266378.7117063496 -0.013033516124930361 
159874.60815047013 -1291491.3538429944 -0.011342428023769604 
163009.40438871464 -1272088.6170854273 -0.009461469572722501 
166144.20062695915 -1209152.07506121 -0.007473978290127603 
169278.99686520366 -1105420.360276807 -0.005470785330249136 
172413.79310344817 -965117.869157213 -0.0035391218464592205 
175548.58934169268 -793719.589482393 -0.0017559539162998739 
178683.3855799372 -597840.1260189784 -0.00018962410741662876 
181818.1818181817 -385150.5360509735 0.0010948787222155153 
184952.97805642622 -164147.31360944052 0.0020354244954954876 
188087.77429467073 56288.222710963586 0.002580280738808456 
191222.57053291524 267408.9888089949 0.0026981630375846367 
194357.36677115975 460996.8056501205 0.0023820310171721454 
197492.16300940426 629556.4590076129 0.0016436887702061757 
200626.95924764877 766428.4592794076 0.0005052114519269717 
203761.75548589329 866000.7610854339 -0.001004007856494839 
206896.5517241378 924060.9850980757 -0.002842197325100572 
210031.3479623823 938136.2177412913 -0.00494871267125376 
213166.14420062682 907622.2643981839 -0.0072448409465009495 
216300.94043887133 833660.0324062469 -0.009643581647951881 
219435.73667711584 718915.3320060185 -0.012061082141212749 
222570.53291536035 567454.6328394783 -0.01442085001413192 
225705.32915360486 384745.60571697814 -0.01664947820801704 
228840.12539184937 177619.21107656803 -0.01867152976027872 
231974.9216300939 -45986.92367529271 -0.020412109773459353 
235109.7178683384 -277503.91313119786 -0.021807483474057768 
238244.5141065829 -508233.1832437363 -0.02281534291026078 
241379.31034482742 -729676.7635510187 -0.023416164241799424 
244514.10658307193 -933688.1617693875 -0.023605815451061052 
247648.90282131644 -1112622.412676572 -0.02338815401459658 
250783.69905956095 -1259652.4467864959 -0.022775828320825118 
253918.49529780546 -1369219.7976287457 -0.02179834667552059 
257053.29153604998 -1437408.5841183625 -0.02050822609354404 
260188.0877742945 -1462061.870924036 -0.018977354091869708 
263322.884012539 -1442671.1253405572 -0.01728531849356966 
266457.6802507835 -1380244.7870440492 -0.01550940390881045 
269592.476489028 -1277319.5518999738 -0.013723907868505237 
272727.27272727253 -1138063.031915797 -0.012006469843766847 
275862.06896551704 -968255.1950402152 -0.010441605446439243 
278996.86520376155 -775000.0727934253 -0.00911446879135824 
282131.66144200607 -566245.5291337024 -0.008098139091647456 
285266.4576802506 -350343.83818848635 -0.007444740505537381 
288401.2539184951 -135808.6817620441 -0.007187092585260027 
291536.0501567396 68804.32223820867 -0.007347055713149505 
294670.8463949841 255107.22950030823 -0.007940242935407075 
297805.6426332286 415298.1625804233 -0.00897110600706241 
300940.43887147313 542674.6536872213 -0.010423061944915369 
304075.23510971764 632001.2154256181 -0.012254166100564835 
307210.03134796215 679603.2117486213 -0.014403711457756247 
310344.82758620667 683295.974842197 -0.016804338744698916 
313479.6238244512 642373.7501608293 -0.019389020368791064 
316614.4200626957 557758.5062896509 -0.022088082246806476 
319749.2163009402 432175.985134164 -0.024822194129819605 
322884.0125391847 270131.0473202822 -0.027501735916102377 
326018.8087774292 77598.70563930349 -0.03003644052038764 
329153.60501567373 -138416.85123368722 -0.03234850687881975 
332288.40125391824 -370219.4825685025 -0.03437865085745974 
335423.19749216276 -609572.8194815312 -0.036081710701475304 
338557.99373040727 -847813.4700206236 -0.03741898317934061 
341692.7899686518 -1076135.8581342301 -0.038357420366122066 
344827.5862068963 -1286089.8902918997 -0.038878111244353634 
347962.3824451408 -1470108.0354886004 -0.03898619498200712 
351097.1786833853 -1621832.8477594233 -0.0387122613094167 
354231.9749216298 -1736197.0268609151 -0.03810356856436801 
357366.77115987433 -1809427.064959288 -0.03721340135847662 
360501.56739811884 -1839171.2374064315 -0.03609818816152216 
363636.36363636336 -1824764.980795574 -0.03482331500617215 
366771.15987460787 -1767440.7960331563 -0.03346904052380114 
369905.9561128524 -1670283.0636917274 -0.03212750584553484 
373040.7523510969 -1537928.8442823985 -0.03089092407111599 
376175.5485893414 -1376215.6139869955 -0.02984008678982847 
379310.3448275859 -1191969.9992360815 -0.029041903126625225 
382445.1410658304 -992929.1880868635 -0.028555310537630565 
385579.93730407493 -787603.7221158426 -0.02843642089616003 
388714.73354231945 -584919.1546035811 -0.028735010380409043 
391849.52978056396 -393683.70744043385 -0.029484014165630394 
394984.32601880847 -222099.84647032333 -0.030691477503781067 
398119.122257053 -77492.4097548809 -0.03234232186032823 
401253.9184952975 33785.62907021867 -0.03440759200246939 
404388.714733542 106464.37774352808 -0.03685173868822776 
407523.5109717865 136619.2821439748 -0.0396313132148373 
410658.307210031 122009.5706543322 -0.04268809050224116 
413793.10344827553 62282.77822738758 -0.0459459176026728 
416927.89968652005 -41084.38851240254 -0.04931699390207443 
420062.69592476456 -185027.7021188448 -0.05271372556608888 
423197.49216300907 -365116.69338794006 -0.05605682424358217 
426332.2884012536 -575642.6539386486 -0.059274553783222196 
429467.0846394981 -809661.5723898587 -0.062297353430468896 
432601.8808777426 -1059178.1307639119 -0.06505665315361997 
435736.6771159871 -1315549.785789371 -0.06749187536320822 
438871.4733542316 -1569992.5869328994 -0.06956064370914813 
442006.26959247614 -1813989.4373021726 -0.07124356558890885 
445141.06583072065 -2039517.558992915 -0.07254031162728009 
448275.86206896516 -2239198.3029348147 -0.07346227463201399 
451410.65830720967 -2406532.9141918817 -0.07402985700205007 
454545.4545454542 -2536263.694250093 -0.07427671729865268 
457680.2507836987 -2624727.58566735 -0.07425535668610422 
460815.0470219432 -2670031.6610294804 -0.07403663979864826 
463949.8432601877 -2672013.973905943 -0.07370190460733836 
467084.6394984322 -2632114.999094526 -0.07333363713887098 
470219.43573667674 -2553306.7810991444 -0.07301158737491208 
473354.23197492125 -2440093.897245319 -0.07281499754808682 
476489.02821316576 -2298460.364512813 -0.0728250887368233 
479623.82445141027 -2135639.1102383444 -0.07312196004086165 
482758.6206896548 -1959719.1978551645 -0.07377630795153015 
485893.4169278993 -1779231.177951353 -0.07484202417358005 
489028.2131661438 -1602833.469696613 -0.07635485684531396 
492163.0094043883 -1439089.085399344 -0.07833614114627584 
495297.8056426328 -1296219.746109297 -0.08079588179777361 
498432.60188087734 -1181760.235503142 -0.0837310959079666 
501567.39811912185 -1102164.2448797072 -0.08712121688387955 
504702.19435736636 -1062491.8665669558 -0.09092600459880047 
507836.99059561087 -1066255.8770476535 -0.09508902467938332 
510971.7868338554 -1115381.6424385514 -0.09954421952931668 
514106.5830720999 -1210177.1354525494 -0.1042205012159936 
517241.3793103444 -1349271.8831545028 -0.1090422478379616 
520376.1755485889 -1529589.3222828675 -0.11392853142951562 
523510.9717868334 -1746445.5973575003 -0.11879532278092422 
526645.768025078 -1993789.8282390092 -0.12356145182608569 
529780.5642633225 -2264506.0415991023 -0.1281548608897828 
532915.360501567 -2550689.48804147 -0.1325154435313151 
536050.1567398115 -2843891.718509459 -0.13659459109093666 
539184.952978056 -3135400.8835569937 -0.1403549454220046 
542319.7492163006 -3416602.4195298124 -0.14377293443060635 
545454.5454545451 -3679377.2117407485 -0.14684266481241134 
548589.3416927896 -3916443.8120628763 -0.14957744493783665 
551724.1379310341 -4121598.240249888 -0.15200735548041178 
554858.9341692786 -4289894.521320561 -0.15417536479539795 
557993.7304075231 -4417835.410084177 -0.15613564275672778 
561128.5266457676 -4503573.370317508 -0.15795447941822105 
564263.3228840121 -4547039.075088822 -0.15971033690308734 
567398.1191222566 -4549921.627409606 -0.16148978575036346 
570532.9153605012 -4515522.467029596 -0.16338045466294632 
573667.7115987457 -4448584.683593481 -0.16546566995723785 
576802.5078369902 -4355165.277940284 -0.16782378541854254 
579937.3040752347 -4242502.873140852 -0.1705298248353926 
583072.1003134792 -4118770.7820755676 -0.1736540927861913 
586206.8965517237 -3992678.483439871 -0.17725567608305334 
589341.6927899682 -3873022.887398313 -0.18137502785532042 
592476.4890282127 -3768338.5739385067 -0.1860319638567285 
595611.2852664572 -3686687.8270629696 -0.19123039975102157 
598746.0815047018 -3635477.167989693 -0.19696408074268387 
601880.8777429463 -3621162.1276625684 -0.20321641927495493 
605015.6739811908 -3648848.503688815 -0.20995430170515297 
608150.4702194353 -3721963.8745314614 -0.217123362014882 
611285.2664576798 -3842167.2864580345 -0.22465201992999728 
614420.0626959243 -4009474.6303800573 -0.23246293664908102 
617554.8589341688 -4222398.587419434 -0.2404824484867381 
620689.6551724133 -4477936.918917379 -0.2486402423493299 
623824.4514106578 -4771469.750495487 -0.25686204487623476 
626959.2476489024 -5096804.451534311 -0.2650663628329775 
630094.0438871469 -5446527.966583113 -0.27317280781511755 
633228.8401253914 -5812553.522324423 -0.28111712470562034 
636363.6363636359 -6186567.778713074 -0.28885983865141013 
639498.4326018804 -6560204.157410132 -0.29638099077811625 
642633.2288401249 -6925079.297866912 -0.30366775093791165 
645768.0250783694 -7273001.327358912 -0.3107096006033274 
648902.8213166139 -7596488.332517546 -0.31750798472269776 
652037.6175548584 -7889384.381537528 -0.32409123088345276 
655172.413793103 -8147203.473367749 -0.3305183080761714 
658307.2100313475 -8367058.646955038 -0.336865345261535 
661442.006269592 -8547425.039470335 -0.34320670932876984 
664576.8025078365 -8688125.206778077 -0.34960875356780985 
667711.598746081 -8790642.879033137 -0.3561413191051085 
670846.3949843255 -8858449.402792567 -0.3628926274898363 
673981.19122257 -8896920.941413647 -0.36996822693673 
677115.9874608145 -8912775.210388586 -0.37747062149203237 
680250.783699059 -8913414.40682353 -0.38547709602992525 
683385.5799373036 -8906635.174486758 -0.3940365538232397 
686520.3761755481 -8900752.416733522 -0.4031871206496168 
689655.1724137926 -8904702.900488483 -0.4129741579688412 
692789.9686520371 -8927668.012629667 -0.42344705761610446 
695924.7648902816 -8978241.4400403 -0.4346354545758343 
699059.5611285261 -9063670.133676544 -0.44652852120126546 
702194.3573667706 -9189669.939901618 -0.45907978041583813 
705329.1536050151 -9360756.940548683 -0.4722342224432735 
708463.9498432596 -9580516.853908466 -0.48595078571557143 
711598.7460815042 -9851321.37994056 -0.5001972984742913 
714733.5423197487 -10173631.710541263 -0.5149240012864299 
717868.3385579932 -10545550.586898685 -0.530045756048781 
721003.1347962377 -10963121.988023933 -0.5454557123414541 
724137.9310344822 -11421166.208629018 -0.5610607051832891 
727272.7272727267 -11913913.968104212 -0.5768047425844611 
730407.5235109712 -12434940.724964827 -0.5926579335846317 
733542.3197492157 -12976683.956682682 -0.6085841295642674 
736677.1159874602 -13530334.780255206 -0.6245239493351632 
739811.9122257048 -14086565.605674777 -0.6404148152381324 
742946.7084639493 -14636697.984258821 -0.656230370943994 
746081.5047021938 -15173426.240895014 -0.6719992873719505 
749216.3009404383 -15690638.407683438 -0.6877829964011858 
752351.0971786828 -16182804.167419642 -0.7036344263802632 
755485.8934169273 -16644856.033800848 -0.7195807063246493 
758620.6896551718 -17072960.93967196 -0.7356485023583299 
761755.4858934163 -17465587.43826198 -0.7519051101766675 
764890.2821316608 -17823865.89313638 -0.768469648137289 
768025.0783699054 -18150884.730130617 -0.7854781960549968 
771159.8746081499 -18450623.61548653 -0.803035106685052 
774294.6708463944 -18727579.19977671 -0.8211988700680921 
777429.4670846389 -18987379.097736135 -0.8400159667591834 
780564.2633228834 -19237572.296245277 -0.8595652771382316 
783699.0595611279 -19487505.1696444 -0.8799627288042389 
786833.8557993724 -19747081.285572577 -0.9013165309511573 
789968.6520376169 -20025360.32290847 -0.9236763185045164 
793103.4482758614 -20330147.92180155 -0.9470284877410724 
796238.244514106 -20668711.2133687 -0.9713433562451926 
799373.0407523505 -21048561.88788865 -0.9966250915170574 
802507.836990595 -21477151.410572212 -1.0229109045951517 
805642.6332288395 -21960472.453631043 -1.0502187228121096 
808777.429467084 -22501776.902138487 -1.078498357698312 
811912.2257053285 -23101601.37318232 -1.1076403662993821 
815047.021943573 -23759002.371265866 -1.1375378217136245 
818181.8181818175 -24472669.993014894 -1.1681397913996105 
821316.614420062 -25240732.165351924 -1.19944199589151 
824451.4106583066 -26059481.848985925 -1.2314253391701606 
827586.2068965511 -26922486.437455054 -1.2640093262828969 
830721.0031347956 -27821248.124031756 -1.2970741416476421 
833855.7993730401 -28747023.665104255 -1.3305337025279518 
836990.5956112846 -29692198.665704753 -1.3643864610101066 
840125.3918495291 -30650055.61435532 -1.3986911828866861 
843260.1880877736 -31613465.431598652 -1.433492541722985 
846394.9843260181 -32574208.838222463 -1.468775407683471 
849529.7805642626 -33524017.432003573 -1.5044985100375667 
852664.5768025072 -34456604.84482082 -1.540674701270854 
855799.3730407517 -35368836.06047281 -1.5774134418405203 
858934.1692789962 -36259986.67099314 -1.614877720963019 
862068.9655172407 -37129990.69636627 -1.6531966369913578 
865203.7617554852 -37978631.05739926 -1.6924231296445862 
868338.5579937297 -38806631.664342776 -1.7325808189047214 
871473.3542319742 -39617551.9656815 -1.7737498111680738 
874608.1504702187 -40418422.891809806 -1.8160975302699986 
877742.9467084632 -41218265.299853556 -1.85981587647786 
880877.7429467078 -42025795.0199666 -1.9050249823026066 
884012.5391849523 -42848471.37810461 -1.951742363435145 
887147.3354231968 -43693636.785799235 -1.9999508473273178 
890282.1316614413 -44570253.93787294 -2.0496951472631366 
893416.9278996858 -45489042.65597005 -2.101104242588321 
896551.7241379303 -46460459.12321804 -2.1543121528368334 
899686.5203761748 -47492275.0545652 -2.209356685986411 
902821.3166144193 -48589049.04514978 -2.266161551271734 
905956.1128526638 -49753893.89200632 -2.324621906647627 
909090.9090909084 -50990553.089229725 -2.3847044951873215 
912225.7053291529 -52303434.51343159 -2.446456521134205 
915360.5015673974 -53695369.979324915 -2.5099134165655914 
918495.2978056419 -55165307.07098572 -2.57500560547845 
921630.0940438864 -56708317.76547599 -2.6415708048221425 
924764.8902821309 -58317972.260422595 -2.7094703112692455 
927899.6865203754 -59988688.31981924 -2.7786961345655734 
931034.4827586199 -61715718.77056061 -2.8493596428010375 
934169.2789968645 -63492996.25177053 -2.9215718398543706 
937304.075235109 -65311452.82992985 -2.9953377966045807 
940438.8714733535 -67160090.07296494 -3.070573974321186 
943573.667711598 -69029251.35595097 -3.1472285011590593 
946708.4639498425 -70913164.09112674 -3.2253746030813772 
949843.260188087 -72809433.88447307 -3.3051738407374947 
952978.0564263315 -74716241.11836927 -3.3867441503202724 
956112.852664576 -76630342.50284886 -3.4700732588619085 
959247.6489028205 -78548108.14081879 -3.5550764855407277 
962382.445141065 -80468572.03247645 -3.6417482513530697 
965517.2413793096 -82395239.13260747 -3.730254604306958 
968652.0376175541 -84334587.48430417 -3.8208700561766418 
971786.8338557986 -86292656.72506578 -3.9138218435859273 
974921.6300940431 -88273206.93360694 -4.009202115018703 
978056.4263322876 -90279382.88507637 -4.107038587378402 
981191.2225705321 -92317156.48794068 -4.207446787148899 
984326.0188087766 -94396873.03385136 -4.310697591079705 
987460.8150470211 -96531116.93544008 -4.417119824788213 
990595.6112852657 -98730943.38227686 -4.526932399190431 
993730.4075235102 -101004237.89095607 -4.6401815437924565 
996865.2037617547 -103359594.62591957 -4.756768379536919 
999999.9999999992 -105725640.6040744 -4.88047105567933 
