#x u 
0.0 442143.2165347488 -0.02863829929019064 
3134.796238244514 404044.65549524175 -0.02835588478805174 
6269.592476489028 482389.18580719916 -0.02092327562627094 
9404.38871473354 538821.2993463436 -0.012830923436775936 
12539.184952978056 574303.260698461 -0.004247622855789345 
15673.98119122257 587565.9099957838 0.004499428036442108 
18808.777429467085 578287.7907130056 0.013080754805633296 
21943.5736677116 546831.9118516976 0.02116471141226901 
25078.369905956115 494223.612567556 0.028429933769173008 
28213.16614420063 422307.7609596573 0.034586789975628335 
31347.962382445145 333878.07360226975 0.03939777819774769 
34482.75862068966 232561.1146631914 0.04268634562589365 
37617.55485893417 122462.17470346036 0.04433391189965346 
40752.35109717868 7807.627124661547 0.04427533784656397 
43887.14733542319 -107191.36392377086 0.04250268852382938 
47021.943573667704 -218271.18284897666 0.03907610594707149 
50156.739811912215 -321085.45165974787 0.03413043023020655 
53291.53605015673 -411420.8835674388 0.027867795228259173 
56426.33228840124 -485606.7539744859 0.02053851104220117 
59561.12852664575 -540846.2638028368 0.012422702112045776 
62695.92476489026 -575254.9057447097 0.0038226736390221715 
65830.72100313478 -587671.5600149832 -0.004936779235737727 
68965.51724137929 -577521.9154906033 -0.013512612650620462 
72100.3134796238 -544933.7227580758 -0.021561064466565222 
75235.10971786831 -491007.84324877313 -0.028763598259349318 
78369.90595611282 -417946.9609946431 -0.03484707229373653 
81504.70219435733 -328852.9891425077 -0.03958891983584745 
84639.49843260185 -227318.16804456795 -0.042812510945348325 
87774.29467084636 -117127.40161599658 -0.04438670592870166 
90909.09090909087 -2254.633879601981 -0.044237469324033225 
94043.88714733538 112990.38769359581 -0.04236450413755227 
97178.68338557989 223984.93375168976 -0.03884785645504405 
100313.4796238244 326140.88454959873 -0.033837081247908636 
103448.27586206891 415392.3683012106 -0.027531239495560144 
106583.07210031342 488479.49358881114 -0.020165401789349894 
109717.86833855794 542878.9207585754 -0.01201051890833162 
112852.66457680245 576583.3718914397 -0.0033775236512421903 
115987.46081504696 588072.4995531046 0.005389799628467951 
119122.25705329147 576594.1679976642 0.013938307563018077 
122257.05329153598 542517.3102729664 0.02193399478886715 
125391.84952978049 487402.25918420195 0.02907878768654228 
128526.645768025 413690.81701254734 0.03511063013803609 
131661.44200626953 324284.7115757008 0.039798622815183815 
134796.23824451404 222373.30046052957 0.04294919784343685 
137931.03448275855 111586.77793919216 0.04442627999861595 
141065.83072100306 -3816.293280883099 0.04417157943903219 
144200.62695924757 -119080.36904299128 0.042208371779657 
147335.42319749208 -229439.87846753956 0.038626706536767016 
150470.2194357366 -330629.47121405124 0.033564983523549086 
153605.0156739811 -419053.27456938534 0.02720440309259409 
156739.81191222562 -491595.0826914113 0.019777033458003936 
159874.60815047013 -545417.7538135097 0.011571555410734954 
163009.40438871464 -578099.631670269 0.002920874749801434 
166144.20062695915 -588081.8499688962 -0.005826962104589219 
169278.99686520366 -575041.8079161359 -0.014336583167240704 
172413.79310344817 -539846.0208176472 -0.022295526668301403 
175548.58934169268 -484139.4690585692 -0.029409036568607133 
178683.3855799372 -409979.88614751125 -0.03539761316272355 
181818.1818181817 -319852.42639626586 -0.040012141080593075 
184952.97805642622 -216972.57055445891 -0.04306181212231279 
188087.77429467073 -105449.50813094471 -0.044434692460232 
191222.57053291524 10003.10384114151 -0.04409607667421858 
194357.36677115975 124668.35781703009 -0.04207062655119772 
197492.16300940426 234278.49199737082 -0.03842904152315113 
200626.95924764877 335012.2492263621 -0.03329301057816587 
203761.75548589329 423206.0098795404 -0.026850520907307673 
206896.5517241378 495246.6011787337 -0.01935999574798062 
210031.3479623823 547916.9955923106 -0.011130859642025617 
213166.14420062682 578972.500849894 -0.00249086407845995 
216300.94043887133 587451.8821278219 0.006236868966331471 
219435.73667711584 573469.5859824214 0.014735114333456123 
222570.53291536035 537747.2125859484 0.022683537383900512 
225705.32915360486 481389.2253633118 0.02976207943808409 
228840.12539184937 406124.5056924959 0.03567636446468565 
231974.9216300939 314712.79130536184 0.04019077732405426 
235109.7178683384 211003.07392559695 0.04314514356942977 
238244.5141065829 99461.17190229996 0.044446090896518 
241379.31034482742 -15482.057569571334 0.044048699234364004 
244514.10658307193 -129732.66258406508 0.04195225125865574 
247648.90282131644 -239329.35530705476 0.03821687879635907 
250783.69905956095 -340115.441871243 0.0329832970802895 
253918.49529780546 -427806.5881901467 0.02647162498956625 
257053.29153604998 -498557.2842456697 0.01895450178395342 
260188.0877742945 -549589.0903140323 0.010724563081006847 
263322.884012539 -579350.4723522932 0.0020807230303948945 
266457.6802507835 -587138.897654496 -0.006663312248831969 
269592.476489028 -572654.247899713 -0.015169459808426634 
272727.27272727253 -536001.3600362752 -0.02308791790348818 
275862.06896551704 -478159.46638961526 -0.030092396625873378 
278996.86520376155 -401408.0470532967 -0.03591399145943443 
282131.66144200607 -309201.9095239772 -0.04034989658324204 
285266.4576802506 -205530.42941913047 -0.043248000693292044 
288401.2539184951 -94313.9843191854 -0.044492174539461755 
291536.0501567396 20662.804699815195 -0.044010649940934655 
294670.8463949841 135358.92215327878 -0.041803477175404 
297805.6426332286 245202.8341127808 -0.03796224950374209 
300940.43887147313 345404.0903244742 -0.032660381476520776 
304075.23510971764 431705.6783293715 -0.02612041147326561 
307210.03134796215 500955.5898312575 -0.018586748755918692 
310344.82758620667 551042.3860701403 -0.010324767822204827 
313479.6238244512 580384.3087585646 -0.0016377047067327095 
316614.4200626957 587611.5061059756 0.007127713167356661 
319749.2163009402 571857.8996703939 0.015605646917052423 
322884.0125391847 533408.9342414725 0.023453464430755692 
326018.8087774292 474036.77536931017 0.030380849327737446 
329153.60501567373 396639.63664849184 0.03614758804206506 
332288.40125391824 304498.0505244111 0.04054383499037115 
335423.19749216276 200839.6097883172 0.043384044746132215 
338557.99373040727 89060.3205250741 0.044530050788950774 
341692.7899686518 -26762.180771097497 0.04392610041595991 
344827.5862068963 -141761.37897220626 0.041613368540202575 
347962.3824451408 -250872.05208681806 0.03771008984180597 
351097.1786833853 -349680.590660382 0.03237691197861323 
354231.9749216298 -434812.75884635485 0.02580034240751545 
357366.77115987433 -503604.0597137081 0.018206023737993984 
360501.56739811884 -553537.8664596035 0.009879989960048314 
363636.36363636336 -582171.7877623923 0.0011654763400299234 
366771.15987460787 -587746.9461557092 -0.007573110205701596 
369905.9561128524 -569930.9897048965 -0.015993712903015895 
373040.7523510969 -529964.9563305194 -0.023794478947243222 
376175.5485893414 -470064.9634332501 -0.030699671241556266 
379310.3448275859 -392670.6268215541 -0.036441070059817414 
382445.1410658304 -300256.6748324922 -0.04076715059550115 
385579.93730407493 -195798.93739306342 -0.04348248633704508 
388714.73354231945 -83268.72332426667 -0.04448605098255348 
391849.52978056396 32517.609931608044 -0.04377492679332219 
394984.32601880847 146686.07404916792 -0.04141235495337191 
398119.122257053 255030.7834508624 -0.037492869751438035 
401253.9184952975 354022.77170891006 -0.032137467191091756 
404388.714733542 440201.62929402996 -0.025518309388972316 
407523.5109717865 509732.3791589652 -0.01788049347949915 
410658.307210031 558788.956460186 -0.00953143533554153 
413793.10344827553 584597.3418623831 -0.0008029213379536171 
416927.89968652005 586277.337958939 0.007980203717556866 
420062.69592476456 564780.0283488121 0.016498883299658245 
423197.49216300907 522070.4857952465 0.02441768469984892 
426332.2884012536 460376.84075272037 0.03137982818223484 
429467.0846394981 382135.68115978676 0.03704403662610838 
432601.8808777426 290435.49872124864 0.04114612445450865 
435736.6771159871 189189.2221378689 0.0435408960528246 
438871.4733542316 82570.85475978121 0.04419570527338815 
442006.26959247614 -25891.029896056476 0.04315054690714798 
445141.06583072065 -133687.58755460824 0.040486697313943436 
448275.86206896516 -238742.03813504346 0.0363296068443879 
451410.65830720967 -338378.50414229976 0.030870203756776547 
454545.4545454542 -428838.4279746664 0.02436644968680959 
457680.2507836987 -505823.8359754201 0.017107738066761483 
460815.0470219432 -565558.2212524653 0.009366402899844601 
463949.8432601877 -605400.051325637 0.0013781811451347168 
467084.6394984322 -623581.4178872892 -0.006633239706373118 
470219.43573667674 -618600.35938177 -0.014416749269877157 
473354.23197492125 -589157.3451465527 -0.02168423407952622 
476489.02821316576 -534908.2316045223 -0.028145595372208437 
479623.82445141027 -457361.3224388255 -0.03355781940461042 
482758.6206896548 -359986.5422336527 -0.03774407062268078 
485893.4169278993 -247330.4524757588 -0.040571113893520964 
489028.2131661438 -123900.65933085806 -0.041917580426595304 
492163.0094043883 6217.362436507181 -0.04167501662373807 
495297.8056426328 138837.31378158086 -0.03978804702127829 
498432.60188087734 269026.79236313177 -0.03629673180566723 
501567.39811912185 391241.88041066943 -0.03133932695028854 
504702.19435736636 500290.84538653016 -0.025113149107402255 
507836.99059561087 592246.9835924103 -0.017834078318418264 
510971.7868338554 664416.1951292759 -0.009736009673092731 
514106.5830720999 714406.5681712882 -0.001108444387087798 
517241.3793103444 739279.1184821769 0.007672288498805555 
520376.1755485889 735711.0460700323 0.016160484116512604 
523510.9717868334 701119.6851606508 0.02390440033240862 
526645.768025078 634793.6324301679 0.03051132979921617 
529780.5642633225 538179.6371562957 0.03567489465484228 
532915.360501567 414433.4750643647 0.03916900825773138 
536050.1567398115 268098.5659643875 0.04084756105533555 
539184.952978056 105482.83715856318 0.0406754441248538 
542319.7492163006 -64744.342843842955 0.03876847448130553 
545454.5454545451 -231863.5289022362 0.03539002362613953 
548589.3416927896 -384901.1065319381 0.030877519564752137 
551724.1379310341 -515160.9457150147 0.02553280736325874 
554858.9341692786 -617921.337916868 0.019548108671914283 
557993.7304075231 -692249.7309256971 0.013015450664924124 
561128.5266457676 -739300.7435469314 0.00600277571945256 
564263.3228840121 -760467.2088952989 -0.0013659804581995358 
567398.1191222566 -756505.0245921627 -0.008878035366170382 
570532.9153605012 -727663.9673123375 -0.016247324089931077 
573667.7115987457 -674096.2423583926 -0.02314473114369168 
576802.5078369902 -596053.7617866494 -0.029220129927064572 
579937.3040752347 -494135.5856801369 -0.03412771078125333 
583072.1003134792 -370075.2185906411 -0.03757650317819063 
586206.8965517237 -227890.22612611804 -0.03939739606613373 
589341.6927899682 -74406.28179861608 -0.039580819815944704 
592476.4890282127 81720.1247042228 -0.03824441825170585 
595611.2852664572 232176.44175406944 -0.03554415758329798 
598746.0815047018 370886.6093460955 -0.0315962792052779 
601880.8777429463 494217.63795546733 -0.02647410562173655 
605015.6739811908 599512.5375573491 -0.020278891897822386 
608150.4702194353 683439.4335383151 -0.013216292533154025 
611285.2664576798 741756.7376006672 -0.005605078732889537 
614420.0626959243 770702.7687680363 0.0021913671333380035 
617554.8589341688 768667.4992871073 0.009849064805505075 
620689.6551724133 736598.3796120626 0.017111712691297836 
623824.4514106578 676895.6535236447 0.023751642195687324 
626959.2476489024 592029.2591029085 0.02951947808142079 
630094.0438871469 484280.11306813906 0.03414630093800626 
633228.8401253914 356746.03207122907 0.03740419845774975 
636363.6363636359 214388.81451042235 0.03916856566350925 
639498.4326018804 63841.76395793204 0.03942289569557718 
642633.2288401249 -88016.45863998553 0.03820580457888391 
645768.0250783694 -235438.94200532947 0.035558607213222806 
648902.8213166139 -373918.2904375942 0.03152896663400756 
652037.6175548584 -499133.5435326789 0.026225311245460806 
655172.413793103 -606050.3326916154 0.01986154776786904 
658307.2100313475 -689316.0521755163 0.01273959936583045 
661442.006269592 -744725.2668904297 0.005180047053719475 
664576.8025078365 -770394.077117931 -0.0025366430555306425 
667711.598746081 -766555.0155309687 -0.010168224618508085 
670846.3949843255 -734277.2532083734 -0.017461788048593264 
673981.19122257 -674481.6169833465 -0.024120286309934076 
677115.9874608145 -588258.1642100147 -0.02983021082936922 
680250.783699059 -478094.51252630755 -0.034331950882432405 
683385.5799373036 -348645.5821138539 -0.03746952537908445 
686520.3761755481 -206127.77893380326 -0.03917709643435863 
689655.1724137926 -56819.29836318985 -0.03942379149682669 
692789.9686520371 93964.02374644732 -0.03817908090565247 
695924.7648902816 241580.40956936922 -0.03543659610811639 
699059.5611285261 381004.40550130745 -0.03127108779797215 
702194.3573667706 506329.6018869225 -0.02586723734110654 
705329.1536050151 611552.5164247509 -0.019487053087922854 
708463.9498432596 692008.5810131272 -0.012404557579665678 
711598.7460815042 745150.449266728 -0.004867783407643159 
714733.5423197487 770037.4148553691 0.002882899015230874 
717868.3385579932 766212.9597260016 0.010570958491248278 
721003.1347962377 733220.8408825956 0.017871405811897802 
724137.9310344822 671275.9857336784 0.024453304688615667 
727272.7272727267 582358.3340590331 0.030043089247235137 
730407.5235109712 470540.1794297813 0.03445365692913926 
733542.3197492157 341142.07118818886 0.03756013052612771 
736677.1159874602 199493.12505572347 0.039257293541409374 
739811.9122257048 50418.476799060125 0.039449611040279664 
742946.7084639493 -101239.4081968954 0.03808737239284558 
746081.5047021938 -249853.45451264182 0.03521236745385381 
749216.3009404383 -389018.6558064447 0.03096593863160649 
752351.0971786828 -512515.60288168734 0.025550702398163955 
755485.8934169273 -615415.4685944058 0.019183088294163677 
758620.6896551718 -694389.6485464267 0.012079512940165061 
761755.4858934163 -747129.1474995686 0.004480525315062398 
764890.2821316608 -771669.3391121706 -0.003323450993124898 
768025.0783699054 -766433.2012670466 -0.01100184788278202 
771159.8746081499 -730979.6273924772 -0.0182282413473965 
774294.6708463944 -666676.1543476114 -0.024723028719251167 
777429.4670846389 -576600.0735205959 -0.030262132073407878 
780564.2633228834 -464770.4722381718 -0.034655916472550306 
783699.0595611279 -335453.69064447994 -0.03773181087502696 
786833.8557993724 -193113.46023661486 -0.03934625819035269 
789968.6520376169 -42831.81110047602 -0.039417472217696634 
793103.4482758614 109471.09285852757 -0.037947685183394975 
796238.244514106 257438.36122657306 -0.035015155571229785 
799373.0407523505 395042.6961522137 -0.03074728341075347 
802507.836990595 517108.5421893988 -0.025302433208428576 
805642.6332288395 619296.298064128 -0.018873707591081007 
808777.429467084 697840.5143917521 -0.01170117258661332 
811912.2257053285 749536.2724758992 -0.004069873065443751 
815047.021943573 772106.4414867208 0.0037123433127610526 
818181.8181818175 764610.5748646202 0.011341437127519264 
821316.614420062 727510.2989523703 0.018530264677403693 
824451.4106583066 662398.9157413932 0.025008105676746707 
827586.2068965511 571745.3626457107 0.03052221989729035 
830721.0031347956 458897.8632723044 0.034852164268364426 
833855.7993730401 328195.9965486904 0.03782938927100771 
836990.5956112846 184853.81937457138 0.03934609144448059 
840125.3918495291 34535.680984794206 0.039349180581441566 
843260.1880877736 -117071.19140242656 0.03783278132896193 
846394.9843260181 -264367.8645113609 0.034843445378427845 
849529.7805642626 -401721.784897026 0.030493863932213122 
852664.5768025072 -523533.3575293601 0.024965442073823972 
855799.3730407517 -624735.8822793334 0.018488293412912055 
858934.1692789962 -701435.1719834431 0.01131200390743761 
862068.9655172407 -751128.6455525369 0.003692840268122221 
865203.7617554852 -772330.695465957 -0.004094551631821515 
868338.5579937297 -764094.977522153 -0.011743236849308789 
871473.3542319742 -726092.1995450486 -0.018927748758417295 
874608.1504702187 -659293.6521124878 -0.025347422645859836 
877742.9467084632 -566543.1694544384 -0.030765961449503675 
880877.7429467078 -452268.1834599576 -0.03501236955232459 
884012.5391849523 -321429.3110312097 -0.03794726446706445 
887147.3354231968 -178665.15368153225 -0.03943785922116399 
890282.1316614413 -28458.558747101673 -0.039378940385016485 
893416.9278996858 123942.8575332817 -0.03774707740016773 
896551.7241379303 272036.3615507232 -0.03463330672614075 
899686.5203761748 408857.1729504105 -0.030214785287825313 
902821.3166144193 528559.457654847 -0.024687816073415293 
905956.1128526638 627338.1637421707 -0.018228364238375525 
909090.9090909084 702809.2304129391 -0.011020406970072855 
912225.7053291529 752572.725379775 -0.0033189074620070345 
915360.5015673974 773638.1524025839 0.004529447925293357 
918495.2978056419 763561.2857236263 0.01214646513725239 
921630.0940438864 722280.8404459201 0.019216923476719255 
924764.8902821309 652725.9940130378 0.02552850395310337 
927899.6865203754 559399.6122472874 0.03092025004959466 
931034.4827586199 446257.39500045567 0.03519955829204267 
934169.2789968645 316049.28342997655 0.03812644947765313 
937304.075235109 171825.5820899665 0.039496760267461795 
940438.8714733535 18957.23725526057 0.03924804994031223 
943573.667711598 -134705.82586523483 0.03747879302844902 
946708.4639498425 -281084.38987236447 0.03435536511950545 
949843.260188087 -414494.2081288212 0.029999639635148893 
952978.0564263315 -532049.5878419768 0.024475851233467655 
956112.852664576 -631472.9814334932 0.01789363022453246 
959247.6489028205 -708720.5804939865 0.01051663759655365 
962382.445141065 -758182.0821915366 0.002750380241484212 
965517.2413793096 -775574.6183763739 -0.004996176609617199 
968652.0376175541 -760693.2711222887 -0.012444909869335965 
971786.8338557986 -717101.7112277894 -0.01944474995248424 
974921.6300940431 -648927.0037607732 -0.025836920568254998 
978056.4263322876 -558026.3086898894 -0.03133852199674072 
981191.2225705321 -444554.3101329086 -0.0355827723744952 
984326.0188087766 -310426.1813639037 -0.03829219986494377 
987460.8150470211 -161967.01348321213 -0.03941420769142346 
990595.6112852657 -8656.038741155393 -0.03907686094434093 
993730.4075235102 141085.41621967984 -0.037404796367010204 
996865.2037617547 283628.11885483906 -0.03442048921716536 
999999.9999999992 414452.608994726 -0.029907573784030528 
