#x u 
0.0 204003.02676790595 0.029316736977079764 
3134.796238244514 269610.0527775439 0.02297618290527732 
6269.592476489028 446608.10992313985 0.021330947660187963 
9404.38871473354 602773.285034979 0.018697545663761132 
12539.184952978056 735706.4564975713 0.015344649809461793 
15673.98119122257 840188.459270462 0.011398311679248097 
18808.777429467085 912180.4289655354 0.007011202611986643 
21943.5736677116 948898.4049645634 0.0023529704807560914 
25078.369905956115 948922.5051913038 -0.0023962509542178544 
28213.16614420063 912251.7976576791 -0.007052809429259975 
31347.962382445145 840304.3376386977 -0.01143663595331915 
34482.75862068966 735862.3314786486 -0.015378208072589678 
37617.55485893417 602964.5487473399 -0.018725105299206492 
40752.35109717868 446750.1431294277 -0.021347903207412994 
43887.14733542319 273259.92148961796 -0.023145178272624717 
47021.943573667704 89202.7460336453 -0.024047429916397866 
50156.739811912215 -98303.89721282516 -0.0240197680919289 
53291.53605015673 -282009.13139742415 -0.023063262481226227 
56426.33228840124 -454809.0800539881 -0.021214901130535715 
59561.12852664575 -610021.5738144839 -0.01854616012358687 
62695.92476489026 -741644.54971879 -0.015160239603357155 
65830.72100313478 -844588.1508279715 -0.011188073025317886 
68965.51724137929 -914871.5508552458 -0.006783263964232041 
72100.3134796238 -949776.8926114482 -0.0021161462680483857 
75235.10971786831 -947954.3874694556 0.0026328027474184857 
78369.90595611282 -909474.5116541026 0.007279941351437587 
81504.70219435733 -835825.2809284613 0.011645564819151077 
84639.49843260185 -729854.7090642968 0.0155608546084522 
87774.29467084636 -595660.675226093 0.01887440656846911 
90909.09090909087 -438432.45909395465 0.021458085734007964 
94043.88714733538 -264250.071557912 0.02321198130121135 
97178.68338557989 -79849.14086029549 0.024068270175657037 
100313.4796238244 107639.55396727964 0.02399383968959545 
103448.27586206891 290965.830137321 0.022991568067921173 
106583.07210031342 463040.46547989803 0.02110021312729373 
109717.86833855794 617209.3384733255 0.01839291351240943 
112852.66457680245 747510.7429444818 0.014974360426577744 
115987.46081504696 848905.9270862151 0.010976749225704352 
119122.25705329147 917473.9418542372 0.006554667427433001 
122257.05329153598 950563.2639612341 0.0018791168159950147 
125391.84952978049 946894.3302110848 -0.0028690991921888603 
128526.645768025 906609.0181732517 -0.007506367211759636 
131661.44200626953 831265.1597809831 -0.011853364213094651 
134796.23824451404 723776.3000123447 -0.015741991939041085 
137931.03448275855 588299.0301842603 -0.019021877260000188 
141065.83072100306 430072.2526780577 -0.021566187098805117 
144200.62695924757 255214.59272525212 -0.023276533062404698 
147335.42319749208 70487.79133436987 -0.02408677611837702 
150470.2194357366 -116964.77105202578 -0.023965584189534685 
153605.0156739811 -299894.3088869724 -0.022917643764507223 
156739.81191222562 -471226.9418612884 -0.020983478671351807 
159874.60815047013 -624337.241664916 -0.018237883022211885 
163009.40438871464 -753304.4371215197 -0.014787028927011812 
166144.20062695915 -853141.3702506648 -0.010764360820820974 
169278.99686520366 -919987.3495328188 -0.00632543517113802 
172413.79310344817 -951257.4427466008 -0.0016419051134753842 
175548.58934169268 -945742.4362282732 0.0031051173707752596 
178683.3855799372 -903655.595131603 0.0077320650497932535 
181818.1818181817 -826624.4164701023 0.012060013981247618 
184952.97805642622 -717627.6938512761 0.01592160249633572 
188087.77429467073 -580880.3276079177 0.019167503071015488 
191222.57053291524 -421670.33471557935 0.021672196817344815 
194357.36677115975 -246154.36131833104 0.023338827295503833 
197492.16300940426 -61119.60538793214 0.024102945949718742 
200626.95924764877 126278.64403935318 0.023935004332175165 
203761.75548589329 308793.70169767074 0.022841496740687375 
206896.5517241378 479367.71521532745 0.02086470908440495 
210031.3479623823 631404.592072655 0.01808108368900644 
213166.14420062682 759025.0703218802 0.01459826327404392 
216300.94043887133 857294.0695172818 0.010550928410555306 
219435.73667711584 922411.5301942799 0.0060955894246683545 
222570.53291536035 951859.3619287158 0.0014045341538247997 
225705.32915360486 944498.8172221577 -0.0033408343915889887 
228840.12539184937 900614.5268361327 -0.007957012877734154 
231974.9216300939 821903.4972730562 -0.01226549390629382 
235109.7178683384 711409.4943592647 -0.01609966920149313 
238244.5141065829 573405.3257237294 -0.019311271651889658 
241379.31034482742 413227.54549645225 -0.021776105772794797 
244514.10658307193 237070.0705559105 -0.023398849455465963 
247648.90282131644 51744.99702381317 -0.024116755430430716 
250783.69905956095 -135580.17500748896 -0.02390210741936602 
253918.49529780546 -317660.35006791103 -0.022763262515318274 
257053.29153604998 -487457.1667229829 -0.020744137248233072 
260188.0877742945 -638414.9736354734 -0.017922335021565372 
263322.884012539 -764702.451053978 -0.01440668998920102 
266457.6802507835 -861403.448950915 -0.010334647124079183 
269592.476489028 -924697.4815627305 -0.005867387855935295 
272727.27272727253 -952117.6522287112 -0.0011785464793177107 
275862.06896551704 -942852.4931519264 0.0035619672462994505 
278996.86520376155 -897752.4964589198 0.008193399509183599 
282131.66144200607 -818654.9516634047 0.012540928409685861 
285266.4576802506 -707400.8151927256 0.016380616528542048 
288401.2539184951 -565982.6762358143 0.019458116174541944 
291536.0501567396 -398832.1616882015 0.021606886396387297 
294670.8463949841 -215567.92463379522 0.02288844991324493 
297805.6426332286 -30378.420625967225 0.023578771383301625 
300940.43887147313 143448.9267062644 0.023931964904206487 
304075.23510971764 299700.3907731868 0.023911079031071997 
307210.03134796215 439936.9237676993 0.02316840838005979 
310344.82758620667 567856.8264428105 0.02131457493101259 
313479.6238244512 683110.5179461688 0.018210546753906223 
316614.4200626957 780148.3722426795 0.014026446576058655 
319749.2163009402 851594.8661298943 0.00909014682147079 
322884.0125391847 891774.7851700494 0.0037260309668784722 
326018.8087774292 897834.7833131368 -0.0017989005364664 
329153.60501567373 869212.5198474275 -0.007255963927397514 
332288.40125391824 806977.8316119668 -0.012432439388365869 
335423.19749216276 713537.3323273561 -0.01712815275248901 
338557.99373040727 592504.3635883566 -0.021161520910242013 
341692.7899686518 448559.26704158203 -0.024376573623420123 
344827.5862068963 287268.3956998746 -0.0266489848900561 
347962.3824451408 114868.86322097544 -0.027890880627573264 
351097.1786833853 -61972.64510990461 -0.028054236761195894 
354231.9749216298 -236417.6729208034 -0.027132736313629398 
357366.77115987433 -401720.43567702366 -0.025162013682402392 
360501.56739811884 -551488.6799877014 -0.022218276658672556 
363636.36363636336 -679930.8718725467 -0.01841535947399167 
366771.15987460787 -782080.1552251278 -0.013900320833632586 
369905.9561128524 -853986.4200049498 -0.008847757160410523 
373040.7523510969 -892869.0528865065 -0.0034530509557077634 
376175.5485893414 -897224.4635018045 0.00207518463660115 
379310.3448275859 -866884.2282394648 0.0075231728948135235 
382445.1410658304 -803021.6031812475 0.01268024025947832 
385579.93730407493 -708106.1543209152 0.01734696307427526 
388714.73354231945 -585808.2595136616 0.021342879293442318 
391849.52978056396 -440857.17506314523 0.024513466944232728 
394984.32601880847 -278858.1555073951 0.02673611948744621 
398119.122257053 -106075.69857654927 0.027924887009002836 
401253.9184952975 70808.70276592215 0.028033799900809467 
404388.714733542 244954.9334764504 0.02705864650426855 
407523.5109717865 409628.76349617646 0.025037135975002858 
410658.307210031 558462.2602462459 0.022047440070821534 
413793.10344827553 685700.0364094013 0.01820517025194767 
416927.89968652005 786421.8106027823 0.013658906988960166 
420062.69592476456 856732.6745266963 0.008584454159991655 
423197.49216300907 893913.7089638344 0.003178040719488556 
426332.2884012536 896527.1243122937 -0.0023512674701810406 
429467.0846394981 864471.8598708234 -0.007789652210003299 
432601.8808777426 798987.4918534225 -0.012926811308325114 
435736.6771159871 702606.2990104776 -0.017564090960950355 
438871.4733542316 579055.3394775769 -0.021522167688406493 
442006.26959247614 433112.32553762564 -0.024647982770073684 
445141.06583072065 270420.86961533816 -0.026820661020795722 
448275.86206896516 97272.24593652593 -0.027956185031039575 
451410.65830720967 -79637.892877043 -0.028010644117862832 
454545.4545454542 -253468.43651448577 -0.02698193234984245 
457680.2507836987 -417497.3625275699 -0.024909829983386148 
460815.0470219432 -565381.6767580367 -0.021874465161286903 
463949.8432601877 -691402.6967511384 -0.017993215359595555 
467084.6394984322 -790687.1930523932 -0.013416168403778458 
470219.43573667674 -859395.836859549 -0.008320318576542179 
473354.23197492125 -894871.6667641283 -0.002902722253680802 
476489.02821316576 -895742.8333776508 0.0026271222606774874 
479623.82445141027 -861975.6487105965 0.0080553760278576 
482758.6206896548 -794875.8888860556 0.013172128620645998 
485893.4169278993 -697038.2998121599 0.017779515353866834 
489028.2131661438 -572246.2584275865 0.021699368706437093 
492163.0094043883 -425325.4696170731 0.024780108054616088 
495297.8056426328 -261957.3563332854 0.02690260129064948 
498432.60188087734 -88459.35912400896 0.02798477165817276 
501567.39811912185 88459.35912395909 0.02798477165817294 
504702.19435736636 261957.3563332373 0.026902601290649947 
507836.99059561087 425325.4696170292 0.024780108054616834 
510971.7868338554 572246.2584275478 0.02169936870643808 
514106.5830720999 697038.2998121278 0.01777951535386799 
517241.3793103444 794875.8888860318 0.013172128620647344 
520376.1755485889 861975.6487105818 0.008055376027859069 
523510.9717868334 895742.8333776462 0.0026271222606790686 
526645.768025078 894871.6667641337 -0.0029027222536792178 
529780.5642633225 859395.8368595641 -0.008320318576540645 
532915.360501567 790687.1930524177 -0.01341616840377702 
536050.1567398115 691402.696751171 -0.017993215359594326 
539184.952978056 565381.6767580762 -0.0218744651612859 
542319.7492163006 417497.3625276152 -0.024909829983385444 
545454.5454545451 253468.4365145347 -0.026981932349842027 
548589.3416927896 79637.89287709343 -0.028010644117862707 
551724.1379310341 -97272.2459364767 -0.02795618503103974 
554858.9341692786 -270420.8696152914 -0.026820661020796197 
557993.7304075231 -433112.3255375826 -0.02464798277007442 
561128.5266457676 -579055.3394775382 -0.021522167688407458 
564263.3228840121 -702606.2990104458 -0.01756409096095156 
567398.1191222566 -798987.4918533992 -0.012926811308326503 
570532.9153605012 -864471.8598708096 -0.007789652210004817 
573667.7115987457 -896527.1243122899 -0.0023512674701826283 
576802.5078369902 -893913.7089638406 0.0031780407194869813 
579937.3040752347 -856732.6745267127 0.008584454159990167 
583072.1003134792 -786421.810602808 0.013658906988958767 
586206.8965517237 -685700.0364094354 0.01820517025194647 
589341.6927899682 -558462.260246286 0.02204744007082052 
592476.4890282127 -409628.76349622174 0.025037135975002112 
595611.2852664572 -244954.93347649873 0.027058646504268095 
598746.0815047018 -70808.70276597193 0.028033799900809318 
601880.8777429463 106075.69857649892 0.027924887009002988 
605015.6739811908 278858.1555073464 0.026736119487446693 
608150.4702194353 440857.17506310006 0.024513466944233522 
611285.2664576798 585808.2595136225 0.02134287929344335 
614420.0626959243 708106.1543208844 0.017346963074276512 
617554.8589341688 803021.6031812258 0.01268024025947974 
620689.6551724133 866884.2282394528 0.0075231728948150535 
623824.4514106578 897224.4635018017 0.0020751846366027483 
626959.2476489024 892869.0528865135 -0.0034530509557061705 
630094.0438871469 853986.4200049668 -0.008847757160408991 
633228.8401253914 782080.1552251534 -0.013900320833631161 
636363.6363636359 679930.8718725799 -0.018415359473990412 
639498.4326018804 551488.6799877409 -0.022218276658671522 
642633.2288401249 401720.4356770684 -0.025162013682401643 
645768.0250783694 236417.67292085287 -0.02713273631362896 
648902.8213166139 61972.64510995682 -0.02805423676119581 
652037.6175548584 -114868.86322092403 -0.027890880627573503 
655172.413793103 -287268.3956998259 -0.026648984890056623 
658307.2100313475 -448559.2670415386 -0.024376573623420925 
661442.006269592 -592504.3635883192 -0.02116152091024305 
664576.8025078365 -713537.3323273257 -0.017128152752490224 
667711.598746081 -806977.8316119441 -0.012432439388367219 
670846.3949843255 -869212.5198474136 -0.007255963927398997 
673981.19122257 -897834.7833131329 -0.0017989005364679855 
677115.9874608145 -891738.748192049 0.0037276828200170885 
680250.783699059 -851129.6646275986 0.009111470600679517 
683385.5799373036 -777228.3704002078 0.014160292821766764 
686520.3761755481 -671268.5481209303 0.018753355727464557 
689655.1724137926 -533122.7241326632 0.02290670721142568 
692789.9686520371 -361903.8282800214 0.02674526806559633 
695924.7648902816 -161297.01116240176 0.030255175286358266 
699059.5611285261 52767.54424782016 0.03292608182610447 
702194.3573667706 251777.03802845415 0.033727180645694715 
705329.1536050151 408999.76696697064 0.03175492579013457 
708463.9498432596 519939.49578905606 0.027158171248807324 
711598.7460815042 607190.9542638183 0.021347009950544713 
714733.5423197487 698654.7616962362 0.015979717320796793 
717868.3385579932 796830.4030337506 0.011540540719560871 
721003.1347962377 871320.7820149008 0.006981829812718724 
724137.9310344822 885650.9570378169 0.000939978880998594 
727272.7272727267 832794.5655817129 -0.006648045485012749 
730407.5235109712 742345.5997561855 -0.014225983533050685 
733542.3197492157 650880.303941536 -0.01998454945782681 
736677.1159874602 566000.59335543 -0.02351473138882906 
739811.9122257048 461759.78351658606 -0.02601980730339529 
742946.7084639493 310335.7819060187 -0.02886297883510946 
746081.5047021938 116564.69273654305 -0.03198103024770909 
749216.3009404383 -81188.23607617331 -0.033838278551078356 
752351.0971786828 -244977.67736838484 -0.032974102174565985 
755485.8934169273 -370593.06152104004 -0.029519239791011023 
758620.6896551718 -485468.4449575755 -0.02508746436128381 
761755.4858934163 -613656.32929607 -0.021156286143249766 
764890.2821316608 -744946.1997081125 -0.017636915527535803 
768025.0783699054 -840805.0703100238 -0.013131899040766361 
771159.8746081499 -871056.3428112498 -0.006602132923846281 
774294.6708463944 -842867.2139877605 0.0013177272368253066 
777429.4670846389 -791683.5125655512 0.008746630921904707 
780564.2633228834 -743725.8620571964 0.014286134202471039 
783699.0595611279 -689499.9300118577 0.01824223027824509 
786833.8557993724 -596118.2148714816 0.02206554315210373 
789968.6520376169 -445364.1622626738 0.0266087540205275 
793103.4482758614 -257332.95560410456 0.03104227765934867 
796238.244514106 -74633.40443460131 0.03357487239365757 
799373.0407523505 76421.64340396407 0.03322632466070232 
802507.836990595 207055.27352955355 0.030792305186275393 
805642.6332288395 347629.140158022 0.02799020045021638 
808777.429467084 509229.8802344885 0.02568572731351804 
811912.2257053285 665884.6745729853 0.02306390907483508 
815047.021943573 776324.4707090269 0.018612129297835053 
818181.8181818175 822604.9960665768 0.011875772888278747 
821316.614420062 825159.5915526176 0.004133986709796297 
824451.4106583066 818623.1649821113 -0.0027217410119819182 
827586.2068965511 813971.7537852298 -0.007934768970507508 
830721.0031347956 786842.2455819964 -0.012428504025086362 
833855.7993730401 704298.7375735916 -0.017586968702570156 
836990.5956112846 561838.1170789928 -0.023563409730795848 
840125.3918495291 391635.17258835724 -0.028904416810456232 
843260.1880877736 233243.2100874171 -0.03189211186955275 
846394.9843260181 97400.08231536046 -0.032199518731163265 
849529.7805642626 -39216.51601310786 -0.031124579303686645 
852664.5768025072 -203025.49575802 -0.030162003158952122 
855799.3730407517 -389193.22095037426 -0.029417808774036828 
858934.1692789962 -560263.5828662103 -0.027533861679008575 
862068.9655172407 -679434.8902447695 -0.023199337883854174 
865203.7617554852 -743715.2386072105 -0.01665594755219242 
868338.5579937297 -782317.0012148427 -0.009609691910182197 
871473.3542319742 -822184.997280775 -0.0036365620357161395 
874608.1504702187 -857062.9104372945 0.0012485688546190372 
877742.9467084632 -852714.196350162 0.006364295611194991 
880877.7429467078 -782837.5315408199 0.012726094374493162 
884012.5391849523 -657904.4810455639 0.019731821262153122 
887147.3354231968 -516563.58016926184 0.025560453299823697 
890282.1316614413 -388578.5773080125 0.02887282780229711 
893416.9278996858 -268141.6061831868 0.030033933726464155 
896551.7241379303 -125429.92964644366 0.0305793573933904 
899686.5203761748 55978.61373112032 0.03149372450390632 
902821.3166144193 255414.78920994187 0.03211580033990691 
905956.1128526638 430295.2662789708 0.030823115516290304 
909090.9090909084 554440.9217828651 0.02677564991340927 
912225.7053291529 639489.3544406794 0.020883413577269243 
915360.5015673974 717139.9414151446 0.014978038566992221 
918495.2978056419 801135.2069768166 0.010055450698594714 
921630.0940438864 869139.1851070846 0.005431061686635085 
924764.8902821309 883691.3052759732 -0.00031287083543025647 
927899.6865203754 830280.4723406724 -0.007593590492975954 
931034.4827586199 732554.4611959497 -0.015140264848419061 
934169.2789968645 628693.2566637481 -0.02108420412741946 
937304.075235109 533761.1285069837 -0.024689142999750974 
940438.8714733535 427526.4923630137 -0.026911319746856732 
943573.667711598 280395.11516465084 -0.029209640743366152 
946708.4639498425 89989.56772971837 -0.03186500271496666 
949843.260188087 -110296.43726397253 -0.03358153316245834 
952978.0564263315 -279976.7532880742 -0.03279207667598072 
956112.852664576 -407460.849904211 -0.029296643719533066 
959247.6489028205 -515769.4068767157 -0.024511589339308023 
962382.445141065 -632239.4393562172 -0.02006699972698932 
965517.2413793096 -754324.9417673793 -0.01622449215268411 
968652.0376175541 -847657.6213794224 -0.011773693761987475 
971786.8338557986 -878563.2923934098 -0.0055086049402227315 
974921.6300940431 -846969.0341917346 0.002277064360769893 
978056.4263322876 -785204.7877511617 0.009856313729402915 
981191.2225705321 -724031.144152075 0.01563553805739061 
984326.0188087766 -661626.573023062 0.01958318275808599 
987460.8150470211 -568081.8578955247 0.023028173665090204 
990595.6112852657 -420555.69310459937 0.027050267413971648 
993730.4075235102 -231894.03694635566 0.031160019614293613 
996865.2037617547 -45361.593294030805 0.03379622453069663 
999999.9999999992 204003.02676753802 0.029316736977062902 
