#x u 
0.0 369275774609.01447 16926.760153701343 
3134.796238244514 -9241763423.252405 -423.613647630182 
6269.592476489028 226849515.82304025 10.41530755413111 
9404.38871473354 -10092005.144394768 -0.43694670615914577 
12539.184952978056 -4226762.899797814 -0.160482774748666 
15673.98119122257 -4416985.37221061 -0.16287383575759287 
18808.777429467085 -4439507.99589078 -0.15910888949398314 
21943.5736677116 -4452923.505079654 -0.15664297903380547 
25078.369905956115 -4456799.264891363 -0.15557540964782388 
28213.16614420063 -4455155.334238808 -0.1561386045248648 
31347.962382445145 -4452219.397348636 -0.15850165842964695 
34482.75862068966 -4452373.773048266 -0.16276886358770393 
37617.55485893417 -4459995.443779234 -0.16897611185106035 
40752.35109717868 -4479292.457992343 -0.1770897662154187 
43887.14733542319 -4514135.736609919 -0.18700771089785895 
47021.943573667704 -4567900.374575274 -0.19856288715480677 
50156.739811912215 -4643335.511188519 -0.2115297710941882 
53291.53605015673 -4742472.082913079 -0.22563373924566923 
56426.33228840124 -4866561.443928996 -0.24056247467199285 
59561.12852664575 -5016031.730333805 -0.2559782621691573 
62695.92476489026 -5190460.155130781 -0.2715305366613651 
65830.72100313478 -5388576.313877382 -0.2868688416569879 
68965.51724137929 -5608314.31341961 -0.30165651900817103 
72100.3134796238 -5846913.946623373 -0.315584703205518 
75235.10971786831 -6101049.237340615 -0.3283852648210658 
78369.90595611282 -6366959.194439236 -0.33984127709449174 
81504.70219435733 -6640575.273266292 -0.3497945805075124 
84639.49843260185 -6917662.44998865 -0.35815115366342104 
87774.29467084636 -7193990.654007183 -0.36488510039964706 
90909.09090909087 -7465528.034534679 -0.37004101210679613 
94043.88714733538 -7728622.418955706 -0.37373341438815133 
97178.68338557989 -7980140.05975925 -0.37614222456586477 
100313.4796238244 -8217561.131110561 -0.37750461692452736 
103448.27586206891 -8439059.024347622 -0.3781050194124037 
106583.07210031342 -8643585.574080778 -0.3782647836471191 
109717.86833855794 -8830950.567615947 -0.3783315448695095 
112852.66457680245 -9001856.979315994 -0.37866705680105267 
115987.46081504696 -9157864.522332087 -0.3796327779837492 
119122.25705329147 -9301295.433201056 -0.3815743402279213 
122257.05329153598 -9435126.48980244 -0.38480734965419267 
125391.84952978049 -9562897.81730541 -0.3896062785538468 
128526.645768025 -9688624.734077614 -0.39619608579558097 
131661.44200626953 -9816670.773145273 -0.40474481459155875 
134796.23824451404 -9951560.684139844 -0.41535625725824793 
137931.03448275855 -10097763.327927116 -0.4280640102701376 
141065.83072100306 -10259503.04375623 -0.4428294498348803 
144200.62695924757 -10440631.96423514 -0.45954486050862436 
147335.42319749208 -10644539.525911752 -0.4780402807931502 
150470.2194357366 -10874047.691496782 -0.49809128069160147 
153605.0156739811 -11131272.424543854 -0.5194262927769158 
156739.81191222562 -11417492.084209355 -0.5417348318497784 
159874.60815047013 -11733087.441625398 -0.5646790178272822 
163009.40438871464 -12077576.699399263 -0.5879089217042689 
166144.20062695915 -12449701.675185038 -0.6110791937504972 
169278.99686520366 -12847497.868898822 -0.633863399714109 
172413.79310344817 -13268327.961529002 -0.6559646973726163 
175548.58934169268 -13708927.655960746 -0.677124741889848 
178683.3855799372 -14165530.012162326 -0.6971335891369154 
181818.1818181817 -14634077.002725022 -0.7158408343852992 
184952.97805642622 -15110451.719772028 -0.7331648792597829 
188087.77429467073 -15590650.848858168 -0.749096695558033 
191222.57053291524 -16070882.38805586 -0.7636975575419992 
194357.36677115975 -16547651.842391156 -0.7770939019317646 
197492.16300940426 -17017907.880779766 -0.7894729210388951 
200626.95924764877 -17479244.021672796 -0.8010791602388236 
203761.75548589329 -17930072.59395335 -0.8122087697862326 
206896.5517241378 -18369687.726648524 -0.8231981257814731 
210031.3479623823 -18798219.931099016 -0.8344074894785591 
213166.14420062682 -19216569.216275737 -0.8462042414873825 
216300.94043887133 -19626397.26055128 -0.8589499116524107 
219435.73667711584 -20030165.727708336 -0.8729909004194844 
222570.53291536035 -20431124.689891867 -0.8886489162808419 
225705.32915360486 -20833173.19282711 -0.9062079048376983 
228840.12539184937 -21240619.861147217 -0.9258990065527041 
231974.9216300939 -21657956.81377531 -0.947888892574851 
235109.7178683384 -22089733.520421505 -0.9722754999161223 
238244.5141065829 -22540502.663692035 -0.9990898268057176 
241379.31034482742 -23014726.71867526 -1.0282985216386684 
244514.10658307193 -23516572.66258806 -1.0598036725702853 
247648.90282131644 -24049646.930878554 -1.0934418309037397 
250783.69905956095 -24616803.463323206 -1.1289879254802833 
253918.49529780546 -25220105.567492735 -1.1661672768156743 
257053.29153604998 -25860886.570927277 -1.2046726564094192 
260188.0877742945 -26539775.46877292 -1.2441797062740658 
263322.884012539 -27256617.53766858 -1.2843569578929273 
266457.6802507835 -28010362.795685377 -1.3248732631016318 
269592.476489028 -28799066.48610602 -1.3654087606132617 
272727.27272727253 -29620064.944862973 -1.4056718592399666 
275862.06896551704 -30470236.09033328 -1.4454177325135926 
278996.86520376155 -31346186.84775283 -1.4844608432042288 
282131.66144200607 -32244304.091745757 -1.5226784387650683 
285266.4576802506 -33160766.090077475 -1.5600094183145967 
288401.2539184951 -34091668.62290443 -1.5964557022434376 
291536.0501567396 -35033308.31953874 -1.6320882250535624 
294670.8463949841 -35982497.65082882 -1.667052066438443 
297805.6426332286 -36936738.77915527 -1.701563159870032 
300940.43887147313 -37894212.56230749 -1.7358950108812758 
304075.23510971764 -38853714.02966179 -1.7703619385300808 
307210.03134796215 -39814702.36394727 -1.8053070759952752 
310344.82758620667 -40777488.36054866 -1.8410967358441113 
313479.6238244512 -41743404.52900295 -1.8781145927341234 
316614.4200626957 -42714782.15365654 -1.916748156992728 
319749.2163009402 -43694725.14379479 -1.9573675553132277 
322884.0125391847 -44686854.05983209 -2.000304986083451 
326018.8087774292 -45695201.46696026 -2.0458434940096306 
329153.60501567373 -46724258.19659497 -2.094215293748588 
332288.40125391824 -47778986.94522059 -2.1456013749658016 
335423.19749216276 -48864630.989466004 -2.200124533434157 
338557.99373040727 -49986347.192659914 -2.2578370948513657 
341692.7899686518 -51148876.44662128 -2.3187129245076648 
344827.5862068963 -52356434.69186107 -2.3826518422596537 
347962.3824451408 -53612788.01387354 -2.4494944071301337 
351097.1786833853 -54921293.08434957 -2.5190366098114474 
354231.9749216298 -56284734.29388566 -2.5910362492456334 
357366.77115987433 -57705025.2036803 -2.665213559167223 
360501.56739811884 -59183018.14299505 -2.7412567045757714 
363636.36363636336 -60718591.020147145 -2.818839339968214 
366771.15987460787 -62310924.54811089 -2.8976457159342828 
369905.9561128524 -63958711.17491058 -2.977390990436715 
373040.7523510969 -65660133.585944705 -3.0578289027919263 
376175.5485893414 -67412720.47939442 -3.138751430116966 
379310.3448275859 -69213347.57546899 -3.219992492206981 
382445.1410658304 -71058527.18315367 -3.301442153142662 
385579.93730407493 -72944842.68168427 -3.383064697746329 
388714.73354231945 -74869234.7657412 -3.464907182843435 
391849.52978056396 -76828997.81105065 -3.5470920872019103 
394984.32601880847 -78821645.90181535 -3.6298015895227147 
398119.122257053 -80844943.53914481 -3.7132673431076646 
401253.9184952975 -82897216.8554067 -3.7977715501820106 
404388.714733542 -84977748.7367601 -3.883650952055243 
407523.5109717865 -87086944.96768087 -3.971290093692695 
410658.307210031 -89226169.79065359 -4.061099877931347 
413793.10344827553 -91397475.2871453 -4.153492232330447 
416927.89968652005 -93603547.79544203 -4.248866037031612 
420062.69592476456 -95847954.1885016 -4.347608252759097 
423197.49216300907 -98135434.68657789 -4.450098695241983 
426332.2884012536 -100471907.43016328 -4.556703246678668 
429467.0846394981 -102864111.69874069 -4.667752510249861 
432601.8808777426 -105319147.47599845 -4.783518337339771 
435736.6771159871 -107844216.02085222 -4.904202946565266 
438871.4733542316 -110446573.62802136 -5.029941811648453 
442006.26959247614 -113133391.4027183 -5.160806388158291 
445141.06583072065 -115911227.30076116 -5.296792645597561 
448275.86206896516 -118785185.55279014 -5.437797529252001 
451410.65830720967 -121758207.77890629 -5.583601904935159 
454545.4545454542 -124830933.99098411 -5.733878262190203 
457680.2507836987 -128002183.72038397 -5.888224247304153 
460815.0470219432 -131269712.05355275 -6.046205984866534 
463949.8432601877 -134630861.43312734 -6.207394703538507 
467084.6394984322 -138083038.13247028 -6.3713950899986544 
470219.43573667674 -141624210.91889584 -6.53787622448168 
473354.23197492125 -145253531.5677269 -6.706610785581275 
476489.02821316576 -148971807.75052914 -6.877509977857202 
479623.82445141027 -152781355.05593413 -7.050630766226155 
482758.6206896548 -156685032.7066635 -7.226143523914438 
485893.4169278993 -160684858.7323044 -7.404274870652196 
489028.2131661438 -164780981.6221999 -7.58525853245076 
492163.0094043883 -168971588.57389438 -7.769319515639683 
495297.8056426328 -173253715.59561068 -7.956690704270487 
498432.60188087734 -177624427.52738956 -8.14764014829112 
501567.39811912185 -182081839.00356984 -8.342488792365417 
504702.19435736636 -186625819.26443428 -8.541615822863543 
507836.99059561087 -191258497.33421525 -8.74546069373457 
510971.7868338554 -195984577.33907804 -8.954524522446071 
514106.5830720999 -200811194.22144833 -9.169358871168846 
517241.3793103444 -205747040.88485456 -9.390528212853827 
520376.1755485889 -210800942.1661556 -9.618551531786556 
523510.9717868334 -215980571.35099307 -9.853851906505357 
526645.768025078 -221292045.23903266 -10.096745093065353 
529780.5642633225 -226740542.4592032 -10.347471933305401 
532915.360501567 -232331336.26284018 -10.606246069012201 
536050.1567398115 -238070387.58666122 -10.873278345092418 
539184.952978056 -243964121.96755728 -11.14876203841553 
542319.7492163006 -250018751.72855997 -11.432837281550364 
545454.5454545451 -256239813.21530128 -11.725567142624534 
548589.3416927896 -262632230.29955035 -12.026940980730165 
551724.1379310341 -269200619.81978315 -12.33689277845215 
554858.9341692786 -275949354.41771483 -12.655312305067895 
557993.7304075231 -282882268.95224863 -12.982043369147705 
561128.5266457676 -290002391.252724 -13.316885669643815 
564263.3228840121 -297312122.99195826 -13.659618596763062 
567398.1191222566 -304813820.5512249 -14.010043482806996 
570532.9153605012 -312510246.5964061 -14.36801894570088 
573667.7115987457 -320404431.77248025 -14.733467311257087 
576802.5078369902 -328499077.04540426 -15.10635742955407 
579937.3040752347 -336796135.6996598 -15.486692742409216 
583072.1003134792 -345297083.7246085 -15.874527698216271 
586206.8965517237 -354003715.9174645 -16.270005012042517 
589341.6927899682 -362918771.85648024 -16.673381972717472 
592476.4890282127 -372045863.78671104 -17.085021808516284 
595611.2852664572 -381388892.153165 -17.505358928739454 
598746.0815047018 -390951660.4789643 -17.934871042148913 
601880.8777429463 -400738184.92663646 -18.37408129706248 
605015.6739811908 -410753449.61116064 -18.823579521300193 
608150.4702194353 -421003862.4746742 -19.284028928920158 
611285.2664576798 -431496948.7561012 -19.756137618704766 
614420.0626959243 -442240597.7812132 -20.240609887888304 
617554.8589341688 -453242639.3857307 -20.73811348388477 
620689.6551724133 -464511172.8546157 -21.249282684579125 
623824.4514106578 -476055260.41194034 -21.774739879932817 
626959.2476489024 -487885180.34244555 -22.315099147834882 
630094.0438871469 -500011865.97149616 -22.87093499715888 
633228.8401253914 -512446000.5858956 -23.44273803664434 
636363.6363636359 -525197609.69881606 -24.030896245482463 
639498.4326018804 -538276484.315212 -24.635717139826685 
642633.2288401249 -551692898.1468426 -25.257466110267178 
645768.0250783694 -565457762.5839025 -25.89638147260653 
648902.8213166139 -579581948.1941353 -26.55265349179623 
652037.6175548584 -594075392.8091148 -27.226395409466456 
655172.413793103 -608946875.9206595 -27.917646338867428 
658307.2100313475 -624204675.3133249 -28.626415412889937 
661442.006269592 -639857414.4744692 -29.35273494696137 
664576.8025078365 -655914213.1873003 -30.0966813777501 
667711.598746081 -672383993.2324679 -30.858356647510828 
670846.3949843255 -689274704.6395766 -31.637864609352636 
673981.19122257 -706593361.0086718 -32.43532272207239 
677115.9874608145 -724346954.9152248 -33.250911900021435 
680250.783699059 -742543409.0310673 -34.08492550901874 
683385.5799373036 -761191671.8257934 -34.93777645191905 
686520.3761755481 -780300958.0965276 -35.80996225083456 
689655.1724137926 -799880042.0627669 -36.70202973867326 
692789.9686520371 -819937474.0173416 -37.61457939659944 
695924.7648902816 -840482627.7875916 -38.548305302449485 
699059.5611285261 -861526594.5126587 -39.50402587499773 
702194.3573667706 -883082064.1308106 -40.48266645290098 
705329.1536050151 -905162369.7666246 -41.48520220222836 
708463.9498432596 -927780739.2456766 -42.51260973149575 
711598.7460815042 -950950580.1677369 -43.56586584024642 
714733.5423197487 -974686527.6616881 -44.645981538497786 
717868.3385579932 -999005149.2302544 -45.75402120089619 
721003.1347962377 -1023924518.1115338 -46.891071217861985 
724137.9310344822 -1049463025.6931291 -48.05817558426863 
727272.7272727267 -1075638598.0792851 -49.25629221694518 
730407.5235109712 -1102469065.100922 -50.486304601440956 
733542.3197492157 -1129973217.663953 -51.74906769826015 
736677.1159874602 -1158171346.4983945 -53.04543288429718 
739811.9122257048 -1187084576.8652194 -54.37622050079451 
742946.7084639493 -1216733574.3833663 -55.742166254268355 
746081.5047021938 -1247137879.9270093 -57.14389891067228 
749216.3009404383 -1278316503.5135033 -58.58197784056012 
752351.0971786828 -1310289105.2667649 -60.05695921700386 
755485.8934169273 -1343076476.9834554 -61.569431430722396 
758620.6896551718 -1376699772.105843 -63.119993895102375 
761755.4858934163 -1411179264.7823393 -64.70921448045439 
764890.2821316608 -1446533953.488506 -66.33762532218483 
768025.0783699054 -1482782480.9684277 -68.00577808678204 
771159.8746081499 -1519944484.1287754 -69.71431756004057 
774294.6708463944 -1558041038.1141806 -71.46401187589143 
777429.4670846389 -1597093808.148224 -73.25572129161704 
780564.2633228834 -1637123893.514399 -75.09035033499488 
783699.0595611279 -1678151700.8154817 -76.96884441613165 
786833.8557993724 -1720198127.88109 -78.89224370770476 
789968.6520376169 -1763285964.4664366 -80.86174416867412 
793103.4482758614 -1807440166.358058 -82.87870425680113 
796238.244514106 -1852686818.1187708 -84.94458908693078 
799373.0407523505 -1899051968.376505 -87.06090662335536 
802507.836990595 -1946561660.7612433 -89.22919695728363 
805642.6332288395 -1995243226.9523432 -91.45107818537649 
808777.429467084 -2045126559.0091588 -93.72829060532999 
811912.2257053285 -2096244058.2092867 -96.0626800584513 
815047.021943573 -2148629309.8729463 -98.45612324066714 
818181.8181818175 -2202315854.7689495 -100.91045834623077 
821316.614420062 -2257337325.4111385 -103.42747968479594 
824451.4106583066 -2313728776.945479 -106.00898891544821 
827586.2068965511 -2371527764.496754 -108.65683689649514 
830721.0031347956 -2430773951.582628 -111.37290073151527 
833855.7993730401 -2491507554.7235026 -114.15901019158105 
836990.5956112846 -2553768154.185405 -117.0168937307561 
840125.3918495291 -2617595035.32962 -119.94819745126412 
843260.1880877736 -2683028632.3526316 -122.95455726153348 
846394.9843260181 -2750111487.4453797 -126.03765125272088 
849529.7805642626 -2818887639.929154 -129.19918221423913 
852664.5768025072 -2889401014.929487 -132.4408159890312 
855799.3730407517 -2961694460.659406 -135.76415078592336 
858934.1692789962 -3035810442.2201223 -139.17076312950707 
862068.9655172407 -3111792690.885176 -142.66229776665574 
865203.7617554852 -3189687116.9933205 -146.24052342473408 
868338.5579937297 -3269541073.2088385 -149.90731202256498 
871473.3542319742 -3351401803.206506 -153.66457910928892 
874608.1504702187 -3435315798.190686 -157.5142640359049 
877742.9467084632 -3521329865.030732 -161.45838632920595 
880877.7429467078 -3609492931.558889 -165.49913331470353 
884012.5391849523 -3699856839.1228595 -169.6388985883347 
887147.3354231968 -3792475426.6861687 -173.88023936446626 
890282.1316614413 -3887403003.746247 -178.22580302243338 
893416.9278996858 -3984693960.988619 -182.67830315168032 
896551.7241379303 -4084404080.541116 -187.2405710862679 
899686.5203761748 -4186592313.8390164 -191.91562678681325 
902821.3166144193 -4291321277.475625 -196.70668928135092 
905956.1128526638 -4398656033.37115 -201.61710726196281 
909090.9090909084 -4508662501.290086 -206.65027214944712 
912225.7053291529 -4621407228.691954 -211.8095932433063 
915360.5015673974 -4736958807.1569195 -217.0985487682354 
918495.2978056419 -4855389473.146052 -222.52074632804656 
921630.0940438864 -4976775205.402453 -228.07991590665273 
924764.8902821309 -5101194181.910738 -233.7798295758609 
927899.6865203754 -5228725168.224378 -239.62422032793546 
931034.4827586199 -5359447479.448756 -245.61677559365938 
934169.2789968645 -5493442505.0768795 -251.7612051339722 
937304.075235109 -5630795137.666513 -258.0613073373582 
940438.8714733535 -5771593537.829458 -264.5209620396692 
943573.667711598 -5915927413.753446 -271.1440578967063 
946708.4639498425 -6063886566.002277 -277.9344343186298 
949843.260188087 -6215561191.477255 -284.89590610839116 
952978.0564263315 -6371043614.183625 -292.03235515574863 
956112.852664576 -6530429628.115295 -299.34780552780677 
959247.6489028205 -6693818060.059656 -306.8464176174515 
962382.445141065 -6861309050.623833 -314.53242364201697 
965517.2413793096 -7033002926.091016 -322.4100897756087 
968652.0376175541 -7209000942.583763 -330.4837631197371 
971786.8338557986 -7389407241.550391 -338.7579727169664 
974921.6300940431 -7574330100.816393 -347.2374963535755 
978056.4263322876 -7763881320.306297 -355.9273395727494 
981191.2225705321 -7958174556.354931 -364.83266392921973 
984326.0188087766 -8157324537.128163 -373.9587528896409 
987460.8150470211 -8361448174.527675 -383.31106184547036 
990595.6112852657 -8570666594.837095 -392.8953076189257 
993730.4075235102 -8785106215.773968 -402.71750495671716 
996865.2037617547 -9004894976.942314 -412.78404859797666 
999999.9999999992 -9230272534.538906 -423.0964974782486 
