#x u 
0.0 1319795757.4238071 60.52693788845357 
3134.796238244514 -34031298.31744394 -1.5225291007254942 
6269.592476489028 -259899.56027532974 0.03091649682513381 
9404.38871473354 -1156733.3012898238 -0.006407087029808513 
12539.184952978056 -1141890.3619338197 -0.003744082977194838 
15673.98119122257 -1105034.437721207 -0.0019513206676808519 
18808.777429467085 -1025377.1322172063 -7.990460789735095e-05 
21943.5736677116 -906670.4293264848 0.0017670112325541831 
25078.369905956115 -753587.1185419478 0.003514229433591894 
28213.16614420063 -572037.2232788356 0.005094629928075894 
31347.962382445145 -368948.3771984877 0.006451356808542117 
34482.75862068966 -152110.55495426146 0.007534854600155971 
37617.55485893417 70041.03322396125 0.00830092811811604 
40752.35109717868 288785.9187820726 0.008714000254779784 
43887.14733542319 495574.28439000977 0.008753928191472856 
47021.943573667704 682437.39939014 0.008420440824113716 
50156.739811912215 842251.2214108262 0.007731107222551534 
53291.53605015673 968887.2634448089 0.006714944962923727 
56426.33228840124 1057375.0597770603 0.0054078820767842605 
59561.12852664575 1104150.0506877208 0.0038539198188711544 
62695.92476489026 1107321.2968985687 0.002109384223622591 
65830.72100313478 1066812.7675452926 0.00024387252596746794 
68965.51724137929 984299.1067120234 -0.0016655172459237484 
72100.3134796238 863006.4499897497 -0.0035433293856909145 
75235.10971786831 707526.8896252505 -0.005321454408517039 
78369.90595611282 523719.84352837485 -0.006938144179591649 
81504.70219435733 318623.72337938834 -0.00833406257194684 
84639.49843260185 100236.34299237435 -0.009452169682336337 
87774.29467084636 -122884.76219885792 -0.010244071534749783 
90909.09090909087 -342093.5395464718 -0.01067832180772672 
94043.88714733538 -549031.5502470728 -0.010743553349619326 
97178.68338557989 -735846.6150599277 -0.010444124271044939 
100313.4796238244 -895350.8349493413 -0.009793274393394908 
103448.27586206891 -1021261.8736894375 -0.008810932246542426 
106583.07210031342 -1108554.6396084807 -0.007527929009545087 
109717.86833855794 -1153791.4135891541 -0.00599103139242254 
112852.66457680245 -1155266.571651727 -0.004261673415726955 
115987.46081504696 -1112936.3818390502 -0.002407339514483251 
119122.25705329147 -1028269.2090830773 -0.0004920111317435463 
122257.05329153598 -904176.2437639178 0.0014268799465203949 
125391.84952978049 -745041.8183517312 0.0032941226190749337 
128526.645768025 -556714.5383776217 0.00505149659667745 
131661.44200626953 -346314.93768581597 0.0066384735164413625 
134796.23824451404 -121871.95976064005 0.007998598984451245 
137931.03448275855 108044.5826830511 0.009084291229625719 
141065.83072100306 334543.09869948437 0.00985353335572947 
144200.62695924757 548506.212972881 0.010260137540894306 
147335.42319749208 740751.1535527334 0.010246721982869047 
150470.2194357366 902420.7173031273 0.009748573954983929 
153605.0156739811 1025584.5619082588 0.008708014324849755 
156739.81191222562 1103865.1714363203 0.007091263965234356 
159874.60815047013 1132917.5213367217 0.004900432319572686 
163009.40438871464 1110750.6596782755 0.002180474637000966 
166144.20062695915 1037991.7256490581 -0.0009739734873437191 
169278.99686520366 918119.0556021883 -0.00441045898549574 
172413.79310344817 757502.2431010514 -0.007916604908291122 
175548.58934169268 565001.8909822329 -0.011235379109114721 
178683.3855799372 351039.7385138909 -0.014101951121763332 
181818.1818181817 126354.86319160013 -0.016292473041545505 
184952.97805642622 -99137.3354722836 -0.017666001823065963 
188087.77429467073 -317035.7836272853 -0.018184031784935262 
191222.57053291524 -520610.8708217056 -0.017904295189930607 
194357.36677115975 -704574.8134840797 -0.0169560751957553 
197492.16300940426 -864656.4161976258 -0.015506341675236863 
200626.95924764877 -997094.1471153682 -0.013722487345067069 
203761.75548589329 -1098138.7085441486 -0.011736386181058569 
206896.5517241378 -1163753.914990699 -0.009618936990928677 
210031.3479623823 -1189784.5601143043 -0.0073778620838045594 
213166.14420062682 -1172729.1829828082 -0.004985465212382947 
216300.94043887133 -1110906.5090295493 -0.002426963095241191 
219435.73667711584 -1005480.3957803105 0.0002549418647587896 
222570.53291536035 -860801.2991345001 0.0029439978549839893 
225705.32915360486 -683888.2164583032 0.005470934285306853 
228840.12539184937 -483354.11925011344 0.007656821721607733 
231974.9216300939 -268314.3905440822 0.009354758961954396 
235109.7178683384 -47672.251001832505 0.01047215073116146 
238244.5141065829 170170.94591385656 0.010971786400929887 
241379.31034482742 377372.7375924077 0.010861000992739055 
244514.10658307193 566659.0671149992 0.010177926564079154 
247648.90282131644 731337.6900574692 0.008977738596779816 
250783.69905956095 865312.1704244565 0.007319301609056901 
253918.49529780546 963168.0938023467 0.005256038482189446 
257053.29153604998 1020460.8339800161 0.002837457880897137 
260188.0877742945 1034224.5187626453 0.00012269129639133473 
263322.884012539 1003496.22516338 -0.0028030227889190005 
266457.6802507835 929536.1324024973 -0.005823250581320881 
269592.476489028 815585.1518818747 -0.008803741435726445 
272727.27272727253 666330.8619531287 -0.01161635500359292 
275862.06896551704 487451.2788461745 -0.014156619982894551 
278996.86520376155 285475.28435360733 -0.01634410716657704 
282131.66144200607 67854.35088159388 -0.018110679196608602 
285266.4576802506 -157086.04821865718 -0.019392144613624325 
288401.2539184951 -380535.54804439424 -0.020133818763956854 
291536.0501567396 -593816.021999316 -0.020305309526983537 
294670.8463949841 -788898.2244878028 -0.019909991945920115 
297805.6426332286 -958606.2105777888 -0.018980015659288134 
300940.43887147313 -1096620.0929499362 -0.017562468371921342 
304075.23510971764 -1197576.8320267173 -0.015710972688918638 
307210.03134796215 -1257426.8069451302 -0.013490450711911406 
310344.82758620667 -1273881.2599503184 -0.010987945207114646 
313479.6238244512 -1246625.3142734237 -0.008314960996089856 
316614.4200626957 -1177148.9415349355 -0.005594846864548927 
319749.2163009402 -1068384.4743054102 -0.0029440511077754652 
322884.0125391847 -924483.1584233522 -0.00046257383192339473 
326018.8087774292 -750860.5106791902 0.0017604626898394381 
329153.60501567373 -554299.8896338115 0.003635913682493743 
332288.40125391824 -342784.22814426845 0.005073748294540279 
335423.19749216276 -124959.85681020594 0.005996958105861315 
338557.99373040727 90513.81632017024 0.006359018246606927 
341692.7899686518 295373.7125161657 0.006149103609269265 
344827.5862068963 481823.7293099647 0.00538109908292591 
347962.3824451408 642519.9241105017 0.004078564543577809 
351097.1786833853 770801.436266678 0.00227139127794205 
354231.9749216298 861217.5538984889 6.998967180438416e-06 
357366.77115987433 910052.309892255 -0.002637113367894461 
360501.56739811884 915497.6578851619 -0.0055550129723713195 
363636.36363636336 877433.621801665 -0.008629712060533966 
366771.15987460787 797123.4176983425 -0.011751879314698371 
369905.9561128524 677159.4919465149 -0.014824302105752741 
373040.7523510969 521671.6463487111 -0.01775151049640176 
376175.5485893414 336469.68240273336 -0.020429610318358993 
379310.3448275859 128797.95767214576 -0.022751253208240972 
382445.1410658304 -93270.7828568172 -0.02462473221834709 
385579.93730407493 -321440.84995005326 -0.025990970967633448 
388714.73354231945 -547467.4804270678 -0.026823657244472488 
391849.52978056396 -763134.2640645922 -0.027114611597134505 
394984.32601880847 -960289.7098797462 -0.026861215802488195 
398119.122257053 -1131236.7123863846 -0.02606991748676521 
401253.9184952975 -1269385.6385535537 -0.024772273361932322 
404388.714733542 -1369776.3988513034 -0.023035979066095273 
407523.5109717865 -1429168.9825083106 -0.020957609330169883 
410658.307210031 -1445802.0641353247 -0.018642075451554246 
413793.10344827553 -1419210.8209676952 -0.016187095507543863 
416927.89968652005 -1350373.967446163 -0.013685331412164334 
420062.69592476456 -1242052.2124665948 -0.011238054607345211 
423197.49216300907 -1098913.2812408605 -0.008961854093865084 
426332.2884012536 -927195.5144307879 -0.006976981833630888 
429467.0846394981 -734083.9790421409 -0.0053851626824872635 
432601.8808777426 -527222.3045428309 -0.004256020215189123 
435736.6771159871 -314600.1474499893 -0.003632774683036291 
438871.4733542316 -104631.38748056312 -0.0035483180366003217 
442006.26959247614 93983.55435233974 -0.004032544938502719 
445141.06583072065 272802.68551739195 -0.005101638438021498 
448275.86206896516 424356.86815699755 -0.006739660300901621 
451410.65830720967 542600.9573971829 -0.00889172755887889 
454545.4545454542 622913.7412696707 -0.011476852869579337 
457680.2507836987 661889.8072391228 -0.01440880795998945 
460815.0470219432 657334.9444980853 -0.01760570506216493 
463949.8432601877 608607.6985575245 -0.020981396759556646 
467084.6394984322 517025.85814538033 -0.024431311876109054 
470219.43573667674 385923.32979935856 -0.027831556400758503 
473354.23197492125 220242.2900480406 -0.03105648978740634 
476489.02821316576 25967.47687034811 -0.0340007540411728 
479623.82445141027 -190184.64942289316 -0.03658698785841044 
482758.6206896548 -420727.6887764495 -0.03875516116786441 
485893.4169278993 -657331.5325634206 -0.04044824512571299 
489028.2131661438 -891095.5225757724 -0.04161217292536552 
492163.0094043883 -1113208.5025230509 -0.04221240901428162 
495297.8056426328 -1315639.7401274382 -0.0422513367217279 
498432.60188087734 -1491468.8416811738 -0.0417690538052363 
501567.39811912185 -1634823.5605871985 -0.04082670445637766 
504702.19435736636 -1740774.095967663 -0.03948886093163413 
507836.99059561087 -1805535.4864538363 -0.03782156552891599 
510971.7868338554 -1826956.2573372272 -0.03590546619888668 
514106.5830720999 -1804915.6149021133 -0.033847090793213686 
517241.3793103444 -1741287.025603408 -0.031772844075594116 
520376.1755485889 -1639515.7276281465 -0.029808074544533023 
523510.9717868334 -1504194.5952286269 -0.02805889263066491 
526645.768025078 -1340957.9271706718 -0.026611339983282432 
529780.5642633225 -1156619.6625574995 -0.025544384781691035 
532915.360501567 -959176.9196983008 -0.024939108256020595 
536050.1567398115 -757401.9032914815 -0.024871038472627977 
539184.952978056 -560145.9288128585 -0.025390876841842856 
542319.7492163006 -375758.104644244 -0.026511580549256862 
545454.5454545451 -211889.15030998527 -0.028213668134683574 
548589.3416927896 -75551.16637443985 -0.030462273790111963 
551724.1379310341 26942.46044898009 -0.03321817026063684 
554858.9341692786 90371.70401314893 -0.03643238680676963 
557993.7304075231 111160.28919825154 -0.04003212697873904 
561128.5266457676 87693.28249008735 -0.043915365127385864 
564263.3228840121 20205.39414687619 -0.04796277424829217 
567398.1191222566 -89567.86643576185 -0.052057914563959154 
570532.9153605012 -238605.89146768115 -0.056098547210809015 
573667.7115987457 -422527.2048626955 -0.05999176053253719 
576802.5078369902 -635434.2803278798 -0.06364268342802296 
579937.3040752347 -870027.0430594508 -0.06695290305489922 
583072.1003134792 -1118095.4633508862 -0.06983391012792003 
586206.8965517237 -1371145.1928772214 -0.07222464668432345 
589341.6927899682 -1620808.8903363633 -0.07409766481851085 
592476.4890282127 -1858948.195942345 -0.07545003087543707 
595611.2852664572 -2077683.4052871217 -0.07629037345426175 
598746.0815047018 -2269649.778149983 -0.07663633122112236 
601880.8777429463 -2428514.1097321794 -0.07652449497546333 
605015.6739811908 -2549480.9094608426 -0.07602096896174981 
608150.4702194353 -2629495.604140872 -0.07521962886344977 
611285.2664576798 -2667128.3222930925 -0.07422775023433294 
614420.0626959243 -2662398.417764122 -0.07315128208832034 
617554.8589341688 -2616788.6793175833 -0.07209143521685445 
620689.6551724133 -2533423.568701499 -0.07115156640368381 
623824.4514106578 -2417149.008608036 -0.070442377113017 
626959.2476489024 -2274302.809468714 -0.07007569962836167 
630094.0438871469 -2112241.5115631446 -0.070149719042667 
633228.8401253914 -1938892.0741839898 -0.07073766768182096 
636363.6363636359 -1762516.1215425974 -0.07188823777488741 
639498.4326018804 -1591609.7531693184 -0.07363374856059376 
642633.2288401249 -1434703.7557843626 -0.07599479515706486 
645768.0250783694 -1299941.7071315856 -0.07897523131288882 
648902.8213166139 -1194564.3387919308 -0.0825528190896231 
652037.6175548584 -1124542.1805166185 -0.08667608933574981 
655172.413793103 -1094458.599809806 -0.0912715637306144 
658307.2100313475 -1107513.7142524412 -0.09625491027934971 
661442.006269592 -1165449.8991188956 -0.10153646522387505 
664576.8025078365 -1268357.8399754507 -0.10701888648508132 
667711.598746081 -1414522.1014932464 -0.1125939717383602 
670846.3949843255 -1600482.366717776 -0.11814657612284563 
673981.19122257 -1821306.9514050395 -0.12356545295747162 
677115.9874608145 -2070904.271824404 -0.12875311529908037 
680250.783699059 -2342224.740896301 -0.1336281339837968 
683385.5799373036 -2627391.304295734 -0.13812186992326592 
686520.3761755481 -2917923.6849729246 -0.14217751146497634 
689655.1724137926 -3205142.995893398 -0.14575576054707773 
692789.9686520371 -3480651.332811739 -0.1488427991826266 
695924.7648902816 -3736698.522839199 -0.15145250051449458 
699059.5611285261 -3966372.401577348 -0.1536206436789114 
702194.3573667706 -4163736.52942861 -0.15539753098603099 
705329.1536050151 -4324069.748737779 -0.15684674061466403 
708463.9498432596 -4444194.811420622 -0.15804990366244726 
711598.7460815042 -4522711.897826998 -0.15910928074040828 
714733.5423197487 -4559986.132257846 -0.16014120298095028 
717868.3385579932 -4557953.552681301 -0.16126320905941344 
721003.1347962377 -4519965.532812629 -0.16258493360563064 
724137.9310344822 -4450797.580293441 -0.1642087540762971 
727272.7272727267 -4356695.22405927 -0.1662348915227786 
730407.5235109712 -4245203.657729211 -0.16876000548676154 
733542.3197492157 -4124691.245127438 -0.17186558994482334 
736677.1159874602 -4003768.752113802 -0.17560523562278707 
739811.9122257048 -3890902.7098037372 -0.18000339353496944 
742946.7084639493 -3794298.437405993 -0.18506727813828444 
746081.5047021938 -3721820.2968668053 -0.19079909306530882 
749216.3009404383 -3680674.1680856915 -0.19719416053410677 
752351.0971786828 -3676870.646473341 -0.20422501867324555 
755485.8934169273 -3714802.2343960074 -0.21182737419131975 
758620.6896551718 -3797232.8778741322 -0.21990343137367407 
761755.4858934163 -3925609.731777178 -0.22834084675825492 
764890.2821316608 -4100268.986630136 -0.23702958001800536 
768025.0783699054 -4320210.691545507 -0.24586219938752382 
771159.8746081499 -4582595.007006682 -0.2547231552706454 
774294.6708463944 -4882472.955280171 -0.26348734741379054 
777429.4670846389 -5213105.1254361905 -0.2720401810649939 
780564.2633228834 -5566681.588290462 -0.2803070436923974 
783699.0595611279 -5934902.520455744 -0.2882656805816087 
786833.8557993724 -6309106.279006832 -0.29592789177778084 
789968.6520376169 -6680211.6430703895 -0.30330607289005945 
793103.4482758614 -7039034.561138768 -0.3103952990434692 
796238.244514106 -7377182.880922894 -0.31718569101253025 
799373.0407523505 -7688065.824036848 -0.3236882248446195 
802507.836990595 -7967300.2341826735 -0.3299433823302304 
805642.6332288395 -8212282.901960682 -0.3360018611175594 
808777.429467084 -8421467.692235531 -0.34189960950752935 
811912.2257053285 -8594132.859173866 -0.34765939260418166 
815047.021943573 -8730855.086038021 -0.3533247760701003 
818181.8181818175 -8834096.411744026 -0.3589960599749563 
821316.614420062 -8908127.28828498 -0.36483078888886544 
824451.4106583066 -8958185.99292444 -0.3710041798907961 
827586.2068965511 -8989614.235040314 -0.37766473296220676 
830721.0031347956 -9007791.017715529 -0.3849249374327713 
833855.7993730401 -9018864.21186485 -0.3928894960734663 
836990.5956112846 -9030388.898764674 -0.4016822980963474 
840125.3918495291 -9050992.418771889 -0.4114331049437387 
843260.1880877736 -9089148.783023585 -0.4222281312506035 
846394.9843260181 -9152078.295431074 -0.43407064333598194 
849529.7805642626 -9245683.153051179 -0.4468922676198851 
852664.5768025072 -9375344.989816325 -0.4606056454163221 
855799.3730407517 -9546469.895025544 -0.4751458996265959 
858934.1692789962 -9763900.1270596 -0.4904592308883165 
862068.9655172407 -10030531.579060948 -0.5064531368811636 
865203.7617554852 -10346412.002632769 -0.5229659563183491 
868338.5579937297 -10709212.705388444 -0.5397962094536689 
871473.3542319742 -11115602.29341806 -0.5567699266719955 
874608.1504702187 -11562123.313571319 -0.5737818263674839 
877742.9467084632 -12044704.677831102 -0.590770733733927 
880877.7429467078 -12557434.299284592 -0.607658105903833 
884012.5391849523 -13092103.974520143 -0.624319293367428 
887147.3354231968 -13639330.045542773 -0.6406247542860023 
890282.1316614413 -14190429.668167751 -0.6565140640722398 
893416.9278996858 -14738397.96936663 -0.6720273535000418 
896551.7241379303 -15277225.647354685 -0.687259835081323 
899686.5203761748 -15800542.00969272 -0.7022851075191368 
902821.3166144193 -16301326.35753394 -0.7171276769270726 
905956.1128526638 -16773336.613219257 -0.7318149768487187 
909090.9090909084 -17213047.429441817 -0.7464540354840231 
912225.7053291529 -17620234.448046297 -0.7612478410686833 
915360.5015673974 -17996651.725741215 -0.7764264542774094 
918495.2978056419 -18344210.9684423 -0.792157751722093 
921630.0940438864 -18664607.14854074 -0.8085271566790718 
924764.8902821309 -18960805.340979297 -0.8256054905770709 
927899.6865203754 -19238759.994200524 -0.8435302960789801 
931034.4827586199 -19507355.454268828 -0.8625083458594496 
934169.2789968645 -19776323.608742215 -0.8827279437732152 
937304.075235109 -20054011.557650957 -0.904266568288008 
940438.8714733535 -20347083.335602615 -0.9270889995340448 
943573.667711598 -20662235.50568389 -0.9511391324362559 
946708.4639498425 -21007841.76171155 -0.9764294010590429 
949843.260188087 -21393432.43468158 -1.003031282271579 
952978.0564263315 -21827163.464406222 -1.0309734080784276 
956112.852664576 -22313620.11361965 -1.060154242426881 
959247.6489028205 -22854081.001766015 -1.0903662378898615 
962382.445141065 -23448870.60197121 -1.1214139610406393 
965517.2413793096 -24099232.893052563 -1.1532081089492152 
968652.0376175541 -24806628.148642924 -1.1857389339431685 
971786.8338557986 -25570093.153893296 -1.2189582072839569 
974921.6300940431 -26384469.456043147 -1.252698163864855 
978056.4263322876 -27241551.07815879 -1.2867214546888088 
981191.2225705321 -28133219.237347916 -1.3208594680521122 
984326.0188087766 -29053520.036522385 -1.3550996955225092 
987460.8150470211 -29997694.45268345 -1.3895311981512792 
990595.6112852657 -30959383.081228163 -1.4242046634406158 
993730.4075235102 -31929289.593062915 -1.4590541989189636 
996865.2037617547 -32895056.658416137 -1.4940630890465576 
999999.9999999992 -33938059.382129386 -1.5251425015049942 
