#x u 
0.0 -523941.92716920044 0.01685980606828958 
3134.796238244514 -586362.2197348647 0.018657133898157097 
6269.592476489028 -731114.0710421714 0.01491974676459839 
9404.38871473354 -844592.80802895 0.010742970280808326 
12539.184952978056 -925119.3784302808 0.006164138204927279 
15673.98119122257 -969709.6688109371 0.001354361964583645 
18808.777429467085 -977017.9768060632 -0.003517718821493575 
21943.5736677116 -946915.2604685517 -0.008270740225767544 
25078.369905956115 -880330.5012068267 -0.012710127055346873 
28213.16614420063 -779457.4442508748 -0.01664674024248828 
31347.962382445145 -648070.0722361528 -0.019922539948279902 
34482.75862068966 -491514.0800847865 -0.02242299573585264 
37617.55485893417 -316225.8641801631 -0.024068942494243007 
40752.35109717868 -129081.52564379618 -0.02480121033492129 
43887.14733542319 62976.092524903775 -0.02457800510960059 
47021.943573667704 252900.78629014414 -0.023390509620065333 
50156.739811912215 433414.74304325733 -0.02128159285870243 
53291.53605015673 597215.4774871378 -0.018347567035775593 
56426.33228840124 737593.0153501618 -0.014719116864531014 
59561.12852664575 849085.4146248782 -0.010538092105908274 
62695.92476489026 927729.8918243469 -0.005950192716074248 
65830.72100313478 970852.9930363001 -0.001115976921562287 
68965.51724137929 976786.0055074291 0.003777563863323882 
72100.3134796238 944925.9464677171 0.008524073712325967 
75235.10971786831 876148.4823732624 0.01292367043137238 
78369.90595611282 773150.4941488188 0.016807929566544914 
81504.70219435733 640311.4205457271 0.020044822007109445 
84639.49843260185 483109.82187585795 0.022524838902056157 
87774.29467084636 307550.14622347907 0.024148661618136943 
90909.09090909087 120004.07295570926 0.024834373082294484 
94043.88714733538 -72599.66694021074 0.02454062052516958 
97178.68338557989 -262700.40722394316 0.023283928565175315 
100313.4796238244 -442511.57878641627 0.021132850211510824 
103448.27586206891 -604777.517055703 0.018184427623913743 
106583.07210031342 -743374.8117203753 0.014545735972988832 
109717.86833855794 -853394.6704983142 0.010336821490395935 
112852.66457680245 -930860.4689544226 0.005707707207079729 
115987.46081504696 -972586.2189877698 0.0008461277898571841 
119122.25705329147 -976495.2706291279 -0.004038691415940889 
122257.05329153598 -942186.2890778623 -0.008746387272830444 
125391.84952978049 -871215.2902740313 -0.01310542337426581 
128526.645768025 -766798.9440208236 -0.016968881548727055 
131661.44200626953 -633194.519389034 -0.020197422976156544 
134796.23824451404 -475300.7267765564 -0.02265392611914955 
137931.03448275855 -298745.4302723268 -0.024221492922470434 
141065.83072100306 -110170.05964371929 -0.0248309816913359 
144200.62695924757 82827.70089465701 -0.024472826006512016 
147335.42319749208 272304.7042431733 -0.023182874587843818 
150470.2194357366 450784.1166306013 -0.021017874624156507 
153605.0156739811 611706.2103824847 -0.01804586705960396 
156739.81191222562 749326.344561801 -0.014359859191306666 
159874.60815047013 858433.8778785255 -0.01009729509964641 
163009.40438871464 934432.4505584858 -0.005440296840158634 
166144.20062695915 973910.57943245 -0.0005906142552591415 
169278.99686520366 975271.3500233847 0.004260993337557467 
172413.79310344817 938872.5926851893 0.008945728558283949 
175548.58934169268 866584.9182422286 0.013303658983009274 
178683.3855799372 761231.2422481958 0.017167526532080243 
181818.1818181817 626444.0378464998 0.02036767587224345 
184952.97805642622 466986.00457451434 0.02275975242995496 
188087.77429467073 289040.1804440657 0.024252024749864654 
191222.57053291524 99957.86094958466 0.024808336632942914 
194357.36677115975 -92517.20032182254 0.02442697490765061 
197492.16300940426 -281004.43404284515 0.023119824892027747 
200626.95924764877 -458710.9245188422 0.020914704004335257 
203761.75548589329 -619175.1427720914 0.01787807349658711 
206896.5517241378 -756082.9356888332 0.014132356381024065 
210031.3479623823 -863621.6044651443 0.009846165296619996 
213166.14420062682 -937247.7621354847 0.005202888681932729 
216300.94043887133 -974270.4301293984 0.00037492468037127885 
219435.73667711584 -973795.5817237943 -0.004475673612505899 
222570.53291536035 -936197.1005149304 -0.009177629975940571 
225705.32915360486 -862725.4548044215 -0.013539793559518034 
228840.12539184937 -755668.6950412177 -0.017368126947114152 
231974.9216300939 -618844.2390159552 -0.020499807561460817 
235109.7178683384 -457793.65870456665 -0.022825219133317344 
238244.5141065829 -279309.3845850265 -0.024280318441785156 
241379.31034482742 -90579.26697211331 -0.02482194038680667 
244514.10658307193 101395.57429991709 -0.024415523521501947 
247648.90282131644 289763.441813217 -0.02305056644619719 
250783.69905956095 467486.0942399701 -0.02076857873658819 
253918.49529780546 627348.4627344155 -0.017673505942879215 
257053.29153604998 762593.6918656976 -0.013911390201683582 
260188.0877742945 867788.9341634421 -0.009637013639314363 
263322.884012539 939252.8642731945 -0.004997946804356285 
266457.6802507835 974795.4883281589 -0.00014729409733907112 
269592.476489028 973199.456967937 0.004734569659725257 
272727.27272727253 934097.7328297512 0.009439209682609095 
275862.06896551704 858434.9266080305 0.013758688131337142 
278996.86520376155 749028.16620065 0.017520988333051345 
282131.66144200607 610576.8796151439 0.020602106805392154 
285266.4576802506 448991.68945621466 0.022908413314248092 
288401.2539184951 270579.3729137029 0.024353386872808108 
291536.0501567396 81733.26249647488 0.024857952479571954 
294670.8463949841 -110785.17758508318 0.0243777884378006 
297805.6426332286 -299537.3144515944 0.02293120280986605 
300940.43887147313 -476684.28813779517 0.02059891720454344 
304075.23510971764 -634855.1468500351 0.017495023398495717 
307210.03134796215 -767981.1988192773 0.01373734721437568 
310344.82758620667 -871484.5211582095 0.009444972371841224 
313479.6238244512 -941857.1746441058 0.004761059991806134 
316614.4200626957 -976274.0112448251 -0.00012861022662345397 
319749.2163009402 -972807.0679141826 -0.005007480753973313 
322884.0125391847 -931128.0334765189 -0.00966528279627012 
326018.8087774292 -853012.9054242552 -0.013928856839387008 
329153.60501567373 -742107.1024083535 -0.0176616518259438 
332288.40125391824 -603127.2147871245 -0.020739402058792156 
335423.19749216276 -441218.09183238394 -0.023034036225178422 
338557.99373040727 -261979.70103845582 -0.02442845057729914 
341692.7899686518 -71936.82052141472 -0.02485115206248872 
344827.5862068963 121277.86637007062 -0.024297421593825877 
347962.3824451408 309490.3425751194 -0.022816438266301184 
351097.1786833853 485003.7656703054 -0.020478609919784466 
354231.9749216298 641309.717342059 -0.017357496300470197 
357366.77115987433 773051.4120847564 -0.013544496433119797 
360501.56739811884 875558.3610573505 -0.009178381834916571 
363636.36363636336 944673.6724955195 -0.004453634530783364 
366771.15987460787 977220.597498562 0.00040894877368578223 
369905.9561128524 971712.029780305 0.005208238732140532 
373040.7523510969 928597.6574855844 0.00978700013928754 
376175.5485893414 849810.181709292 0.014017108844281917 
379310.3448275859 738122.1863367078 0.01776628412131995 
382445.1410658304 597044.056433771 0.02088289535117773 
385579.93730407493 431410.35936298594 0.02321435746697589 
388714.73354231945 247998.56102160877 0.024639806599885714 
391849.52978056396 55343.553319288265 0.02508598962879931 
394984.32601880847 -137420.27652543643 0.024517899192704293 
398119.122257053 -321984.35004815436 0.02292665375987173 
401253.9184952975 -491637.08248838177 0.02034132076271404 
404388.714733542 -641098.5091063604 0.016862679839368677 
407523.5109717865 -765968.3370172327 0.012685670008425009 
410658.307210031 -862532.6850308469 0.00807855165797021 
413793.10344827553 -928091.2861306688 0.0033227027223191826 
416927.89968652005 -961279.1648060562 -0.0013471745772225916 
420062.69592476456 -961825.1607746425 -0.005763037215505635 
423197.49216300907 -929847.3048963887 -0.009801028335636475 
426332.2884012536 -865402.8745365684 -0.013350457751982072 
429467.0846394981 -768879.5532885033 -0.016308680868176037 
432601.8808777426 -642014.7603914246 -0.01860249869403896 
435736.6771159871 -488672.1189638369 -0.020205390899909387 
438871.4733542316 -314682.2955164677 -0.021124246535895577 
442006.26959247614 -126911.92799114516 -0.021363955424608613 
445141.06583072065 67603.87707206464 -0.02090537787936602 
448275.86206896516 261818.9053200669 -0.019721695691557357 
451410.65830720967 448310.1843967596 -0.017819848780491525 
454545.4545454542 619171.9007843058 -0.015267571861547088 
457680.2507836987 766682.8453652887 -0.012180398275506148 
460815.0470219432 884416.7279380736 -0.00868309291578603 
463949.8432601877 967943.1761139976 -0.004884798280972353 
467084.6394984322 1014631.2648924339 -0.0008909159149362068 
470219.43573667674 1022945.8524381197 0.00316545321735206 
473354.23197492125 992100.3371806298 0.0071114952319808414 
476489.02821316576 922496.9515793582 0.010761404454611507 
479623.82445141027 816497.5244529988 0.013960534879729484 
482758.6206896548 678657.4909022921 0.01660690820152986 
485893.4169278993 515060.19252705784 0.018633093598642507 
489028.2131661438 332282.8371428663 0.019972412931640624 
492163.0094043883 136871.1381405592 0.020549208485942345 
495297.8056426328 -64369.64738898591 0.020306767169219052 
498432.60188087734 -263847.8994429637 0.019245750087629566 
501567.39811912185 -453275.14839033247 0.01743353154366434 
504702.19435736636 -624587.5464591901 0.014974051759476258 
507836.99059561087 -771035.2557228445 0.011968157722818243 
510971.7868338554 -887578.827234153 0.008503499336564826 
514106.5830720999 -970429.991873607 0.004681121962126673 
517241.3793103444 -1016438.156037102 0.0006463955821925649 
520376.1755485889 -1023144.7338445407 -0.003413512532204714 
523510.9717868334 -989574.5922143944 -0.007308795661299793 
526645.768025078 -916997.2694701763 -0.01088751152014125 
529780.5642633225 -808853.8454120094 -0.014040356064735315 
532915.360501567 -669854.9139647833 -0.016669642857541883 
536050.1567398115 -505066.6395749252 -0.018659537235835286 
539184.952978056 -319765.1882026831 -0.019882843080254342 
542319.7492163006 -119995.31220644634 -0.020240877980914417 
545454.5454545451 86990.52919736714 -0.019698132154471644 
548589.3416927896 293103.6515135042 -0.018279469036006545 
551724.1379310341 490402.70578270324 -0.016038417165409803 
554858.9341692786 671788.6287703749 -0.013037321691200414 
557993.7304075231 830761.9419096194 -0.009368641749423801 
561128.5266457676 960574.7196618973 -0.005201767523116259 
564263.3228840121 1053824.5875618055 -0.0008070411276070387 
567398.1191222566 1103244.5114702196 0.003477778623706001 
570532.9153605012 1103414.380831637 0.0073261512935320445 
573667.7115987457 1052356.6723124338 0.010498916341439474 
576802.5078369902 952167.5327421986 0.012878963616332735 
579937.3040752347 808672.5177615173 0.014463697356905152 
583072.1003134792 630664.0765589967 0.015340510655271122 
586206.8965517237 429058.6467475567 0.015660354113927518 
589341.6927899682 215740.35215220234 0.015598246187674891 
592476.4890282127 1802.6502557144759 0.015286971469493909 
595611.2852664572 -204377.82811744307 0.014743318741836788 
598746.0815047018 -398043.9318354263 0.013840904135761846 
601880.8777429463 -576974.6439250715 0.012373148746018579 
605015.6739811908 -738811.758143233 0.010187742949343461 
608150.4702194353 -878607.5608353986 0.00730912492514619 
611285.2664576798 -988512.9278106124 0.003960602600315379 
614420.0626959243 -1060019.9796770483 0.0004668330311205669 
617554.8589341688 -1087221.8573444257 -0.0028930721866268693 
620689.6551724133 -1068804.5045287888 -0.005977168771524774 
623824.4514106578 -1007574.2001539493 -0.008762182675461722 
626959.2476489024 -908282.2532320439 -0.011249673301291785 
630094.0438871469 -775657.9786274412 -0.013384231184516985 
633228.8401253914 -614029.292592056 -0.015046612554750012 
636363.6363636359 -428340.936400982 -0.016112694966058598 
639498.4326018804 -225236.90102432857 -0.01651665776437549 
642633.2288401249 -13065.503694638372 -0.01626553683273172 
645768.0250783694 199189.17865397327 -0.015404769608825971 
648902.8213166139 403110.82016961346 -0.013977196490951813 
652037.6175548584 591319.3158173253 -0.012014848918335586 
655172.413793103 757170.5559391925 -0.009564553926144803 
658307.2100313475 894366.5561327061 -0.006715771079667148 
661442.006269592 997114.4295814062 -0.003601009597377772 
664576.8025078365 1060841.7322024652 -0.0003681825725659019 
667711.598746081 1082925.8604559114 0.0028504419025409955 
670846.3949843255 1062907.9514048544 0.0059485115535465715 
673981.19122257 1002132.3644635865 0.008832363871878787 
677115.9874608145 903198.589965512 0.01140190771208397 
680250.783699059 769668.6427261006 0.01354568910999144 
683385.5799373036 606169.1818740683 0.015156195972139408 
686520.3761755481 418664.05576481845 0.016154709359984892 
689655.1724137926 214523.3556553766 0.01650808399413175 
692789.9686520371 2151.1532600718983 0.016226030125755225 
695924.7648902816 -209757.1216453744 0.015341594503152855 
699059.5611285261 -412978.6242396819 0.013890278072717097 
702194.3573667706 -600152.4343809296 0.011905392061852357 
705329.1536050151 -764664.9870297397 0.009435068995881571 
708463.9498432596 -900330.316252001 0.006566781135233496 
711598.7460815042 -1001397.5822952687 0.003434577796047805 
714733.5423197487 -1063173.900700107 0.00019554621077200293 
717868.3385579932 -1082949.7158517125 -0.0030103617080763086 
721003.1347962377 -1060494.3907858646 -0.006083655208965234 
724137.9310344822 -997640.3630715003 -0.008949681843045341 
727272.7272727267 -897278.9003870338 -0.011518730066727104 
730407.5235109712 -762702.3745389538 -0.013664474619202624 
733542.3197492157 -597952.1633475285 -0.015250644421092478 
736677.1159874602 -408806.258221605 -0.01618872537787172 
739811.9122257048 -203249.6651961353 -0.016473187073587154 
742946.7084639493 9389.052951661715 -0.016156271457345786 
746081.5047021938 220173.28975919654 -0.01528295596049353 
749216.3009404383 421734.94157718454 -0.01385112452901813 
752351.0971786828 607893.4744604382 -0.011842170844291676 
755485.8934169273 772270.064479315 -0.009296197752418207 
758620.6896551718 907580.9158224307 -0.0063541659236006605 
761755.4858934163 1006730.1852899244 -0.003215256578864384 
764890.2821316608 1064976.741079447 -4.2427552868106594e-05 
768025.0783699054 1081174.1935733464 0.003092324610133475 
771159.8746081499 1056822.1247405196 0.0061652272479354635 
774294.6708463944 993833.1913403148 0.009101958030541358 
777429.4670846389 893322.7301550151 0.011728427525999662 
780564.2633228834 756778.8532805733 0.013833122725052072 
783699.0595611279 588474.4059863489 0.015288482651759128 
786833.8557993724 396489.5561210092 0.01611027812122249 
789968.6520376169 190926.30904705185 0.01638948175677245 
793103.4482758614 -19254.6673507027 0.016161663576527263 
796238.244514106 -227786.5322883131 0.015350336082028437 
799373.0407523505 -429565.24466562434 0.013851199092526037 
802507.836990595 -617767.1811395356 0.011677342000104065 
805642.6332288395 -782927.0020676587 0.00901310130209506 
808777.429467084 -915418.188011174 0.006110007887674844 
811912.2257053285 -1009211.6363910316 0.003121838245651942 
815047.021943573 -1063231.836667226 4.719079237417573e-05 
818181.8181818175 -1078902.3991137287 -0.0031560461590810778 
821316.614420062 -1056404.1281798435 -0.0064000679427730685 
824451.4106583066 -993655.6804027841 -0.009424145103977951 
827586.2068965511 -889310.9358206916 -0.01193840921897367 
830721.0031347956 -746786.4786465323 -0.013817286600240841 
833855.7993730401 -574978.9790709515 -0.015143293423076538 
836990.5956112846 -384546.0751686484 -0.016049138645726775 
840125.3918495291 -183248.66427594057 -0.01651798451247772 
843260.1880877736 24979.576281202568 -0.016355203144162285 
846394.9843260181 236316.3651348626 -0.015373200334248122 
849529.7805642626 442708.11627844913 -0.013604504494361267 
852664.5768025072 631830.0940631937 -0.011316610518586406 
855799.3730407517 791954.9025409844 -0.00880032141225762 
858934.1692789962 917109.0441891917 -0.006142925340488194 
862068.9655172407 1007313.0331328097 -0.003224402238076978 
865203.7617554852 1063638.0774046318 5.138093363280601e-05 
868338.5579937297 1083288.8209991287 0.0035294555630781092 
871473.3542319742 1060110.0189220402 0.006828013962308145 
874608.1504702187 990339.1156156574 0.009605948535863648 
877742.9467084632 877753.0225559578 0.011805289691992477 
880877.7429467078 732648.5266237803 0.01361340650347573 
884012.5391849523 565342.2625419034 0.015176066169427389 
887147.3354231968 380699.96456893353 0.016359317222617333 
890282.1316614413 179364.96230742076 0.016819605610273465 
893416.9278996858 -35569.24694245872 0.01632405579617644 
896551.7241379303 -253598.73719501775 0.01499232649669436 
899686.5203761748 -459243.24230552174 0.013199029064691826 
902821.3166144193 -639938.3767666012 0.011224919268033689 
905956.1128526638 -791539.6939112366 0.009016017879021995 
909090.9090909084 -915776.6769583344 0.00630974752430947 
912225.7053291529 -1012304.0506363555 0.003006370763855292 
915360.5015673974 -1073835.4257801033 -0.0006034783816469842 
918495.2978056419 -1089874.7761915275 -0.0040081602133168965 
921630.0940438864 -1055575.2385673244 -0.0068822770307184755 
924764.8902821309 -976584.3882124684 -0.00931276139818234 
927899.6865203754 -864570.7922838202 -0.011600472409884252 
931034.4827586199 -727775.6097231222 -0.013836151343651425 
934169.2789968645 -566347.3019205536 -0.01569767425569043 
937304.075235109 -377453.89500531135 -0.016697106139576853 
940438.8714733535 -164896.8283751647 -0.016635226521627203 
943573.667711598 57095.3864216108 -0.015789864226622888 
946708.4639498425 270450.4751434598 -0.014628610464333553 
949843.260188087 463915.0155971144 -0.01333402096711062 
952978.0564263315 636925.1294832246 -0.011639080032651888 
956112.852664576 792634.5989283051 -0.009158100800225088 
959247.6489028205 927428.3672232911 -0.005876726819355532 
962382.445141065 1028234.6961818682 -0.0022820996549600685 
965517.2413793096 1081022.6359012416 0.0010223133318272523 
968652.0376175541 1082040.2358611387 0.0038303186253553106 
971786.8338557986 1040074.1412067574 0.00643789431341396 
974921.6300940431 967090.7751493126 0.009218332413507061 
978056.4263322876 866827.6118211352 0.012106064574006209 
981191.2225705321 733353.8414605396 0.01453984659959684 
984326.0188087766 561364.5083934709 0.015945809046635683 
987460.8150470211 357490.3490897279 0.016268662213892542 
990595.6112852657 140410.00179539548 0.01599071661157992 
993730.4075235102 -71011.04506707995 0.015604545088237439 
996865.2037617547 -268272.8452561056 0.015020990493055438 
999999.9999999992 -523949.4168328649 0.01685946275913527 
