#x u 
0.0 -156328.95180905794 0.03185003418527527 
3134.796238244514 -215009.7959606299 0.0344921066547533 
6269.592476489028 -353955.44225438323 0.03174009999425831 
9404.38871473354 -477556.983117786 0.027836641956519692 
12539.184952978056 -582712.3289809483 0.022855782765714452 
15673.98119122257 -665334.122197829 0.016991094854004588 
18808.777429467085 -722227.4588415166 0.010469361942615265 
21943.5736677116 -751192.279266922 0.003542779077495448 
25078.369905956115 -751108.5144428322 -0.00352080295885288 
28213.16614420063 -721979.4035626634 -0.01044823563947551 
31347.962382445145 -664931.3685604237 -0.016971635328867397 
34482.75862068966 -582170.45541567 -0.022838742336451938 
37617.55485893417 -476897.02641430346 -0.027822675792009775 
40752.35109717868 -353182.0022250514 -0.03173070712283034 
43887.14733542319 -215809.43950666836 -0.03441171286243606 
47021.943573667704 -70091.53156558386 -0.03576201859096741 
50156.739811912215 78336.81401641034 -0.035729408022211286 
53291.53605015673 223735.87710683298 -0.034315142205984535 
56426.33228840124 360483.079845695 -0.03157391076337168 
59561.12852664575 483290.4115801582 -0.02761171704054808 
62695.92476489026 587408.9160942872 -0.022581778962233616 
65830.72100313478 668812.3336182218 -0.016678604098663882 
68965.51724137929 724352.7961852135 -0.010130468063079205 
72100.3134796238 751882.5556012562 -0.003190587099899177 
75235.10971786831 750337.0368099953 0.00387267378064045 
78369.90595611282 719776.0049815305 0.010786178470217239 
81504.70219435733 661381.2543948948 0.01728258192838639 
84639.49843260185 577410.9084850643 0.023110668408105998 
87774.29467084636 471112.09827044694 0.028045065961920038 
90909.09090909087 346595.39588371105 0.031894961569106296 
94043.88714733538 208675.85885795343 0.03451147987005695 
97178.68338557989 62686.83198136121 0.03579344017243127 
100313.4796238244 -85726.29300232818 0.03569126910580777 
103448.27586206891 -230824.38454076016 0.034208917622585495 
106583.07210031342 -366996.5033357698 0.031403708214760837 
109717.86833855794 -488976.8772151618 0.02738411825470352 
112852.66457680245 -592048.5284010204 0.022305585178083925 
115987.46081504696 -672225.6789135395 0.016364495722415332 
119122.25705329147 -726407.8804983302 0.009790591657195171 
122257.05329153598 -752499.9088770445 0.0028380856758560037 
125391.84952978049 -749492.7860138805 -0.00422416900225358 
128526.645768025 -717502.7972690968 -0.011123075178632117 
131661.44200626953 -657766.9946472568 -0.017591852336947635 
134796.23824451404 -572595.3600294776 -0.02338035303843069 
137931.03448275855 -465281.4782361999 -0.028264736116605193 
141065.83072100306 -339975.17419074575 -0.032056122609177076 
144200.62695924757 -201522.03930112073 -0.03460789970242735 
147335.42319749208 -55276.05257056205 -0.03582139024477624 
150470.2194357366 93107.45762655104 -0.0356496685895813 
153605.0156739811 237890.50494086463 -0.034099375208631454 
156739.81191222562 373474.3328258877 -0.03123045990528128 
159874.60815047013 494615.918303097 -0.027153863557167434 
163009.40438871464 596630.7195195333 -0.02202722803545356 
166144.20062695915 675573.8268552917 -0.016048800197911342 
169278.99686520366 728392.5124724437 -0.009449765688261174 
172413.79310344817 753044.279218446 -0.002485308993546038 
175548.58934169268 748575.8439361063 0.004575254533120649 
178683.3855799372 715160.0008976377 0.011458893090018152 
181818.1818181817 654088.9398548005 0.017899416559249287 
184952.97805642622 567724.2770959468 0.023647770071441858 
188087.77429467073 459405.7318076534 0.028481664950850066 
191222.57053291524 333321.9792235793 0.032214174612468574 
194357.36677115975 194348.6746658128 0.03470096300804812 
197492.16300940426 47859.91208467152 0.03584586609720035 
200626.95924764877 -100479.59200985222 0.0356046105082537 
203761.75548589329 -244933.55298320745 0.03398652558834545 
206896.5517241378 -379915.940048859 0.031054182637818825 
210031.3479623823 -500206.98792859726 0.026920975279721277 
213166.14420062682 -601155.0450354852 0.02174673453145028 
216300.94043887133 -678856.4527156504 0.01573154814360838 
219435.73667711584 -730306.4996234579 0.009108023212067728 
222570.53291536035 -753515.6138284521 0.0021322912678272132 
225705.32915360486 -747586.2995084092 -0.004925896322403784 
228840.12539184937 -712747.8430886483 -0.011793599634302668 
231974.9216300939 -650347.4467421304 -0.018205244765467882 
235109.7178683384 -562798.1321176563 -0.023912893571083605 
238244.5141065829 -453485.42885759054 -0.02869583142531289 
241379.31034482742 -326636.45625762857 -0.032369102249943854 
244514.10658307193 -187156.46067729752 -0.0347906607609606 
247648.90282131644 -40439.12979513152 -0.03586686535585681 
250783.69905956095 107841.98114882223 -0.035556099231886525 
253918.49529780546 251952.84558157448 -0.033870379706707324 
257053.29153604998 386320.70025059074 -0.030874893509029624 
260188.0877742945 505749.54382891307 -0.026685476009570303 
263322.884012539 605621.0661467577 -0.021464131870381813 
266457.6802507835 682073.238121595 -0.01541277032892686 
269592.476489028 732149.6563189253 -0.008765397373295014 
272727.27272727253 753913.8669935899 -0.0017790667369355776 
275862.06896551704 746524.2487040303 0.00527606036230281 
278996.86520376155 710266.5577908 0.01212716234920192 
282131.66144200607 646542.8781865602 0.018509307294151536 
285266.4576802506 557817.4028681042 0.024175697823743562 
288401.2539184951 447521.1435802078 0.02890721476856549 
291536.0501567396 319919.25370371464 0.03252089049558952 
294670.8463949841 179946.09488898938 0.034876984261621745 
297805.6426332286 33014.42542357917 0.03588438598408411 
300940.43887147313 -115193.91098521726 0.03550413946545756 
304075.23510971764 -258947.7019537298 0.03375094882839272 
307210.03134796215 -392687.9922506838 0.030692609907682345 
310344.82758620667 -511243.04844651325 0.026447388587152877 
313479.6238244512 -610028.3497060209 0.021179447461117062 
316614.4200626957 -685223.8710857951 0.015092497671266032 
319749.2163009402 -733921.8037960547 0.008421921402297855 
322884.0125391847 -754239.0000883613 0.0014256696591646656 
326018.8087774292 -745389.7945284115 -0.005625712691352766 
329153.60501567373 -707716.3856572572 -0.012459548883368561 
332288.40125391824 -642675.603182924 -0.0188115746550964 
335423.19749216276 -552782.572414776 -0.02443615734074673 
338557.99373040727 -441513.4544354329 -0.029115794479108115 
341692.7899686518 -313171.02304517734 -0.03266952462787352 
344827.5862068963 -172718.2766147986 -0.03495992513774845 
347962.3824451408 -25586.51907204471 -0.03589842628260391 
351097.1786833853 122534.66847521394 -0.03544873624840421 
354231.9749216298 265917.44368744077 -0.033628244536679903 
357366.77115987433 399017.19850267906 -0.030507349512971148 
360501.56739811884 516686.9689812191 -0.02620673610392521 
363636.36363636336 614376.4682627444 -0.02089270891442828 
366771.15987460787 688308.0460368668 -0.01477076123300633 
369905.9561128524 735622.7701790497 -0.008077628611883417 
373040.7523510969 754490.9815789859 -0.0010721343095429017 
376175.5485893414 744183.0470091987 0.00597481939771839 
379310.3448275859 705097.5740223266 0.012790726999530232 
382445.1410658304 638745.9968077801 0.019112017532207384 
385579.93730407493 547694.12907228 0.024694246860827967 
388714.73354231945 435462.9440928139 0.029321550327357903 
391849.52978056396 306392.41877468966 0.03281499023117265 
394984.32601880847 165473.70686130523 0.035039475345128995 
398119.122257053 18156.131153097645 0.03590898488968612 
401253.9184952975 -129863.54165859196 0.035389894954136254 
404388.714733542 -272861.3948062337 0.033502278732325017 
407523.5109717865 -405307.705153683 0.03031913029278922 
410658.307210031 -522080.77744165744 0.02596354190011189 
413793.10344827553 -618665.0001059681 0.020603944040373422 
416927.89968652005 -691325.4638527574 0.014447592218668051 
420062.69592476456 -737252.3904945425 0.007732552394023501 
423197.49216300907 -754669.7870019443 0.0007184949753855827 
426332.2884012536 -742904.1231479333 -0.006323346624208376 
429467.0846394981 -702410.3769472488 -0.013120664574417618 
432601.8808777426 -634754.4405189237 -0.019410606770944992 
435736.6771159871 -542552.5691989644 -0.024949941460612024 
438871.4733542316 -429370.1432558703 -0.029524459905338772 
442006.26959247614 -299582.3679528194 -0.03295719421718223 
445141.06583072065 -158193.55414954398 -0.035114731798500304 
448275.86206896516 -10588.816224896134 -0.035909863502785265 
451410.65830720967 137845.74076338438 -0.03529709390409175 
454545.4545454542 282289.2667421957 -0.03325799469307821 
457680.2507836987 419105.1972333027 -0.029782081774115152 
460815.0470219432 545974.6348071706 -0.024867533132004977 
463949.8432601877 660752.9190743777 -0.01857777146004341 
467084.6394984322 758892.6898077668 -0.01116099199730883 
470219.43573667674 831019.3252633491 -0.003159898583905198 
473354.23197492125 863718.3907119363 0.004628736445036107 
476489.02821316576 845384.8523357712 0.011429652424802404 
479623.82445141027 774504.3102433081 0.01687891201402672 
482758.6206896548 663547.7234762597 0.021213804022632714 
485893.4169278993 533138.1803267148 0.02501589725740041 
489028.2131661438 399176.0137409367 0.02863080518839447 
492163.0094043883 263375.81785986887 0.03174927890307982 
495297.8056426328 116347.53468499245 0.03357451920531007 
498432.60188087734 -48753.73176688738 0.033480259419611205 
501567.39811912185 -224624.3383957537 0.031558127605975074 
504702.19435736636 -391608.29126506776 0.028508976719324362 
507836.99059561087 -531286.375811953 0.024962774207085897 
510971.7868338554 -638492.9659875071 0.020903850510097435 
514106.5830720999 -720198.9998663601 0.01580237166622503 
517241.3793103444 -783372.7878536787 0.00934378847988568 
520376.1755485889 -825128.486511208 0.0020171619127839296 
523510.9717868334 -835442.739548974 -0.005062929861519228 
526645.768025078 -808878.8147050268 -0.010958854025675495 
529780.5642633225 -751968.5006318609 -0.015555843593669053 
532915.360501567 -677597.400613071 -0.019426186473068735 
536050.1567398115 -591916.0605021296 -0.02308041154435279 
539184.952978056 -487873.79880465905 -0.026381864632182152 
542319.7492163006 -353142.30680137745 -0.028696800133370358 
545454.5454545451 -185249.7832287954 -0.029567443602581588 
548589.3416927896 1297.4190938702777 -0.029164486743910707 
551724.1379310341 183570.6008624013 -0.028045067361214968 
554858.9341692786 346351.82794059097 -0.02650310083631543 
557993.7304075231 489956.37182487524 -0.024232840376767324 
561128.5266457676 622300.6227862317 -0.020681155725162007 
564263.3228840121 743923.6144251216 -0.01571955963211093 
567398.1191222566 841822.5377693733 -0.009919075971266528 
570532.9153605012 898630.1359993921 -0.004126396933583663 
573667.7115987457 907554.5823475391 0.0012238560855544226 
576802.5078369902 877464.6846394425 0.0063471339035717595 
579937.3040752347 822851.5094299491 0.011656221392718259 
583072.1003134792 749255.1575727265 0.01710295767312277 
586206.8965517237 649453.5950571835 0.022015223233731118 
589341.6927899682 514334.856892656 0.025608486512828432 
592476.4890282127 346886.9815458479 0.02764125714464697 
595611.2852664572 164426.60502637803 0.02853187450000171 
598746.0815047018 -13476.34895027651 0.028819520258068793 
601880.8777429463 -178911.65017481922 0.02854031738235885 
605015.6739811908 -337010.227255409 0.027176631245965387 
608150.4702194353 -493618.3856243083 0.02423297757712437 
611285.2664576798 -642498.9707691544 0.019831489569881653 
614420.0626959243 -765771.3460630121 0.014698083041964675 
617554.8589341688 -847355.3776383 0.00954983779739348 
620689.6551724133 -885485.2534998226 0.004522165891479981 
623824.4514106578 -891308.8139137396 -0.0007690912603850141 
626959.2476489024 -875179.971352001 -0.0066042432090938855 
630094.0438871469 -835138.8549649655 -0.01263921968434133 
633228.8401253914 -759712.5767644534 -0.018043782580265053 
636363.6363636359 -642054.217922004 -0.022161394032244115 
639498.4326018804 -490469.0103749442 -0.025004964489074407 
642633.2288401249 -324136.1254263137 -0.027074971368508463 
645768.0250783694 -158361.0286823369 -0.02869810300700818 
648902.8213166139 5341.107595877611 -0.029587201404414787 
652037.6175548584 174148.4362777291 -0.029088685759842317 
655172.413793103 349448.60209887964 -0.026859008821601072 
658307.2100313475 518468.1662198056 -0.02325917033668845 
661442.006269592 661077.7459363963 -0.019051466545623594 
664576.8025078365 764865.2086630653 -0.014714771474178327 
667711.598746081 832861.6730752211 -0.010093877607495872 
670846.3949843255 876009.3199508052 -0.004745383396623819 
673981.19122257 898467.1225430112 0.0013910039969039978 
677115.9874608145 891329.4445093926 0.007709583950363679 
680250.783699059 841428.7931729978 0.013349797373541014 
683385.5799373036 745980.7116811855 0.017877453110849283 
686520.3761755481 617640.9519403598 0.02152839183995571 
689655.1724137926 474582.74645414297 0.024766963692603134 
692789.9686520371 325904.25651403225 0.027631395297225237 
695924.7648902816 167534.68142409011 0.029560783798770224 
699059.5611285261 -7275.971411437042 0.029890398496971088 
702194.3573667706 -194160.30940554387 0.028497825034491064 
705329.1536050151 -375294.6295223284 0.02592265156737679 
708463.9498432596 -531236.7111118166 0.022834578687387027 
711598.7460815042 -654753.6367125462 0.01940814843542145 
714733.5423197487 -752357.9548784619 0.015258401215954214 
717868.3385579932 -832180.1382309345 0.010000117348063716 
721003.1347962377 -891139.2588917318 0.0038363689526510376 
724137.9310344822 -915064.2605761415 -0.002449430598901225 
727272.7272727267 -891750.24553335 -0.008097172952223572 
730407.5235109712 -823287.3855994246 -0.012942943677938523 
733542.3197492157 -724721.9881091572 -0.01736769206457502 
736677.1159874602 -610433.0936172974 -0.02168470426927585 
739811.9122257048 -482469.00600929756 -0.025618349085226737 
742946.7084639493 -332969.7061072428 -0.028429405233290257 
746081.5047021938 -157942.3357411774 -0.029561151672584204 
749216.3009404383 32311.96214015613 -0.029131761117573884 
752351.0971786828 217319.3459370464 -0.0277590783927368 
755485.8934169273 381020.06183146115 -0.025904394041340456 
758620.6896551718 521748.1527119389 -0.023425625679364185 
761755.4858934163 647383.2892580426 -0.01980799433973385 
764890.2821316608 761036.237243353 -0.01482610953503414 
768025.0783699054 852555.0816063902 -0.008936506511100933 
771159.8746081499 904979.067969186 -0.0029821573317901887 
774294.6708463944 909308.8419723337 0.0024870973409406804 
777429.4670846389 872179.1701943068 0.007571558904904402 
780564.2633228834 808442.304719832 0.012689590872548317 
783699.0595611279 726485.5500884731 0.0179147576803616 
786833.8557993724 621686.198011548 0.022687835905405334 
789968.6520376169 484790.7781546736 0.026214331273102052 
793103.4482758614 316264.182676178 0.028136530794877858 
796238.244514106 131341.97337833705 0.02877974583462846 
799373.0407523505 -49733.27763313113 0.02871919407927789 
802507.836990595 -216259.86800613673 0.028126794982347193 
805642.6332288395 -371373.29477460904 0.026586556895395477 
808777.429467084 -521850.40060600074 0.023572460403823537 
811912.2257053285 -664415.7958664936 0.019084469713646534 
815047.021943573 -783201.7732094096 0.01377077154701484 
818181.8181818175 -861255.8131595089 0.008403358089815457 
821316.614420062 -894189.5188255508 0.003252587019561758 
824451.4106583066 -891780.9323935081 -0.001988941138798023 
827586.2068965511 -865970.2774387891 -0.0076615800098197425 
830721.0031347956 -817943.8898738737 -0.013554597229407725 
833855.7993730401 -737898.5210199394 -0.018905622480526334 
836990.5956112846 -617686.1938033431 -0.02299236310608846 
840125.3918495291 -462948.1142726329 -0.02570228341853127 
843260.1880877736 -291844.6391768888 -0.02748874033705013 
846394.9843260181 -121545.06235816894 -0.02876636463703768 
849529.7805642626 43528.34774481923 -0.029386593918773032 
852664.5768025072 209588.57629256533 -0.028748054993559584 
855799.3730407517 379994.9467492117 -0.026427107390885402 
858934.1692789962 544843.4001803028 -0.022665428906593933 
862068.9655172407 684842.7221515399 -0.018200547877516817 
865203.7617554852 785645.1740131734 -0.013614633943391666 
868338.5579937297 847790.0583499431 -0.008881627122477255 
871473.3542319742 882009.0502072121 -0.0035824825560365338 
874608.1504702187 894997.7224244889 0.002445446471036125 
877742.9467084632 880730.6869948579 0.008715893006550122 
880877.7429467078 826509.9190275656 0.014379041517055508 
884012.5391849523 727389.3988353952 0.018893075226525592 
887147.3354231968 593765.4895925913 0.022384286775517147 
890282.1316614413 444066.01133158884 0.025325506269395236 
893416.9278996858 290093.32697801985 0.027878641453218972 
896551.7241379303 130251.50543038762 0.029598885500957267 
899686.5203761748 -42445.88980906918 0.029816147650736417 
902821.3166144193 -226259.90881517055 0.028295622220837684 
905956.1128526638 -405606.94622404344 0.02548460655654486 
909090.9090909084 -560580.1964064576 0.02208638481684862 
912225.7053291529 -681358.3053458366 0.018407857833435695 
915360.5015673974 -772603.451845543 0.014163485999157762 
918495.2978056419 -843461.3604092508 0.008936443835691118 
921630.0940438864 -893882.0911515739 0.002805551317906475 
924764.8902821309 -911800.9713078905 -0.0035284658814976077 
927899.6865203754 -884246.889585876 -0.009257867233709588 
931034.4827586199 -810752.3575090953 -0.014090827521021223 
934169.2789968645 -704975.6729770075 -0.018336249355950678 
937304.075235109 -582794.0357562216 -0.022370243339664145 
940438.8714733535 -449298.4663533736 -0.026053603553508276 
943573.667711598 -298219.81231389276 -0.028719904137944875 
946708.4639498425 -124196.17280212686 -0.029752468468480432 
949843.260188087 65242.02579716879 -0.02914808043786141 
952978.0564263315 250813.481886141 -0.02747813526744748 
956112.852664576 414807.3381014403 -0.025290101621185987 
959247.6489028205 552841.3960806143 -0.022578774442764286 
962382.445141065 671963.155800981 -0.01888128791221242 
965517.2413793096 777350.5414476908 -0.013892130943117927 
968652.0376175541 861828.0369795472 -0.007946339701633508 
971786.8338557986 909412.0215763974 -0.001856750565896815 
974921.6300940431 909303.6312009708 0.0037305015298906966 
978056.4263322876 865721.3395674003 0.00879253081496801 
981191.2225705321 793298.6240045557 0.013727102568464732 
984326.0188087766 702900.8069303113 0.018713066310826115 
987460.8150470211 592730.5249847374 0.0233149936967291 
990595.6112852657 453970.8771827419 0.026755472032365703 
993730.4075235102 284852.78822539456 0.028576753739145665 
996865.2037617547 99735.72482159776 0.02893010524378432 
999999.9999999992 -156328.95181129867 0.03185003418517256 
