#x u 
0.0 434774.205837996 -0.00731724929674926 
3134.796238244514 522196.48862068367 -0.010653893008327883 
6269.592476489028 711260.8499054075 -0.008139212097102066 
9404.38871473354 873243.4029275707 -0.005391963311518703 
12539.184952978056 1002211.5443298868 -0.0024675366571193964 
15673.98119122257 1089913.158120114 0.0003973376766718637 
18808.777429467085 1129819.4221583346 0.002965363702060961 
21943.5736677116 1118228.4051514629 0.005048879892518626 
25078.369905956115 1055307.7348518681 0.006560469639331775 
28213.16614420063 945509.5510115781 0.0075374021414684085 
31347.962382445145 796971.9680506288 0.008121873684800702 
34482.75862068966 619907.0181997346 0.008496808459998428 
37617.55485893417 424496.13972090516 0.008800854921342808 
40752.35109717868 219165.28120005925 0.009062231319281413 
43887.14733542319 10019.85602649843 0.009186776882850241 
47021.943573667704 -198348.66645277853 0.009009434705064235 
50156.739811912215 -401233.88468807965 0.008383456290358488 
53291.53605015673 -592404.559768164 0.007259052707169614 
56426.33228840124 -763833.9831939262 0.00570877275570233 
59561.12852664575 -906789.0130040126 0.0038890070703521415 
62695.92476489026 -1013653.0393951926 0.001965860014688506 
65830.72100313478 -1079426.7301113869 5.3436512591481435e-05 
68965.51724137929 -1102130.5526310466 -0.001800159536924299 
72100.3134796238 -1082117.6734621185 -0.003579681490470261 
75235.10971786831 -1021018.189546428 -0.005255561517757541 
78369.90595611282 -921156.5647685492 -0.00676124002068549 
81504.70219435733 -785758.33932772 -0.008009334792528952 
84639.49843260185 -619546.6406762642 -0.00892808020153916 
87774.29467084636 -429019.02450726065 -0.009485164077029607 
90909.09090909087 -222023.68900422048 -0.009681069045929365 
94043.88714733538 -6894.719117317507 -0.009523326707144779 
97178.68338557989 208232.87366480342 -0.009009601894611958 
100313.4796238244 415545.14368381 -0.008136610788228608 
103448.27586206891 607314.2794612645 -0.006924867191571179 
106583.07210031342 775873.9021810656 -0.005432719408227976 
109717.86833855794 914148.5693544981 -0.0037434116613974397 
112852.66457680245 1016493.2868812543 -0.0019359252484560008 
115987.46081504696 1079235.3157273647 -6.709514846116793e-05 
119122.25705329147 1100550.5581469215 0.001818411520154498 
122257.05329153598 1079927.4571495096 0.0036620158534113097 
125391.84952978049 1017851.2998151518 0.00537811483103654 
128526.645768025 916080.6823828776 0.006870924306593149 
131661.44200626953 778228.5527046133 0.008067933831503553 
134796.23824451404 609969.1384826648 0.008938599859863245 
137931.03448275855 418490.06671877904 0.009480471083994624 
141065.83072100306 211522.02232764126 0.009687545366001648 
144200.62695924757 -3313.099943770909 0.009534325582721014 
147335.42319749208 -218428.6593628294 0.008993686470002819 
150470.2194357366 -425829.8011842888 0.008071698773909822 
153605.0156739811 -617069.6762961604 0.006823572516034809 
156739.81191222562 -783991.5130936246 0.005332479544634475 
159874.60815047013 -919825.9409701858 0.0036704967011803088 
163009.40438871464 -1019798.7389604934 0.0018799597996729755 
166144.20062695915 -1080845.6020286873 -6.6365182422416236e-06 
169278.99686520366 -1100903.9978663288 -0.0019300040613737981 
172413.79310344817 -1078661.6206031 -0.0037911675231978885 
175548.58934169268 -1014138.2935061514 -0.0054796388316205365 
178683.3855799372 -909555.1476177266 -0.006917566029994223 
181818.1818181817 -769557.0026158995 -0.008076874294975597 
184952.97805642622 -600433.9500619131 -0.00895290388063488 
188087.77429467073 -408967.47548749903 -0.009522848632431576 
191222.57053291524 -201891.89570692388 -0.009733971890540804 
194357.36677115975 13693.939069677957 -0.009536454174426098 
197492.16300940426 229653.627610577 -0.008928752320499885 
200626.95924764877 436892.83468958584 -0.007968431819039785 
203761.75548589329 626461.277414474 -0.006735548316498565 
206896.5517241378 790878.2576949985 -0.005284657238231376 
210031.3479623823 924605.9875830674 -0.0036342678380906525 
213166.14420062682 1023431.2739176775 -0.0018042855870464814 
216300.94043887133 1083623.2817711716 0.00013868329329642264 
219435.73667711584 1101954.563594219 0.002078258351933945 
222570.53291536035 1076743.4219887583 0.003894844085370777 
225705.32915360486 1008942.5516085707 0.005517174680128909 
228840.12539184937 902154.7772480114 0.006927479950903208 
231974.9216300939 761489.2507494257 0.008116129344080953 
235109.7178683384 592330.1737150658 0.009034621594119992 
238244.5141065829 400156.4089343523 0.009598735396487779 
241379.31034482742 191421.65004368144 0.0097418427427889 
244514.10658307193 -25660.691633932744 0.009464902305984055 
247648.90282131644 -241552.77276122588 0.008831028493033636 
250783.69905956095 -446940.1019146007 0.00790901015981327 
253918.49529780546 -634116.664700977 0.006723669904313864 
257053.29153604998 -797066.3565208522 0.0052648307316024556 
260188.0877742945 -930431.7091721572 0.0035456446337798755 
263322.884012539 -1028716.7175867035 0.0016481209590324536 
266457.6802507835 -1086823.2672283514 -0.0002948915911170191 
269592.476489028 -1101593.8349026549 -0.0021665194846963447 
272727.27272727253 -1072905.5835891878 -0.003914937827577956 
275862.06896551704 -1003236.1479372544 -0.005535253291089762 
278996.86520376155 -896145.3294654757 -0.00700448941234724 
282131.66144200607 -755210.1323949007 -0.008239969460862872 
285266.4576802506 -584447.3368601921 -0.009128223736869664 
288401.2539184951 -389651.51032391476 -0.009597828760883083 
291536.0501567396 -179040.78652979297 -0.009662041380500763 
294670.8463949841 37749.62014603217 -0.009386718115391095 
297805.6426332286 251596.72339053993 -0.008816412201266034 
300940.43887147313 455041.9030187105 -0.0079360102194498 
304075.23510971764 641758.1070397071 -0.006708959508162606 
307210.03134796215 805183.2479898117 -0.00515253863386137 
310344.82758620667 938058.2896222468 -0.003369993871959194 
313479.6238244512 1033665.2029552936 -0.0015026685440333682 
316614.4200626957 1087742.455616888 0.0003513564016187961 
319749.2163009402 1099268.6393545636 0.002169421128914681 
322884.0125391847 1069406.5437547609 0.003954951418514188 
326018.8087774292 999769.4173698713 0.005659916640064974 
329153.60501567373 891849.5412959883 0.007163353760829986 
332288.40125391824 748194.8316530783 0.008332622898925467 
335423.19749216276 574019.6343115177 0.009106887964577575 
338557.99373040727 377389.7410975149 0.009517192567951263 
341692.7899686518 167538.0969517089 0.009622352377122736 
344827.5862068963 -47208.52422122652 0.009428010050435514 
347962.3824451408 -260003.7179579048 0.00887485665582461 
351097.1786833853 -464238.11193437094 0.00791005245151429 
354231.9749216298 -652086.2362750707 0.0065675937596355 
357366.77115987433 -814702.7524752205 0.004971874628629189 
360501.56739811884 -944204.2861840279 0.003257712558332294 
363636.36363636336 -1035660.0570049381 0.0014878627917662614 
366771.15987460787 -1087232.6064264122 -0.00034711905333969107 
369905.9561128524 -1098483.023581955 -0.0022475701971067814 
373040.7523510969 -1068741.1192144335 -0.004129222148548757 
376175.5485893414 -997347.0998164117 -0.005836349219276955 
379310.3448275859 -885561.6458681121 -0.007234174562673941 
382445.1410658304 -738108.3976052665 -0.008287020642797585 
385579.93730407493 -562601.408984599 -0.009041817533725063 
388714.73354231945 -367256.37204334605 -0.009534872106109088 
391849.52978056396 -159054.19550804622 -0.009720849332823583 
394984.32601880847 55957.94385118652 -0.009500698868301414 
398119.122257053 270806.9093474525 -0.008821448254893399 
401253.9184952975 476434.2033743222 -0.007743755861550256 
404388.714733542 662803.9256890451 -0.006404835520021791 
407523.5109717865 821471.4372894036 -0.004913197828768615 
410658.307210031 947232.1227268062 -0.003283847026373774 
413793.10344827553 1037374.3519866432 -0.0014811687150829648 
416927.89968652005 1089530.3890433954 0.00047637698304843013 
420062.69592476456 1100569.599372006 0.002462039511785093 
423197.49216300907 1067860.735117335 0.004297990417274387 
426332.2884012536 991685.9180157338 0.0058681874567294914 
429467.0846394981 876287.5662924862 0.007171350770675104 
432601.8808777426 728369.6792974364 0.008259834541653884 
435736.6771159871 554484.49490113 0.009129695907456228 
438871.4733542316 359877.91359886475 0.009679538425031255 
442006.26959247614 149813.40100571682 0.0097844163362446 
445141.06583072065 -68253.20603689906 0.009409684106944897 
448275.86206896516 -284232.83875084296 0.008645760017731423 
451410.65830720967 -487508.95316119166 0.007625989904836981 
454545.4545454542 -669731.9692797046 0.006412218228937351 
457680.2507836987 -825684.835130806 0.004967521059450609 
460815.0470219432 -951585.507173691 0.003244691812354774 
463949.8432601877 -1042863.3615548338 0.0012966948175428912 
467084.6394984322 -1093993.1109550952 -0.0007096683059725274 
470219.43573667674 -1100784.2046104076 -0.0025953559431302993 
473354.23197492125 -1062878.293860991 -0.00428306022579574 
476489.02821316576 -983893.9772731622 -0.005806196124600974 
479623.82445141027 -869043.8096780042 -0.007204792529003747 
482758.6206896548 -722652.6821805006 -0.00841943199386113 
485893.4169278993 -548082.2660920338 -0.009297751150344324 
489028.2131661438 -350000.28984371445 -0.009710309796856711 
492163.0094043883 -136403.3899947253 -0.009656592991720555 
495297.8056426328 82015.40488296105 -0.009250212252636522 
498432.60188087734 294822.6303317589 -0.008597971753863023 
501567.39811912185 494352.9775499226 -0.007699243849967645 
504702.19435736636 675443.5589773352 -0.006471761102686004 
507836.99059561087 832962.8030451676 -0.004877218850616229 
510971.7868338554 960023.4936780003 -0.0030137625905323163 
514106.5830720999 1049055.4903981453 -0.001075229534073904 
517241.3793103444 1094880.8504212042 0.0007838852730230334 
520376.1755485889 1096758.442167362 0.0025389455754310274 
523510.9717868334 1057358.608888715 0.004247813815309808 
526645.768025078 979784.2347257996 0.005916799333964442 
529780.5642633225 865768.2334813647 0.007423291370842008 
532915.360501567 716909.3892170959 0.00858022020691826 
536050.1567398115 537559.5878223543 0.009278469191102616 
539184.952978056 336156.00464610197 0.009559872638159665 
542319.7492163006 123344.07407225082 0.009544514551310581 
545454.5454545451 -91435.28884772505 0.00928852047290969 
548589.3416927896 -301609.8792908069 0.008722338818187474 
551724.1379310341 -501934.875474597 0.007735730887102145 
554858.9341692786 -685665.0569288306 0.00632094955279892 
557993.7304075231 -843736.1262984594 0.004622521387752788 
561128.5266457676 -967149.901388882 0.0028383929072952003 
564263.3228840121 -1050358.6792499193 0.0010730940987840544 
567398.1191222566 -1092322.7477360358 -0.0007049441301851062 
570532.9153605012 -1094284.5468555784 -0.0025582988574535045 
573667.7115987457 -1056702.9873482888 -0.004439813705080876 
576802.5078369902 -978644.700685917 -0.0061673320985775005 
579937.3040752347 -860307.3854484678 -0.007544751281234086 
583072.1003134792 -705985.7578088746 -0.008505908458813717 
586206.8965517237 -524230.74212953605 -0.009132048819923333 
589341.6927899682 -324822.8088191177 -0.009525105362034268 
592476.4890282127 -115489.96565299084 -0.00967065363984081 
595611.2852664572 98438.72214773638 -0.00943628593743806 
598746.0815047018 311349.1861801907 -0.008709203442323744 
601880.8777429463 514751.46583352634 -0.007529289816203228 
605015.6739811908 697847.8644494558 -0.006076574733958047 
608150.4702194353 851017.625075208 -0.004523681915645882 
611285.2664576798 968875.094068906 -0.0029060277167249453 
614420.0626959243 1049942.974223303 -0.0011449752186366295 
617554.8589341688 1093484.228686946 0.0008012879884346139 
620689.6551724133 1096992.138618238 0.0028197764401323394 
623824.4514106578 1057122.7596920417 0.0046853743605153216 
626959.2476489024 973186.5468912444 0.006223661737867376 
630094.0438871469 849540.4027072482 0.007426082944304454 
633228.8401253914 694280.2487532415 0.008398070836765003 
636363.6363636359 515451.4069953647 0.00919561253720871 
639498.4326018804 318569.83787835145 0.009723724287726986 
642633.2288401249 107851.58966632534 0.009806256913140368 
645768.0250783694 -110384.00612037958 0.009356175375954606 
648902.8213166139 -326012.51696055033 0.008468133166135084 
652037.6175548584 -527240.2457281762 0.007334856167285745 
655172.413793103 -704690.1239757735 0.0060733067362050445 
658307.2100313475 -853466.5023811255 0.004642136735133504 
661442.006269592 -971303.4603125562 0.002936841494874661 
664576.8025078365 -1054986.405571687 0.0009618431829132319 
667711.598746081 -1099039.3308693317 -0.001103809018129922 
670846.3949843255 -1098266.6712374298 -0.003020169240370254 
673981.19122257 -1051627.9019605555 -0.0046640670253429144 
677115.9874608145 -963430.2293583147 -0.006086696180674063 
680250.783699059 -840553.1170155086 -0.007392048420676077 
683385.5799373036 -688530.3338775032 -0.008565496151365634 
686520.3761755481 -510485.7085083169 -0.009435384360931293 
689655.1724137926 -309887.10071689467 -0.009811441434982552 
692789.9686520371 -94012.38020308563 -0.009657156468723031 
695924.7648902816 125799.47654848048 -0.009115601195111265 
699059.5611285261 337711.9001907194 -0.008360652859158098 
702194.3573667706 533366.2013771279 -0.007429024587733873 
705329.1536050151 708406.353988156 -0.006209606965679528 
708463.9498432596 859290.2918263609 -0.004601648790177772 
711598.7460815042 980022.0846385638 -0.0026747212056063823 
714733.5423197487 1062524.0378722667 -0.0006595992304997606 
717868.3385579932 1100517.7046332103 0.0012242410045161674 
721003.1347962377 1093028.0040847596 0.0029266013922853444 
724137.9310344822 1043930.6913713651 0.004546031685368998 
727272.7272727267 958045.3018916149 0.0061537979732695005 
730407.5235109712 837861.0255636232 0.007649591181721889 
733542.3197492157 684286.1544223691 0.008804171193640896 
736677.1159874602 500533.504736767 0.009447940461733924 
739811.9122257048 294880.91314624646 0.009609732064962566 
742946.7084639493 79147.34721734698 0.009460515933464234 
746081.5047021938 -135820.84143468158 0.009120837187148307 
749216.3009404383 -343222.5646415587 0.008534537115421674 
752351.0971786828 -539003.4639098647 0.007542501894500616 
755485.8934169273 -717848.8733128296 0.006079675512966334 
758620.6896551718 -870994.914953137 0.0042873303707313725 
761755.4858934163 -988483.3237378158 0.0024197825940068243 
764890.2821316608 -1063786.7752108546 0.0006401945851276258 
768025.0783699054 -1096171.1263034751 -0.0010824442409837652 
771159.8746081499 -1088459.8953042873 -0.002868345822078615 
774294.6708463944 -1042640.5089307377 -0.0047258800207369885 
777429.4670846389 -957986.2651413383 -0.006468688807714648 
780564.2633228834 -833686.8418268501 -0.007842181148641193 
783699.0595611279 -673175.2648228817 -0.008730280077306037 
786833.8557993724 -485465.6312138095 -0.009227314771899482 
789968.6520376169 -281876.17893956485 -0.009500143689912768 
793103.4482758614 -71319.07403666468 -0.009585858782913535 
796238.244514106 141164.16676934093 -0.009339015456232462 
799373.0407523505 351358.9021592962 -0.008585712890953825 
802507.836990595 551825.6929960514 -0.007323508908156407 
805642.6332288395 731435.9518535024 -0.005755985909573023 
808777.429467084 879332.8546193341 -0.004123045079377938 
811912.2257053285 989472.81625143 -0.0025027026858224655 
815047.021943573 1061228.5991375272 -0.0007911405920340135 
818181.8181818175 1095612.5572038814 0.0011190494059168882 
821316.614420062 1091244.02774722 0.0031516609750654396 
824451.4106583066 1044427.825635047 0.00505097084083571 
827586.2068965511 953344.4467460912 0.0065771470529202795 
830721.0031347956 821950.7923436542 0.007691098373685832 
833855.7993730401 659398.6749311831 0.008536345354516722 
836990.5956112846 475414.0450472139 0.009237886905396534 
840125.3918495291 276287.9706289682 0.009730842320745494 
843260.1880877736 65470.93940233518 0.009801353057956657 
846394.9843260181 -152103.29453054193 0.009299163292467223 
849529.7805642626 -366806.4985997264 0.008299368374227798 
852664.5768025072 -565937.4051314585 0.007042252506907598 
855799.3730407517 -738829.1663610807 0.005712398002085679 
858934.1692789962 -880400.6484471322 0.004287678348987638 
862068.9655172407 -989693.2126159334 0.002616199498093873 
865203.7617554852 -1065165.8895114262 0.0006395317772157107 
868338.5579937297 -1101910.1169623083 -0.0014746473869212801 
871473.3542319742 -1093905.3268630542 -0.0034337624087136176 
874608.1504702187 -1039083.8746760805 -0.005053170146192337 
877742.9467084632 -941932.8285738468 -0.006378864437571612 
880877.7429467078 -810856.8715105513 -0.007572666433826297 
884012.5391849523 -652968.5231794431 -0.008681929639139295 
887147.3354231968 -471642.026878306 -0.00953816873707743 
890282.1316614413 -269232.5868100237 -0.009894419314119546 
893416.9278996858 -51882.567392302306 -0.009659715052859104 
896551.7241379303 168923.85649757597 -0.008985146249693555 
899686.5203761748 380028.1713510273 -0.008110129818295822 
902821.3166144193 571975.0398098713 -0.007129005548852585 
905956.1128526638 740760.6871275317 -0.005922475179583755 
909090.9090909084 884396.9161388184 -0.004325780069732895 
912225.7053291529 998179.865211218 -0.002356289482178692 
915360.5015673974 1073924.4244020954 -0.00025952785376040944 
918495.2978056419 1104243.0681711135 0.0016774219283689834 
921630.0940438864 1087576.8320488473 0.003351775154233643 
924764.8902821309 1028780.6065373777 0.004875426307524364 
927899.6865203754 934620.0257451109 0.006381379481360202 
931034.4827586199 808808.2773052498 0.007814820734760287 
934169.2789968645 651670.0398018996 0.008934442954277613 
937304.075235109 464664.5095187216 0.00952672938541954 
940438.8714733535 254904.24297589183 0.009607208655276617 
943573.667711598 34806.7216981871 0.009391096896237369 
946708.4639498425 -182901.31988991538 0.009056080240191137 
949843.260188087 -389796.8860153904 0.008541725209297456 
952978.0564263315 -581488.6601221444 0.007598836684603045 
956112.852664576 -753248.1585083603 0.006046929977489728 
959247.6489028205 -896761.8439555179 0.003983030051103868 
962382.445141065 -1002049.8089901706 0.0017342285008678745 
965517.2413793096 -1063004.374399615 -0.00039130026715120136 
968652.0376175541 -1080898.9016714715 -0.0022981703931322706 
971786.8338557986 -1062025.086500419 -0.004053647595962628 
974921.6300940431 -1011562.0622975344 -0.005667952505307871 
978056.4263322876 -929684.1459638295 -0.006959036322124208 
981191.2225705321 -813654.812016418 -0.007661613256368674 
984326.0188087766 -663528.6760671508 -0.00767235060171058 
987460.8150470211 -485449.31758691755 -0.0071671004992438815 
990595.6112852657 -289167.49371597916 -0.006451146978541572 
993730.4075235102 -82487.16983035687 -0.005684391595697887 
996865.2037617547 129147.71161187685 -0.004657197890099421 
999999.9999999992 434773.98433729727 -0.0073172594498377 
