#x u 
0.0 203029.344625542 -0.010636453176189099 
3134.796238244514 293603.51871126355 -0.015040105954167438 
6269.592476489028 483971.0356315249 -0.013767433235699244 
9404.38871473354 653076.4961123269 -0.012079118785423584 
12539.184952978056 796979.9629323443 -0.00992130063226715 
15673.98119122257 910063.2224102241 -0.007379872511834542 
18808.777429467085 987954.3809319043 -0.004553064031329197 
21943.5736677116 1027641.3697626668 -0.0015501887030196938 
25078.369905956115 1027589.4944612011 0.001512632380919524 
28213.16614420063 987800.76104045 0.004516960011366833 
31347.962382445145 909813.7987517915 0.0073466169196333446 
34482.75862068966 796644.3613299017 0.009892180349164992 
37617.55485893417 652668.7078768068 0.012055213430590895 
40752.35109717868 483454.3730400944 0.01375207173281534 
43887.14733542319 295544.8705978008 0.014917137790919084 
47021.943573667704 96206.65595656412 0.015505358531763358 
50156.739811912215 -106851.86748355698 0.015493987475116707 
53291.53605015673 -305778.4320812897 0.014883464339433902 
56426.33228840124 -492880.5529326891 0.013697398037955125 
59561.12852664575 -660922.9960555261 0.011981653722665728 
62695.92476489026 -803407.56469283 0.009802579180102328 
65830.72100313478 -914824.3844067438 0.007244439164231538 
68965.51724137929 -990864.9697748796 0.004406156880679699 
72100.3134796238 -1028588.833405752 0.0013974886290316663 
75235.10971786831 -1026537.1945071332 -0.0016652204703232183 
78369.90595611282 -984789.3899000647 -0.004663535538867723 
81504.70219435733 -904959.8060661213 -0.007481511813524703 
84639.49843260185 -790135.450865579 -0.010010178227527266 
87774.29467084636 -644756.579026465 -0.012151751318640734 
90909.09090909087 -474444.9876136227 -0.013823416513017689 
94043.88714733538 -285786.62128738203 -0.014960530562541915 
97178.68338557989 -86076.89400063768 -0.015519121297494836 
100313.4796238244 116961.42446254149 -0.015477588029176089 
103448.27586206891 315476.84778679616 -0.014837536847954805 
106583.07210031342 501792.7898901702 -0.013623718515798045 
109717.86833855794 668704.4183014835 -0.01188307135497125 
112852.66457680245 809757.2648382512 -0.009682906144378372 
115987.46081504696 919496.8197177459 -0.007108303213551555 
119122.25705329147 993679.4573036272 -0.004258822388595889 
122257.05329153598 1029436.5369951883 -0.0012446530163911077 
125391.84952978049 1025385.3334822484 0.0018176470544893496 
128526.645768025 981682.506695718 0.004809658762648434 
131661.44200626953 900018.0437722822 0.007615681095785535 
134796.23824451404 783549.9072972685 0.010127205245730995 
137931.03448275855 636781.9169763876 0.012247110641140214 
141065.83072100306 465389.58704881987 0.013893420597376032 
144200.62695924757 276000.6543041988 0.015002472352699425 
147335.42319749208 75938.78367917279 0.015531378905553877 
150470.2194357366 -127059.63766876615 0.01545968745376263 
153605.0156739811 -325144.6662446325 0.014790170303838696 
156739.81191222562 -510656.3593198181 0.013548717665966612 
159874.60815047013 -676420.9847114352 0.011783336480270717 
163009.40438871464 -816028.4288129286 0.009562293989731638 
166144.20062695915 -924080.0755148776 0.006971477847735555 
169278.99686520366 -996397.5705447798 0.004111074844827548 
172413.79310344817 -1030184.3983144152 0.0010916966882151095 
175548.58934169268 -1024134.0231024448 -0.0019698973499753564 
178683.3855799372 -978480.4127556239 -0.0049553155106119556 
181818.1818181817 -894988.9911584579 -0.0077491117536995025 
184952.97805642622 -776888.3693390614 -0.010243250053641753 
188087.77429467073 -628745.4951675156 -0.01234128214944626 
191222.57053291524 -456289.0496045364 -0.01396207719638341 
194357.36677115975 -266187.91876276466 -0.015042959093570618 
197492.16300940426 -65793.30826011478 -0.01554213016710813 
200626.95924764877 137145.5277038004 -0.01544028748500471 
203761.75548589329 334780.9497991933 -0.014741369301038799 
206896.5517241378 519470.4015679659 -0.01347240276259077 
210031.3479623823 684071.9468764401 -0.011682458771580438 
213166.14420062682 822220.4483936002 -0.009440754414009333 
216300.94043887133 928573.7072805325 -0.006833976337106303 
219435.73667711584 999019.0458758719 -0.0039629285790100735 
222570.53291536035 1030832.3448303816 -0.0009386344793249155 
225705.32915360486 1022783.384728936 0.0021219565904362424 
228840.12539184937 975183.4186422252 0.005100491655903738 
231974.9216300939 889873.1359788801 0.00788179084618745 
235109.7178683384 770151.4830755354 0.01035830139638707 
238244.5141065829 620648.0930307002 0.012434256710118618 
241379.31034482742 447144.2579173259 0.014029379651221663 
244514.10658307193 256349.3663738046 0.015081986858455911 
247648.90282131644 55641.45172573191 0.015551374039421783 
250783.69905956095 -147218.11636439996 0.01541939000445291 
253918.49529780546 -344384.76385335263 0.014691138572632592 
257053.29153604998 -528234.0617844532 0.01339478120724693 
260188.0877742945 -691656.5627503344 0.011580448012756893 
263322.884012539 -828332.7230330061 0.009318299205006835 
266457.6802507835 -932977.2791895 0.006695812017564147 
269592.476489028 -1001543.6290919282 0.003814397957394561 
272727.27272727253 -1031380.3130056122 0.0007854812666633132 
275862.06896551704 -1021333.5149354335 -0.0022738084502736096 
278996.86520376155 -971791.3289617902 -0.0052451495045046795 
282131.66144200607 -884666.3323400526 -0.008013492723288716 
285266.4576802506 -763310.1229182958 -0.010470983114671175 
288401.2539184951 -612343.5219983106 -0.012519288355794106 
291536.0501567396 -437372.54254883487 -0.0140685725372841 
294670.8463949841 -244568.15577265917 -0.015031644472993976 
297805.6426332286 -40167.0060064255 -0.015315381602796711 
300940.43887147313 169874.43396776592 -0.01481953302957156 
304075.23510971764 379671.6885663012 -0.013460696565891592 
307210.03134796215 582363.8003816102 -0.011234034278821867 
310344.82758620667 768576.5801179706 -0.008296062048213225 
313479.6238244512 925684.6319987894 -0.005009040339055752 
316614.4200626957 1039492.5918490384 -0.0018722805328138647 
319749.2163009402 1098735.8398699393 0.000678303968673721 
322884.0125391847 1100279.6441149202 0.0025054043888932003 
326018.8087774292 1051096.4177333715 0.0038607028308201546 
329153.60501567373 964395.189291022 0.0052100823627177625 
332288.40125391824 851683.5061826068 0.006875160612157862 
335423.19749216276 716613.7787252404 0.00875918085491039 
338557.99373040727 555914.5605078397 0.010399915425491915 
341692.7899686518 366960.9098351156 0.011328749424048453 
344827.5862068963 155381.01508403054 0.011432819630547377 
347962.3824451408 -64355.62018752577 0.010996316200144721 
351097.1786833853 -276065.5033721186 0.010388440438592163 
354231.9749216298 -470028.60693674185 0.009702977839472653 
357366.77115987433 -644534.7873765979 0.0087010162457715 
360501.56739811884 -799739.4520291494 0.007104858144409283 
363636.36363636336 -930498.268693669 0.004936924375758606 
366771.15987460787 -1025794.0911434494 0.0025542741053339057 
369905.9561128524 -1075485.274339939 0.00034499830121263015 
373040.7523510969 -1077472.9623147254 -0.0015973434061264508 
376175.5485893414 -1037936.5273251414 -0.0034844123539919647 
379310.3448275859 -964499.9233459019 -0.005522620296958455 
382445.1410658304 -859530.8697379304 -0.007611511075044175 
385579.93730407493 -720555.3383949018 -0.009370841285076537 
388714.73354231945 -547227.8931112506 -0.010470403469320816 
391849.52978056396 -347356.9015739737 -0.010918364947363281 
394984.32601880847 -135434.54488306388 -0.011007411637142582 
398119.122257053 75037.47591100358 -0.01097734575746666 
401253.9184952975 277647.44718221005 -0.010750157486541252 
404388.714733542 471500.89614148956 -0.010016497769815053 
407523.5109717865 653955.6372880784 -0.0085822352851468 
410658.307210031 815622.6866795046 -0.0066097936091684 
413793.10344827553 943187.2844436531 -0.004499203427570605 
416927.89968652005 1027351.8629091665 -0.002532146751884401 
420062.69592476456 1067781.8850617127 -0.0006508386379439161 
423197.49216300907 1070044.096292367 0.0013988017115793047 
426332.2884012536 1037893.0279626761 0.0037136238091576446 
429467.0846394981 969089.3161251578 0.006044477022467324 
432601.8808777426 859152.3564020974 0.007973889020117544 
435736.6771159871 709043.0534230901 0.009276427115797464 
438871.4733542316 528582.8601706186 0.010085839979860334 
442006.26959247614 331846.4995662092 0.010696107368306979 
445141.06583072065 129155.82075575719 0.01120803656869313 
448275.86206896516 -76169.36857645502 0.011394725653583114 
451410.65830720967 -283185.0596949849 0.01092827871483403 
454545.4545454542 -486003.6530434954 0.009729663072330617 
457680.2507836987 -671798.8608767401 0.008073652220214594 
460815.0470219432 -826545.1074729059 0.006337854441185421 
463949.8432601877 -942752.3936450423 0.004658423045883929 
467084.6394984322 -1021335.3367967149 0.0028523951317171426 
470219.43573667674 -1065887.7042818593 0.0006855879277993453 
473354.23197492125 -1075570.3647281555 -0.0017987153313098472 
476489.02821316576 -1044218.7466445978 -0.0042390397019396 
479623.82445141027 -966672.4999259148 -0.006248907078214184 
482758.6206896548 -845674.5221038945 -0.0077388700223328015 
485893.4169278993 -692029.5776548437 -0.008932103348611274 
489028.2131661438 -517742.58140784537 -0.010060400387914947 
492163.0094043883 -329180.42323841195 -0.011063042372174788 
495297.8056426328 -127222.08299695364 -0.011607312944760268 
498432.60188087734 86030.06675376439 -0.011410553182243367 
501567.39811912185 301332.41354874446 -0.010526079215204103 
504702.19435736636 503710.4121900871 -0.009292859927220674 
507836.99059561087 680030.8608582417 -0.00800185615120889 
510971.7868338554 825087.8771269477 -0.006629081091525259 
514106.5830720999 940104.4278807918 -0.004914442008287043 
517241.3793103444 1025499.2184226229 -0.0027011795929701766 
520376.1755485889 1075756.2520264194 -0.00017635539904755151 
523510.9717868334 1081970.1800789533 0.002243277541816877 
526645.768025078 1039512.3937529593 0.004263001642271519 
529780.5642633225 952821.2825236743 0.005932901628810612 
532915.360501567 832285.8728438856 0.0075109480878723855 
536050.1567398115 686444.1114721537 0.009113823798367952 
539184.952978056 517579.5020045795 0.010525705324918616 
542319.7492163006 325165.86975275597 0.011368556704280658 
545454.5454545451 113307.78764486752 0.0114568676254546 
548589.3416927896 -105913.8166727752 0.01096545766625261 
551724.1379310341 -317001.33402364724 0.01023512494417135 
554858.9341692786 -509021.7671661347 0.0094210933044345 
557993.7304075231 -678938.6897185711 0.008353659611171182 
561128.5266457676 -827110.9510122185 0.006756467497247566 
564263.3228840121 -949992.6394092398 0.004591175066109253 
567398.1191222566 -1037977.7352951819 0.002164019060859338 
570532.9153605012 -1080879.2180253656 -0.00012015002051263713 
573667.7115987457 -1075456.4231028848 -0.002100503483003059 
576802.5078369902 -1027199.4278151195 -0.003942501628014803 
579937.3040752347 -944561.2137294316 -0.005876842238178179 
583072.1003134792 -831705.677829063 -0.007873108115985789 
586206.8965517237 -687332.6303885035 -0.009594464671686277 
589341.6927899682 -510687.0437628046 -0.01068383104573346 
592476.4890282127 -308251.2196578285 -0.01108310357572455 
595611.2852664572 -93856.41580780935 -0.01105200877824196 
598746.0815047018 118166.88299938796 -0.010868599936346037 
601880.8777429463 319892.30858264025 -0.010527475065092997 
605015.6739811908 509813.2860757938 -0.009753322423481595 
608150.4702194353 686280.7300621715 -0.008315038624002768 
611285.2664576798 841580.3616479475 -0.006309051971781983 
614420.0626959243 963171.0997265547 -0.0041124690276953795 
617554.8589341688 1041043.8324895968 -0.0020534180582379275 
620689.6551724133 1073686.9594739259 -0.00014277478161063724 
623824.4514106578 1066565.615082876 0.0018536819032355374 
626959.2476489024 1024837.3126939558 0.004082045659330411 
630094.0438871469 948020.3090668796 0.0063600203080827955 
633228.8401253914 832210.1030082827 0.008285679772050015 
636363.6363636359 677447.0548780108 0.009583700813770376 
639498.4326018804 492378.9980968416 0.010327050254896065 
642633.2288401249 291158.3086949527 0.010802824253275686 
645768.0250783694 85601.22717311505 0.011166079238631749 
648902.8213166139 -119477.2952562441 0.011250156750500237 
652037.6175548584 -323235.90794850147 0.010737699489392755 
655172.413793103 -521607.495717132 0.009513444404292843 
658307.2100313475 -703682.8725531814 0.007821170014486564 
661442.006269592 -855529.8989114038 0.006047011952697758 
664576.8025078365 -967526.6109791527 0.004346591615905381 
667711.598746081 -1037860.2993765495 0.0025104264436786212 
670846.3949843255 -1069204.7891081236 0.00022763345790460007 
673981.19122257 -1062872.376749184 -0.0025038693510240776 
677115.9874608145 -1017109.8828560252 -0.005236730983858242 
680250.783699059 -931250.9397123874 -0.0073601850846783355 
683385.5799373036 -810644.3222733943 -0.008547404775858622 
686520.3761755481 -666102.3445942971 -0.008943119123624218 
689655.1724137926 -507462.3306739604 -0.00893688118320364 
692789.9686520371 -337542.6757055791 -0.008777245704972044 
695924.7648902816 -153041.01515786332 -0.008415101579295705 
699059.5611285261 47851.49139346227 -0.007696675343198619 
702194.3573667706 258316.51662486308 -0.00665305642448478 
705329.1536050151 463335.03962095006 -0.005548393573657313 
708463.9498432596 647435.1566554537 -0.004631016807505753 
711598.7460815042 802341.5066101097 -0.003867390015685073 
714733.5423197487 927381.8150962939 -0.00296459939280093 
717868.3385579932 1022964.798667978 -0.0016771132161014718 
721003.1347962377 1084429.6028188297 -8.253035700427091e-05 
724137.9310344822 1102918.5026522693 0.0014658076601480627 
727272.7272727267 1072397.684487944 0.0026656201668868195 
730407.5235109712 995433.6868353309 0.0035343319393727115 
733542.3197492157 881619.4231401838 0.004341684660570147 
736677.1159874602 740241.3918033607 0.005280392860891929 
739811.9122257048 574785.8818463394 0.006223361710666688 
742946.7084639493 384891.10076975025 0.00682426577075629 
746081.5047021938 173470.60640695598 0.006856822176021489 
749216.3009404383 -48744.45225382851 0.0064369113883720065 
752351.0971786828 -266311.53217560967 0.005894736519142931 
755485.8934169273 -466877.0923461956 0.0054318745437762755 
758620.6896551718 -645794.3074143537 0.004923713021761424 
761755.4858934163 -803029.6304659263 0.004074301686405426 
764890.2821316608 -935923.7030607421 0.002759679722581192 
768025.0783699054 -1035700.4683539415 0.0011973974748659597 
771159.8746081499 -1091634.724061865 -0.00023737142744944314 
774294.6708463944 -1098687.5966723184 -0.0013573199135367606 
777429.4670846389 -1060721.8130033321 -0.002308699745372358 
780564.2633228834 -986000.2386255101 -0.003366176053473697 
783699.0595611279 -879721.8168879603 -0.0045947167483960894 
786833.8557993724 -741395.8923859939 -0.005735940524744722 
789968.6520376169 -569701.994657201 -0.00644000018688453 
793103.4482758614 -369553.4179079573 -0.006600549074364349 
796238.244514106 -153718.30842734964 -0.0064418694743026625 
799373.0407523505 62964.66591631867 -0.00626769116864213 
802507.836990595 270985.9505563393 -0.00613656595860008 
805642.6332288395 467717.45377548586 -0.005805303394705676 
808777.429467084 651816.1988226979 -0.0049995572156574745 
811912.2257053285 816690.2239925666 -0.003726323080580027 
815047.021943573 950203.3316311425 -0.0022988862212399847 
818181.8181818175 1041204.2687600494 -0.0010469358552042235 
821316.614420062 1086253.078235395 -1.5261550838899587e-05 
824451.4106583066 1089666.8340104052 0.0010339777103629388 
827586.2068965511 1056979.160627831 0.0023199076736091485 
830721.0031347956 988770.7396987468 0.0037614782587739107 
833855.7993730401 881369.5878771611 0.005013726198562956 
836990.5956112846 733629.6661935573 0.0057853220484106165 
840125.3918495291 552545.1199795142 0.006105148478097065 
843260.1880877736 351628.61702092213 0.0062592475154376985 
846394.9843260181 143541.6720304079 0.006465901931323405 
849529.7805642626 -65536.46549287216 0.006631519960406918 
852664.5768025072 -274179.98831339955 0.00644445279507741 
855799.3730407517 -478768.0871894983 0.005708074229769921 
858934.1692789962 -668951.3060207574 0.004562614206079201 
862068.9655172407 -830619.4090903476 0.003362040700562865 
865203.7617554852 -953551.8411025413 0.002334703106850896 
868338.5579937297 -1035983.1350207537 0.0013833504354750096 
871473.3542319742 -1081525.0109813213 0.0002331053624513731 
874608.1504702187 -1091876.5368255542 -0.001230158536138499 
877742.9467084632 -1063123.3611341831 -0.002788780446468804 
880877.7429467078 -989587.919433675 -0.004071275594924133 
884012.5391849523 -871188.3962703076 -0.004893954914010627 
887147.3354231968 -716514.4634315151 -0.005408868119436093 
890282.1316614413 -538273.7403846212 -0.005904425619051339 
893416.9278996858 -345727.6633783168 -0.006470047937311955 
896551.7241379303 -141846.17143532776 -0.0068787014008586216 
899686.5203761748 72097.38495042162 -0.006811562039069342 
902821.3166144193 289624.721173224 -0.006188951674696077 
905956.1128526638 497419.6348005611 -0.005259754379911745 
909090.9090909084 681003.1620333137 -0.004355259416566951 
912225.7053291529 832068.0662834496 -0.003565818603552551 
915360.5015673974 950066.3941390197 -0.0026793073977934316 
918495.2978056419 1036661.3493107689 -0.001444612500348501 
921630.0940438864 1089117.2831258974 0.00011861789262355158 
924764.8902821309 1099764.9938196712 0.0016913753635916964 
927899.6865203754 1062232.219069166 0.002939624938147909 
931034.4827586199 977956.0351128223 0.0038144406647910665 
934169.2789968645 856138.2239912795 0.0045543989963104615 
937304.075235109 707138.1584662838 0.005389808471336995 
940438.8714733535 536134.4495988457 0.006261630465250474 
943573.667711598 343542.08169206337 0.0068520620437602705 
946708.4639498425 131515.36457458886 0.006895641519550487 
949843.260188087 -90571.69208784118 0.006444540355368783 
952978.0564263315 -307727.45436737756 0.005809726034299476 
956112.852664576 -506657.4718623144 0.005240216122587989 
959247.6489028205 -681425.3607234365 0.00467753175301825 
962382.445141065 -831831.5914151645 0.0038427941837614332 
965517.2413793096 -956523.2622897242 0.002563695020767051 
968652.0376175541 -1048355.9884284312 0.0009961579265204178 
971786.8338557986 -1097116.367741351 -0.0004938188660391675 
974921.6300940431 -1096923.3483732797 -0.001665473848890534 
978056.4263322876 -1050653.9103995783 -0.002605031245822762 
981191.2225705321 -966810.6004010946 -0.003583881203646341 
984326.0188087766 -852132.9745183557 -0.004724481596533139 
987460.8150470211 -707662.7397098778 -0.00582720572571988 
990595.6112852657 -532276.0005314798 -0.00654171201703526 
993730.4075235102 -329728.1265962752 -0.006706579560391933 
996865.2037617547 -114168.93272221662 -0.0063823444073669265 
999999.9999999992 203029.34461776787 -0.010636453176545442 
