#x u 
0.0 -169136.56106771747 0.02615207469438363 
3134.796238244514 -245577.03524689225 0.029141221579055618 
6269.592476489028 -404252.17081068293 0.026798732280755574 
9404.38871473354 -545449.1150134772 0.02350454266215158 
12539.184952978056 -665585.8610474727 0.01929995224865885 
15673.98119122257 -759983.9290284539 0.014349055693416352 
18808.777429467085 -824993.4444238172 0.008843281287587577 
21943.5736677116 -858100.4855542253 0.0029955374299963753 
25078.369905956115 -858024.8039747921 -0.002968043779124358 
28213.16614420063 -824769.3262979438 -0.008816850815133 
31347.962382445145 -759620.0409508311 -0.014324710467201076 
34482.75862068966 -665096.2690460053 -0.019278633950687796 
37617.55485893417 -544853.2423013217 -0.023487053177695547 
40752.35109717868 -403540.75532771274 -0.02678722868987851 
43887.14733542319 -246623.35819661786 -0.029051542788920866 
47021.943573667704 -80169.04243565505 -0.030192434509499072 
50156.739811912215 89385.40804058377 -0.03016578559945644 
53291.53605015673 255483.32719142796 -0.02897262657142772 
56426.33228840124 411701.71294961584 -0.026659096852943327 
59561.12852664575 551999.6045385225 -0.023314660576007194 
62695.92476489026 670951.686262955 -0.01906864700151801 
65830.72100313478 763958.0843212005 -0.014085249360227807 
68965.51724137929 827422.2438012472 -0.008557175504923839 
72100.3134796238 858890.0073625261 -0.002698195902943216 
75235.10971786831 857144.5174342768 0.0032651228620508613 
78369.90595611282 822253.2720650899 0.009102179413767222 
81504.70219435733 755565.5147751803 0.014587254932306854 
84639.49843260185 659660.0593457437 0.019508241694859194 
87774.29467084636 538245.5671593811 0.023674845275639476 
90909.09090909087 396017.1333641562 0.026925943226217147 
94043.88714733538 238474.72767046894 0.02913581567626397 
97178.68338557989 71710.51067024734 0.030219006917559105 
100313.4796238244 -97826.74984932874 0.030133629973928266 
103448.27586206891 -263581.0525827506 0.02888298636948592 
106583.07210031342 -419142.6831003781 0.026515438458786553 
109717.86833855794 -558496.0773330792 0.023122539255874597 
112852.66457680245 -676252.4432730279 0.018835492081693023 
115987.46081504696 -767858.1454157444 0.013820076935190617 
119122.25705329147 -829770.7937226072 0.008270239785220311 
122257.05329153598 -859596.2277483947 0.0024005926851386737 
125391.84952978049 -856181.0987613222 -0.003561885269526382 
128526.645768025 -819657.4697074892 -0.009386625216596362 
131661.44200626953 -751437.7083403021 -0.014848384618942896 
134796.23824451404 -654159.8709974306 -0.019735957387341553 
137931.03448275855 -531585.6890331644 -0.02386034121426304 
141065.83072100306 -388455.1027680955 -0.027062046288023237 
144200.62695924757 -230302.96812437382 -0.029217262759512284 
147335.42319749208 -63245.02389602966 -0.03024264846573057 
150470.2194357366 106258.60370574256 -0.030098551768990796 
153605.0156739811 271653.2139594613 -0.028790544884681156 
156739.81191222562 426543.0017340061 -0.02636920840384621 
159874.60815047013 564938.3831010531 -0.022928175343091144 
163009.40438871464 681487.6123845313 -0.018600510358347457 
166144.20062695915 771683.7340220067 -0.013553564138206159 
169278.99686520366 832038.8664150932 -0.007982501957289879 
172413.79310344817 860219.0782170725 -0.002102756640331249 
175548.58934169268 855134.6413953169 0.003858302219366767 
178683.3855799372 816982.1709850052 0.009670160635989954 
181818.1818181817 747237.0219910004 0.015108074200845844 
184952.97805642622 648596.2374494842 0.01996175894260462 
188087.77429467073 524874.2538462683 0.024043523002815932 
191222.57053291524 380855.3969604596 0.027195524675028303 
194357.36677115975 222108.8721152263 0.02929587613933321 
197492.16300940426 54773.403157708555 0.030263356861083536 
200626.95924764877 -114680.1518270843 0.03006055438678433 
203761.75548589329 -279699.02842442394 0.02869531108266348 
206896.5517241378 -433901.95111357677 0.02622042087058055 
210031.3479623823 -571325.8970206035 0.02273158768848803 
213166.14420062682 -686656.6858525497 0.018363724621724243 
216300.94043887133 -775434.4791064791 0.013285736817630994 
219435.73667711584 -834226.2419044583 0.007693989928047693 
222570.53291536035 -860758.4983741844 0.0018047166541835238 
225705.32915360486 -854005.2466315584 -0.004154344953826757 
228840.12539184937 -814227.6241229387 -0.009952757657181802 
231974.9216300939 -742963.6824905275 -0.015366290210840312 
235109.7178683384 -642967.9609690001 -0.020185544825292646 
238244.5141065829 -518100.0260718834 -0.02422382802711146 
241379.31034482742 -373156.13821925735 -0.027323495321589886 
244514.10658307193 -213627.4920338015 -0.029359467166883486 
247648.90282131644 -45361.01883202882 -0.030238251136065427 
250783.69905956095 125876.0823896241 -0.029891960298195873 
253918.49529780546 294829.93851092365 -0.028271286073253885 
257053.29153604998 456933.1995415107 -0.025348778744698333 
260188.0877742945 607870.1288945397 -0.021147940039559637 
263322.884012539 742410.5184213165 -0.015803414832434803 
266457.6802507835 853044.970891832 -0.009627610752395118 
269592.476489028 929693.7765301688 -0.0031252725604774003 
272727.27272727253 961760.9903476273 0.003102323826017464 
275862.06896551704 942435.0993660159 0.008558973689840375 
278996.86520376155 872950.3782081621 0.013055988884687073 
282131.66144200607 763402.2207742569 0.01675905515673803 
285266.4576802506 628397.8709395439 0.020000358991090306 
288401.2539184951 479793.5232948224 0.02295871915713964 
291536.0501567396 321809.54080397944 0.025449780097191295 
294670.8463949841 152616.5469967632 0.02701332458855648 
297805.6426332286 -28758.011632351154 0.02724440879952939 
300940.43887147313 -216224.14669469255 0.02609175360968653 
304075.23510971764 -396805.6938316823 0.02386243812934502 
307210.03134796215 -557106.078145057 0.020936649789228788 
310344.82758620667 -690038.9822457714 0.017468209995610523 
313479.6238244512 -795588.4081226975 0.013356347159525932 
316614.4200626957 -875290.4533044713 0.008502564723402552 
319749.2163009402 -926364.4777122234 0.0030807411887979483 
322884.0125391847 -941638.7847614387 -0.002461258345343237 
326018.8087774292 -915353.7085832758 -0.007672189293440679 
329153.60501567373 -848808.3289542559 -0.012363500514435912 
332288.40125391824 -749979.6137665319 -0.016601470611688308 
335423.19749216276 -627513.5033695045 -0.02044334943269446 
338557.99373040727 -485319.615442151 -0.023702703086205645 
341692.7899686518 -323298.1460292821 -0.025996872794639064 
344827.5862068963 -143235.6967120221 -0.027031846704927157 
347962.3824451408 46556.24631420223 -0.026829413483408646 
351097.1786833853 232985.27759269258 -0.025661112813958803 
354231.9749216298 404735.80540272716 -0.023760350254560803 
357366.77115987433 557022.2040064097 -0.02111555513840163 
360501.56739811884 689818.5816081748 -0.017560254153794346 
363636.36363636336 801693.6459705994 -0.013062150500474073 
366771.15987460787 885973.9186883153 -0.007902779368546855 
369905.9561128524 933473.4848772069 -0.0025533244924778953 
373040.7523510969 939082.0173598235 0.0026293001266587805 
376175.5485893414 905401.7206598417 0.007573903041975561 
379310.3448275859 839679.0338894344 0.012361737089474809 
382445.1410658304 747273.8247287194 0.016936844672783356 
385579.93730407493 628491.5774198944 0.020972516941127183 
388714.73354231945 482010.95915187005 0.024041580946310405 
391849.52978056396 311154.2822157935 0.02591800001809437 
394984.32601880847 126218.59261465294 0.026698355341744577 
398119.122257053 -59805.679864327096 0.02662011578284793 
401253.9184952975 -237876.540784541 0.025771035187811337 
404388.714733542 -405190.4293009835 0.023996817961842123 
407523.5109717865 -560995.0306776217 0.02110398626387304 
410658.307210031 -700606.71657586 0.01714292223575024 
413793.10344827553 -814184.6621992452 0.01247041334481973 
416927.89968652005 -891784.9161822019 0.007521631640605592 
420062.69592476456 -929581.9163709969 0.002525751612686138 
423197.49216300907 -930880.1571570748 -0.0025425035352445446 
426332.2884012536 -900972.3580837072 -0.007732051931996724 
429467.0846394981 -841317.8540469451 -0.012856093595067885 
432601.8808777426 -749171.3379663909 -0.017484903123843425 
435736.6771159871 -623003.5957995604 -0.021206055161434773 
438871.4733542316 -467913.98218107043 -0.02388575785130309 
442006.26959247614 -295197.8157198495 -0.02566323577739811 
445141.06583072065 -116336.75370585582 -0.026689900038209098 
448275.86206896516 62493.54392392141 -0.026892088725638315 
451410.65830720967 239879.56131273758 -0.02600979105335712 
454545.4545454542 413437.6920132693 -0.023871960090303915 
457680.2507836987 575201.9978093983 -0.020618766836859537 
460815.0470219432 713254.903781613 -0.016635552434887024 
463949.8432601877 818143.2179458478 -0.0122649557047327 
467084.6394984322 887568.0259947055 -0.007595445394416967 
470219.43573667674 924622.43383337 -0.002542751897068583 
473354.23197492125 931595.5291511363 0.0028683443962732643 
476489.02821316576 905972.694115292 0.008325692288911168 
479623.82445141027 842896.9059747562 0.013350203810798777 
482758.6206896548 741506.3828384603 0.017596274526196214 
485893.4169278993 608436.1148311885 0.021024122729189784 
489028.2131661438 454703.9114310968 0.023770352100458136 
492163.0094043883 289109.46148381726 0.02585962671340534 
495297.8056426328 114895.06360940509 0.027066250581514902 
498432.60188087734 -67052.46974618838 0.02707541043396053 
501567.39811912185 -252084.60315160055 0.025777320410225422 
504702.19435736636 -429463.5981671002 0.023386393600960852 
507836.99059561087 -586547.8859214112 0.020260135846321553 
510971.7868338554 -715360.8863729974 0.01660662898692076 
514106.5830720999 -814896.3270554346 0.012384952610900501 
517241.3793103444 -886974.6093029854 0.0074984848585167374 
520376.1755485889 -930211.4676465024 0.002071874986810898 
523510.9717868334 -938599.5982116049 -0.003486308213343316 
526645.768025078 -906302.2816671624 -0.00870845633051263 
529780.5642633225 -833674.5490090208 -0.013351654447761109 
532915.360501567 -728185.9444462857 -0.017450001316659143 
536050.1567398115 -599228.1089871137 -0.021088522289385906 
539184.952978056 -452166.70003980765 -0.024143882002006935 
542319.7492163006 -287739.0476060558 -0.026271054540998543 
545454.5454545451 -107232.32799837575 -0.02715532824606366 
548589.3416927896 82235.18462818317 -0.02676883774083122 
551724.1379310341 268138.1374807616 -0.02536482286154143 
554858.9341692786 438496.83153205167 -0.023217177894363932 
557993.7304075231 587376.3773707461 -0.020379025828534715 
561128.5266457676 714426.1236243678 -0.01671229549629547 
564263.3228840121 819206.5386964243 -0.012153725169190652 
567398.1191222566 896504.2797738628 -0.00693283456165069 
570532.9153605012 937758.6554113261 -0.0015069043857649173 
573667.7115987457 937252.6346394098 0.0037253142642973474 
576802.5078369902 896665.7277609917 0.008637579623969063 
579937.3040752347 823260.0933964556 0.013300873300165213 
583072.1003134792 723612.7298647182 0.01770622581063708 
586206.8965517237 599432.6394743903 0.021584989771179793 
589341.6927899682 449752.9814183752 0.02452274106868216 
592476.4890282127 277035.27928293054 0.026253393856932875 
595611.2852664572 90569.4905136144 0.026829704701224772 
598746.0815047018 -96634.01963310217 0.026495234490627125 
601880.8777429463 -274446.54409740824 0.025395367689685935 
605015.6739811908 -439048.23049688153 0.023432549005952288 
608150.4702194353 -589859.0222352531 0.0204175053874216 
611285.2664576798 -723477.8538989943 0.016355406883957792 
614420.0626959243 -831261.2203641088 0.011562688143273561 
617554.8589341688 -903316.0071473381 0.006487110619805361 
620689.6551724133 -934901.9386595187 0.0014145099726143727 
623824.4514106578 -928666.2607251587 -0.0036362876007769033 
626959.2476489024 -890470.5539948702 -0.008727596394081558 
630094.0438871469 -823254.5759482683 -0.013729584007944589 
633228.8401253914 -725387.8127622434 -0.018254941731746882 
636363.6363636359 -595182.8329006239 -0.021877852997167987 
639498.4326018804 -436713.5715613124 -0.024414164628327774 
642633.2288401249 -260664.99312243838 -0.025974676028109878 
645768.0250783694 -79125.74346549113 -0.026741104983911988 
648902.8213166139 100431.181986738 -0.026704581853603537 
652037.6175548584 275910.22565477405 -0.02564431713287879 
655172.413793103 445574.35538377194 -0.023369883326622806 
658307.2100313475 602804.3619851402 -0.01997184452196235 
661442.006269592 736419.2033422743 -0.015815326935726716 
664576.8025078365 836474.6451131465 -0.011280073525963098 
667711.598746081 899671.9832001418 -0.00651565289564184 
670846.3949843255 928884.8378523858 -0.0014630941637772282 
673981.19122257 927452.8475375861 0.0038871138138150286 
677115.9874608145 894344.0185026637 0.009279795051335554 
680250.783699059 825327.3838428727 0.014256533588059957 
683385.5799373036 718935.3898614182 0.018436117196888598 
686520.3761755481 580906.7009672608 0.021725889213314545 
689655.1724137926 422317.94131244643 0.02424965974305874 
692789.9686520371 253150.52380117326 0.026077491617135178 
695924.7648902816 77774.09408991548 0.027050747276000847 
699059.5611285261 -103157.19192175141 0.026891044633288022 
702194.3573667706 -286521.2134029823 0.025474994807231473 
705329.1536050151 -462784.57532713516 0.02297543144511958 
708463.9498432596 -618525.3908103439 0.019711271901988202 
711598.7460815042 -743111.3826664224 0.015865356556682246 
714733.5423197487 -833187.9261798612 0.011382793677642264 
717868.3385579932 -891089.3215909005 0.006179225224179946 
721003.1347962377 -919471.5033782622 0.00045359318477508853 
724137.9310344822 -917906.8264531547 -0.00523287679618483 
727272.7272727267 -884503.0806751061 -0.010230233525052597 
730407.5235109712 -819929.3914596465 -0.01419006647189558 
733542.3197492157 -728723.5274312627 -0.017210745541220103 
736677.1159874602 -616054.7241890668 -0.01961088533683772 
739811.9122257048 -483545.67117183225 -0.02156240003148581 
742946.7084639493 -329280.2879443857 -0.02293434301672471 
746081.5047021938 -152859.39073302704 -0.023467540432625243 
749216.3009404383 39265.69046376058 -0.023064279688090262 
752351.0971786828 233833.7038730252 -0.021881146315526644 
755485.8934169273 416724.12874395354 -0.02014266283550214 
758620.6896551718 579385.3478172782 -0.017896396573190657 
761755.4858934163 719740.6274023806 -0.014987178159298273 
764890.2821316608 837145.4191384021 -0.011286058207693277 
768025.0783699054 926990.7448402862 -0.0069310830299450284 
771159.8746081499 980773.3509345893 -0.0023186994945645694 
774294.6708463944 991643.8079427981 0.0021546923749681977 
777429.4670846389 959663.0698347231 0.006338277296610051 
780564.2633228834 891285.04659686 0.010309435809483007 
783699.0595611279 793618.3157664122 0.014119242548380108 
786833.8557993724 669458.5797505789 0.017575402538645764 
789968.6520376169 518215.61595514865 0.020297133152967495 
793103.4482758614 341606.73020619986 0.021989817781363066 
796238.244514106 147932.3011995952 0.022655423884032157 
799373.0407523505 -49795.312303964805 0.022521373053101153 
802507.836990595 -240163.5732202704 0.021765492957989314 
805642.6332288395 -417759.1743031273 0.020327711106468287 
808777.429467084 -581325.421217659 0.018006434540353975 
811912.2257053285 -727910.0307902892 0.014736824598328046 
815047.021943573 -849435.2959213168 0.01075575311854787 
818181.8181818175 -935547.1135880265 0.006476367733182306 
821316.614420062 -979961.9321067354 0.0021995389277118353 
824451.4106583066 -983812.7381867878 -0.002040009182330271 
827586.2068965511 -952604.7478242482 -0.006337505692303775 
830721.0031347956 -890056.8990393595 -0.010641916666275713 
833855.7993730401 -795319.4362797464 -0.014636970992906277 
836990.5956112846 -666446.628401526 -0.01791106584889185 
840125.3918495291 -506370.1111695825 -0.020243538915250908 
843260.1880877736 -324940.0143764011 -0.02171195846216018 
846394.9843260181 -134692.70203726453 -0.022512586403816814 
849529.7805642626 55438.47297390386 -0.022686725399295837 
852664.5768025072 242123.12498303264 -0.02204328299900536 
855799.3730407517 423530.79874345526 -0.020360138315768182 
858934.1692789962 593736.2130060898 -0.0176524269102016 
862068.9655172407 741805.8055312753 -0.014224329018522677 
865203.7617554852 856798.8761215186 -0.010447446101002105 
868338.5579937297 933673.1734658045 -0.00649512521780787 
871473.3542319742 974102.6539198833 -0.0023072091101122936 
874608.1504702187 981524.4796518297 0.0021835703368914042 
877742.9467084632 955749.2031009127 0.006808026467345039 
880877.7429467078 892868.9311504138 0.011162514948562276 
884012.5391849523 790567.6958694827 0.014861031096841611 
887147.3354231968 653201.5799653893 0.017778892914803578 
890282.1316614413 491206.12347497465 0.02003812075763885 
893416.9278996858 315303.5340384706 0.021755687948585713 
896551.7241379303 131402.3784996371 0.022824216463449887 
899686.5203761748 -58687.859677300265 0.0229593561159643 
902821.3166144193 -251750.21516078513 0.02196639619177153 
905956.1128526638 -438939.9296332334 0.01994694658460252 
909090.9090909084 -607579.9533159914 0.01722838455685201 
912225.7053291529 -747370.9104483764 0.014089014994790773 
915360.5015673974 -854759.7798760035 0.010565314073411054 
918495.2978056419 -931125.8283581823 0.006539969301634125 
921630.0940438864 -976909.4383247539 0.002013092369913096 
924764.8902821309 -988029.3166010824 -0.002734338759498097 
927899.6865203754 -958473.444074319 -0.007262874234556357 
931034.4827586199 -886401.69827969 -0.011260659605870896 
934169.2789968645 -777351.028536603 -0.014699151473620987 
937304.075235109 -641126.6149153432 -0.017701533539531408 
940438.8714733535 -485546.36703196185 -0.020268595253015442 
943573.667711598 -313459.9946862401 -0.022155919844546096 
946708.4639498425 -125971.4997530237 -0.023036098852393973 
949843.260188087 71767.04098470205 -0.0227789237232029 
952978.0564263315 268551.54730084364 -0.021557408782255212 
956112.852664576 451302.8286468345 -0.01966950121111638 
959247.6489028205 611323.3200257684 -0.01726294832677268 
962382.445141065 746344.8458485762 -0.014251136170970461 
965517.2413793096 856491.9422444989 -0.01050549143761588 
968652.0376175541 938656.4733722684 -0.0061180874520811775 
971786.8338557986 985410.5150515678 -0.0014534239473634094 
974921.6300940431 989765.6305631025 0.0030706561932086875 
978056.4263322876 950889.5144552503 0.007248775555006083 
981191.2225705321 874832.9487219856 0.011127810851044683 
984326.0188087766 769511.8923724645 0.01478579588054747 
987460.8150470211 639171.4469882776 0.018089176609228135 
990595.6112852657 484044.4304251835 0.020689796626423822 
993730.4075235102 305363.6303698714 0.022271862821505454 
996865.2037617547 112185.86573710613 0.022705065853046092 
999999.9999999992 -169136.56107877224 0.026152074693876905 
