#x u 
0.0 -175046.20262877608 -0.029628099782886566 
3134.796238244514 -263767.66308978637 -0.02449507890246 
6269.592476489028 -435684.67526009335 -0.02269586861736355 
9404.38871473354 -588041.0972360453 -0.019894666824782425 
12539.184952978056 -717732.1686218131 -0.016327539173212714 
15673.98119122257 -819666.6652386324 -0.012128939336770951 
18808.777429467085 -889904.7194681077 -0.0074613158287117915 
21943.5736677116 -925730.1810620907 -0.0025051633894709905 
25078.369905956115 -925757.6814713624 0.0025478636495560297 
28213.16614420063 -889986.1572308165 0.00750236486979058 
31347.962382445145 -819798.892221509 0.012166749842245167 
34482.75862068966 -717910.0260940322 0.016360646925458796 
37617.55485893417 -588259.598561789 0.019921878231995642 
40752.35109717868 -435861.1881712081 0.022712731042991912 
43887.14733542319 -266608.03735416546 0.024625283155291194 
47021.943573667704 -87045.16090161182 0.025585576230138588 
50156.739811912215 95883.74958239999 0.025556475760151614 
53291.53605015673 275104.83804833284 0.02453910705972214 
56426.33228840124 443687.6298243872 0.022572811749139186 
59561.12852664575 595113.0328857006 0.01973362641519015 
62695.92476489026 723525.4309676562 0.01613134227839441 
65830.72100313478 823959.1200893784 0.011905259569457963 
68965.51724137929 892530.3321931484 0.007218800793097881 
72100.3134796238 926587.420350765 0.0022531911841791054 
75235.10971786831 924813.397878952 -0.0027995492672445144 
78369.90595611282 887276.8661789915 -0.0077440312237824875 
81504.70219435733 815429.361922381 -0.012389051701130426 
84639.49843260185 712049.2261667752 -0.01655498788233191 
87774.29467084636 581134.1659819952 -0.020080743127280067 
90909.09090909087 427746.66322513786 -0.022829976575458804 
94043.88714733538 257818.20850328726 -0.02469637544335275 
97178.68338557989 77919.93059057184 -0.025607766136957498 
100313.4796238244 -104991.5089351077 -0.025528905202273036 
103448.27586206891 -283842.9290880156 -0.024462842164876757 
106583.07210031342 -451718.14118662034 -0.0224508012378522 
109717.86833855794 -602125.3246877788 -0.01957058383659979 
112852.66457680245 -729247.5996102518 -0.015933538635124436 
115987.46081504696 -828165.7201359824 -0.011680152810514098 
119122.25705329147 -895039.8221735882 -0.006974230724743787 
122257.05329153598 -927232.3092761482 -0.001995386098777325 
125391.84952978049 -923347.8745727346 0.0030707443856749245 
128526.645768025 -883169.3556819145 0.008045093158907597 
131661.44200626953 -807500.3563232524 0.012769685098648047 
134796.23824451404 -698004.9337580552 0.017119670364355723 
137931.03448275855 -557238.2212438171 0.02100379905937745 
141065.83072100306 -389090.6924669436 0.024343056705226324 
144200.62695924757 -199679.71880928514 0.02702595673680981 
147335.42319749208 1726.5867131740088 0.02885966147135919 
150470.2194357366 202637.34345092325 0.029557709493509218 
153605.0156739811 388988.0667011805 0.028804546388429487 
156739.81191222562 548498.9349383352 0.026396732644194433 
159874.60815047013 674280.6866657725 0.02239433024610188 
163009.40438871464 766322.6051134879 0.017174574400141807 
166144.20062695915 829305.5299543518 0.011317020291067839 
169278.99686520366 867667.3008716417 0.005363239843686794 
172413.79310344817 881259.6456387936 -0.00039533296053409224 
175548.58934169268 864995.890635448 -0.005945082795686616 
178683.3855799372 812984.5107190834 -0.011370283318420197 
181818.1818181817 723912.9045587543 -0.016613501272330425 
184952.97805642622 603232.2601621991 -0.02137999480521697 
188087.77429467073 460396.4824926717 -0.025266009940524328 
191222.57053291524 303784.77569594583 -0.027990373560537476 
194357.36677115975 137927.74809345274 -0.029517662898730923 
197492.16300940426 -34711.485708686596 -0.0299699029649238 
200626.95924764877 -209636.10360452262 -0.029429492123834666 
203761.75548589329 -378330.2522344336 -0.027837042211909965 
206896.5517241378 -530560.4775472047 -0.025084072698782486 
210031.3479623823 -658718.6649621092 -0.02119813688563992 
213166.14420062682 -759905.3501486436 -0.016423764934269527 
216300.94043887133 -833844.2255809382 -0.011112274187105127 
219435.73667711584 -879052.244372971 -0.005532140235132377 
222570.53291536035 -891452.9901753692 0.00020757376270211272 
225705.32915360486 -866991.3455228466 0.006048809722342787 
228840.12539184937 -805554.1223649066 0.0118142348220812 
231974.9216300939 -712086.3264386193 0.017163132567790583 
235109.7178683384 -593695.3218946466 0.021728551561811808 
238244.5141065829 -455702.6213653416 0.025299874357295672 
241379.31034482742 -300658.5010407138 0.027866697220389383 
244514.10658307193 -131174.61167613213 0.029484871517950324 
247648.90282131644 46619.248374859926 0.03011126406502923 
250783.69905956095 222868.33973489355 0.02958508080834973 
253918.49529780546 387508.49121337815 0.027777759721875624 
257053.29153604998 534070.4818306129 0.024754487336727204 
260188.0877742945 660035.8778528692 0.020776521763887862 
263322.884012539 763621.7821720227 0.016139246037929968 
266457.6802507835 840603.4857907303 0.011011942967983723 
269592.476489028 884710.3851993297 0.005441908447377475 
272727.27272727253 891332.9918947623 -0.0004885715074144188 
275862.06896551704 860753.5000311505 -0.006525491398122538 
278996.86520376155 797566.638274197 -0.012278995263290621 
282131.66144200607 706913.0398823096 -0.017402961792589305 
285266.4576802506 591445.6218894963 -0.021738331112930664 
288401.2539184951 452125.77110062516 -0.025278057862382883 
291536.0501567396 291871.1662843149 -0.02799847165821039 
294670.8463949841 118038.53633185646 -0.029741216727618265 
297805.6426332286 -59082.409576940576 -0.03027537021523333 
300940.43887147313 -230418.85752859787 -0.02947835386556231 
304075.23510971764 -390802.22873189044 -0.027447773711362252 
307210.03134796215 -537633.8926311663 -0.024427323442138337 
310344.82758620667 -667196.2472403647 -0.02062366289906465 
313479.6238244512 -772736.8458351457 -0.01610401765607922 
316614.4200626957 -846563.5712340266 -0.010877648427765329 
319749.2163009402 -884139.1641993506 -0.005069542217119199 
322884.0125391847 -886023.8855267102 0.001003416205090404 
326018.8087774292 -855734.8841535064 0.0069418268382557945 
329153.60501567373 -795835.2173259138 0.01245225536296523 
332288.40125391824 -706373.1986973091 0.017425573842357506 
335423.19749216276 -587267.2121611696 0.02183178061432389 
338557.99373040727 -442032.20347225125 0.025550491219511837 
341692.7899686518 -278788.8092577581 0.02832310709078119 
344827.5862068963 -107314.190476889 0.029883604459115094 
347962.3824451408 64978.68160998795 0.030135791430951655 
351097.1786833853 234147.9334996361 0.029194626059778704 
354231.9749216298 397012.78305695014 0.027250563246896446 
357366.77115987433 547742.9880513609 0.024400219855276392 
360501.56739811884 677594.6102734818 0.02062019220708607 
363636.36363636336 778314.9787096665 0.01590853786172719 
366771.15987460787 845858.8313638956 0.01044056200267052 
369905.9561128524 880700.7269599783 0.004569188229410568 
373040.7523510969 884569.9158033577 -0.0013375139088671164 
376175.5485893414 857149.3343577094 -0.007058807564838309 
379310.3448275859 796266.1250512707 -0.012521653495181277 
382445.1410658304 701376.5677856224 -0.017647644633822398 
385579.93730407493 576633.3609158846 -0.022216404672144363 
388714.73354231945 430214.62631181476 -0.025897506048279763 
391849.52978056396 270479.5929093837 -0.028424966219834542 
394984.32601880847 102810.45039551445 -0.029737478350393656 
398119.122257053 -69757.90603478988 -0.029942375809172132 
401253.9184952975 -243027.91295890033 -0.02914521339729688 
404388.714733542 -409199.89878284535 -0.027326426801249453 
407523.5109717865 -558331.790665935 -0.024395173532709487 
410658.307210031 -682421.5214990302 -0.0203623513014132 
413793.10344827553 -778065.1902017578 -0.015447836612355551 
416927.89968652005 -845120.1145679163 -0.010004665966051382 
420062.69592476456 -882970.8984089345 -0.0043339760432290625 
423197.49216300907 -888475.426880859 0.0014218829634639772 
426332.2884012536 -857853.2794644808 0.007203861005675887 
429467.0846394981 -790583.4851463377 0.012866528367733809 
432601.8808777426 -691215.8321794753 0.018101596552358025 
435736.6771159871 -567144.1518131702 0.022543842701580965 
438871.4733542316 -424586.13765850774 0.02595640280644481 
442006.26959247614 -266851.8231037351 0.028308279157122303 
445141.06583072065 -96533.56978942081 0.02966928775219261 
448275.86206896516 80906.44714851576 0.030038321274452766 
451410.65830720967 256167.51790891774 0.02928930599099627 
454545.4545454542 419036.5383308782 0.02729371872587729 
457680.2507836987 562395.3531732375 0.02409114118001005 
460815.0470219432 683356.2161128939 0.019927158971794742 
463949.8432601877 780579.1068879473 0.01511577810848867 
467084.6394984322 850814.6254925284 0.009866441267714176 
470219.43573667674 888495.2652647323 0.004251433839010865 
473354.23197492125 888950.5622838577 -0.0016594048602232459 
476489.02821316576 851965.8676341649 -0.007646534840872652 
479623.82445141027 781995.6968031917 -0.013339806070792947 
482758.6206896548 684810.0490781831 -0.018378601437591142 
485893.4169278993 564050.0743210664 -0.02257343463126512 
489028.2131661438 421212.4774411736 -0.025907538341164847 
492163.0094043883 258929.33127879465 -0.02838452050687658 
495297.8056426328 83905.62879582954 -0.029888908621530402 
498432.60188087734 -93793.79771794856 -0.030211416160206082 
501567.39811912185 -264600.9629227253 -0.029215977060298076 
504702.19435736636 -422648.74503551563 -0.026974912557633155 
507836.99059561087 -565219.6137117515 -0.023730465736201516 
510971.7868338554 -689280.8872038296 -0.019721801118848407 
514106.5830720999 -788995.075781189 -0.015056260423552636 
517241.3793103444 -857041.3561781251 -0.00975543784098587 
520376.1755485889 -888542.6634710277 -0.003921377472190421 
523510.9717868334 -883614.1682617393 0.0021592011245109327 
526645.768025078 -845954.7426513456 0.008090350223604829 
529780.5642633225 -779014.4697055081 0.013551321460808986 
532915.360501567 -683766.3760888824 0.018404992450841956 
536050.1567398115 -560369.586319023 0.022625209364393457 
539184.952978056 -411869.0805977978 0.026127927753415353 
542319.7492163006 -245891.90432942088 0.02869131479944667 
545454.5454545451 -72368.68997085617 0.030055248570001834 
548589.3416927896 100543.65501028505 0.030100669161272246 
551724.1379310341 268296.80882388825 0.0289238301091832 
554858.9341692786 427876.7471575247 0.026729433513747302 
557993.7304075231 574268.5303357876 0.023655325605550247 
561128.5266457676 699436.6186879175 0.01971153701099542 
564263.3228840121 795134.2255204931 0.0148944258765193 
567398.1191222566 856803.927607765 0.009350996026258456 
570532.9153605012 884652.8159143925 0.0034144165612545237 
573667.7115987457 880917.5143919319 -0.0025338600232205745 
576802.5078369902 846293.959814174 -0.008238534857116283 
579937.3040752347 779332.6631557292 -0.0136068213612407 
583072.1003134792 679428.2476945401 -0.018577568954574995 
586206.8965517237 550201.5170739278 -0.022969674491575335 
589341.6927899682 399612.31474741054 -0.0264774942630775 
592476.4890282127 236535.1308967105 -0.028825520453719486 
595611.2852664572 67208.39795852643 -0.02992606082091142 
598746.0815047018 -104933.3660632915 -0.029879266026640223 
601880.8777429463 -276117.4842668199 -0.02881914348313694 
605015.6739811908 -439347.43195126444 -0.02676941463689107 
608150.4702194353 -585071.7835620452 -0.023660859022608397 
611285.2664576798 -704960.7631582783 -0.019490169185310276 
614420.0626959243 -795060.59500667 -0.014449901947754381 
617554.8589341688 -855226.7912793097 -0.008888047199720393 
620689.6551724133 -885617.2029993158 -0.0031335644558966383 
623824.4514106578 -884074.7968501667 0.002636025762568779 
626959.2476489024 -847245.5814104478 0.008354086880607212 
630094.0438871469 -774298.4403295266 0.01390287950441891 
633228.8401253914 -669327.2696682976 0.01900947907633819 
636363.6363636359 -539852.0026517785 0.02331778286803079 
639498.4326018804 -392888.3734436576 0.02656910414655283 
642633.2288401249 -232565.81273739086 0.028708930138605822 
645768.0250783694 -61603.4384881473 0.0298140543824389 
648902.8213166139 115134.96506487402 0.029921835212541575 
652037.6175548584 288993.4181387217 0.02894461084845122 
655172.413793103 449775.7311246543 0.02676097207677593 
658307.2100313475 589791.8824768269 0.023387860713873727 
661442.006269592 705701.995740532 0.019050807282026586 
664576.8025078365 796462.2561399117 0.0140751351598365 
667711.598746081 859749.8189743131 0.008707656057685108 
670846.3949843255 890806.5573115711 0.0030500084949564824 
673981.19122257 885054.6139597178 -0.002833815590639052 
677115.9874608145 841823.9937865929 -0.008757195504181053 
680250.783699059 765314.8804171333 -0.01437517559687507 
683385.5799373036 661774.9082324435 -0.019319747116872763 
686520.3761755481 535799.5755836038 -0.023372585540271773 
689655.1724137926 389534.49343189603 -0.026501914561775943 
692789.9686520371 225460.15414143 -0.028732284224321943 
695924.7648902816 49634.522235256954 -0.029990591800502016 
699059.5611285261 -128241.75080963616 -0.030095181368585473 
702194.3573667706 -298252.72211797454 -0.0289027776338856 
705329.1536050151 -453843.726495913 -0.026460391734112035 
708463.9498432596 -592052.071399607 -0.023002459422686517 
711598.7460815042 -710409.0993084377 -0.018794521525159986 
714733.5423197487 -804012.6412720573 -0.013984387605820376 
717868.3385579932 -866060.7612037048 -0.008612196491805802 
721003.1347962377 -891462.0206207078 -0.0027622937043340124 
724137.9310344822 -879861.928503267 0.0033103293950938117 
727272.7272727267 -834994.4308172859 0.009220250706229064 
730407.5235109712 -761082.0625876095 0.01462491191335856 
733542.3197492157 -660058.3146626912 0.01935770098616214 
736677.1159874602 -532467.277815967 0.02338973025718867 
739811.9122257048 -380978.98132587527 0.026668853949573055 
742946.7084639493 -212665.234408419 0.029012632379856143 
746081.5047021938 -37447.83417871258 0.03017398221019795 
749216.3009404383 135874.5320632092 0.03001526222130165 
752351.0971786828 302092.2042942046 0.02861103287570273 
755485.8934169273 458214.40478724457 0.026173135694154897 
758620.6896551718 599970.6711055416 0.02287683256452172 
761755.4858934163 720119.9225672623 0.01876894379158167 
764890.2821316608 810582.4858663668 0.01385092211308265 
768025.0783699054 866363.1233134225 0.008244305288589916 
771159.8746081499 887316.410204405 0.0022581199293980384 
774294.6708463944 876034.7226536311 -0.0037200945963884527 
777429.4670846389 834169.5791922231 -0.009403336408895718 
780564.2633228834 761092.4614617412 -0.014674883999979096 
783699.0595611279 656286.8163203102 -0.019484500272450758 
786833.8557993724 522885.6435460396 -0.023689008522743128 
789968.6520376169 368514.2274411268 -0.027012839001927233 
793103.4482758614 202389.13085828017 -0.029177064845886794 
796238.244514106 31531.55927399874 -0.030067559432102917 
799373.0407523505 -140134.17707195177 -0.029771132382751225 
802507.836990595 -309079.5873568238 -0.028446008348518452 
805642.6332288395 -468973.8111323543 -0.026164404627528087 
808777.429467084 -610663.3202087122 -0.022890275125399345 
811912.2257053285 -725686.1708567908 -0.0186098150989114 
815047.021943573 -809910.4411831092 -0.013471561468717723 
818181.8181818175 -863616.893233767 -0.007786625502687891 
821316.614420062 -887918.4678909669 -0.00189145793510624 
824451.4106583066 -881184.837433478 0.003979521666798429 
827586.2068965511 -839235.3956059262 0.00968225533247935 
830721.0031347956 -759343.9550584012 0.01504338088112327 
833855.7993730401 -644309.8475205305 0.01978963666372128 
836990.5956112846 -502779.20841713954 0.02363367154754894 
840125.3918495291 -345629.5835383118 0.026446329501323636 
843260.1880877736 -181835.70045177394 0.028331302920421512 
846394.9843260181 -17261.63710632093 0.029497744625527858 
849529.7805642626 143495.8082206992 0.030027788055088267 
852664.5768025072 295125.99544083176 0.029753482858543824 
855799.3730407517 432022.76573652786 0.028365101607407836 
858934.1692789962 550485.4744276329 0.025656641706835556 
862068.9655172407 649767.8367154375 0.021688414434444758 
865203.7617554852 730185.2014967343 0.016734499978836068 
868338.5579937297 789876.0997373118 0.011092912531033894 
871473.3542319742 823677.5860670832 0.004956983537047854 
874608.1504702187 825709.9525594675 -0.0015375653491552985 
877742.9467084632 793489.0164188335 -0.008168752067904335 
880877.7429467078 729674.7210023981 -0.014566216271967414 
884012.5391849523 639833.0118049164 -0.02031578448381692 
887147.3354231968 528568.5946022954 -0.025132790877539054 
890282.1316614413 397957.574828755 -0.028929265498750564 
893416.9278996858 249722.04601321154 -0.03170985546815719 
896551.7241379303 88631.02029785872 -0.033410913433953277 
899686.5203761748 -76682.99952456645 -0.033856451700031445 
902821.3166144193 -236588.8785816429 -0.032880789974460464 
905956.1128526638 -384234.6719767817 -0.030491018715679125 
909090.9090909084 -516513.51320140564 -0.026898847163098295 
912225.7053291529 -631445.6303653198 -0.022386906269322628 
915360.5015673974 -724958.5179073396 -0.01714672046588859 
918495.2978056419 -790655.3673964865 -0.01125346811681476 
921630.0940438864 -822987.6805311484 -0.004797161117933709 
924764.8902821309 -820632.0339304737 0.0019758875953117625 
927899.6865203754 -786616.1066372195 0.008669157973966668 
931034.4827586199 -725112.5464869488 0.014892851458287254 
934169.2789968645 -638274.0915518464 0.02041663911466895 
937304.075235109 -526389.6107464562 0.025167600080514753 
940438.8714733535 -391101.24727701076 0.02908506283786864 
943573.667711598 -238162.55143838213 0.031993614072193685 
946708.4639498425 -76665.09216950957 0.03363513384945803 
949843.260188087 84655.1038309743 0.03383196633772552 
952978.0564263315 240373.38798522658 0.032613793561293354 
956112.852664576 387728.7124171067 0.03017717952708201 
959247.6489028205 523301.1554902778 0.026720780346350573 
962382.445141065 640749.8685863443 0.022327912871023262 
965517.2413793096 732215.1198321528 0.017016359899167173 
968652.0376175541 792111.6766254728 0.010897630827408357 
971786.8338557986 819497.0780310119 0.0042713057392461265 
974921.6300940431 816661.626300082 -0.0024528514848885397 
978056.4263322876 785517.6380808034 -0.00893218758054041 
981191.2225705321 725631.5766748738 -0.014991223207972791 
984326.0188087766 635964.9476559192 -0.020549408603612953 
987460.8150470211 518441.6618652197 -0.025462555009998403 
990595.6112852657 379496.8112141124 -0.029454185064947784 
993730.4075235102 227765.1730136871 -0.032213902158011266 
996865.2037617547 73034.35996524927 -0.03369800624429935 
999999.9999999992 -175046.2026570443 -0.029628099784182318 
