#x u 
0.0 590513141156.0121 27067.808740393182 
3134.796238244514 -14777763133.593725 -677.3583914190103 
6269.592476489028 363576030.250934 16.677137701244597 
9404.38871473354 -15360444.202126691 -0.7019325025760479 
12539.184952978056 -6052350.192756904 -0.28483772573028293 
15673.98119122257 -6454928.88582476 -0.31257149563344644 
18808.777429467085 -6612868.82295794 -0.3284460930320991 
21943.5736677116 -6775071.685568028 -0.3435366902982565 
25078.369905956115 -6935392.58214114 -0.357265578237154 
28213.16614420063 -7094280.0427217465 -0.36940659650144364 
31347.962382445145 -7252241.287430506 -0.37979513701979006 
34482.75862068966 -7410009.52931437 -0.3883430772280731 
37617.55485893417 -7568515.684944791 -0.3950421907067408 
40752.35109717868 -7728835.7636379525 -0.39996370381655855 
43887.14733542319 -7892132.7723065 -0.40325478570829476 
47021.943573667704 -8059618.251589922 -0.4051331556755676 
50156.739811912215 -8232534.617510024 -0.4058800020515024 
53291.53605015673 -8412134.06373037 -0.4058303438262149 
56426.33228840124 -8599630.50791244 -0.4053600923645551 
59561.12852664575 -8796129.255050547 -0.40487044257663773 
62695.92476489026 -9002566.07649155 -0.40477152544178585 
65830.72100313478 -9219683.662515452 -0.40546712759561954 
68965.51724137929 -9448040.532182936 -0.4073408017645554 
72100.3134796238 -9688018.865972467 -0.41074238382224415 
75235.10971786831 -9939804.471457845 -0.4159742237497266 
78369.90595611282 -10203349.043617023 -0.4232780932208691 
81504.70219435733 -10478353.7184491 -0.43282499681188014 
84639.49843260185 -10764301.507458448 -0.4447095162306006 
87774.29467084636 -11060523.881755065 -0.45894828852282715 
90909.09090909087 -11366256.984643454 -0.475480754380832 
94043.88714733538 -11680658.391664328 -0.49417091424314696 
97178.68338557989 -12002801.898560356 -0.514810855250757 
100313.4796238244 -12331696.918629417 -0.5371280386249414 
103448.27586206891 -12666358.063529171 -0.5607972723021708 
106583.07210031342 -13005898.91028956 -0.5854558375257655 
109717.86833855794 -13349595.586112078 -0.6107188585302169 
112852.66457680245 -13696892.601139834 -0.6361931699410686 
115987.46081504696 -14047379.735333344 -0.6614904763857941 
119122.25705329147 -14400795.86891624 -0.6862418163112601 
122257.05329153598 -14757082.854728634 -0.7101138362573342 
125391.84952978049 -15116452.10137585 -0.732824630578276 
128526.645768025 -15479402.266811352 -0.7541558284912346 
131661.44200626953 -15846666.737944992 -0.7739595149462484 
134796.23824451404 -16219134.891397854 -0.7921616412292536 
137931.03448275855 -16597812.969333544 -0.808764671519409 
141065.83072100306 -16983843.367249522 -0.8238501553160701 
144200.62695924757 -17378532.48711741 -0.8375788755928256 
147335.42319749208 -17783319.921731234 -0.8501855344594867 
150470.2194357366 -18199677.070850722 -0.8619675817731691 
153605.0156739811 -18628995.763864577 -0.8732712155965503 
156739.81191222562 -19072540.28073241 -0.8844782625554508 
159874.60815047013 -19531472.69783138 -0.8959948154009711 
163009.40438871464 -20006886.059628822 -0.9082391097590288 
166144.20062695915 -20499772.66341886 -0.9216258346834085 
169278.99686520366 -21010926.538931515 -0.9365473854183948 
172413.79310344817 -21540856.57299673 -0.953356114769591 
175548.58934169268 -22089786.78932783 -0.9723516224790915 
178683.3855799372 -22657739.116570234 -0.9937733607026532 
181818.1818181817 -23244614.442371223 -1.0177951286052123 
184952.97805642622 -23850194.725443643 -1.0445182726829925 
188087.77429467073 -24474078.485084135 -1.0739644241954864 
191222.57053291524 -25115641.622060597 -1.106072155161696 
194357.36677115975 -25774099.31085067 -1.140701084535039 
197492.16300940426 -26448645.540246747 -1.177642311821339 
200626.95924764877 -27138567.01527517 -1.2166302875702535 
203761.75548589329 -27843253.631827075 -1.257352297952026 
206896.5517241378 -28562135.718856085 -1.2994565992816518 
210031.3479623823 -29294656.73536652 -1.3425637586629582 
213166.14420062682 -30040354.02851748 -1.386284041923285 
216300.94043887133 -30799003.512109183 -1.430238296284064 
219435.73667711584 -31570708.292617347 -1.4740762774019325 
222570.53291536035 -32355859.25542155 -1.5174885694310343 
225705.32915360486 -33155021.463310968 -1.5602140357525613 
228840.12539184937 -33968872.96249049 -1.6020481137256912 
231974.9216300939 -34798262.77580282 -1.6428545852634024 
235109.7178683384 -35644321.44217321 -1.6825774161891556 
238244.5141065829 -36508490.311387524 -1.721246269812575 
241379.31034482742 -37392409.51569196 -1.7589727795783126 
244514.10658307193 -38297746.20939463 -1.7959412663036265 
247648.90282131644 -39226105.9961475 -1.8324005056291006 
250783.69905956095 -40179083.15477956 -1.8686592561118052 
253918.49529780546 -41158356.98522669 -1.9050815617473187 
257053.29153604998 -42165688.30429523 -1.9420754904044284 
260188.0877742945 -43202772.25370099 -1.9800737280314997 
263322.884012539 -44271057.95772215 -2.0195115849320375 
266457.6802507835 -45371689.38429384 -2.0608100201700092 
269592.476489028 -46505604.06879343 -2.1043659161010826 
272727.27272727253 -47673666.51490567 -2.1505445075573553 
275862.06896551704 -48876679.69436698 -2.1996673177188644 
278996.86520376155 -50115250.97025477 -2.2519950023517277 
282131.66144200607 -51389651.93483882 -2.3077119221200046 
285266.4576802506 -52699831.92116491 -2.36692011411319 
288401.2539184951 -54045595.321107075 -2.429643384121687 
291536.0501567396 -55426786.455052525 -2.4958345133496542 
294670.8463949841 -56843318.98214259 -2.5653781565142624 
297805.6426332286 -58295052.196602486 -2.638089478906812 
300940.43887147313 -59781683.605113976 -2.7137161305298156 
304075.23510971764 -61302817.88248978 -2.7919506290532925 
307210.03134796215 -62858190.440078385 -2.872451797284196 
310344.82758620667 -64447857.201831475 -2.9548661863876258 
313479.6238244512 -66072188.76093136 -3.0388415750245867 
316614.4200626957 -67731705.15161571 -3.124033672950993 
319749.2163009402 -69426951.99511904 -3.210114679307937 
322884.0125391847 -71158573.6923708 -3.2967902807969205 
326018.8087774292 -72927525.99247181 -3.383821918650796 
329153.60501567373 -74735210.60493153 -3.4710438781182096 
332288.40125391824 -76583380.70665973 -3.5583678498920137 
335423.19749216276 -78473895.7010855 -3.645778211324926 
338557.99373040727 -80408558.16644521 -3.733328452515211 
341692.7899686518 -82389179.54880247 -3.821145314223571 
344827.5862068963 -84417779.00570488 -3.909436212230816 
347962.3824451408 -86496675.54070339 -3.998489018858343 
351097.1786833853 -88628344.4657738 -4.088658462033304 
354231.9749216298 -90815165.42945704 -4.180345245712449 
357366.77115987433 -93059321.8597417 -4.273980163354936 
360501.56739811884 -95362973.5490035 -4.370019220274087 
363636.36363636336 -97728550.04427296 -4.468943276663907 
366771.15987460787 -100158884.75796576 -4.571249906690721 
369905.9561128524 -102657063.02936716 -4.6774322152683085 
373040.7523510969 -105226132.52395408 -4.787951963957628 
376175.5485893414 -107868930.5314576 -4.903219200274614 
379310.3448275859 -110588104.97791521 -5.023582393084901 
382445.1410658304 -113386134.44260295 -5.149320568005636 
385579.93730407493 -116265089.53931643 -5.280625973149854 
388714.73354231945 -119226118.01886733 -5.417576714161729 
391849.52978056396 -122268953.97151236 -5.560113272667069 
394984.32601880847 -125391826.26892231 -5.708036141065898 
398119.122257053 -128591886.58234186 -5.861030017635581 
401253.9184952975 -131865934.77453609 -6.0187041987431 
404388.714733542 -135211110.83383682 -6.180633727493362 
407523.5109717865 -138625415.6814228 -6.346394625476673 
410658.307210031 -142108165.8927553 -6.515597586485461 
413793.10344827553 -145660483.94858545 -6.687924296246084 
416927.89968652005 -149285667.20108485 -6.86315865515891 
420062.69592476456 -152989070.77312702 -7.041195625723466 
423197.49216300907 -156777282.935304 -7.222016995329771 
426332.2884012536 -160656823.89228067 -7.405644105958391 
429467.0846394981 -164632979.8733844 -7.592095116241141 
432601.8808777426 -168709337.09231803 -7.78137226783832 
435736.6771159871 -172888128.00229487 -7.973483995981296 
438871.4733542316 -177171032.41936716 -8.168485285152856 
442006.26959247614 -181559960.75108266 -8.366514476251865 
445141.06583072065 -186057589.66880018 -8.56781595569582 
448275.86206896516 -190667690.92056656 -8.772750624271259 
451410.65830720967 -195395301.65293494 -8.98179647793438 
454545.4545454542 -200246594.5441967 -9.195533027158612 
457680.2507836987 -205228249.79082304 -9.414600838669857 
460815.0470219432 -210346409.30323192 -9.63964039170921 
463949.8432601877 -215605704.93509087 -9.871233431135098 
467084.6394984322 -221008963.40333807 -10.109875140821655 
470219.43573667674 -226557792.1234892 -10.355987154439285 
473354.23197492125 -232253624.81228006 -10.609952608036012 
476489.02821316576 -238098495.91364485 -10.872140035078974 
479623.82445141027 -244095100.24840158 -11.142895900684058 
482758.6206896548 -250246311.98561347 -11.42251382688039 
485893.4169278993 -256554720.62463802 -11.711206247456792 
489028.2131661438 -263022576.54958734 -12.009096896074313 
492163.0094043883 -269652053.6711918 -12.316230547361377 
495297.8056426328 -276445448.06203735 -12.632583304647428 
498432.60188087734 -283405106.62441474 -12.958064573878216 
501567.39811912185 -290533276.61639905 -13.292519543585495 
504702.19435736636 -297832215.158526 -13.635747056905533 
507836.99059561087 -305304617.5609703 -13.987534188868533 
510971.7868338554 -312954024.1363805 -14.347690108310767 
514106.5830720999 -320784810.65981394 -14.716059377827234 
517241.3793103444 -328801760.4185942 -15.092513482682994 
520376.1755485889 -337009661.2854387 -15.476940827995367 
523510.9717868334 -345413382.615243 -15.869257039915068 
526645.768025078 -354018412.50371045 -16.26943637805958 
529780.5642633225 -362831343.3044282 -16.677542511016217 
532915.360501567 -371859797.45753866 -17.093736346552003 
536050.1567398115 -381111805.5379978 -17.51826110165581 
539184.952978056 -390595166.68568593 -17.951427060621455 
542319.7492163006 -400317309.88479346 -18.393616806215103 
545454.5454545451 -410285645.8804128 -18.845307148430297 
548589.3416927896 -420507904.5154308 -19.307081948453156 
551724.1379310341 -430992009.15292245 -19.779614168574362 
554858.9341692786 -441745586.99741524 -20.26362253964676 
557993.7304075231 -452775665.50484884 -20.759830807737952 
561128.5266457676 -464088963.69192225 -21.268952294644812 
564263.3228840121 -475692578.6136564 -21.79169490674395 
567398.1191222566 -487594424.2132274 -22.328760704184546 
570532.9153605012 -499802983.0782141 -22.880821976875893 
573667.7115987457 -512326594.2136612 -23.448484315620348 
576802.5078369902 -525172944.9553195 -24.032265876730996 
579937.3040752347 -538349198.4035306 -24.63261003750297 
583072.1003134792 -551862512.6099175 -25.249917296381387 
586206.8965517237 -565720302.8666675 -25.884564064862893 
589341.6927899682 -579929897.279649 -26.536890605540858 
592476.4890282127 -594497930.9227129 -27.207173401570365 
595611.2852664572 -609430176.7143213 -27.895614530637857 
598746.0815047018 -624732127.2988836 -28.602363835484425 
601880.8777429463 -640409900.6615591 -29.327556074518686 
605015.6739811908 -656470714.3428723 -30.071330150362787 
608150.4702194353 -672922615.1378331 -30.83381736896274 
611285.2664576798 -689773915.8214866 -31.6151201233234 
614420.0626959243 -707033080.2846884 -32.41531502687941 
617554.8589341688 -724709300.9281572 -33.234491143998596 
620689.6551724133 -742813241.1153322 -34.07279821471627 
623824.4514106578 -761357185.7159538 -34.9304690248386 
626959.2476489024 -780354413.6929379 -35.807806207908556 
630094.0438871469 -799818394.4792557 -36.70515998026507 
633228.8401253914 -819762586.2268469 -37.62293158407498 
636363.6363636359 -840200977.7362711 -38.56160827700475 
639498.4326018804 -861148720.840452 -39.52179949473629 
642633.2288401249 -882622082.9103857 -40.50423865280941 
645768.0250783694 -904637648.409214 -41.50974728264853 
648902.8213166139 -927211492.0946137 -42.53919471986909 
652037.6175548584 -950359096.8385469 -43.59348898639269 
655172.413793103 -974096026.2114217 -44.67359963422843 
658307.2100313475 -998438574.6487057 -45.78057730481237 
661442.006269592 -1023403637.9392529 -46.91553573272079 
664576.8025078365 -1049007870.0334272 -48.079599708158725 
667711.598746081 -1075266965.3352687 -49.27385798894807 
670846.3949843255 -1102195809.9869854 -50.499355789478415 
673981.19122257 -1129809363.42527 -51.75712103950674 
677115.9874608145 -1158123377.862761 -53.04818404787002 
680250.783699059 -1187154236.471199 -54.37355810964143 
683385.5799373036 -1216918126.177332 -55.734191409073155 
686520.3761755481 -1247430485.0020509 -57.13093369020876 
689655.1724137926 -1278706407.1680212 -58.564549317389 
692789.9686520371 -1310761702.854153 -60.03576304109167 
695924.7648902816 -1343613620.2792852 -61.54529309007953 
699059.5611285261 -1377280578.940404 -63.09384174035693 
702194.3573667706 -1411781293.841597 -64.68206066275161 
705329.1536050151 -1447134316.1906734 -66.31053784179724 
708463.9498432596 -1483358587.6949298 -67.97983312847569 
711598.7460815042 -1520474535.6221929 -69.69054036070503 
714733.5423197487 -1558504642.0091953 -71.4433266989871 
717868.3385579932 -1597472938.6774132 -73.23892353034591 
721003.1347962377 -1637403983.9743834 -75.07809387919055 
724137.9310344822 -1678322413.5574734 -76.96162584086332 
727272.7272727267 -1720253550.9373877 -78.8903737597139 
730407.5235109712 -1763224434.6054754 -80.86531715983288 
733542.3197492157 -1807264149.878165 -82.8875860047814 
736677.1159874602 -1852403051.4387567 -84.95843292000636 
739811.9122257048 -1898671611.327958 -87.07918575335432 
742946.7084639493 -1946100023.4933035 -89.25123211369798 
746081.5047021938 -1994718910.0488374 -91.47605160556586 
749216.3009404383 -2044560315.8478527 -93.75525848086247 
752351.0971786828 -2095657862.403552 -96.09060307206477 
755485.8934169273 -2148045805.6133075 -98.48392051073411 
758620.6896551718 -2201757901.894324 -100.93706850933849 
761755.4858934163 -2256827215.4819903 -103.45190652527882 
764890.2821316608 -2313287040.662477 -106.03032473656725 
768025.0783699054 -2371171958.840967 -108.674278417874 
771159.8746081499 -2430517913.973575 -111.38577708478617 
774294.6708463944 -2491361228.819274 -114.16682540535086 
777429.4670846389 -2553737620.137129 -117.01936492217048 
780564.2633228834 -2617682307.4063983 -119.94526726600023 
783699.0595611279 -2683231192.3634367 -122.9463782751907 
786833.8557993724 -2750421976.0612745 -126.0245614580351 
789968.6520376169 -2819294145.5908685 -129.18169214904785 
793103.4482758614 -2889887950.2363997 -132.41960805170828 
796238.244514106 -2962243560.0474043 -135.74007094898968 
799373.0407523505 -3036401426.5476847 -139.14478631250032 
802507.836990595 -3112403612.1602254 -142.63546999185093 
805642.6332288395 -3190294828.1956263 -146.21390399930652 
808777.429467084 -3270122205.050051 -149.88193631856552 
811912.2257053285 -3351934129.7713485 -153.64143970063895 
815047.021943573 -3435779457.0041776 -157.49428884429153 
818181.8181818175 -3521708004.018452 -161.44239718945983 
821316.614420062 -3609771880.5276823 -165.48779218371538 
824451.4106583066 -3700026301.1633987 -169.6326664896452 
827586.2068965511 -3792529038.945322 -173.8793660133064 
830721.0031347956 -3887339080.2515597 -178.2303399401944 
833855.7993730401 -3984515869.6965327 -182.68811596815607 
836990.5956112846 -4084119910.468239 -187.25533544765065 
840125.3918495291 -4186214053.9906754 -191.93481760053413 
843260.1880877736 -4290864071.860051 -196.7295881239738 
846394.9843260181 -4398137839.503838 -201.64284135063244 
849529.7805642626 -4508103913.554366 -206.677871826107 
852664.5768025072 -4620830931.353222 -211.83804090321084 
855799.3730407517 -4736388414.0714 -217.1268052344351 
858934.1692789962 -4854848093.204898 -222.54776713614302 
862068.9655172407 -4976284336.505544 -228.10468195800112 
865203.7617554852 -5100773202.55397 -233.8014013475696 
868338.5579937297 -5228391110.995861 -239.6417981710017 
871473.3542319742 -5359214547.035836 -245.62973866124284 
874608.1504702187 -5493321162.042575 -251.7691189335061 
877742.9467084632 -5630791188.048602 -258.0639168004984 
880877.7429467078 -5771707768.576426 -264.5181953296054 
884012.5391849523 -5916155959.636498 -271.13604730772727 
887147.3354231968 -6064221569.517252 -277.9215345574232 
890282.1316614413 -6215991196.494995 -284.8786846938145 
893416.9278996858 -6371553582.2780285 -292.01155091484156 
896551.7241379303 -6531001024.133851 -299.32427729146275 
899686.5203761748 -6694429525.81057 -306.8211090353684 
902821.3166144193 -6861937688.487214 -314.50634767127985 
905956.1128526638 -7033625664.023029 -322.38431149132316 
909090.9090909084 -7209595424.065012 -330.4593584256095 
912225.7053291529 -7389952207.730967 -338.7359646288897 
915360.5015673974 -7574805757.06128 -347.2187945590016 
918495.2978056419 -7764270153.134488 -355.9127076128756 
921630.0940438864 -7958462516.955834 -364.8227128791662 
924764.8902821309 -8157502014.710903 -373.95393744210725 
927899.6865203754 -8361510270.075445 -383.3116582439147 
931034.4827586199 -8570612789.678396 -392.9013789488299 
934169.2789968645 -8784939925.550835 -402.7288836990234 
937304.075235109 -9004626370.545004 -412.8002213677905 
940438.8714733535 -9229809714.151909 -423.12164420070667 
943573.667711598 -9460629566.032135 -433.6995697494841 
946708.4639498425 -9697228151.910458 -444.5406074840887 
949843.260188087 -9939751736.356812 -455.65162052306647 
952978.0564263315 -10188351361.885635 -467.03975337590055 
956112.852664576 -10443182123.740786 -478.71239015226246 
959247.6489028205 -10704401753.78533 -490.67707902050495 
962382.445141065 -10972170026.947136 -502.9414926996226 
965517.2413793096 -11246649651.594189 -515.5134557762306 
968652.0376175541 -11528007761.752922 -528.4009989355877 
971786.8338557986 -11816416521.261427 -541.6123723605831 
974921.6300940431 -12112052314.302673 -555.1559947611844 
978056.4263322876 -12415094510.769861 -569.0403838789691 
981191.2225705321 -12725725260.173708 -583.2741356004318 
984326.0188087766 -13044130697.791483 -597.865969709265 
987460.8150470211 -13370502475.997374 -612.8247928226028 
990595.6112852657 -13705038216.406086 -628.1597142372856 
993730.4075235102 -14047940564.1701 -643.8800070596815 
996865.2037617547 -14399418665.99236 -659.9949462130108 
999999.9999999992 -14759602893.253119 -676.5177330437824 
