#x u 
0.0 60180.82036868304 -0.046174908696617285 
3134.796238244514 86356.3318240853 -0.045839610267409965 
6269.592476489028 141266.69920008065 -0.042261484508736846 
9404.38871473354 190488.5861780854 -0.037059453898385 
12539.184952978056 232333.7707376659 -0.03042481713616669 
15673.98119122257 265195.2592801022 -0.022613623964115998 
18808.777429467085 287801.6300714208 -0.013927963670979713 
21943.5736677116 299278.72034993867 -0.0047037093613035 
25078.369905956115 299182.71053592046 0.004702437261789892 
28213.16614420063 287517.3133510895 0.013926740762449272 
31347.962382445145 264733.6293901673 0.02261249757230782 
34482.75862068966 231712.7030993004 0.030423829709085547 
37617.55485893417 189731.45281023806 0.03705867316909657 
40752.35109717868 140413.29234280033 0.04226045873415029 
43887.14733542319 85665.35363611976 0.045828033496319885 
47021.943573667704 27604.738007834618 0.0476234394354828 
50156.739811912215 -31523.352096934537 0.04757724825224929 
53291.53605015673 -89432.43502376313 0.04569124615843291 
56426.33228840124 -143883.16809302373 0.04203836480428778 
59561.12852664575 -192769.94292108237 0.03675986101355424 
62695.92476489026 -234202.30923988335 0.030059854385883367 
65830.72100313478 -266578.0785579769 0.022197433997406854 
68965.51724137929 -288645.28074640327 0.01347663943313002 
72100.3134796238 -299550.5776899127 0.0042347035843550585 
75235.10971786831 -298872.26184932666 -0.005170988138175344 
78369.90595611282 -286636.56367533095 -0.014376717888253728 
81504.70219435733 -263316.63696919626 -0.023026500329401376 
84639.49843260185 -229814.25713029658 -0.03078584835329962 
87774.29467084636 -187424.90336211506 -0.03735470557124204 
90909.09090909087 -137787.35820506926 -0.04247903553722497 
94043.88714733538 -82818.81990036924 -0.04596057584235272 
97178.68338557989 -24634.825588365504 -0.047664232695895786 
100313.4796238244 34551.23557099515 -0.04752244879037248 
103448.27586206891 92561.16361455231 -0.045535640762827886 
106583.07210031342 147432.39167477004 -0.04176777289992682 
109717.86833855794 197642.53414284188 -0.03633706959886968 
112852.66457680245 242316.18685202356 -0.02940466287783996 
115987.46081504696 281258.70424306137 -0.021168364828820785 
119122.25705329147 314601.4478966236 -0.01187162424779761 
122257.05329153598 341943.83311113226 -0.0018332062665061106 
125391.84952978049 361227.58554434124 0.008512822716647947 
128526.645768025 368056.0177810082 0.018599029176945166 
131661.44200626953 356372.317271883 0.027769852959144727 
134796.23824451404 320884.44449808303 0.035407373625183404 
137931.03448275855 260374.45136049084 0.04109751668094896 
141065.83072100306 179847.99948134692 0.04474243599158675 
144200.62695924757 89556.6478601048 0.0465283541316394 
147335.42319749208 766.2808195889065 0.046742566856613134 
150470.2194357366 -79302.70042254194 0.04555037254087946 
153605.0156739811 -149818.30140929885 0.042894084276678436 
156739.81191222562 -214130.43062580144 0.03859787649024292 
159874.60815047013 -274734.366491033 0.032599509475318346 
163009.40438871464 -329547.6871986312 0.025118970282551802 
166144.20062695915 -372576.63383019075 0.01662311243959881 
169278.99686520366 -398184.3657309899 0.007622579814710244 
172413.79310344817 -404970.096218509 -0.0015157591833118698 
175548.58934169268 -395776.33099910116 -0.01058084723364249 
178683.3855799372 -374134.2069785064 -0.01936770056254333 
181818.1818181817 -340862.74897346436 -0.027535712414076485 
184952.97805642622 -294206.06665678 -0.03462956485747426 
188087.77429467073 -233190.689672287 -0.040247616135653086 
191222.57053291524 -160589.4405073998 -0.04419156381644662 
194357.36677115975 -82344.71738639523 -0.0464525926902362 
197492.16300940426 -4014.1188291716 -0.04705932432490489 
200626.95924764877 72112.37121905253 -0.04595441967708992 
203761.75548589329 146316.0379657434 -0.04303277437892014 
206896.5517241378 218040.12380078173 -0.03830135964028604 
210031.3479623823 283478.6503922729 -0.03199046246271768 
213166.14420062682 336812.0502064758 -0.024494888170338295 
216300.94043887133 373892.56719362305 -0.016200078347551664 
219435.73667711584 394596.4719494196 -0.0073667377068431985 
222570.53291536035 401449.10602893203 0.0018160031970418744 
225705.32915360486 396029.31292822154 0.01107756520958073 
228840.12539184937 376971.0558710447 0.019987581136866238 
231974.9216300939 341674.9351860087 0.028048568738970055 
235109.7178683384 289917.2049586986 0.03487598992348141 
238244.5141065829 225527.23452613264 0.04028961524492545 
241379.31034482742 154315.55339310062 0.04423230738651787 
244514.10658307193 80357.49833440754 0.04661218090829874 
247648.90282131644 4447.736600959089 0.04724253802442028 
250783.69905956095 -73757.0672024309 0.04594871176212703 
253918.49529780546 -152277.46054132876 0.04273284652365486 
257053.29153604998 -225791.06492406002 0.03782408463613178 
260188.0877742945 -288243.760497179 0.031559448806929846 
263322.884012539 -336460.24729789374 0.024216040737289658 
266457.6802507835 -371064.3299150623 0.015963770208215704 
269592.476489028 -393836.7835908233 0.006978788363846467 
272727.27272727253 -404367.41726681066 -0.002413018732117235 
275862.06896551704 -399578.25598152634 -0.011726048785338188 
278996.86520376155 -376652.26608044887 -0.02046255175858355 
282131.66144200607 -336298.49818791833 -0.02827655126755301 
285266.4576802506 -282909.30279077764 -0.0349956867064554 
288401.2539184951 -221411.50253899524 -0.040491328958218574 
291536.0501567396 -154067.0062581725 -0.04454563490746424 
294670.8463949841 -80509.56008919931 -0.04686566534873299 
297805.6426332286 -883.4688243859764 -0.04723793558675981 
300940.43887147313 81323.73210889971 -0.04566676991397032 
304075.23510971764 159847.59906221763 -0.04235435726708447 
307210.03134796215 229134.38244053928 -0.037544172827129824 
310344.82758620667 287201.54256249877 -0.031390287560786476 
313479.6238244512 334979.7317978252 -0.02398508648115853 
316614.4200626957 372936.33153122687 -0.01550881588889453 
319749.2163009402 398624.4581429726 -0.006334132792091656 
322884.0125391847 407809.10471451364 0.0030355882976189847 
326018.8087774292 398040.1298113818 0.012141991791746217 
329153.60501567373 370948.4700803012 0.020690375805493197 
332288.40125391824 330863.41066444427 0.02850059799764513 
335423.19749216276 281194.0601565495 0.03535585055567181 
338557.99373040727 222344.2798667304 0.04092151203992984 
341692.7899686518 153293.93096465917 0.04483128382149995 
344827.5862068963 75104.19693806717 0.04686022261170824 
347962.3824451408 -7433.227495900266 0.047010915077296364 
351097.1786833853 -87842.41188902897 0.04542807468558145 
354231.9749216298 -161667.06186444222 0.04223464744544764 
357366.77115987433 -228057.35389981442 0.037462219666061565 
360501.56739811884 -287692.830050452 0.031146512647939245 
363636.36363636336 -339342.1325891692 0.02348249076577671 
366771.15987460787 -378782.3378111423 0.01486854011808691 
369905.9561128524 -401304.1626068935 0.0057837152904679084 
373040.7523510969 -405241.93046096363 -0.0033842438783197146 
376175.5485893414 -392871.7908219808 -0.012392126034945238 
379310.3448275859 -367768.6868475367 -0.021033537272725195 
382445.1410658304 -331412.4793010849 -0.028997651556794422 
385579.93730407493 -282597.3110670094 -0.03585678008852076 
388714.73354231945 -220225.89689107894 -0.04120885647423909 
391849.52978056396 -146490.0445672681 -0.04483682749602526 
394984.32601880847 -67015.35146047593 -0.04672756418841039 
398119.122257053 12274.713289966603 -0.046938597809860066 
401253.9184952975 88384.06894499087 -0.04545855612452338 
404388.714733542 161284.2113799916 -0.0422110717138054 
407523.5109717865 230849.44350905565 -0.03719826769666306 
410658.307210031 294030.60884409864 -0.03063044806023355 
413793.10344827553 345352.57117518433 -0.022900566635771908 
416927.89968652005 380314.9767980956 -0.01442285329375021 
420062.69592476456 398210.4958348415 -0.005495590984545356 
423197.49216300907 401472.31083977444 0.0036792554433650966 
426332.2884012536 392293.0632038612 0.012853182331091237 
429467.0846394981 370103.097279764 0.021629051835725957 
432601.8808777426 332566.6983770367 0.029521104785260873 
435736.6771159871 279031.34252217447 0.03612771058344628 
438871.4733542316 212763.98390405974 0.04124824795912623 
442006.26959247614 139564.41021153616 0.044833093165571145 
445141.06583072065 64136.54052391159 0.04682948785157796 
448275.86206896516 -12061.760328233113 0.0470933575062241 
451410.65830720967 -89339.11164007513 0.045465287075948005 
454545.4545454542 -166335.53148071666 0.04193359500192511 
457680.2507836987 -238364.43092441073 0.03671319478786103 
460815.0470219432 -299392.8179136931 0.030154823441013678 
463949.8432601877 -345689.60909297224 0.02257494190345613 
467084.6394984322 -377409.94819186244 0.014177489471388326 
470219.43573667674 -396541.8462321773 0.005139843813513014 
473354.23197492125 -403449.1659029138 -0.004239100318378794 
476489.02821316576 -395698.795345217 -0.013497374616695484 
479623.82445141027 -370433.9266804592 -0.022132274415078656 
482758.6206896548 -327803.37773197633 -0.029771926758683738 
485893.4169278993 -271824.8142145519 -0.03622950265002489 
489028.2131661438 -207736.70604303112 -0.041396182906761426 
492163.0094043883 -138564.07543878976 -0.04509723331425461 
495297.8056426328 -64428.529752973016 -0.04707249705016478 
498432.60188087734 14770.244015295782 -0.04710958410833458 
501567.39811912185 96231.23009219367 -0.0451950692445702 
504702.19435736636 174087.2733266814 -0.04152753059651084 
507836.99059561087 242490.22634972996 -0.0363788543294261 
510971.7868338554 298819.9472969923 -0.029946993742184447 
514106.5830720999 343757.36373171106 -0.022349609650219253 
517241.3793103444 378250.5622819814 -0.01375738102443313 
520376.1755485889 400654.88588531956 -0.004516815755247101 
523510.9717868334 407125.3264051047 0.004878219957188906 
526645.768025078 394898.22868027614 0.013949209803463031 
529780.5642633225 365040.000256248 0.022372587483068637 
532915.360501567 321779.7417539198 0.029963548551876076 
536050.1567398115 269112.0603354739 0.03653497376338926 
539184.952978056 208202.48482072417 0.04179281570836834 
542319.7492163006 138260.34212481693 0.04538954624232794 
545454.5454545451 59878.06329331359 0.047089260083575606 
548589.3416927896 -22772.03994088545 0.04687854261690149 
551724.1379310341 -103301.0841629316 0.0449118932557892 
554858.9341692786 -176708.40471733233 0.041351840130792766 
557993.7304075231 -241557.2534307986 0.0362717899904046 
561128.5266457676 -298554.38001078495 0.02972084502222351 
564263.3228840121 -347142.3793612266 0.021876850379575416 
567398.1191222566 -383791.32898505236 0.013118812396512355 
570532.9153605012 -403873.14744296845 0.0039325830344557906 
573667.7115987457 -405216.9411790964 -0.005262693538974713 
576802.5078369902 -389657.4335323464 -0.014197917705527632 
579937.3040752347 -360978.44055873295 -0.02267342620581584 
583072.1003134792 -321420.5635542366 -0.030413340656469473 
586206.8965517237 -270406.42650072824 -0.03702177510615003 
589341.6927899682 -206780.2261652315 -0.04209977739528522 
592476.4890282127 -132141.86771911217 -0.04541153711015315 
595611.2852664572 -51688.11583779949 -0.046934896721009305 
598746.0815047018 28419.381212968503 -0.046750776113414126 
601880.8777429463 104499.59864119647 -0.044893030998631595 
605015.6739811908 176105.91539771509 -0.04131911691752117 
608150.4702194353 243418.0652157442 -0.03603207312376737 
611285.2664576798 304135.11496011633 -0.02922250527865757 
614420.0626959243 353248.77764844487 -0.021275684055428942 
617554.8589341688 386035.7315151304 -0.01262836303725271 
620689.6551724133 401209.1080800132 -0.0036158047138947144 
623824.4514106578 400986.2875290391 0.005542010665310493 
626959.2476489024 388053.4633413147 0.014613684668651223 
630094.0438871469 362647.1548243677 0.0232363334182875 
633228.8401253914 322824.185154448 0.030942414720406524 
636363.6363636359 267614.1282305764 0.03731886454011176 
639498.4326018804 199695.48774070677 0.042144020017906625 
642633.2288401249 124718.64158849012 0.04536990424305114 
645768.0250783694 47906.79985044586 0.046978292701506545 
648902.8213166139 -28588.358590132953 0.046869464780627194 
652037.6175548584 -104907.16325022213 0.04490560545986104 
655172.413793103 -180217.88113087433 0.041065503463486024 
658307.2100313475 -250521.4996100645 0.03554746954438811 
661442.006269592 -309950.9872460271 0.028709201075708034 
664576.8025078365 -354309.22296612436 0.020902178841981207 
667711.598746081 -383226.669509083 0.012366612021926442 
670846.3949843255 -398758.70626108634 0.0032870994006586776 
673981.19122257 -401968.742525295 -0.00606152999076055 
677115.9874608145 -391138.888307833 -0.015244710662918498 
680250.783699059 -363514.0132805294 -0.023761843966500815 
683385.5799373036 -318745.84152202704 -0.031218642112466877 
686520.3761755481 -260394.2765898931 -0.03741057526395491 
689655.1724137926 -193865.12628096563 -0.042242560775704034 
692789.9686520371 -122889.50983908359 -0.04558084609829306 
695924.7648902816 -48163.187318378485 -0.04720242450890816 
699059.5611285261 30524.33823500785 -0.0469024852437871 
702194.3573667706 111022.02839467475 -0.04465174858351763 
705329.1536050151 187964.53926082788 -0.04064049995076195 
708463.9498432596 255349.72657151567 -0.035162594910106516 
711598.7460815042 309953.06906710047 -0.0284582254397889 
714733.5423197487 352101.1208933288 -0.020674894019361293 
717868.3385579932 383093.85028365476 -0.011979285015671217 
721003.1347962377 402074.15644025826 -0.002692008981317508 
724137.9310344822 405703.9322423947 0.006708427549263588 
727272.7272727267 391032.6855688385 0.015729700033495497 
730407.5235109712 358565.8169586207 0.024020117093436787 
733542.3197492157 312308.2845832498 0.03138511775947762 
736677.1159874602 256717.52008571406 0.03766222269108233 
739811.9122257048 193725.7956216385 0.042598730316256606 
742946.7084639493 122896.05314698441 0.04587205669105326 
746081.5047021938 44460.71503393579 0.04724072727371148 
749216.3009404383 -38052.630036125505 0.04667448218498366 
752351.0971786828 -118479.53297378405 0.04433152392338331 
755485.8934169273 -191384.7229109145 0.04040903490607147 
758620.6896551718 -254716.081303431 0.03502353456928592 
761755.4858934163 -309075.4515406416 0.02824343538848882 
764890.2821316608 -354486.68073789345 0.02023347597130388 
768025.0783699054 -388160.5391228403 0.011350759256949906 
771159.8746081499 -405690.8526165845 0.002081060003115558 
774294.6708463944 -404489.3012005087 -0.007129591865517386 
777429.4670846389 -385892.96459502424 -0.015984175984983907 
780564.2633228834 -353753.6907023374 -0.024283881389805907 
783699.0595611279 -310994.63414659514 -0.03178479041369099 
786833.8557993724 -257731.7129216215 -0.03812638615528316 
789968.6520376169 -192887.67717630946 -0.04291966017706468 
793103.4482758614 -117532.85192060555 -0.045913329683092044 
796238.244514106 -36354.070730556836 -0.047072771750651644 
799373.0407523505 44392.329928282634 -0.046495957990130544 
802507.836990595 120401.94031417993 -0.044259584318162244 
805642.6332288395 190733.41131851164 -0.0403591526143087 
808777.429467084 255744.16922399675 -0.03480496397651504 
811912.2257053285 313835.26266144775 -0.027769211279973345 
815047.021943573 360537.6717731266 -0.019623327036006784 
818181.8181818175 391010.08370606764 -0.010818446721255289 
821316.614420062 403427.6769746127 -0.0017253010329575532 
824451.4106583066 399780.35705904587 0.0074095613322559956 
827586.2068965511 383266.56665694533 0.016359563794199016 
830721.0031347956 354978.7895779192 0.024792613166049443 
833855.7993730401 313288.09392667096 0.032273785352177314 
836990.5956112846 256543.3461761811 0.038407081394541326 
840125.3918495291 186325.78203278448 0.04297391074776023 
843260.1880877736 107998.11130942302 0.04592340700458018 
846394.9843260181 28073.11806790489 0.0472255922963649 
849529.7805642626 -48966.5173405807 0.046750511792113716 
852664.5768025072 -121505.3450691573 0.044320467532265574 
855799.3730407517 -189063.1461940039 0.03990662241069855 
858934.1692789962 -250390.67609833757 0.033783076611997774 
862068.9655172407 -303594.0074008398 0.026476540221397865 
865203.7617554852 -347837.9259966304 0.01853878508137441 
868338.5579937297 -384117.0432660394 0.010335085200582536 
871473.3542319742 -413494.80660871323 0.0020203856506226846 
874608.1504702187 -434195.06779486925 -0.006308530245276138 
877742.9467084632 -440710.0009423399 -0.014455466445306913 
880877.7429467078 -426518.13302139554 -0.022112267425822955 
884012.5391849523 -388475.61375651386 -0.028975999846552233 
887147.3354231968 -329056.8940389676 -0.03484858629809741 
890282.1316614413 -254460.025568539 -0.039607589474298883 
893416.9278996858 -170453.14915435325 -0.043092277412479715 
896551.7241379303 -79878.2162919547 -0.04505069415638815 
899686.5203761748 16110.108377721861 -0.04523057527807868 
902821.3166144193 114826.32024162942 -0.043538352381100015 
905956.1128526638 210529.7657211424 -0.04010853967647996 
909090.9090909084 296351.587450955 -0.03521119452067651 
912225.7053291529 367734.683580289 -0.02908977686371815 
915360.5015673974 423844.8080348551 -0.02189193684959328 
918495.2978056419 465552.6069574761 -0.013756463987419991 
921630.0940438864 492196.1261936849 -0.004954334935738716 
924764.8902821309 500606.56724577624 0.004076053768168881 
927899.6865203754 487480.631601101 0.012848989988529479 
931034.4827586199 452639.36582011275 0.020993755445255505 
934169.2789968645 399755.1836274969 0.028301969709878222 
937304.075235109 333763.59700990684 0.03462351746036157 
940438.8714733535 257633.46119650596 0.03973305722128101 
943573.667711598 171815.56287295604 0.0433187222754893 
946708.4639498425 76848.04181300857 0.04511440618481294 
949843.260188087 -23741.39394326338 0.04504403794055762 
952978.0564263315 -123421.61307609093 0.04323141172616606 
956112.852664576 -215689.1527299246 0.03986803816059488 
959247.6489028205 -297104.1946638178 0.0350781040153038 
962382.445141065 -367286.93523048057 0.02891993353502805 
965517.2413793096 -426020.15394204704 0.02151721792885522 
968652.0376175541 -470633.1948402459 0.013174529613652133 
971786.8338557986 -496527.14231111924 0.004346205395816394 
974921.6300940431 -500375.2696936951 -0.004519772230005029 
978056.4263322876 -482695.80096302973 -0.013111131330055797 
981191.2225705321 -447128.6123770254 -0.021231150298924407 
984326.0188087766 -397185.2918558608 -0.02866374710644714 
987460.8150470211 -333868.33269862825 -0.035078926589693055 
990595.6112852657 -256610.26178587996 -0.040090423368226866 
993730.4075235102 -166476.82634048446 -0.04341554092525283 
996865.2037617547 -68342.7647404816 -0.04497045136155314 
999999.9999999992 60180.82033536654 -0.04617490869814444 
