#x u 
0.0 4975.534907386384 0.04998584880707144 
3134.796238244514 -6647.598631773559 0.04775923131489095 
6269.592476489028 -9913.580901399051 0.04405705528709966 
9404.38871473354 -13206.167278698791 0.038632402389350375 
12539.184952978056 -15969.306760251377 0.0317146956640497 
15673.98119122257 -18115.818752640625 0.023570541019103393 
18808.777429467085 -19561.756001447997 0.014514915860722889 
21943.5736677116 -20251.241842295072 0.004897999242650008 
25078.369905956115 -20157.612674705073 -0.0049083228730127364 
28213.16614420063 -19284.48916775227 -0.014524840275192588 
31347.962382445145 -17665.634983215452 -0.023579682494496587 
34482.75862068966 -15363.651168899349 -0.031722699025785873 
37617.55485893417 -12467.555377004377 -0.03863899963875769 
40752.35109717868 -9089.339553926926 -0.044061131174684694 
43887.14733542319 -5359.639214708666 -0.047779419952871396 
47021.943573667704 -1422.681771175623 -0.04965007984624851 
50156.739811912215 2569.29073819366 -0.049600772487040354 
53291.53605015673 6461.908843804122 -0.047633404589501736 
56426.33228840124 10104.645108181678 -0.043824054217328684 
59561.12852664575 13356.635017936249 -0.03832002884698138 
62695.92476489026 16092.12421070083 -0.031334168991530305 
65830.72100313478 18205.331392948225 -0.023136617663738993 
68965.51724137929 19614.53889976404 -0.014044373953024544 
72100.3134796238 20265.252714751667 -0.004409034679193773 
75235.10971786831 20132.30975218417 0.005396801847124373 
78369.90595611282 19220.85091284869 0.014993944191131883 
81504.70219435733 17566.122285554156 0.024011271116448987 
84639.49843260185 15232.112181822042 0.03210008283334572 
87774.29467084636 12309.076709604167 0.03894758521023431 
90909.09090909087 8910.049572011907 0.04428898551432686 
94043.88714733538 5166.471057055998 0.047917731939492066 
97178.68338557989 1223.1052452490985 0.04969350095904421 
100313.4796238244 -2767.558013503418 0.04954762363274687 
103448.27586206891 -6651.199878291802 0.047485741032885324 
106583.07210031342 -10277.64002263402 0.043587586104153184 
109717.86833855794 -13506.644103662926 0.03800390039282475 
112852.66457680245 -16213.346620390832 0.03095060487521423 
115987.46081504696 -18293.07945927864 0.022700450299327553 
119122.25705329147 -19665.419407368725 0.013572469920771166 
122257.05329153598 -20277.298115770333 0.0039196424953364195 
125391.84952978049 -20105.05425128268 -0.00588475739999549 
128526.645768025 -19155.348479514214 -0.015461593884908142 
131661.44200626953 -17464.90589712246 -0.02444053095004698 
134796.23824451404 -15099.095873312792 -0.03247435334054283 
137931.03448275855 -12149.404218089941 -0.039252393360581186 
141065.83072100306 -8729.895428446282 -0.04451254438484577 
144200.62695924757 -4972.8018173272285 -0.04805139651467142 
147335.42319749208 -1023.4100936492341 -0.049732102433356004 
150470.2194357366 2965.556870831857 -0.04948966928821742 
153605.0156739811 6839.84583086054 -0.04733347196245926 
156739.81191222562 10449.638136530659 -0.04334689054868938 
159874.60815047013 13655.343216446243 -0.03768408604298081 
163009.40438871464 16332.996541368659 -0.03056403894329896 
166144.20062695915 18379.05332922339 -0.022262081279533545 
169278.99686520366 19714.39261904196 -0.013099249531306317 
172413.79310344817 20287.37687639374 -0.003429870155936605 
175548.58934169268 20075.848815454083 0.006372142206135425 
178683.3855799372 19087.988220651634 0.015927744000440357 
181818.1818181817 17361.99563462453 0.02486742036253842 
184952.97805642622 14964.615144263225 0.03284547424789131 
188087.77429467073 11988.553388665256 0.03955339452727887 
191222.57053291524 8548.894595893522 0.044731786103870186 
194357.36677115975 4778.6502789753795 0.04818040071464321 
197492.16300940426 823.6156842651417 0.04976588052533113 
200626.95924764877 -3163.2681068084385 0.04942691507428747 
203761.75548589329 -7027.8284052508825 0.04717661214638949 
206896.5517241378 -10620.622768238041 0.043101990895349336 
210031.3479623823 -13802.717934361426 0.03736061681537991 
213166.14420062682 -16451.06236911207 0.030174508687770607 
216300.94043887133 -18463.244664410915 0.021821553120584675 
219435.73667711584 -19761.4537850059 0.01262475868099784 
222570.53291536035 -20295.48801911174 0.002939765162691119 
225705.32915360486 -20044.696277255134 -0.0068589089954078615 
228840.12539184937 -19018.776669350133 -0.016392349327087514 
231974.9216300939 -17257.40147904781 -0.025291897951071843 
235109.7178683384 -14828.683037595212 -0.03321340956137642 
238244.5141065829 -11826.539821815371 -0.03985055951703679 
241379.31034482742 -8367.064629137109 -0.04494668940773766 
244514.10658307193 -4584.035272236455 -0.048304732027638374 
247648.90282131644 -623.741394621311 -0.04979483195892369 
250783.69905956095 3360.6725459520385 -0.04935936707731888 
253918.49529780546 7215.1293695394925 -0.0470151767980862 
257053.29153604998 10790.577334419475 -0.04285291089628928 
260188.0877742945 13948.753963931114 -0.03703352408242905 
263322.884012539 16567.532652733382 -0.029782051888116737 
266457.6802507835 18545.645299348602 -0.021378908548117463 
269592.476489028 19806.598340922297 -0.012149043389432094 
272727.27272727253 20301.630757243052 -0.0024493750495599327 
275862.06896551704 20011.59965808346 0.007345010557616065 
278996.86520376155 18947.72053824895 0.016855364804033216 
282131.66144200607 17151.133574696927 0.025713922546711898 
285266.4576802506 14691.312736997701 0.03357812359594547 
288401.2539184951 11663.379230801496 0.04014385950862507 
291536.0501567396 8184.423163373052 0.04515723345355715 
294670.8463949841 4388.975672293112 0.04842437839509865 
297805.6426332286 423.80660998298663 0.049818953926212266 
300940.43887147313 -3557.7510425387627 0.04928703184860938 
304075.23510971764 -7401.730557912204 0.046849181574727734 
307210.03134796215 -10959.485351639945 0.04259967470910559 
310344.82758620667 -14093.437141515926 0.03670283956796918 
313479.6238244512 -16682.396096096316 0.02938670660766288 
316614.4200626957 -18626.247242223035 0.02093419049303408 
319749.2163009402 -19849.821908344806 0.011672149794950987 
322884.0125391847 -20305.80449502371 0.001958747378156191 
326018.8087774292 -19976.562167894677 -0.00783039974708204 
329153.60501567373 -18874.82671889366 -0.017316745524656677 
332288.40125391824 -17043.20222820912 -0.026133453218432627 
335423.19749216276 -14552.51756564455 -0.033939580978969056 
338557.99373040727 -11499.087440126634 -0.04043326605566939 
341692.7899686518 -8000.987912505181 -0.04536339782123002 
344827.5862068963 -4193.490397449663 -0.048539328212845824 
347962.3824451408 -223.83072148640804 -0.049838244087672415 
351097.1786833853 3754.4844824582106 -0.04920991640375754 
354231.9749216298 7587.613872422633 -0.04667864257574277 
357366.77115987433 11127.33043796786 -0.04234230689449252 
360501.56739811884 14236.753434686456 -0.03636859534419856 
363636.36363636336 16795.641558905365 -0.02898851118988023 
366771.15987460787 18705.04267566913 -0.020487442087337764 
369905.9561128524 19891.12029513542 -0.01119412415017639 
373040.7523510969 20308.008827652462 -0.0014679297331328422 
376175.5485893414 19939.587204877636 0.00831502948721895 
379310.3448275859 18800.10228105879 0.01777644674088747 
382445.1410658304 16933.617907557258 0.026550449277086857 
385579.93730407493 14412.31098489993 0.03429774665367172 
388714.73354231945 11333.680383986779 0.04071875108941115 
391849.52978056396 7816.776667418148 0.04556516251543109 
394984.32601880847 3997.598407442594 0.048649570332200735 
398119.122257053 23.833124544579732 0.04985270057239012 
401253.9184952975 -3950.853785498868 0.049128028222002136 
404388.714733542 -7772.761287399713 0.046503576341369784 
407523.5109717865 -11294.096316644864 0.04208083241395497 
410658.307210031 -14378.688931208133 0.03603082382799483 
413793.10344827553 -16907.258022840484 0.028587504253065315 
416927.89968652005 -18782.023965484987 0.02003870666031478 
420062.69592476456 -19930.489708267938 0.010715012827260558 
423197.49216300907 -20308.243887940567 0.0009769697334556509 
426332.2884012536 -19900.677852854074 -0.008798852798120182 
429467.0846394981 -18723.55172911237 -0.018234423993276534 
432601.8808777426 -16822.388709341933 -0.02696487039539938 
435736.6771159871 -14270.71546924024 -0.0346525854756661 
438871.4733542316 -11167.202873002563 -0.041000285602757286 
442006.26959247614 -7631.8196515778545 -0.04576250740111635 
445141.06583072065 -3801.211209430716 -0.048755098988261115 
448275.86206896516 176.42042801881007 -0.049862333928628016 
451410.65830720967 4146.9428224577205 -0.04904137300011633 
454545.4545454542 7958.454276224293 -0.04632384729761759 
457680.2507836987 11483.293186248004 -0.041814011178706346 
460815.0470219432 14692.24535472985 -0.03568163051523245 
463949.8432601877 17857.87111235739 -0.028145900147080807 
467084.6394984322 21938.729006417125 -0.01944812824807998 
470219.43573667674 28964.993231052882 -0.00982259222691616 
473354.23197492125 41808.000285548944 0.0005039583746343881 
476489.02821316576 62535.33459700071 0.011246771365736426 
479623.82445141027 89408.57520814968 0.021938068328517198 
482758.6206896548 114512.43626054065 0.031840804314588994 
485893.4169278993 125287.14803098116 0.040051066768833646 
489028.2131661438 111381.67118971488 0.045835692636883356 
492163.0094043883 73222.05133351806 0.04901149306607193 
495297.8056426328 24824.97107504663 0.05002039859974952 
498432.60188087734 -13946.045841596435 0.04953207145393444 
501567.39811912185 -31491.3730811759 0.04784561880279698 
504702.19435736636 -33375.279281895346 0.04464091735793963 
507836.99059561087 -37277.05906706929 0.03937639258086528 
510971.7868338554 -57545.12181153093 0.03200234322559129 
514106.5830720999 -93196.42289143309 0.02328450439836417 
517241.3793103444 -130417.57821293527 0.014361378561084447 
520376.1755485889 -156500.99107476434 0.005918394394109069 
523510.9717868334 -170786.0325040061 -0.0022203689671730685 
526645.768025078 -181647.65402529304 -0.010668839233797807 
529780.5642633225 -193590.78498400556 -0.019633550369928695 
532915.360501567 -199188.9290864445 -0.028478983145480325 
536050.1567398115 -185322.32854548193 -0.036122309972609255 
539184.952978056 -147411.70128888375 -0.04184558441973034 
542319.7492163006 -96146.46687991805 -0.04571153286965184 
545454.5454545451 -48770.88717739898 -0.048197149830627416 
548589.3416927896 -13440.332576319704 -0.049467614303665794 
551724.1379310341 17141.507765272854 -0.04906853178057205 
554858.9341692786 56078.852682924204 -0.04635881075859727 
557993.7304075231 106680.64221002026 -0.04122233456682359 
561128.5266457676 157262.33872769237 -0.03430361672879462 
564263.3228840121 191831.65824317772 -0.026513595551399503 
567398.1191222566 205464.8742093971 -0.01831792774693493 
570532.9153605012 208260.58233949076 -0.009546477430742144 
573667.7115987457 213769.4112711917 8.764917281707844e-05 
576802.5078369902 224109.70872268625 0.010318765530026187 
579937.3040752347 227442.68890420572 0.020226900250432986 
583072.1003134792 210464.48577682662 0.028824994911370565 
586206.8965517237 172771.503114092 0.035731966883938454 
589341.6927899682 127982.08351824101 0.04123814515362775 
592476.4890282127 90417.22366128024 0.04570765668157673 
595611.2852664572 61312.7930177549 0.04895772967030864 
598746.0815047018 29008.45604958904 0.050276611740244136 
601880.8777429463 -17152.15275904835 0.0490675773423205 
605015.6739811908 -73894.67956666407 0.045445647045901906 
608150.4702194353 -125715.52227789715 0.04016095206454894 
611285.2664576798 -159480.4866882077 0.033928038306603604 
614420.0626959243 -176631.46223299348 0.026861989572722726 
617554.8589341688 -190232.78588909796 0.018606809419974595 
620689.6551724133 -210027.8818691659 0.009011000089204973 
623824.4514106578 -231269.57524391406 -0.0013718566966129824 
626959.2476489024 -239099.1218416037 -0.011496816922624241 
630094.0438871469 -223883.94662790303 -0.020544691522747665 
633228.8401253914 -191394.48242388017 -0.028403133388477397 
636363.6363636359 -157123.55465302482 -0.03542082368452814 
639498.4326018804 -130715.48696440671 -0.04170771566975676 
642633.2288401249 -106852.14470904258 -0.04673011474616858 
645768.0250783694 -72132.69828603286 -0.049637242499218553 
648902.8213166139 -20654.510144507705 -0.049984575157165596 
652037.6175548584 38147.22463361507 -0.048099921931217975 
655172.413793103 87700.27005251382 -0.04471156728973625 
658307.2100313475 119971.55017166842 -0.04023092181719078 
661442.006269592 142202.24880855592 -0.03444213029783672 
664576.8025078365 167693.84518144766 -0.02691993069449928 
667711.598746081 200403.47250835702 -0.017728635306303774 
670846.3949843255 229601.24055956077 -0.007657525809825735 
673981.19122257 240244.84495811773 0.0022661975465443464 
677115.9874608145 228190.07225282898 0.011487689578290659 
680250.783699059 204267.80002283823 0.02012545062946125 
683385.5799373036 182959.91144799528 0.028466872040525695 
686520.3761755481 167586.00042724368 0.036303784744324386 
689655.1724137926 147559.2242427253 0.04282060780844296 
692789.9686520371 110559.11422876935 0.04716509525276458 
695924.7648902816 56774.84431999954 0.04911233285766971 
699059.5611285261 194.92868855806591 0.04913288771742461 
702194.3573667706 -44461.34147066197 0.04780037344944042 
705329.1536050151 -75486.62001314129 0.045165424022086495 
708463.9498432596 -104222.34540978087 0.040755073444155965 
711598.7460815042 -141428.07537124853 0.03419574086320182 
714733.5423197487 -184387.1904572429 0.025799650372174337 
717868.3385579932 -218364.3492904681 0.016490766205258217 
721003.1347962377 -230927.11521656954 0.007138711296310418 
724137.9310344822 -224113.30543389198 -0.0020105476010821035 
727272.7272727267 -211689.90333185182 -0.011222178334855748 
730407.5235109712 -204418.07316951663 -0.0206112136733937 
733542.3197492157 -198832.0084121436 -0.029642825544355707 
736677.1159874602 -181321.54682837485 -0.0373340013225437 
739811.9122257048 -143199.6757653233 -0.042958092480237915 
742946.7084639493 -90879.06905230452 -0.046523985271983266 
746081.5047021938 -40422.81430335444 -0.048537341576342236 
749216.3009404383 -2158.1102043249616 -0.04930424435365578 
752351.0971786828 28524.179392812206 -0.048515939313940104 
755485.8934169273 64580.64413275682 -0.045554623882359854 
758620.6896551718 111941.36832616749 -0.04019907880692943 
761755.4858934163 161585.84695007122 -0.03298593336254597 
764890.2821316608 197459.06871864435 -0.024842047899845746 
768025.0783699054 211956.31263579658 -0.01636734252005041 
771159.8746081499 212747.66307843523 -0.007512257625105951 
774294.6708463944 213819.22398419486 0.002023274799899759 
777429.4670846389 220193.75526060074 0.012102647255675544 
780564.2633228834 222419.08716425605 0.021914123844198958 
783699.0595611279 206620.60039859192 0.0304462585235448 
786833.8557993724 169535.624092722 0.037191556952801644 
789968.6520376169 122704.72204157973 0.04235243709023305 
793103.4482758614 81391.7002645377 0.04634597618667046 
796238.244514106 49849.245437690464 0.04913944854681054 
799373.0407523505 18370.850029528414 0.050123996054528816 
802507.836990595 -24838.64763673258 0.04866508605984475 
805642.6332288395 -79526.68590552367 0.044754120704417255 
808777.429467084 -131919.774516811 0.03907674545733184 
811912.2257053285 -167520.9181383723 0.03242414453671703 
815047.021943573 -184780.38916952274 0.025061505250087806 
818181.8181818175 -195329.0503797367 0.01670981518882671 
821316.614420062 -210591.87065210647 0.007149641422150622 
824451.4106583066 -228907.57758928672 -0.003200229452880128 
827586.2068965511 -236727.72673050532 -0.013351003706742784 
830721.0031347956 -222646.49493349064 -0.022401195726479882 
833855.7993730401 -189512.58450090064 -0.030106453268950506 
836990.5956112846 -151887.61602429888 -0.03677755451109974 
840125.3918495291 -121515.0058086709 -0.0426281277525952 
843260.1880877736 -96052.56810133085 -0.04727073423630804 
846394.9843260181 -62869.41697577243 -0.049901740118085965 
849529.7805642626 -13854.171007474542 -0.049988778604505096 
852664.5768025072 44398.61316770781 -0.04774388173984279 
855799.3730407517 95792.98066898444 -0.043888405999719646 
858934.1692789962 129912.58718481997 -0.038957805308829585 
862068.9655172407 151280.34081836438 -0.03287494754703264 
865203.7617554852 173032.13248542228 -0.025235062009840388 
868338.5579937297 201726.05347800234 -0.015994418870636264 
871473.3542319742 229315.1710954077 -0.005828345423651275 
874608.1504702187 240761.22255619228 0.004229619683749558 
877742.9467084632 229307.89439427684 0.01350112978863237 
880877.7429467078 203373.82592126803 0.02199324560635209 
884012.5391849523 177832.99606174076 0.030013397355476246 
887147.3354231968 158854.00253996399 0.03748892824286014 
890282.1316614413 138221.26976319 0.04372053528895619 
893416.9278996858 103070.32039591706 0.04784099160428791 
896551.7241379303 50750.515785165124 0.04950715341235208 
899686.5203761748 -6863.835118757317 0.04910614246895283 
902821.3166144193 -54197.82791975422 0.047265260111969964 
905956.1128526638 -86611.13735210744 0.04418449360450167 
909090.9090909084 -113523.99803754326 0.039493719961007964 
912225.7053291529 -146823.33503897843 0.03278175743240595 
915360.5015673974 -186811.8496511742 0.024235257761712255 
918495.2978056419 -220532.31703774128 0.014707762201439809 
921630.0940438864 -234272.86515178 0.005136448788484275 
924764.8902821309 -227141.23194891648 -0.004092016502626601 
927899.6865203754 -211470.34213735402 -0.013173441265276475 
931034.4827586199 -199658.20164339888 -0.02229716611613011 
934169.2789968645 -191292.74992198098 -0.031070551407369657 
937304.075235109 -174089.8741403999 -0.038576426633582454 
940438.8714733535 -137629.80760630348 -0.044016428537993556 
943573.667711598 -85411.69121717103 -0.04727595799713453 
946708.4639498425 -32512.933421110316 -0.04882752432799265 
949843.260188087 8728.275879249984 -0.04908291771880313 
952978.0564263315 40007.867808394454 -0.04788142264339316 
956112.852664576 73521.67485962328 -0.04465502720824755 
959247.6489028205 117394.90276237184 -0.03909665039459654 
962382.445141065 165467.02520971748 -0.03162585179254465 
965517.2413793096 202232.16258428144 -0.0231570713161557 
968652.0376175541 217790.8526393059 -0.014406397510488077 
971786.8338557986 217141.2045196157 -0.00545553827927182 
974921.6300940431 214089.35743924452 0.00398106739477206 
978056.4263322876 216223.17906587003 0.013880907294425373 
981191.2225705321 216770.80884365388 0.0235545304745516 
984326.0188087766 201904.22732079422 0.03199498400370799 
987460.8150470211 165792.8508201053 0.03858226035633698 
990595.6112852657 117556.3453744897 0.04341573858090555 
993730.4075235102 72811.50125743337 0.04693636439046479 
996865.2037617547 38056.304074982305 0.04927470883959536 
999999.9999999992 4975.534905346529 0.04998584880697794 
