#x u 
0.0 -110467.69143611554 -0.053828809154975926 
3134.796238244514 -39297.247851820845 -0.047442257972371886 
6269.592476489028 -66353.61732649912 -0.043793265824563006 
9404.38871473354 -89772.77665925522 -0.03840168250457338 
12539.184952978056 -109705.6870788915 -0.031524431596040355 
15673.98119122257 -125396.3711235288 -0.02342813586985839 
18808.777429467085 -136238.02118914147 -0.014425876593875777 
21943.5736677116 -141811.34892174107 -0.0048657689497877505 
25078.369905956115 -141900.83427423314 0.004882497782987762 
28213.16614420063 -136503.0054524206 0.014441957874400736 
31347.962382445145 -125826.58636880372 0.02344294680210625 
34482.75862068966 -110284.60697934576 0.03153740450159663 
37617.55485893417 -90478.7274176379 0.038412348407044626 
40752.35109717868 -67173.9612290198 0.04380188431807748 
43887.14733542319 -41261.09880412477 0.04749712211688265 
47021.943573667704 -13730.582837626993 0.04935463501872099 
50156.739811912215 14270.400615400777 0.049306378408968926 
53291.53605015673 41404.34120988357 0.04736589383735844 
56426.33228840124 66814.39045157675 0.04359939968290162 
59561.12852664575 91533.16976808474 0.03806017273332262 
62695.92476489026 116761.241280096 0.03086356859243031 
65830.72100313478 135483.5462956142 0.022564716232292635 
68965.51724137929 130209.77878724737 0.014253061810991638 
72100.3134796238 95320.36717874132 0.006516953149324629 
75235.10971786831 56466.86103388254 -0.0014584203458958274 
78369.90595611282 39839.54194700939 -0.010496284624030747 
81504.70219435733 37393.34376895128 -0.019848905526141027 
84639.49843260185 33501.14599283892 -0.028433969785283918 
87774.29467084636 28313.459802014695 -0.035919493197407046 
90909.09090909087 22030.892881983265 -0.04201601077344606 
94043.88714733538 14896.391926606564 -0.046487770342668266 
97178.68338557989 7185.847895985447 -0.049161849082775544 
100313.4796238244 -802.5726795483606 -0.04993484044079272 
103448.27586206891 -8759.95779114635 -0.04877685286169071 
106583.07210031342 -16378.595570511228 -0.04573266569401557 
109717.86833855794 -23363.87349957804 -0.040919997573684495 
112852.66457680245 -29445.67106866013 -0.034524954247500045 
115987.46081504696 -34388.8053292995 -0.02679483186892585 
119122.25705329147 -38002.12541255416 -0.018028554062481758 
122257.05329153598 -40145.90432796633 -0.008565112555221495 
125391.84952978049 -40737.242202521826 0.0012295416242370106 
128526.645768025 -39753.27201651287 0.010976649462148096 
131661.44200626953 -37232.04387057354 0.020299290560515267 
134796.23824451404 -33271.05358931294 0.02883695863874648 
137931.03448275855 -28023.47256039764 0.03625950230183071 
141065.83072100306 -21692.224601110647 0.04227989198590546 
144200.62695924757 -14522.138899793616 0.04666531938377325 
147335.42319749208 -6790.482477715166 0.04924620013588082 
150470.2194357366 1203.7617191831932 0.049922731652942864 
153605.0156739811 9151.456482769223 0.04866875247938628 
156739.81191222562 16745.264670245917 0.04553275395613354 
159874.60815047013 23691.533923196228 0.04063600506175316 
163009.40438871464 29721.652196392126 0.03416786294431939 
166144.20062695915 34602.43497835606 0.026378450485587842 
169278.99686520366 38145.142530151206 0.01756898405588374 
172413.79310344817 40212.778446011886 0.008080125485160987 
175548.58934169268 40725.38730066898 -0.0017211913208018703 
178683.3855799372 39663.14652349785 -0.011455949704671403 
181818.1818181817 37067.13293678788 -0.020747706821506805 
184952.97805642622 33037.73431613177 -0.02923715067345141 
188087.77429467073 27730.767397841177 -0.03659599469502797 
191222.57053291524 21351.452449943434 -0.042539672585798285 
194357.36677115975 14146.477409938467 -0.04683834248154921 
197492.16300940426 6394.458468883426 -0.04932577493300135 
200626.95924764877 -1604.8340092181252 -0.049905780994143105 
203761.75548589329 -9542.067599337737 -0.04855593184618617 
206896.5517241378 -17110.30969197258 -0.04532842611938526 
210031.3479623823 -24016.896568907658 -0.040348071373409476 
213166.14420062682 -29994.750701327197 -0.03380745779236614 
216300.94043887133 -34812.708630671346 -0.025959510727559885 
219435.73667711584 -38284.46005336693 -0.017107710080958936 
222570.53291536035 -40275.75243525155 -0.007594354745546254 
225705.32915360486 -40709.582553462824 0.0022126740836677914 
228840.12539184937 -39569.174208994315 0.011934138865564261 
231974.9216300939 -36898.626961862145 0.02119411081843319 
235109.7178683384 -32801.210802302085 0.029634507075853817 
238244.5141065829 -27435.372703027737 0.03692893774151026 
241379.31034482742 -21008.609479052873 0.042795327377705625 
244514.10658307193 -13769.443891435847 0.047006822854952945 
247648.90282131644 -5997.814278791131 0.049400565756392394 
250783.69905956095 2005.750650736487 0.049883990108391965 
253918.49529780546 9931.75325653312 0.048438401904258986 
257053.29153604998 17473.69523096009 0.04511970200097595 
260188.0877742945 24339.929880666372 0.04005622443456445 
263322.884012539 30264.940096377366 0.03344377374636289 
266457.6802507835 35019.60589237252 0.02553805322667809 
269592.476489028 38420.064470172336 0.016644776875424882 
272727.27272727253 40334.820188009384 0.007107847449969827 
275862.06896551704 40689.82949376124 -0.0027039422452486217 
278996.86520376155 39471.364187121246 -0.012411170566551156 
282131.66144200607 36726.542288733035 -0.021638459255776177 
285266.4576802506 32561.50598760057 -0.030028989307429133 
288401.2539184951 27137.317125493224 -0.0372582991500303 
291536.0501567396 20663.72893985374 -0.04304683156635939 
294670.8463949841 13391.074911747957 -0.04717074416352803 
297805.6426332286 5600.5883768849235 -0.04947056535229391 
300940.43887147313 -2406.472759913928 -0.04985736110912873 
304075.23510971764 -10320.475659796524 -0.04831617405251641 
307210.03134796215 -17835.38604342725 -0.044906601844494326 
310344.82758620667 -24660.602528345393 -0.0397604925506647 
313479.6238244512 -30532.19417660497 -0.03307684607904336 
316614.4200626957 -35223.106697052775 -0.025114118858967478 
319749.2163009402 -38551.94262865919 -0.016180229337923083 
322884.0125391847 -40389.97597546037 -0.006620650783460581 
326018.8087774292 -40666.13003735998 0.003194948158771888 
329153.60501567373 -39369.725944209466 0.012886998541615406 
332288.40125391824 -36550.89560743104 0.02208070903738046 
335423.19749216276 -32318.643120351626 0.030420559108410728 
338557.99373040727 -26836.62957284259 0.03758404697671447 
341692.7899686518 -20316.844281376587 0.04329416075904745 
344827.5862068963 -13011.407167860423 0.04733009050898927 
347962.3824451408 -5202.819289034564 0.04953576693163416 
351097.1786833853 2806.9614717964414 0.049825896579028105 
354231.9749216298 10708.197107991102 0.048189260145507826 
357366.77115987433 18195.34704995826 0.04468914631794913 
360501.56739811884 24978.883410769282 0.039460904403947145 
363636.36363636336 30796.48702175697 0.03270671037773116 
366771.15987460787 35423.19130771735 0.02468774874067762 
369905.9561128524 38680.08173832201 0.015714112523664968 
373040.7523510969 40441.214448197105 0.006132811997907911 
376175.5485893414 40638.4864828072 -0.0036856442028995783 
379310.3448275859 39264.26933787868 -0.013361576641486343 
382445.1410658304 36371.70395345357 -0.02252081727063388 
385579.93730407493 32072.645755167527 -0.03080917850150106 
388714.73354231945 26533.33920794874 -0.03790614962816062 
391849.52978056396 19967.989147027736 -0.043537290967979196 
394984.32601880847 12630.47748272321 -0.047484846436764934 
398119.122257053 4804.545593789113 -0.049596164170687934 
401253.9184952975 -3207.1779440639766 -0.04978959956974984 
404388.714733542 -11094.879997060714 -0.04805767249227031 
407523.5109717865 -18553.54333890682 -0.044467356511764755 
410658.307210031 -25294.741658734507 -0.039157489050657204 
413793.10344827553 -31057.792998783814 -0.032333402540888706 
416927.89968652005 -35619.840318700386 -0.02425898422429527 
420062.69592476456 -38804.46937129492 -0.015246471640061918 
423197.49216300907 -40488.53063673712 -0.00564437840747837 
426332.2884012536 -40606.901511175674 0.004175982786347504 
429467.0846394981 -39155.004596079234 0.013834858838115688 
432601.8808777426 -36188.98470611297 0.02295874127062727 
435736.6771159871 -31823.53775066763 0.03119480979555429 
438871.4733542316 -26227.475446125507 0.03822457586450219 
442006.26959247614 -19617.197371326445 0.043776198612612116 
445141.06583072065 -12248.32280167767 0.04763499693749537 
448275.86206896516 -4405.805918639016 0.04965175121169014 
451410.65830720967 3607.0833608032335 0.04974847360164295 
454545.4545454542 11480.486823675084 0.047921423855135176 
457680.2507836987 18909.940169781417 0.044241253936735676 
460815.0470219432 25608.14663800165 0.03885027591823077 
463949.8432601877 31316.086764323 0.031956958774635016 
467084.6394984322 35813.034657544486 0.023827866894532927 
470219.43573667674 38925.09346355594 0.014777352042340262 
473354.23197492125 40531.91995201001 0.005155397384026927 
476489.02821316576 40571.37818580505 -0.0046659163525003345 
479623.82445141027 39041.942316101165 -0.014306799229140884 
482758.6206896548 36002.755586855375 -0.023394438564294198 
485893.4169278993 31571.34326716495 -0.03157741558923258 
489028.2131661438 25919.067952273297 -0.03853929480243839 
492163.0094043883 19264.502976619784 -0.04401086052193885 
495297.8056426328 11864.980188874193 -0.04778052744848896 
498432.60188087734 4006.6389362680675 -0.049702522663403734 
501567.39811912185 -4006.6389362660666 -0.049702522663404004 
504702.19435736636 -11864.980188871014 -0.047780527448489804 
507836.99059561087 -19264.50297661731 -0.044010860521940205 
510971.7868338554 -25919.067952272206 -0.03853929480244015 
514106.5830720999 -31571.343267165066 -0.03157741558923472 
517241.3793103444 -36002.75558685596 -0.023394438564296648 
520376.1755485889 -39041.94231610172 -0.01430679922914355 
523510.9717868334 -40571.37818580386 -0.004665916352503096 
526645.768025078 -40531.91995200835 0.005155397384024162 
529780.5642633225 -38925.09346355527 0.014777352042337624 
532915.360501567 -35813.03465754565 0.023827866894530474 
536050.1567398115 -31316.086764325533 0.03195695877463288 
539184.952978056 -25608.14663800478 0.038850275918229024 
542319.7492163006 -18909.940169784357 0.04424125393673436 
545454.5454545451 -11480.486823677791 0.0479214238551344 
548589.3416927896 -3607.0833608050816 0.04974847360164271 
551724.1379310341 4405.805918636634 0.04965175121169045 
554858.9341692786 12248.322801675298 0.04763499693749622 
557993.7304075231 19617.197371324713 0.043776198612613504 
561128.5266457676 26227.47544612302 0.038224575864504055 
564263.3228840121 31823.537750664866 0.03119480979555656 
567398.1191222566 36188.98470610991 0.022958741270629794 
570532.9153605012 39155.00459607571 0.013834858838118406 
573667.7115987457 40606.90151117329 0.004175982786350362 
576802.5078369902 40488.53063673622 -0.005644378407475486 
579937.3040752347 38804.469371294836 -0.015246471640059127 
583072.1003134792 35619.840318701084 -0.02425898422429272 
586206.8965517237 31057.79299878498 -0.03233340254088652 
589341.6927899682 25294.74165873589 -0.039157489050655456 
592476.4890282127 18553.54333890813 -0.044467356511763485 
595611.2852664572 11094.879997062242 -0.04805767249226958 
598746.0815047018 3207.1779440663086 -0.04978959956974963 
601880.8777429463 -4804.5455937871775 -0.04959616417068825 
605015.6739811908 -12630.477482721653 -0.04748484643676576 
608150.4702194353 -19967.98914702679 -0.04353729096798054 
611285.2664576798 -26533.339207946818 -0.03790614962816241 
614420.0626959243 -32072.645755165227 -0.030809178501503196 
617554.8589341688 -36371.703953451884 -0.022520817270636397 
620689.6551724133 -39264.26933787792 -0.013361576641489112 
623824.4514106578 -40638.48648280781 -0.0036856442029024362 
626959.2476489024 -40441.21444819894 0.006132811997905128 
630094.0438871469 -38680.08173832431 0.01571411252366234 
633228.8401253914 -35423.19130771875 0.02468774874067524 
636363.6363636359 -30796.48702175764 0.0327067103777291 
639498.4326018804 -24978.883410771086 0.039460904403945424 
642633.2288401249 -18195.347049960197 0.04468914631794786 
645768.0250783694 -10708.19710799343 0.048189260145507076 
648902.8213166139 -2806.9614717982295 0.04982589657902788 
652037.6175548584 5202.81928903237 0.049535766931634494 
655172.413793103 13011.407167858248 0.04733009050899015 
658307.2100313475 20316.844281373866 0.04329416075904882 
661442.006269592 26836.629572840466 0.03758404697671635 
664576.8025078365 32318.64312034982 0.03042055910841302 
667711.598746081 36550.89560742988 0.022080709037382986 
670846.3949843255 39369.725944208854 0.012886998541618046 
673981.19122257 40666.130037360126 0.0031949481587745777 
677115.9874608145 40389.9759754609 -0.00662065078345789 
680250.783699059 38551.94262865983 -0.016180229337920456 
683385.5799373036 35223.10669705336 -0.02511411885896503 
686520.3761755481 30532.194176606397 -0.03307684607904122 
689655.1724137926 24660.602528347066 -0.039760492550663 
692789.9686520371 17835.38604342955 -0.04490660184449307 
695924.7648902816 10320.475659798314 -0.04831617405251573 
699059.5611285261 2406.4727599158723 -0.04985736110912858 
702194.3573667706 -5600.58837688297 -0.04947056535229431 
705329.1536050151 -13391.074911745542 -0.04717074416352892 
708463.9498432596 -20663.728939851295 -0.04304683156636083 
711598.7460815042 -27137.31712549139 -0.037258299150032176 
714733.5423197487 -32561.505987599376 -0.0300289893074313 
717868.3385579932 -36726.54228873251 -0.02163845925577863 
721003.1347962377 -39471.36418712052 -0.012411170566553843 
724137.9310344822 -40689.82949376051 -0.002703942245251427 
727272.7272727267 -40334.8201880088 0.007107847449967009 
730407.5235109712 -38420.064470172685 0.016644776875422197 
733542.3197492157 -35019.605892374006 0.025538053226675655 
736677.1159874602 -30264.940096378472 0.033443773746360844 
739811.9122257048 -24339.92988066806 0.040056224434562825 
742946.7084639493 -17473.695230962505 0.04511970200097477 
746081.5047021938 -9931.753256535274 0.048438401904258306 
749216.3009404383 -2005.7506507386406 0.04988399010839185 
752351.0971786828 5997.814278788508 0.04940056575639282 
755485.8934169273 13769.443891433693 0.047006822854953896 
758620.6896551718 21008.609479051447 0.04279532737770703 
761755.4858934163 27435.372703026515 0.03692893774151207 
764890.2821316608 32801.21080230124 0.029634507075856055 
768025.0783699054 36898.62696186031 0.02119411081843577 
771159.8746081499 39569.17420899292 0.01193413886556704 
774294.6708463944 40709.58255346227 0.0022126740836706563 
777429.4670846389 40275.75243525219 -0.007594354745543446 
780564.2633228834 38284.46005336786 -0.017107710080956358 
783699.0595611279 34812.708630672685 -0.02595951072755756 
786833.8557993724 29994.750701328594 -0.0338074577923641 
789968.6520376169 24016.896568909346 -0.040348071373407825 
793103.4482758614 17110.309691974704 -0.04532842611938405 
796238.244514106 9542.067599339789 -0.0485559318461855 
799373.0407523505 1604.834009220891 -0.04990578099414295 
802507.836990595 -6394.45846888181 -0.04932577493300178 
805642.6332288395 -14146.477409936313 -0.04683834248155018 
808777.429467084 -21351.45244994173 -0.04253967258579977 
811912.2257053285 -27730.767397839314 -0.036595994695029915 
815047.021943573 -33037.73431613107 -0.02923715067345371 
818181.8181818175 -37067.132936788665 -0.020747706821509358 
821316.614420062 -39663.14652349925 -0.011455949704674112 
824451.4106583066 -40725.38730067015 -0.0017211913208046415 
827586.2068965511 -40212.77844601218 0.00808012548515824 
830721.0031347956 -38145.142530151876 0.017568984055881098 
833855.7993730401 -34602.43497835781 0.026378450485585413 
836990.5956112846 -29721.652196394192 0.034167862944317305 
840125.3918495291 -23691.533923199313 0.04063600506175149 
843260.1880877736 -16745.264670248318 0.04553275395613238 
846394.9843260181 -9151.456482771486 0.04866875247938565 
849529.7805642626 -1203.7617191849777 0.04992273165294279 
852664.5768025072 6790.482477713034 0.049246200135881324 
855799.3730407517 14522.138899791767 0.0466653193837743 
858934.1692789962 21692.224601109425 0.04227989198590699 
862068.9655172407 28023.47256039732 0.03625950230183266 
865203.7617554852 33271.05358931303 0.02883695863874879 
868338.5579937297 37232.04387057354 0.02029929056051785 
871473.3542319742 39753.27201651287 0.01097664946215084 
874608.1504702187 40737.24220252223 0.0012295416242398343 
877742.9467084632 40145.90432796703 -0.00856511255521868 
880877.7429467078 38002.12541255588 -0.01802855406247909 
884012.5391849523 34388.80532930116 -0.026794831868923508 
887147.3354231968 29445.67106866205 -0.03452495424749805 
890282.1316614413 23363.87349957977 -0.0409199975736829 
893416.9278996858 16378.595570513542 -0.04573266569401445 
896551.7241379303 8759.957791148314 -0.04877685286169009 
899686.5203761748 802.5726795516416 -0.049934840440792674 
902821.3166144193 -7185.847895982704 -0.049161849082776016 
905956.1128526638 -14896.391926604803 -0.04648777034266928 
909090.9090909084 -22030.892881981606 -0.042016010773447555 
912225.7053291529 -28313.459802014084 -0.035919493197409016 
915360.5015673974 -33501.14599283875 -0.02843396978528629 
918495.2978056419 -37393.34376895186 -0.019848905526143705 
921630.0940438864 -39839.541947010264 -0.01049628462403363 
924764.8902821309 -41148.267004750145 -0.0007562508230897739 
927899.6865203754 -24958.77470666499 0.009742168578116025 
931034.4827586199 33988.129708052584 0.02177952062536185 
934169.2789968645 115231.50461796732 0.03405692415464908 
937304.075235109 146434.40451141598 0.04292785860881881 
940438.8714733535 85748.00134961493 0.04618633856094078 
943573.667711598 -16066.055731737279 0.04592558796792255 
946708.4639498425 -62856.55292193942 0.04638257322500914 
949843.260188087 -16268.651867184613 0.04921478311469793 
952978.0564263315 62556.5233458648 0.05159270512373017 
956112.852664576 77777.4246566394 0.049170947472515714 
959247.6489028205 377.6505031840352 0.040740093298710374 
962382.445141065 -100830.95088209846 0.02964314770462082 
965517.2413793096 -131143.948183448 0.020470868431206435 
968652.0376175541 -69090.12319095433 0.014508407987465336 
971786.8338557986 11449.406049910132 0.008709785192563279 
974921.6300940431 19304.28752592503 -0.0007370491913944361 
978056.4263322876 -57882.714294893056 -0.014019290794672925 
981191.2225705321 -140559.65422985397 -0.02711365271637283 
984326.0188087766 -140891.1684449638 -0.03563415153799971 
987460.8150470211 -55133.386193652754 -0.03908027341395716 
990595.6112852657 32356.35864340358 -0.04103360930428153 
993730.4075235102 37593.51527179485 -0.04510983119256017 
996865.2037617547 -34087.63606131374 -0.050983096114337836 
999999.9999999992 -110467.69143617354 -0.05382880915497858 
