#x u 
0.0 -196361.4280734907 0.012643111729814402 
3134.796238244514 -290151.98041126 0.016716669696615248 
6269.592476489028 -477821.3378325096 0.015326296457977007 
9404.38871473354 -644776.115596727 0.013445805805428823 
12539.184952978056 -786844.9022084927 0.01104318964992085 
15673.98119122257 -898485.3687871074 0.008213581723243544 
18808.777429467085 -975381.452368236 0.005066353801299921 
21943.5736677116 -1014559.5610682017 0.0017232101299367334 
25078.369905956115 -1014504.678823469 -0.0016865700308486896 
28213.16614420063 -975218.9279284178 -0.005031130573901223 
31347.962382445145 -898221.4873135807 -0.008181137432945483 
34482.75862068966 -786489.8459371151 -0.011014779927445002 
37617.55485893417 -644344.6633666325 -0.013422481178332868 
40752.35109717868 -477282.68998991186 -0.015311135442979358 
43887.14733542319 -291764.2078252067 -0.016607708511755623 
47021.943573667704 -94963.2115893146 -0.01726206193895638 
50156.739811912215 105510.00948521683 -0.01724889189514712 
53291.53605015673 301903.16133007355 -0.016568707665567735 
56426.33228840124 486621.72604434163 -0.015247811956086245 
59561.12852664575 652522.6416975224 -0.01333728376826997 
62695.92476489026 793190.5243423127 -0.010911003175768468 
65830.72100313478 903185.7507393351 -0.008062794383852146 
68965.51724137929 978254.8084415424 -0.004902797549917327 
72100.3134796238 1015494.7790061635 -0.0015532096665612995 
75235.10971786831 1013465.593772831 0.0018564407928355012 
78369.90595611282 972245.7212799548 0.0051943027366922415 
81504.70219435733 893429.1328884498 0.00833130113339364 
84639.49843260185 780063.6639520716 0.011146128339291772 
87774.29467084636 636533.1541062411 0.013529935062024103 
90909.09090909087 468387.92430722294 0.015390539559722036 
94043.88714733538 282130.14606999396 0.016655992306490487 
97178.68338557989 84962.4026705955 0.017277358278639396 
100313.4796238244 -115490.83455547217 0.017230609270733978 
103448.27586206891 -311478.04431477893 0.016517553065652914 
106583.07210031342 -495420.40647594305 0.015165763527672897 
109717.86833855794 -660204.8748403226 0.01322751432187859 
112852.66457680245 -799459.238447251 0.010777757492939405 
115987.46081504696 -907798.5348005365 0.0079112250715575 
119122.25705329147 -981033.2862233951 0.004738765789387849 
122257.05329153598 -1016331.5068475561 0.0013830585615659675 
125391.84952978049 -1012328.215430637 -0.0020261315036418396 
128526.645768025 -969178.2191440831 -0.0053569711180856214 
131661.44200626953 -888550.1271840109 -0.008480656803439686 
134796.23824451404 -773561.825698461 -0.011276395718245937 
137931.03448275855 -628659.9092138945 -0.013636076713845008 
141065.83072100306 -459447.7309444194 -0.01546845098958789 
144200.62695924757 -272468.7212736743 -0.016702660681503348 
147335.42319749208 -74953.35347784212 -0.01729097893399241 
150470.2194357366 125460.45848151491 -0.01721065549605092 
153605.0156739811 321022.71788496856 -0.01646479647286425 
156739.81191222562 504171.03741997195 -0.015082244212803159 
159874.60815047013 667823.0764948864 -0.013116461974588 
163009.40438871464 805650.4151592175 -0.01064346650451148 
166144.20062695915 912323.273932933 -0.007758888470903721 
169278.99686520366 983716.6162356401 -0.004574274428759281 
172413.79310344817 1017069.6634402291 -0.0012127733174549908 
175548.58934169268 1011092.654108148 0.002195625705424361 
178683.3855799372 966016.7190295485 0.00551911994131437 
181818.1818181817 883584.9434018483 0.008629189957480507 
184952.97805642622 766984.9617720158 0.01140556943002606 
188087.77429467073 620725.692294353 0.013740895839403348 
191222.57053291524 450462.97698671324 0.01554486217615765 
194357.36677115975 262780.87047175167 0.016747709110554534 
197492.16300940426 64937.03476171137 0.017302922583984942 
200626.95924764877 -135417.91433643535 0.01718903250636073 
203761.75548589329 -330536.2563285214 0.016410443003921207 
206896.5517241378 -512872.7701763605 0.01499726211178978 
210031.3479623823 -675376.5077924072 0.013004137497065353 
213166.14420062682 -811763.4540127032 0.010508143235005027 
216300.94043887133 -916759.5292942962 0.0076057993566064725 
219435.73667711584 -986304.5382293458 0.0044093394216046 
222570.53291536035 -1017709.177192369 0.0010423704497345126 
225705.32915360486 -1009759.0296391228 -0.002364906959397908 
228840.12539184937 -962761.527561715 -0.005680733480001739 
231974.9216300939 -878534.0631017373 -0.008776886189686379 
235109.7178683384 -760333.7100450165 -0.011533636946422522 
238244.5141065829 -612731.2728658991 -0.01384438227257502 
241379.31034482742 -441434.5338411364 -0.015619765708516491 
244514.10658307193 -253067.53326272097 -0.016791133224518362 
247648.90282131644 -54914.41797791239 -0.01731318807023442 
250783.69905956095 145362.23637347747 -0.017165742398818636 
253918.49529780546 340017.7369530325 -0.016354497930419924 
257053.29153604998 521524.76078754367 -0.014910825466817268 
260188.0877742945 682864.4361459756 -0.012890551783358423 
263322.884012539 817797.7621205717 -0.010371800809058467 
266457.6802507835 921106.8706241935 -0.0074519725763654695 
269592.476489028 988796.8012089434 -0.004243976764524755 
272727.27272727253 1018249.9860792614 -0.0008718664853185401 
275862.06896551704 1008327.4713681964 0.002533958847430828 
278996.86520376155 959412.9604528123 0.005841796059687099 
282131.66144200607 873397.9761549182 0.008923731175398655 
285266.4576802506 753608.7156044065 0.011660585846512802 
288401.2539184951 604677.4262856856 0.013946525976490418 
291536.0501567396 432363.27715201123 0.015693154321973175 
294670.8463949841 243329.6517169303 0.016832928811807372 
297805.6426332286 44886.4751929845 0.017321774397119155 
300940.43887147313 -155292.46011969622 0.01714078743226935 
304075.23510971764 -349466.2401752955 0.016296966678322054 
307210.03134796215 -530126.170120312 0.01482294266114246 
310344.82758620667 -690286.1353216401 0.01277571584983901 
313479.6238244512 -823752.7542315748 0.010234452450155702 
316614.4200626957 -925364.87628573 0.007297423049424901 
319749.2163009402 -991193.1634565773 0.004078202495597386 
322884.0125391847 -1018692.0378142265 0.0007012779533669992 
326018.8087774292 -1006798.1152873639 -0.002702764842954601 
329153.60501567373 -955971.2207933037 -0.006002286481901863 
332288.40125391824 -868175.5066832396 -0.009069633939552242 
335423.19749216276 -746796.6829580112 -0.011785764485576968 
338557.99373040727 -596482.1630697146 -0.014043523028164442 
341692.7899686518 -422872.634742435 -0.015747719358447987 
344827.5862068963 -232186.38132767324 -0.016809753754523593 
347962.3824451408 -30679.340310700918 -0.017137315618490873 
351097.1786833853 175808.93342583947 -0.01662823003532863 
354231.9749216298 381773.40510684764 -0.01518851213069143 
357366.77115987433 580993.6392077258 -0.012793885362950464 
360501.56739811884 764728.3043441443 -0.009584506080873927 
363636.36363636336 920514.9394483321 -0.005930054062517826 
366771.15987460787 1033570.0335249056 -0.0023733507915068546 
369905.9561128524 1091599.1977886076 0.0005849143712678951 
373040.7523510969 1090846.828519295 0.0027610562821075604 
376175.5485893414 1038776.8001306314 0.0044117170181458155 
379310.3448275859 949972.9584922874 0.006049259512615599 
382445.1410658304 837039.6157958586 0.00803070437015253 
385579.93730407493 703376.7705172988 0.010235098092073784 
388714.73354231945 544270.7036206692 0.012124207441088764 
391849.52978056396 355855.10663028044 0.013165735370683981 
394984.32601880847 144007.73998510055 0.013254854329091039 
398119.122257053 -75249.92776958995 0.01274699707678278 
401253.9184952975 -284463.2326184207 0.012073240767992226 
404388.714733542 -474311.66905875475 0.011316030607825586 
407523.5109717865 -644871.574107214 0.010164634137144572 
410658.307210031 -797744.2925050615 0.008287848947739734 
413793.10344827553 -927490.6420276122 0.005736596453201119 
416927.89968652005 -1021458.985500289 0.0029594747350331304 
420062.69592476456 -1068337.3297919484 0.00041582807174854615 
423197.49216300907 -1066643.0752160787 -0.001811115701180296 
426332.2884012536 -1024403.9712892695 -0.004000211374151122 
429467.0846394981 -950464.321016286 -0.006397338762759591 
432601.8808777426 -846566.3431875934 -0.008858599106151659 
435736.6771159871 -708467.1340141535 -0.010910166768967756 
438871.4733542316 -534792.8206932927 -0.012164945602912529 
442006.26959247614 -334148.1142282471 -0.012660988432260769 
445141.06583072065 -122791.47336325001 -0.01276871257841064 
448275.86206896516 84933.18842595723 -0.012766805862196903 
451410.65830720967 283636.25412583863 -0.012534188776553112 
454545.4545454542 474306.1856298374 -0.011682337914794177 
457680.2507836987 655150.6863482597 -0.009988378351403426 
460815.0470219432 815801.4491823405 -0.007672520310459877 
463949.8432601877 941269.1963107951 -0.005226631887237295 
467084.6394984322 1021753.4452504553 -0.002972130298107472 
470219.43573667674 1058220.921521918 -0.0008092227145829355 
473354.23197492125 1058073.9916871705 0.0015823991323210586 
476489.02821316576 1025597.2748865942 0.004306388050676824 
479623.82445141027 957297.0216875271 0.007039695533333591 
482758.6206896548 847035.3156284268 0.009274211337587155 
485893.4169278993 695498.8869817868 0.010759561264891509 
489028.2131661438 513929.2370006132 0.011684986798626942 
492163.0094043883 318024.54687373346 0.012412430563468838 
495297.8056426328 118209.10754723274 0.013044338511087222 
498432.60188087734 -83760.30579087207 0.013282619770601072 
501567.39811912185 -288580.4539993649 0.012728122477452811 
504702.19435736636 -490430.37223722815 0.011306056168141386 
507836.99059561087 -674993.9550275136 0.009369842044625772 
510971.7868338554 -826863.5011009725 0.007373460444509445 
514106.5830720999 -938830.9295709397 0.005455318031298253 
517241.3793103444 -1013565.3952186669 0.0033687741797888858 
520376.1755485889 -1056146.9542798076 0.0008291871534388349 
523510.9717868334 -1065491.253726872 -0.0020910106828329763 
526645.768025078 -1033805.512868017 -0.004938255187567333 
529780.5642633225 -954707.4066935678 -0.007253727855841784 
532915.360501567 -831469.2014935235 -0.008957677799066463 
536050.1567398115 -676661.3305565821 -0.010341968307245843 
539184.952978056 -503456.5367403799 -0.011682473897641562 
542319.7492163006 -317566.55975462036 -0.012882157552963784 
545454.5454545451 -118063.49777904604 -0.0135225963493847 
548589.3416927896 94047.46583429277 -0.01327147081839469 
551724.1379310341 308814.6974387066 -0.012218675001898162 
554858.9341692786 509569.70829668455 -0.010788284201376196 
557993.7304075231 682368.1099431595 -0.009318953027755197 
561128.5266457676 823025.0937018698 -0.0077530375254229586 
564263.3228840121 934645.8571833351 -0.0057594142911162015 
567398.1191222566 1018518.9579607499 -0.00315819314233239 
570532.9153605012 1068176.5277391316 -0.00019772343394701365 
573667.7115987457 1073041.461651756 0.0026105548574973285 
576802.5078369902 1027942.840787982 0.004929234912512794 
579937.3040752347 938551.5791254985 0.006848391073868923 
583072.1003134792 817020.0000956138 0.008693188027030221 
586206.8965517237 672354.6017301849 0.010591925564875537 
589341.6927899682 505538.93035201874 0.012261557038610711 
592476.4890282127 314375.3650837258 0.013238043293733513 
595611.2852664572 102723.79490043197 0.013311627241627605 
598746.0815047018 -115896.02755277058 0.012713674217525691 
601880.8777429463 -324505.3169997326 0.011864148962401604 
605015.6739811908 -512494.07208835357 0.010947619546133484 
608150.4702194353 -678942.0397709627 0.009757872204366384 
611285.2664576798 -825993.478696099 0.0079610940680113 
614420.0626959243 -949326.5287657485 0.005488624764521129 
617554.8589341688 -1036077.0484591332 0.0026473590063181584 
620689.6551724133 -1073091.0951727903 -0.00014934588623026143 
623824.4514106578 -1057657.8148892082 -0.00272032534195552 
626959.2476489024 -999983.631108097 -0.005152987202487714 
630094.0438871469 -914725.4606377103 -0.007509977768756491 
633228.8401253914 -809743.8220837502 -0.009552719413465343 
636363.6363636359 -682794.6474133297 -0.01082388836857454 
639498.4326018804 -528632.2531962584 -0.011045447785869817 
642633.2288401249 -348574.19529448 -0.010430198014779261 
645768.0250783694 -152707.4519672692 -0.009560662392975523 
648902.8213166139 46790.37690022538 -0.008916461086192625 
652037.6175548584 243313.31732895714 -0.008494777212111957 
655172.413793103 435980.1301343292 -0.007888849147650409 
658307.2100313475 622382.5085188299 -0.006738639001998181 
661442.006269592 792365.3133914536 -0.005101368261820375 
664576.8025078365 930330.9870079617 -0.0033810114261226256 
667711.598746081 1024383.4233876193 -0.0019107964482334597 
670846.3949843255 1073102.928301665 -0.0006334086957023104 
673981.19122257 1082983.4497923697 0.0007893834303375053 
677115.9874608145 1059262.3207779434 0.0025609269116279067 
680250.783699059 999779.9572911179 0.0044718016025237055 
683385.5799373036 898296.4050394471 0.006056665868834254 
686520.3761755481 753712.6874774736 0.007023975029268614 
689655.1724137926 575391.3414342671 0.007509199716326052 
692789.9686520371 378823.6515466367 0.007887579202547132 
695924.7648902816 175991.47166552924 0.008345277692226184 
699059.5611285261 -29698.12340578315 0.008661239667557082 
702194.3573667706 -238874.85897707666 0.008429787925440534 
705329.1536050151 -447154.7199791877 0.007490051087777871 
708463.9498432596 -641418.277948726 0.006110548381042479 
711598.7460815042 -805648.731091551 0.0047344582811479265 
714733.5423197487 -930493.8212986767 0.0035525747574301934 
717868.3385579932 -1016778.8634712702 0.002351477283469709 
721003.1347962377 -1069526.2758689418 0.000794452028400315 
724137.9310344822 -1088972.3543669567 -0.0011626192395997863 
727272.7272727267 -1068169.7424858923 -0.0031600746242705507 
730407.5235109712 -999774.5919660499 -0.00474717373434647 
733542.3197492157 -884897.4698324978 -0.005792215967712044 
736677.1159874602 -734668.6860129192 -0.006561352957833884 
739811.9122257048 -562771.6839413 -0.007385773058363541 
742946.7084639493 -376635.7371575733 -0.008269442035083027 
746081.5047021938 -176331.49110061256 -0.00885149256830687 
749216.3009404383 37934.07983425424 -0.008763855995961868 
752351.0971786828 257900.53323218954 -0.008008766044694518 
755485.8934169273 467552.09019113466 -0.006959648774841171 
758620.6896551718 651636.4368435052 -0.00598458837801049 
761755.4858934163 803765.28412335 -0.005087817520624949 
764890.2821316608 925888.3154374337 -0.003944990230794087 
768025.0783699054 1019979.2677813835 -0.0022933595889659043 
771159.8746081499 1080921.2368883616 -0.0002645610456817806 
774294.6708463944 1098264.318455305 0.0016919742593303523 
777429.4670846389 1065142.026528858 0.0032165844226820428 
780564.2633228834 985048.6365540461 0.004351771744154093 
783699.0595611279 869371.4594699972 0.005433637974686426 
786833.8557993724 728231.6445274095 0.006679235001381172 
789968.6520376169 564157.4662069458 0.007906109492090103 
793103.4482758614 375072.11133526196 0.008680793206273275 
796238.244514106 163230.62306672128 0.008741533151796115 
799373.0407523505 -59553.77359497831 0.00825197360815333 
802507.836990595 -276179.26003514306 0.007620059245790489 
805642.6332288395 -473841.4850581635 0.00707317039335361 
808777.429467084 -649180.0895234629 0.0064361215294274545 
811912.2257053285 -803900.046697695 0.00534459988837567 
815047.021943573 -935782.9685756331 0.003668252567721765 
818181.8181818175 -1034818.7322034665 0.0016969769153785566 
821316.614420062 -1088760.2394928862 -0.00010716397401846025 
824451.4106583066 -1092447.8912075139 -0.001533513398557102 
827586.2068965511 -1051236.506252658 -0.0027789037121795815 
830721.0031347956 -975003.3758971925 -0.004174879301572246 
833855.7993730401 -869056.51705252 -0.005775638704348039 
836990.5956112846 -731452.5576986817 -0.007242405410558598 
840125.3918495291 -559427.3615157651 -0.008147848842292119 
843260.1880877736 -358003.66755694826 -0.008382264296121288 
846394.9843260181 -141505.31795511566 -0.008236127000655737 
849529.7805642626 73871.73707353167 -0.008073720842179154 
852664.5768025072 278911.2693765083 -0.00794201177634467 
855799.3730407517 472661.4293316793 -0.007526282090908765 
858934.1692789962 655131.7909392657 -0.006498738575602284 
862068.9655172407 819406.5480735648 -0.004892684459255653 
865203.7617554852 951769.5322224922 -0.0031077596141174295 
868338.5579937297 1039980.5751879599 -0.0015394293506160533 
871473.3542319742 1081235.0770804896 -0.0002205395163975138 
874608.1504702187 1081629.539751824 0.0011504836436802678 
877742.9467084632 1047835.1967128249 0.002827116079986188 
880877.7429467078 979811.8186884304 0.0046827764946427135 
884012.5391849523 872230.8615445049 0.00628088379414355 
887147.3354231968 723052.6897698172 0.007275455015158981 
890282.1316614413 540121.5223885995 0.007723166460188351 
893416.9278996858 338674.58544037794 0.007980891459808369 
896551.7241379303 132167.3445866569 0.008298358260749898 
899686.5203761748 -74200.74923770642 0.00853557834167804 
902821.3166144193 -280752.61858605663 0.008302779918602338 
905956.1128526638 -484588.8698990718 0.007375744704834911 
909090.9090909084 -674353.6108467911 0.005949540760649468 
912225.7053291529 -834330.9349549576 0.004463334489733484 
915360.5015673974 -953862.7890132719 0.003179571586318714 
918495.2978056419 -1032459.159216996 0.001958480817275115 
921630.0940438864 -1075467.1736572501 0.00046286603815684773 
924764.8902821309 -1085045.4584066602 -0.001424617462058101 
927899.6865203754 -1056066.355761755 -0.0034129185038006314 
931034.4827586199 -981321.0320918297 -0.0050433462708526465 
934169.2789968645 -860556.7309972799 -0.006108777037795712 
937304.075235109 -703787.0851994023 -0.006812952788043535 
940438.8714733535 -525281.6859018656 -0.007504847642414686 
943573.667711598 -334384.67658998235 -0.008269611726616756 
946708.4639498425 -132591.0304692883 -0.008807824525364298 
949843.260188087 80317.01263559774 -0.008731003686904118 
952978.0564263315 297828.16184041696 -0.0079631938416883 
956112.852664576 505148.183535716 -0.0068266722028882815 
959247.6489028205 686487.5661223263 -0.00572165955740846 
962382.445141065 833843.5514517967 -0.004736282982431618 
965517.2413793096 948346.0017341529 -0.003595661732683556 
968652.0376175541 1033030.512037297 -0.002001798233762454 
971786.8338557986 1084874.97072233 -4.7468799877674675e-06 
974921.6300940431 1094655.833665754 0.001987376679999969 
978056.4263322876 1054898.363974252 0.003572249143161433 
981191.2225705321 967625.529960502 0.004710839951755011 
984326.0188087766 843764.1237554565 0.005705284206508143 
987460.8150470211 694778.618339514 0.006823084162383561 
990595.6112852657 525212.94541473 0.007965117132486524 
993730.4075235102 333746.6666750346 0.008730919220060682 
996865.2037617547 123957.31769382946 0.008697737603774104 
999999.9999999992 -196361.4280787071 0.012643111729575295 
