#x u 
0.0 4.126314096511058e+24 1.8914085683037104e+17 
3134.796238244514 -1.0326172054434005e+23 -4733282499761458.0 
6269.592476489028 2.541205007225779e+21 116483059991632.56 
9404.38871473354 -1.0653141698837325e+20 -4883157950954.984 
12539.184952978056 -4.137231423909202e+19 -1896412822959.897 
15673.98119122257 -4.41038890335357e+19 -2021622001195.467 
18808.777429467085 -4.516471760381564e+19 -2070247971012.8044 
21943.5736677116 -4.629558655320459e+19 -2122084432590.5796 
25078.369905956115 -4.745365623538093e+19 -2175167713897.3555 
28213.16614420063 -4.864072255753455e+19 -2229580135233.1597 
31347.962382445145 -4.985748297391596e+19 -2285353666354.6357 
34482.75862068966 -5.110468098794563e+19 -2342522387783.074 
37617.55485893417 -5.238307798716663e+19 -2401121199745.9487 
40752.35109717868 -5.369345442283545e+19 -2461185876352.098 
43887.14733542319 -5.503661026877468e+19 -2522753086596.763 
47021.943573667704 -5.641336551030998e+19 -2585860416763.1265 
50156.739811912215 -5.7824560645339275e+19 -2650546393345.6387 
53291.53605015673 -5.927105719687868e+19 -2716850506596.3047 
56426.33228840124 -6.07537382390784e+19 -2784813234630.291 
59561.12852664575 -6.227350893645399e+19 -2854476068131.8687 
62695.92476489026 -6.383129709642352e+19 -2925881535686.8105 
65830.72100313478 -6.5428053735813734e+19 -2999073229741.756 
68965.51724137929 -6.706475366136828e+19 -3074095833220.667 
72100.3134796238 -6.87423960648667e+19 -3150995146803.0513 
75235.10971786831 -7.046200513313219e+19 -3229818116884.468 
78369.90595611282 -7.22246306732785e+19 -3310612864237.3984 
81504.70219435733 -7.403134875360128e+19 -3393428713388.9136 
84639.49843260185 -7.58832623605444e+19 -3478316222731.2646 
87774.29467084636 -7.778150207213856e+19 -3565327215383.931 
90909.09090909087 -7.97272267480522e+19 -3654514810838.463 
94043.88714733538 -8.172162423712514e+19 -3745933457384.7466 
97178.68338557989 -8.3765912102546e+19 -3839638965351.0024 
100313.4796238244 -8.586133836510722e+19 -3935688541178.117 
103448.27586206891 -8.800918226516741e+19 -4034140822341.1836 
106583.07210031342 -9.021075504370378e+19 -4135055913143.182 
109717.86833855794 -9.246740074276009e+19 -4238495421410.649 
112852.66457680245 -9.478049702591391e+19 -4344522496107.449 
115987.46081504696 -9.715145601933425e+19 -4453201865886.463 
119122.25705329147 -9.958172517387405e+19 -4564599878605.825 
122257.05329153598 -1.0207278814873838e+20 -4678784541833.241 
125391.84952978049 -1.0462616571727987e+20 -4795825564362.486 
128526.645768025 -1.072434166954289e+20 -4915794398769.565 
131661.44200626953 -1.0992613889330086e+20 -5038764285035.602 
134796.23824451404 -1.126759700906234e+20 -5164810295260.303 
137931.03448275855 -1.1549458903661135e+20 -5294009379491.737 
141065.83072100306 -1.1838371647484741e+20 -5426440412702.87 
144200.62695924757 -1.2134511619375451e+20 -5562184242945.361 
147335.42319749208 -1.2438059610336446e+20 -5701323740707.0625 
150470.2194357366 -1.2749200933907633e+20 -5843943849501.709 
153605.0156739811 -1.3068125539299187e+20 -5990131637725.752 
156739.81191222562 -1.3395028127349085e+20 -6139976351815.095 
159874.60815047013 -1.3730108269384222e+20 -6293569470730.3125 
163009.40438871464 -1.4073570529060456e+20 -6451004761802.218 
166144.20062695915 -1.4425624587249305e+20 -6612378337975.014 
169278.99686520366 -1.4786485370045042e+20 -6777788716483.08 
172413.79310344817 -1.5156373179973907e+20 -6947336878995.537 
175548.58934169268 -1.5535513830487536e+20 -7121126333264.488 
178683.3855799372 -1.5924138783820625e+20 -7299263176315.462 
181818.1818181817 -1.6322485292295877e+20 -7481856159219.109 
184952.97805642622 -1.6730796543164364e+20 -7669016753482.993 
188087.77429467073 -1.7149321807070203e+20 -7860859219103.605 
191222.57053291524 -1.7578316590228793e+20 -8057500674320.866 
194357.36677115975 -1.8018042790410387e+20 -8259061167118.244 
197492.16300940426 -1.846876885682598e+20 -8465663748511.326 
200626.95924764877 -1.8930769954014354e+20 -8677434547668.943 
203761.75548589329 -1.9404328129828327e+20 -8894502848913.75 
206896.5517241378 -1.9889732487622024e+20 -9117001170649.553 
210031.3479623823 -2.038727936274516e+20 -9345065346263.018 
213166.14420062682 -2.0897272503453562e+20 -9578834607048.842 
216300.94043887133 -2.142002325634524e+20 -9818451667209.076 
219435.73667711584 -2.1955850756434962e+20 -10064062810979.006 
222570.53291536035 -2.2505082121983348e+20 -10315817981932.598 
225705.32915360486 -2.306805265419995e+20 -10573870874521.646 
228840.12539184937 -2.3645106041942563e+20 -10838379027904.773 
231974.9216300939 -2.4236594571536456e+20 -11109503922123.744 
235109.7178683384 -2.4842879341841747e+20 -11387411076685.867 
238244.5141065829 -2.5464330484700915e+20 -11672270151612.459 
241379.31034482742 -2.6101327390901476e+20 -11964255051014.896 
244514.10658307193 -2.675425894179111e+20 -12263544029261.44 
247648.90282131644 -2.7423523746686488e+20 -12570319799800.088 
250783.69905956095 -2.810953038622056e+20 -12884769646703.807 
253918.49529780546 -2.88126976617776e+20 -13207085539005.953 
257053.29153604998 -2.9533454851168227e+20 -13537464247895.633 
260188.0877742945 -3.027224197070076e+20 -13876107466844.611 
263322.884012539 -3.102951004380736e+20 -14223221934739.52 
266457.6802507835 -3.1805721376389313e+20 -14579019562094.535 
269592.476489028 -3.2601349839050886e+20 -14943717560421.246 
272727.27272727253 -3.341688115639356e+20 -15317538574834.217 
275862.06896551704 -3.425281320354771e+20 -15700710819973.697 
278996.86520376155 -3.510965631012125e+20 -16093468219328.74 
282131.66144200607 -3.598793357175089e+20 -16496050548045.932 
285266.4576802506 -3.688818116944722e+20 -16908703579310.363 
288401.2539184951 -3.781094869692897e+20 -17331679234388.014 
291536.0501567396 -3.875679949614589e+20 -17765235736421.434 
294670.8463949841 -3.972631100119503e+20 -18209637768072.52 
297805.6426332286 -4.072007509083927e+20 -18665156633109.152 
300940.43887147313 -4.1738698449844116e+20 -19132070422034.16 
304075.23510971764 -4.278280293935311e+20 -19610664181857.336 
307210.03134796215 -4.385302597652917e+20 -20101230090114.383 
310344.82758620667 -4.495002092369247e+20 -20604067633238.75 
313479.6238244512 -4.607445748719333e+20 -21119483789395.46 
316614.4200626957 -4.7227022126262184e+20 -21647793215888.805 
319749.2163009402 -4.8408418472087336e+20 -22189318441258.062 
322884.0125391847 -4.96193677573758e+20 -22744390062178.438 
326018.8087774292 -5.086060925665984e+20 -23313346945287.76 
329153.60501567373 -5.2132900737618045e+20 -23896536434061.688 
332288.40125391824 -5.343701892368609e+20 -24494314560863.992 
335423.19749216276 -5.477375996824047e+20 -25107046264301.492 
338557.99373040727 -5.614393994064284e+20 -25735105612015.887 
341692.7899686518 -5.754839532444404e+20 -26378876029049.16 
344827.5862068963 -5.898798352805035e+20 -27038750531921.28 
347962.3824451408 -6.046358340816439e+20 -27715131968563.543 
351097.1786833853 -6.197609580631955e+20 -28408433264253.902 
354231.9749216298 -6.352644409883648e+20 -29119077673704.305 
357366.77115987433 -6.51155747605369e+20 -29847499039454.45 
360501.56739811884 -6.674445794255827e+20 -30594142056728.93 
363636.36363636336 -6.841408806462326e+20 -31359462544920.11 
366771.15987460787 -7.012548442212472e+20 -32143927725861.85 
369905.9561128524 -7.187969180839713e+20 -32948016509064.957 
373040.7523510969 -7.367778115255422e+20 -33772219784087.094 
376175.5485893414 -7.55208501732824e+20 -34617040720216.95 
379310.3448275859 -7.741002404898914e+20 -35482995073655.02 
382445.1410658304 -7.934645610471452e+20 -36370611502378.44 
385579.93730407493 -8.133132851622719e+20 -37280431888882.266 
388714.73354231945 -8.33658530317326e+20 -38213011670994.44 
391849.52978056396 -8.545127171163566e+20 -39168920180965.79 
394984.32601880847 -8.758885768680811e+20 -40148740993042.6 
398119.122257053 -8.977991593582432e+20 -41153072279734.1 
401253.9184952975 -9.202578408163998e+20 -42182527176991.72 
404388.714733542 -9.432783320819951e+20 -43237734158523.44 
407523.5109717865 -9.668746869747217e+20 -44319337419471.98 
410658.307210031 -9.910613108742597e+20 -45427997269690.51 
413793.10344827553 -1.0158529695146364e+21 -46564390536856.4 
416927.89968652005 -1.0412647979985936e+21 -47729210979668.914 
420062.69592476456 -1.0673123100374317e+21 -48923169711383.15 
423197.49216300907 -1.0940114074220112e+21 -50146995633938.734 
426332.2884012536 -1.1213783897306627e+21 -51401435882948.555 
429467.0846394981 -1.1494299642799444e+21 -52687256283818.8 
432601.8808777426 -1.1781832563243213e+21 -54005241819279.07 
435736.6771159871 -1.207655819510989e+21 -55356197108607.78 
438871.4733542316 -1.23786564659623e+21 -56740946898845.72 
442006.26959247614 -1.268831180429847e+21 -58160336568297.125 
445141.06583072065 -1.3005713252143658e+21 -59615232642626.42 
448275.86206896516 -1.3331054580458998e+21 -61106523323864.75 
451410.65830720967 -1.3664534407437038e+21 -62635119032650.016 
454545.4545454542 -1.4006356319756513e+21 -64201952964031.18 
457680.2507836987 -1.43567289968703e+21 -65807981657176.11 
460815.0470219432 -1.4715866338402508e+21 -67454185579330.78 
463949.8432601877 -1.5083987594732498e+21 -69141569724386.54 
467084.6394984322 -1.5461317500845346e+21 -70871164226420.58 
470219.43573667674 -1.5848086413530754e+21 -72644024988584.31 
473354.23197492125 -1.624453045201397e+21 -74461234327723.36 
476489.02821316576 -1.6650891642104533e+21 -76323901635123.12 
479623.82445141027 -1.7067418063951044e+21 -78233164053782.83 
482758.6206896548 -1.749436400349221e+21 -80190187172632.22 
485893.4169278993 -1.793199010769608e+21 -82196165738113.75 
489028.2131661438 -1.8380563543683055e+21 -84252324383565.78 
492163.0094043883 -1.8840358161829124e+21 -86359918376850.7 
495297.8056426328 -1.9311654662949236e+21 -88520234386685.8 
498432.60188087734 -1.9794740769662815e+21 -90734591268143.58 
501567.39811912185 -2.0289911402046114e+21 -93004340867802.14 
504702.19435736636 -2.079746885767846e+21 -95330868849036.44 
507836.99059561087 -2.1317722996192447e+21 -97715595537954.31 
510971.7868338554 -2.18509914284406e+21 -100159976790493.66 
514106.5830720999 -2.239759971039428e+21 -102665504881210.58 
517241.3793103444 -2.2957881541892786e+21 -105233709414300.3 
520376.1755485889 -2.3532178970364428e+21 -107866158257408.3 
523510.9717868334 -2.41208425996437e+21 -110564458498800.4 
526645.768025078 -2.472423180401196e+21 -113330257428477.31 
529780.5642633225 -2.534271494759254e+21 -116165243543831.19 
532915.360501567 -2.597666960923393e+21 -119071147580459.02 
536050.1567398115 -2.662648281301841e+21 -122049743568762.73 
539184.952978056 -2.729255126453727e+21 -125102849916979.8 
542319.7492163006 -2.797528159307619e+21 -128232330521306.98 
545454.5454545451 -2.8675090599859134e+21 -131440095903793.39 
548589.3416927896 -2.939240551250208e+21 -134728104378698.55 
551724.1379310341 -3.012766424583181e+21 -138098363248026.44 
554858.9341692786 -3.0881315669229306e+21 -141552930026967.5 
557993.7304075231 -3.1653819880660905e+21 -145093913699993.94 
561128.5266457676 -3.2445648487564223e+21 -148723476008377.72 
564263.3228840121 -3.3257284894760653e+21 -152443832769916.03 
567398.1191222566 -3.4089224599569994e+21 -156257255231669.34 
570532.9153605012 -3.494197549430747e+21 -160166071456539.1 
573667.7115987457 -3.5816058176347775e+21 -164172667744530.7 
576802.5078369902 -3.671200626594541e+21 -168279490089570.22 
579937.3040752347 -3.763036673200558e+21 -172489045672763.28 
583072.1003134792 -3.857170022600415e+21 -176803904393008.4 
586206.8965517237 -3.953658142426067e+21 -181226700435899.7 
589341.6927899682 -4.0525599378773597e+21 -185760133881874.22 
592476.4890282127 -4.153935787683159e+21 -190406972354589.88 
595611.2852664572 -4.2578475809620754e+21 -195170052710535.66 
598746.0815047018 -4.3643587550052357e+21 -200052282770909.78 
601880.8777429463 -4.4735343340042526e+21 -205056643096820.6 
605015.6739811908 -4.5854409687479705e+21 -210186188808895.0 
608150.4702194353 -4.7001469773121774e+21 -215444051452402.84 
611285.2664576798 -4.817722386767259e+21 -220833440909041.34 
614420.0626959243 -4.938238975929113e+21 -226357647356538.97 
617554.8589341688 -5.06177031917956e+21 -232020043277283.88 
620689.6551724133 -5.188391831382867e+21 -237824085517195.06 
623824.4514106578 -5.318180813925926e+21 -243773317396099.5 
626959.2476489024 -5.451216501910104e+21 -249871370870899.44 
630094.0438871469 -5.587580112523594e+21 -256121968752850.9 
633228.8401253914 -5.727354894623859e+21 -262528926980310.12 
636363.6363636359 -5.870626179560365e+21 -269096156948332.3 
639498.4326018804 -6.01748143326867e+21 -275827667896545.22 
642633.2288401249 -6.168010309667648e+21 -282727569356758.56 
645768.0250783694 -6.32230470539248e+21 -289800073661797.75 
648902.8213166139 -6.480458815896775e+21 -297049498517099.4 
652037.6175548584 -6.642569192958123e+21 -304480269636632.94 
655172.413793103 -6.808734803622145e+21 -312096923444763.75 
658307.2100313475 -6.979057090621073e+21 -319904109845703.06 
661442.006269592 -7.153640034303688e+21 -327906595062235.0 
664576.8025078365 -7.332590216114482e+21 -336109264545458.0 
667711.598746081 -7.516016883660728e+21 -344517125957310.2 
670846.3949843255 -7.704032017407263e+21 -353135312227707.0 
673981.19122257 -7.896750399039587e+21 -361969084688151.25 
677115.9874608145 -8.094289681537214e+21 -371023836283733.6 
680250.783699059 -8.296770460999758e+21 -380305094865480.5 
683385.5799373036 -8.504316350269945e+21 -389818526565063.0 
686520.3761755481 -8.71705405439814e+21 -399569939253921.6 
689655.1724137926 -8.935113447994812e+21 -409565286088923.6 
692789.9686520371 -9.158627654517853e+21 -419810669146716.7 
695924.7648902816 -9.387733127543349e+21 -430312343148996.6 
699059.5611285261 -9.62256973406944e+21 -441076719280962.8 
702194.3573667706 -9.863280839903878e+21 -452110369105296.2 
705329.1536050151 -1.0110013397187707e+22 -463420028574038.6 
708463.9498432596 -1.0362918034108326e+22 -475012602140841.56 
711598.7460815042 -1.0622149146856732e+22 -486895166976073.5 
714733.5423197487 -1.0887864993885154e+22 -499074977287377.2 
717868.3385579932 -1.1160227792522509e+22 -511559468748302.25 
721003.1347962377 -1.1439403818006742e+22 -524356263037721.7 
724137.9310344822 -1.172556350499449e+22 -537473172492806.3 
727272.7272727267 -1.2018881551610044e+22 -550918204878388.94 
730407.5235109712 -1.2319537026097092e+22 -564699568275640.5 
733542.3197492157 -1.2627713476138388e+22 -578825676093036.1 
736677.1159874602 -1.2943599040910137e+22 -593305152202668.8 
739811.9122257048 -1.326738656593934e+22 -608146836205054.9 
742946.7084639493 -1.359927372083442e+22 -623359788825634.2 
746081.5047021938 -1.3939463119961026e+22 -638953297446274.4 
749216.3009404383 -1.428816244613624e+22 -654936881775135.9 
752351.0971786828 -1.4645584577417313e+22 -671320299658374.5 
755485.8934169273 -1.5011947717061868e+22 -688113553037226.0 
758620.6896551718 -1.5387475526739286e+22 -705326894054109.0 
761755.4858934163 -1.5772397263074223e+22 -722970831311474.8 
764890.2821316608 -1.6166947917605965e+22 -741056136287220.0 
768025.0783699054 -1.657136836024887e+22 -759593849910589.9 
771159.8746081499 -1.6985905486341329e+22 -778595289302570.0 
774294.6708463944 -1.7410812367373387e+22 -798072054684894.0 
777429.4670846389 -1.7846348405484716e+22 -818036036461883.9 
780564.2633228834 -1.8292779491827605e+22 -838499422479444.0 
783699.0595611279 -1.8750378168891279e+22 -859474705465645.1 
786833.8557993724 -1.921942379688682e+22 -880974690657424.2 
789968.6520376169 -1.970020272429432e+22 -903012503618082.4 
793103.4482758614 -2.0193008462676063e+22 -925601598250325.8 
796238.244514106 -2.0698141865863134e+22 -948755765009766.0 
799373.0407523505 -2.1215911313624044e+22 -972489139323875.9 
802507.836990595 -2.1746632899928204e+22 -996816210221561.1 
805642.6332288395 -2.229063062591853e+22 -1021751829178581.5 
808777.429467084 -2.284823659771154e+22 -1047311219184261.9 
811912.2257053285 -2.3419791229145374e+22 -1073509984034995.6 
815047.021943573 -2.4005643449599554e+22 -1100364117860234.6 
818181.8181818175 -2.4606150917013534e+22 -1127890014886773.2 
821316.614420062 -2.5221680236234002e+22 -1156104479447291.2 
824451.4106583066 -2.5852607182824077e+22 -1185024736239259.0 
827586.2068965511 -2.6499316932471094e+22 -1214668440840470.5 
830721.0031347956 -2.7162204296133267e+22 -1245053690487631.5 
833855.7993730401 -2.784167396106847e+22 -1276199035124569.8 
836990.5956112846 -2.8538140737892482e+22 -1308123488726819.2 
840125.3918495291 -2.9252029813817315e+22 -1340846540909501.5 
843260.1880877736 -2.9983777012224696e+22 -1374388168825568.8 
846394.9843260181 -3.0733829058732782e+22 -1408768849361706.2 
849529.7805642626 -3.1502643853918023e+22 -1444009571639285.0 
852664.5768025072 -3.229069075285996e+22 -1480131849828049.8 
855799.3730407517 -3.3098450851678436e+22 -1517157736280342.2 
858934.1692789962 -3.3926417281238956e+22 -1555109834993883.0 
862068.9655172407 -3.4775095508205044e+22 -1594011315411326.2 
865203.7617554852 -3.5645003643621365e+22 -1633885926565013.0 
868338.5579937297 -3.653667275921636e+22 -1674758011575559.2 
871473.3542319742 -3.745064721161695e+22 -1716652522513124.8 
874608.1504702187 -3.8387484974673794e+22 -1759595035630449.0 
877742.9467084632 -3.93477579800999e+22 -1803611766976940.2 
880877.7429467078 -4.033205246662999e+22 -1848729588403360.5 
884012.5391849523 -4.134096933791455e+22 -1894976043966870.5 
887147.3354231968 -4.237512452936655e+22 -1942379366746442.0 
890282.1316614413 -4.343514938418487e+22 -1990968496078925.2 
893416.9278996858 -4.452169103878405e+22 -2040773095226271.5 
896551.7241379303 -4.563541281786574e+22 -2091823569484707.2 
899686.5203761748 -4.677699463937304e+22 -2144151084746919.5 
902821.3166144193 -4.794713342957472e+22 -2197787586528578.0 
905956.1128526638 -4.914654354853305e+22 -2252765819470807.5 
909090.9090909084 -5.0375957226214455e+22 -2309119347330517.0 
912225.7053291529 -5.163612500951009e+22 -2366882573470789.5 
915360.5015673974 -5.292781622043862e+22 -2426090761863877.0 
918495.2978056419 -5.425181942581061e+22 -2486780058619535.5 
921630.0940438864 -5.560894291864242e+22 -2548987514051946.5 
924764.8902821309 -5.700001521161205e+22 -2612751105298609.0 
927899.6865203754 -5.842588554285939e+22 -2678109759505069.5 
931034.4827586199 -5.988742439443912e+22 -2745103377589646.5 
934169.2789968645 -6.1385524023743035e+22 -2813772858602590.5 
937304.075235109 -6.2921099008215815e+22 -2884160124694631.5 
940438.8714733535 -6.449508680369655e+22 -2956308146710089.5 
943573.667711598 -6.610844831672784e+22 -3030260970420214.0 
946708.4639498425 -6.776216849118147e+22 -3106063743412774.5 
949843.260188087 -6.94572569095588e+22 -3183762742654305.5 
952978.0564263315 -7.11947484093327e+22 -3263405402741809.0 
956112.852664576 -7.297570371470627e+22 -3345040344861166.0 
959247.6489028205 -7.480121008417669e+22 -3428717406469945.5 
962382.445141065 -7.667238197429739e+22 -3514487671722795.5 
965517.2413793096 -7.859036172004514e+22 -3602403502657908.5 
968652.0376175541 -8.055632023220623e+22 -3692518571163602.5 
971786.8338557986 -8.257145771220734e+22 -3784887891744571.5 
974921.6300940431 -8.463700438482844e+22 -3879567855107761.0 
978056.4263322876 -8.675422124924463e+22 -3976616262588417.5 
981191.2225705321 -8.892440084885562e+22 -4076092361437334.5 
984326.0188087766 -9.114886806037416e+22 -4178056880990861.5 
987460.8150470211 -9.342898090265198e+22 -4282572069745638.5 
990595.6112852657 -9.576613136573846e+22 -4389701733360790.0 
993730.4075235102 -9.816174626067877e+22 -4499511273610696.5 
996865.2037617547 -1.006172880905699e+23 -4612067728312276.0 
999999.9999999992 -1.0313425594340781e+23 -4727439812251011.0 
