#x u 
0.0 185551.7201064749 -0.019584426179387035 
3134.796238244514 270873.68522159156 -0.023190008620191604 
6269.592476489028 446007.5980548577 -0.021301923128610258 
9404.38871473354 601820.3542825263 -0.018685162798187962 
12539.184952978056 734400.8072225868 -0.015344010840714406 
15673.98119122257 838581.235138213 -0.011409541488010053 
18808.777429467085 910333.7630425725 -0.0070338648400894484 
21943.5736677116 946883.7086525343 -0.002386188835091919 
25078.369905956115 946817.6867070363 0.0023537610278501855 
28213.16614420063 910138.2502763802 0.007002691015150061 
31347.962382445145 838263.7921807491 0.01138082712919285 
34482.75862068966 733973.6957820393 0.015318866964175285 
37617.55485893417 601300.8563036729 0.018664526625570808 
40752.35109717868 445375.7288807633 0.021288429544236553 
43887.14733542319 272227.9339979956 0.02308910946486332 
47021.943573667704 88553.09222761751 0.023996934143339976 
50156.739811912215 -98546.0952380483 0.023976798023760855 
53291.53605015673 -281834.50785072095 0.023029479769328648 
56426.33228840124 -454224.38762321445 0.021191612151469225 
59561.12852664575 -609049.4225402157 0.018534265461545792 
62695.92476489026 -740322.5326646628 0.01516019922460279 
65830.72100313478 -842967.3903579192 0.011199888491295523 
68965.51724137929 -913014.7217330635 0.006806478371190085 
72100.3134796238 -947755.7983693607 0.0021498619154939665 
75235.10971786831 -945847.1837674584 -0.0025898896426654254 
78369.90595611282 -907362.6840026907 -0.007229490237984018 
81504.70219435733 -833790.4936461292 -0.011589526640197596 
84639.49843260185 -727975.6473205375 -0.015501396358872124 
87774.29467084636 -594010.0022880104 -0.018813827497174897 
90909.09090909087 -437074.00643967855 -0.021398728432057597 
94043.88714733538 -263236.37051505526 -0.023156141113875147 
97178.68338557989 -79219.39122092634 -0.02401810644147776 
100313.4796238244 107860.99980154073 -0.023951292238824955 
103448.27586206891 290770.4088620177 -0.022958282209336642 
106583.07210031342 462435.7340304902 -0.021077476024151595 
109717.86833855794 616218.6817987006 -0.01838160440787685 
112852.66457680245 746172.4697116094 -0.014974916643422858 
115987.46081504696 847271.7882850256 -0.01098914925503674 
119122.25705329147 915607.1295882313 -0.006578431760451836 
122257.05329153598 948535.9678105395 -0.001913326486581424 
125391.84952978049 944784.9456633365 0.0028257670710765785 
128526.645768025 904499.1150721911 0.007455588292079684 
131661.44200626953 829236.3280227936 0.01179710211430561 
134796.23824451404 721906.9944665607 0.01568242231499031 
137931.03448275855 586661.5368460733 0.018961303666447903 
141065.83072100306 428729.89337082277 0.02150695191498523 
144200.62695924757 254219.2764472843 0.023220926911282677 
147335.42319749208 69878.00693937551 0.02403694928832152 
150470.2194357366 -117165.4432178896 0.02392346348272413 
153605.0156739811 -299678.1088364474 0.022884857987541377 
156739.81191222562 -470602.23004451377 0.020961295649344323 
159874.60815047013 -623328.1756710499 0.018227160572027327 
163009.40438871464 -751950.0375054114 0.01478818168551048 
166144.20062695915 -851494.0116090493 0.010777344210862756 
169278.99686520366 -918110.7351800716 0.006349747125379106 
172413.79310344817 -949224.141309281 0.0016766054892989827 
175548.58934169268 -943631.0754182871 -0.0030613704359691175 
178683.3855799372 -901547.8212146991 -0.007680963248797228 
181818.1818181817 -824601.7370069695 -0.012003533419332123 
184952.97805642622 -715768.3258023645 -0.01586192727531129 
188087.77429467073 -579256.1726856831 -0.01910694083007453 
191222.57053291524 -420344.19894719427 -0.021613089496716163 
194357.36677115975 -245177.52633829083 -0.023283460573686427 
197492.16300940426 -60529.84537860333 -0.024053460856354403 
200626.95924764877 126458.52307425336 -0.023893314454494302 
203761.75548589329 308556.7438402435 -0.02280921422515978 
206896.5517241378 478723.0836188893 -0.020843082295068247 
210031.3479623823 630377.2146266481 -0.01807094893308787 
213166.14420062682 757654.6756953658 -0.014600012461784998 
216300.94043887133 855633.6508279501 -0.010564493901172943 
219435.73667711584 920525.2956906363 -0.006120446645477184 
222570.53291536035 949820.2521214923 -0.001439721882576994 
225705.32915360486 942385.6849430664 0.0032966768868089667 
228840.12539184937 898509.0886682352 0.007905593249628234 
231974.9216300939 819887.1700951239 0.01220880053406237 
235109.7178683384 709560.2367008461 0.016039893830133673 
238244.5141065829 571794.6280331142 0.019250724863099547 
241379.31034482742 411917.7364746523 0.021717130883252996 
244514.10658307193 236111.99712300466 0.023343736036115295 
247648.90282131644 51175.81319156064 0.024067639544163976 
250783.69905956095 -135739.3380599061 0.023860848078208284 
253918.49529780546 -317405.4527585682 0.02273135825867614 
257053.29153604998 -486797.50713395205 0.020722847426517373 
260188.0877742945 -637365.1149982406 0.01791298464160362 
263322.884012539 -763285.8310040191 0.014410427222271434 
266457.6802507835 -859690.304449298 0.010350618969744199 
269592.476489028 -922850.5769382225 0.005890552559980569 
272727.27272727253 -950324.242480406 0.0012026986388980834 
275862.06896551704 -941048.8942694197 -0.00353166356723657 
278996.86520376155 -895383.1750702788 -0.008129454808606981 
282131.66144200607 -815092.5322458183 -0.012412858234266003 
285266.4576802506 -703278.3747755714 -0.01621607761630174 
288401.2539184951 -564245.9838807832 -0.019391191391665653 
291536.0501567396 -403295.85069435445 -0.02181193947711916 
294670.8463949841 -226409.10185083217 -0.023373581719398302 
297805.6426332286 -39807.017224958596 -0.023987359296747536 
300940.43887147313 150551.74455157053 -0.02357190847107191 
304075.23510971764 339292.3395714817 -0.02205224612507984 
307210.03134796215 521355.3255813967 -0.01938449994775161 
310344.82758620667 690867.1385220182 -0.015618347845040695 
313479.6238244512 839548.9559206507 -0.010978442129828533 
316614.4200626957 956006.1601636519 -0.00590296618538069 
319749.2163009402 1027518.8430140046 -0.0009648147264921824 
322884.0125391847 1044631.5918120638 0.003338398795525204 
326018.8087774292 1006265.2077202587 0.006821134302585555 
329153.60501567373 921367.744630452 0.009690866862418063 
332288.40125391824 804633.163279157 0.012359677287845393 
335423.19749216276 668369.9435959164 0.01508163834673355 
338557.99373040727 516557.1387904874 0.017692350126000025 
341692.7899686518 346230.0697350583 0.01968586749737452 
344827.5862068963 155329.25536610538 0.02058878710348188 
347962.3824451408 -49891.91413185841 0.020314454229939112 
351097.1786833853 -254812.06396216113 0.01917992441919876 
354231.9749216298 -443941.33290677104 0.01757586001965852 
357366.77115987433 -608935.7644858741 0.01561151826859742 
360501.56739811884 -749580.943531406 0.013080228680628081 
363636.36363636336 -867215.8948151842 0.009769198585889365 
366771.15987460787 -957662.0270943561 0.005789489465616644 
369905.9561128524 -1011121.2852717444 0.001583797416435005 
373040.7523510969 -1019228.4654450403 -0.002396560503564788 
376175.5485893414 -981980.0361679842 -0.0060118724179106 
379310.3448275859 -907376.6498848771 -0.009423041563536192 
382445.1410658304 -804200.9966773263 -0.01276849890823075 
385579.93730407493 -675480.6096028968 -0.015874767589685562 
388714.73354231945 -519392.2547076546 -0.018309992877594876 
391849.52978056396 -336488.0453875428 -0.019728638876139386 
394984.32601880847 -135437.59209468207 -0.020149036120391074 
398119.122257053 68991.50132403302 -0.01987547054155584 
401253.9184952975 263859.93254116154 -0.019149269622519744 
404388.714733542 443847.49536254606 -0.01789696888926909 
407523.5109717865 609124.8656656774 -0.015840135571827188 
410658.307210031 757847.5840827806 -0.012849891830091857 
413793.10344827553 881449.5166752434 -0.009170904903349038 
416927.89968652005 967938.4054947186 -0.0052760491358785225 
420062.69592476456 1009944.5949468903 -0.0015004414220584138 
423197.49216300907 1009235.0771298239 0.002165368294138756 
426332.2884012536 973074.9870604987 0.005911382869838212 
429467.0846394981 906335.6498349664 0.009751939151342313 
432601.8808777426 807657.9347540957 0.013357925080937902 
435736.6771159871 673651.6455276904 0.016259587832290104 
438871.4733542316 506603.9707024367 0.018212027710821903 
442006.26959247614 317431.1385402246 0.019344019708759014 
445141.06583072065 120566.48295510514 0.019938063835478942 
448275.86206896516 -74082.08319055417 0.020076393425044074 
451410.65830720967 -263924.5745463532 0.019527355236153413 
454545.4545454542 -448594.1853986652 0.017992489998309345 
457680.2507836987 -622628.4979720215 0.015454200774795234 
460815.0470219432 -773919.6511398803 0.012257156552373917 
463949.8432601877 -889840.800433212 0.008835602615165236 
467084.6394984322 -964858.8148582951 0.00537000120983081 
470219.43573667674 -1001848.5449423118 0.0017296177323884436 
473354.23197492125 -1005905.3522588273 -0.0022438999871428264 
476489.02821316576 -977287.6062283053 -0.00641593006026106 
479623.82445141027 -910974.4043957104 -0.010344267238932984 
482758.6206896548 -803305.6034863557 -0.013591687139085117 
485893.4169278993 -658666.6619770268 -0.016042783917242714 
489028.2131661438 -489081.32641787484 -0.017897536095007733 
492163.0094043883 -306982.50110791065 -0.019353519112262223 
495297.8056426328 -118555.9378613344 -0.020315192828079136 
498432.60188087734 75594.47293734443 -0.020439055999897263 
501567.39811912185 273441.2441056064 -0.019469114167346077 
504702.19435736636 465851.56652467663 -0.01751081012336362 
507836.99059561087 638503.2656100318 -0.014955311658436506 
510971.7868338554 779676.4647232941 -0.012132619656150308 
514106.5830720999 886007.2446026007 -0.009055846293708859 
517241.3793103444 960410.2473296891 -0.0055218937992188135 
520376.1755485889 1004576.2733959883 -0.0014580350002070888 
523510.9717868334 1014106.7024362135 0.002855244244781605 
526645.768025078 981517.1214538862 0.006924974169176612 
529780.5642633225 904010.0914214901 0.010407783726501373 
532915.360501567 787846.6879178537 0.013318601640655035 
536050.1567398115 644668.2964832179 0.01587257660395064 
539184.952978056 483528.2762028234 0.01813214192200977 
542319.7492163006 306847.6291599322 0.019835265776355526 
545454.5454545451 114331.85229990573 0.02058941490397273 
548589.3416927896 -89523.67189142437 0.02023024187336806 
551724.1379310341 -292510.16831689526 0.018969915574390712 
554858.9341692786 -479729.8224543074 0.017180252312787213 
557993.7304075231 -641583.0482287701 0.015038626510475363 
561128.5266457676 -776617.1200687564 0.012407552509925902 
564263.3228840121 -886525.1335808401 0.009071812432306243 
567398.1191222566 -968810.0960263084 0.005080038973532593 
570532.9153605012 -1015042.1235268147 0.000827146925649318 
573667.7115987457 -1016705.9438830023 -0.0032140320568373915 
576802.5078369902 -972603.2102924819 -0.006835245370060138 
579937.3040752347 -890087.0571215139 -0.010155337704618232 
583072.1003134792 -778836.1576343467 -0.01334330612270482 
586206.8965517237 -643659.8429277164 -0.01629912391528762 
589341.6927899682 -483783.01857346494 -0.01863335537805589 
592476.4890282127 -299190.3910868844 -0.019971645584560264 
595611.2852664572 -97142.32678616256 -0.0202678413158866 
598746.0815047018 108238.70791475958 -0.01979969060480597 
601880.8777429463 303150.9662780714 -0.018853896026157772 
605015.6739811908 480806.6485065886 -0.017432690985339734 
608150.4702194353 640901.948248359 -0.01529006006332877 
611285.2664576798 782722.0598015849 -0.012257808482652989 
614420.0626959243 899412.6040901613 -0.008515917755661406 
617554.8589341688 979690.0328197785 -0.004519443547908493 
620689.6551724133 1015401.4606080021 -0.0006545828846392264 
623824.4514106578 1007148.4713216304 0.003019602357831716 
626959.2476489024 962174.0894841836 0.006678263705025362 
630094.0438871469 886791.8393325489 0.010390769444749818 
633228.8401253914 781320.7203652608 0.013897085296377249 
636363.6363636359 642805.5411561935 0.01674055049602756 
639498.4326018804 472561.3183661477 0.018621675745286618 
642633.2288401249 280431.63756094396 0.019605986694122675 
645768.0250783694 81012.09651295497 0.01997424771240015 
648902.8213166139 -114525.41730138441 0.019879793853388804 
652037.6175548584 -302715.6288769413 0.01917644468023817 
655172.413793103 -483860.7020839558 0.01759279067080238 
658307.2100313475 -654060.0543217233 0.015057220483338752 
661442.006269592 -801677.3537039685 0.011820810590197817 
664576.8025078365 -912309.1292670718 0.008249858489071095 
667711.598746081 -977721.6664130293 0.004523187552904352 
670846.3949843255 -1000197.0500520275 0.0005767173145209581 
673981.19122257 -988314.9164009149 -0.003632219120828662 
677115.9874608145 -948623.8826075852 -0.007829075074321668 
680250.783699059 -881336.7725542025 -0.011442845120713814 
683385.5799373036 -783565.7002313063 -0.01397326574935034 
686520.3761755481 -655743.5523000343 -0.015364544391828532 
689655.1724137926 -504012.2468049235 -0.01601403849732183 
692789.9686520371 -336284.35330147535 -0.0163940639941201 
695924.7648902816 -156879.78235979174 -0.01664393793824459 
699059.5611285261 33754.930593964345 -0.016512647097736463 
702194.3573667706 233465.33553624668 -0.015678821732980523 
705329.1536050151 432973.0773806754 -0.014105671139999767 
708463.9498432596 617018.9358577515 -0.012075577200415185 
711598.7460815042 771759.3977965886 -0.00989436321934414 
714733.5423197487 891401.8184577153 -0.007596015425368371 
717868.3385579932 977582.7776137746 -0.0049651689368768025 
721003.1347962377 1032378.7955373498 -0.0018499451241935226 
724137.9310344822 1052396.0144525832 0.0015722308027252545 
727272.7272727267 1030196.5115681703 0.004863861692186115 
730407.5235109712 961581.2361160268 0.007665877920859153 
733542.3197492157 851064.9690829591 0.0099552532066222 
736677.1159874602 709739.7768117178 0.011955997837365596 
739811.9122257048 547675.0284548217 0.013801794988744297 
742946.7084639493 368689.4194113329 0.01530904120915914 
746081.5047021938 172781.9040221006 0.016102143592491364 
749216.3009404383 -36588.25009448473 0.01596174323143874 
752351.0971786828 -248309.8893650242 0.015031461685224626 
755485.8934169273 -447223.7793002118 0.013666851912884258 
758620.6896551718 -622040.5559286226 0.01208557856280592 
761755.4858934163 -769556.5491418686 0.010185768019760318 
764890.2821316608 -891034.101304534 0.007721544465385811 
768025.0783699054 -984826.8341304184 0.004648341332149566 
771159.8746081499 -1043238.6103049087 0.0012715210266352553 
774294.6708463944 -1057103.6272706385 -0.001961732773278774 
777429.4670846389 -1023403.5597655696 -0.004812613410145156 
780564.2633228834 -947990.5014212085 -0.007379389232830689 
783699.0595611279 -840573.9355755476 -0.009874190792914959 
786833.8557993724 -707202.5628539566 -0.012287402314194475 
789968.6520376169 -548041.8373064767 -0.014296882429772475 
793103.4482758614 -362619.9898423677 -0.015521180441758606 
796238.244514106 -156813.26505141606 -0.015853638152843998 
799373.0407523505 56024.71651238878 -0.015528697635383518 
802507.836990595 261255.3356691949 -0.01485266073952139 
805642.6332288395 450258.10278426163 -0.013883033208967995 
808777.429467084 621479.3235935082 -0.012393512672339025 
811912.2257053285 774437.9683734003 -0.010160251070008943 
815047.021943573 903289.4733930363 -0.007266384207199785 
818181.8181818175 996981.9994086808 -0.0041020141048253005 
821316.614420062 1046068.0147614892 -0.0010564861495281454 
824451.4106583066 1049192.1850981908 0.0017773108340048004 
827586.2068965511 1012568.7645869231 0.004580179003601852 
830721.0031347956 943077.7936402631 0.007494180321504319 
833855.7993730401 842256.0259215463 0.010353895949905654 
836990.5956112846 707451.4503046026 0.01274846761768689 
840125.3918495291 538815.838259589 0.014353307167540224 
843260.1880877736 344618.1509294589 0.015186471892964166 
846394.9843260181 139082.73760978092 0.015523531291035644 
849529.7805642626 -65222.75370368551 0.015563203203296405 
852664.5768025072 -262728.09495926526 0.015197139706509592 
855799.3730407517 -452621.47966367484 0.014126620991837705 
858934.1692789962 -631702.5332220314 0.012203147571286153 
862068.9655172407 -790152.9688707358 0.009633719069014652 
865203.7617554852 -914962.5169367715 0.006833196085041643 
868338.5579937297 -997670.2733669493 0.004076473001594538 
871473.3542319742 -1038510.2894161528 0.0013128207403582564 
874608.1504702187 -1042789.5027364827 -0.0016665390075529835 
877742.9467084632 -1013441.2573321089 -0.004888437393263596 
880877.7429467078 -947656.9721157759 -0.008047523675208336 
884012.5391849523 -841145.0440040613 -0.010708313226613366 
887147.3354231968 -695484.3378681452 -0.01265148792137756 
890282.1316614413 -520730.1865450798 -0.014004628882675074 
893416.9278996858 -330371.61229131126 -0.015023956937121736 
896551.7241379303 -133732.10775048425 -0.01576000351975588 
899686.5203761748 66450.43327203675 -0.01596125245131734 
902821.3166144193 269009.517363644 -0.015318558555159675 
905956.1128526638 467482.7256126794 -0.013793952559126648 
909090.9090909084 648924.488908836 -0.011687983966911116 
912225.7053291529 799951.8142313588 -0.009373923055313859 
915360.5015673974 913955.2527738838 -0.006976514077572862 
918495.2978056419 992159.2383429235 -0.0043302634414922585 
921630.0940438864 1037648.8985951212 -0.0012574663724155895 
924764.8902821309 1048828.284970839 0.0021305299045055095 
927899.6865203754 1019314.7074563125 0.00542995961576119 
931034.4827586199 944444.8898097435 0.008247165817975632 
934169.2789968645 827557.0238707815 0.010493512327658057 
937304.075235109 679391.7006094496 0.012367268412073187 
940438.8714733535 511133.47511216893 0.014046021047585979 
943573.667711598 328244.52382428874 0.01541698161559678 
946708.4639498425 131355.7620783635 0.016131876183062673 
949843.260188087 -76982.55421849457 0.015930963804652244 
952978.0564263315 -287077.6660051973 0.01489701903558458 
956112.852664576 -484193.8804402078 0.013373072393704078 
959247.6489028205 -656075.7344015443 0.011630420326744627 
962382.445141065 -798290.7924689389 0.0096349558169001 
965517.2413793096 -912068.6916183401 0.007155397261720223 
968652.0376175541 -997176.7744746428 0.004096617316384199 
971786.8338557986 -1047550.3205102347 0.0007040341279199228 
974921.6300940431 -1054447.4985101246 -0.0025797448441647873 
978056.4263322876 -1013932.0043922138 -0.005459530274639657 
981191.2225705321 -930880.6346627116 -0.007975686720417315 
984326.0188087766 -815310.3004613374 -0.010342854726251656 
987460.8150470211 -674834.41799075 -0.012613625345543493 
990595.6112852657 -511066.5278216149 -0.014525073466720263 
993730.4075235102 -323531.89331825887 -0.01569529242296327 
996865.2037617547 -119012.04563343448 -0.015862648309949268 
999999.9999999992 185551.7200988812 -0.01958442617973511 
