#x u 
0.0 5.8377825203367016e+16 2675906782.7764335 
3134.796238244514 -1460915123814144.2 -66965027.84787201 
6269.592476489028 35952189085130.734 1647966.5912872474 
9404.38871473354 -1507173100937.1936 -69085.39681615333 
12539.184952978056 -585322163173.001 -26829.83649433334 
15673.98119122257 -623967715810.9006 -28601.251733160716 
18808.777429467085 -638976084681.6212 -29289.192697820607 
21943.5736677116 -654975380215.0951 -30022.55625595592 
25078.369905956115 -671359516134.4846 -30773.56102606619 
28213.16614420063 -688153896437.4646 -31543.371662951075 
31347.962382445145 -705368384676.8761 -32332.440441631537 
34482.75862068966 -723013495789.2611 -33141.24945743271 
37617.55485893417 -741099997387.9264 -33970.29235014646 
40752.35109717868 -759638926343.126 -34820.075063650555 
43887.14733542319 -778641595376.8652 -35691.1161460032 
47021.943573667704 -798119600328.4685 -36583.947079064914 
50156.739811912215 -818084827716.634 -37499.112622463785 
53291.53605015673 -838549462472.3657 -38437.171164841166 
56426.33228840124 -859525995680.3071 -39398.69507874685 
59561.12852664575 -881027232306.7065 -40384.2710775065 
62695.92476489026 -903066298973.1095 -41394.5005770479 
65830.72100313478 -925656651857.8518 -42430.00006750023 
68965.51724137929 -948812084809.928 -43491.40149601295 
72100.3134796238 -972546737668.3118 -44579.35266112363 
75235.10971786831 -996875104757.5886 -45694.51761734148 
78369.90595611282 -1021812043572.743 -46837.57708775526 
81504.70219435733 -1047372783662.3752 -48009.228884800614 
84639.49843260185 -1073572935719.8069 -49210.18833959432 
87774.29467084636 -1100428500885.839 -50441.188738961435 
90909.09090909087 -1127955880260.7795 -51702.98176889874 
94043.88714733538 -1156171884630.683 -52996.33796503768 
97178.68338557989 -1185093744453.0234 -54322.04717232806 
100313.4796238244 -1214739120169.2288 -55680.91901640815 
103448.27586206891 -1245126112871.1125 -57073.78338819114 
106583.07210031342 -1276273275299.0146 -58501.49094094306 
109717.86833855794 -1308199623128.8474 -59964.91359821324 
112852.66457680245 -1340924646533.38 -61464.94507248663 
115987.46081504696 -1374468322057.736 -63002.501396671374 
119122.25705329147 -1408851124867.1746 -64578.5214715949 
122257.05329153598 -1444094041391.0037 -66193.96763126948 
125391.84952978049 -1480218582334.814 -67849.82622515367 
128526.645768025 -1517246796012.9414 -69547.10821573019 
131661.44200626953 -1555201281986.0186 -71286.84979126019 
134796.23824451404 -1594105205040.159 -73070.11299584257 
137931.03448275855 -1633982309557.9849 -74897.98637947439 
141065.83072100306 -1674856934291.6384 -76771.58566891718 
144200.62695924757 -1716754027495.2842 -78692.0544577108 
147335.42319749208 -1759699162366.571 -80660.56491314487 
150470.2194357366 -1803718552793.5745 -82678.31849997514 
153605.0156739811 -1848839069457.0369 -84746.54672312026 
156739.81191222562 -1895088256343.1807 -86866.51189177176 
159874.60815047013 -1942494347674.543 -89039.50790494344 
163009.40438871464 -1991086285214.4338 -91266.8610560078 
166144.20062695915 -2040893735902.2036 -93549.93085385139 
169278.99686520366 -2091947109834.7751 -95890.1108608928 
172413.79310344817 -2144277578666.483 -98288.82955070306 
175548.58934169268 -2197917094495.0552 -100747.55118777482 
178683.3855799372 -2252898409241.6523 -103267.7767292711 
181818.1818181817 -2309255094481.053 -105851.04474623484 
184952.97805642622 -2367021561691.456 -108498.93236237045 
188087.77429467073 -2426233082960.662 -111213.05621167336 
191222.57053291524 -2486925812237.799 -113995.07341868995 
194357.36677115975 -2549136807202.14 -116846.68260444794 
197492.16300940426 -2612904051749.463 -119769.62491790681 
200626.95924764877 -2678266479045.4087 -122765.6850905781 
203761.75548589329 -2745263995119.2407 -125836.69251321485 
206896.5517241378 -2813937503046.754 -128984.52233700236 
210031.3479623823 -2884328927818.1836 -132211.09660390325 
213166.14420062682 -2956481241953.2417 -135518.3854093515 
216300.94043887133 -3030438491843.2964 -138908.40809683388 
219435.73667711584 -3106245824754.5923 -142383.23448184723 
222570.53291536035 -3183949516465.3203 -145944.98610451573 
225705.32915360486 -3263596999592.6646 -149595.8375139782 
228840.12539184937 -3345236892705.497 -153338.01758947552 
231974.9216300939 -3428919030269.682 -157173.81090081212 
235109.7178683384 -3514694493384.4277 -161105.55910675734 
238244.5141065829 -3602615641232.106 -165135.66238822465 
241379.31034482742 -3692736143219.868 -169266.5809155696 
244514.10658307193 -3785111011883.2505 -173500.83635346132 
247648.90282131644 -3879796636653.4126 -177841.0134081171 
250783.69905956095 -3976850818526.6836 -182289.7614186847 
253918.49529780546 -4076332805582.7544 -186849.79599022787 
257053.29153604998 -4178303329275.11 -191523.90066463355 
260188.0877742945 -4282824641492.649 -196314.9286290949 
263322.884012539 -4389960552489.0527 -201225.8044662226 
266457.6802507835 -4499776469796.332 -206259.52595067627 
269592.476489028 -4612339438159.577 -211419.16589352692 
272727.27272727253 -4727718180435.748 -216707.87403118514 
275862.06896551704 -4845983139391.719 -222128.87895537124 
278996.86520376155 -4967206520428.954 -227685.49008484028 
282131.66144200607 -5091462335361.344 -233381.099684144 
285266.4576802506 -5218826447375.387 -239219.18493489592 
288401.2539184951 -5349376617204.736 -245203.31006059772 
291536.0501567396 -5483192550455.223 -251337.12850177966 
294670.8463949841 -5620355946024.995 -257624.3851386883 
297805.6426332286 -5760950545671.626 -264068.9185637765 
300940.43887147313 -5905062184873.707 -270674.66341073735 
304075.23510971764 -6052778845116.286 -277445.6527461002 
307210.03134796215 -6204190707613.691 -284386.0205242127 
310344.82758620667 -6359390208389.717 -291500.00410222483 
313479.6238244512 -6518472094662.25 -298791.94681303226 
316614.4200626957 -6681533482601.461 -306266.30059979355 
319749.2163009402 -6848673916619.79 -313927.6287197781 
322884.0125391847 -7019995430311.562 -321780.6085234803 
326018.8087774292 -7195602609029.391 -329830.03430896095 
329153.60501567373 -7375602653998.219 -338080.8202474147 
332288.40125391824 -7560105447918.914 -346538.0033782681 
335423.19749216276 -7749223622150.02 -355206.7466783474 
338557.99373040727 -7943072625637.057 -364092.34221326443 
341692.7899686518 -8141770795696.389 -373200.21437625017 
344827.5862068963 -8345439430618.6 -382535.9232130447 
347962.3824451408 -8554202863984.559 -392105.1678280708 
351097.1786833853 -8768188540664.405 -401913.78987053793 
354231.9749216298 -8987527094620.72 -411967.7771059414 
357366.77115987433 -9212352428705.2 -422273.2670814335 
360501.56739811884 -9442801796552.936 -432836.5508895369 
363636.36363636336 -9679015886527.805 -443664.07702769176 
366771.15987460787 -9921138907618.936 -454762.4553485942 
369905.9561128524 -10169318677292.188 -466138.46110100957 
373040.7523510969 -10423706711460.227 -477799.0390680215 
376175.5485893414 -10684458316785.12 -489751.3078119642 
379310.3448275859 -10951732685415.453 -502002.5640301834 
382445.1410658304 -11225692992103.783 -514560.2870186193 
385579.93730407493 -11506506493616.102 -527432.1432387116 
388714.73354231945 -11794344630475.062 -540625.9909891364 
391849.52978056396 -12089383131240.291 -554149.8851913881 
394984.32601880847 -12391802119554.912 -568012.082299498 
398119.122257053 -12701786224048.225 -582221.0453378821 
401253.9184952975 -13019524691024.363 -596785.449064113 
404388.714733542 -13345211499856.857 -611714.1852530357 
407523.5109717865 -13679045481162.525 -627016.3681058063 
410658.307210031 -14021230437987.332 -642701.3397948088 
413793.10344827553 -14371975270234.12 -658778.6761553794 
416927.89968652005 -14731494102396.746 -675258.1925277475 
420062.69592476456 -15100006414508.018 -692149.9497454625 
423197.49216300907 -15477737176228.225 -709464.2602674806 
426332.2884012536 -15864916984177.719 -727211.694459211 
429467.0846394981 -16261782202771.012 -745403.0870348619 
432601.8808777426 -16668575108776.588 -764049.543671867 
435736.6771159871 -17085544039639.145 -783162.4477995395 
438871.4733542316 -17512943545456.062 -802753.4675573864 
442006.26959247614 -17951034544552.234 -822834.5629208124 
445141.06583072065 -18400084482798.406 -843417.9930011131 
448275.86206896516 -18860367496961.51 -864516.3235330532 
451410.65830720967 -19332164582310.68 -886142.4345603079 
454545.4545454542 -19815763764497.67 -908309.5283195094 
457680.2507836987 -20311460275603.863 -931031.1373177439 
460815.0470219432 -20819556734335.055 -954321.1326023297 
463949.8432601877 -21340363330565.957 -978193.7322317706 
467084.6394984322 -21874198014562.64 -1002663.5099624211 
470219.43573667674 -22421386691111.35 -1027745.4041608734 
473354.23197492125 -22982263418563.59 -1053454.72694196 
476489.02821316576 -23557170612702.887 -1079807.1735274806 
479623.82445141027 -24146459255464.457 -1106818.8318265555 
482758.6206896548 -24750489108773.082 -1134506.1922492518 
485893.4169278993 -25369628933863.93 -1162886.1577697573 
489028.2131661438 -26004256716314.613 -1191976.0542491626 
492163.0094043883 -26654759896787.207 -1221793.641017505 
495297.8056426328 -27321535607401.04 -1252357.1217112304 
498432.60188087734 -28004990913818.703 -1283685.1553697486 
501567.39811912185 -28705543063366.91 -1315796.8678058323 
504702.19435736636 -29423619739580.51 -1348711.8632677728 
507836.99059561087 -30159659323383.875 -1382450.2364033135 
510971.7868338554 -30914111160889.21 -1417032.5845247598 
514106.5830720999 -31687435837747.426 -1452480.0201726768 
517241.3793103444 -32480105460183.09 -1488814.1839846938 
520376.1755485889 -33292603943083.727 -1526057.2578868717 
523510.9717868334 -34125427305543.996 -1564231.978626556 
526645.768025078 -34979083974056.434 -1603361.6516560384 
529780.5642633225 -35854095093311.16 -1643470.1653658424 
532915.360501567 -36750994844562.21 -1684582.0056662105 
536050.1567398115 -37670330771750.914 -1726722.270925955 
539184.952978056 -38612664115807.72 -1769916.687288379 
542319.7492163006 -39578570157545.27 -1814191.6243834926 
545454.5454545451 -40568638569318.23 -1859574.1114447762 
548589.3416927896 -41583473775410.055 -1906091.8538287373 
551724.1379310341 -42623695321149.22 -1953773.249937396 
554858.9341692786 -43689938251020.63 -2002647.4085557463 
557993.7304075231 -44782853496256.68 -2052744.1666261917 
561128.5266457676 -45903108272341.4 -2104094.107479481 
564263.3228840121 -47051386486598.26 -2156728.5795296114 
567398.1191222566 -48228389155840.86 -2210679.715431235 
570532.9153605012 -49434834834155.16 -2265980.4517022325 
573667.7115987457 -50671460051170.46 -2322664.548827285 
576802.5078369902 -51939019761372.24 -2380766.61186723 
579937.3040752347 -53238287804911.305 -2440322.1115945233 
583072.1003134792 -54570057380081.82 -2501367.4061621716 
586206.8965517237 -55935141527477.92 -2563939.7633061707 
589341.6927899682 -57334373625974.88 -2628077.3830877654 
592476.4890282127 -58768607900986.984 -2693819.4211959033 
595611.2852664572 -60238719945615.19 -2761206.0128378714 
598746.0815047018 -61745607255150.586 -2830278.297239315 
601880.8777429463 -63290189775104.91 -2901078.4427615474 
605015.6739811908 -64873410462812.18 -2973649.67263825 
608150.4702194353 -66496235862828.08 -3048036.29134225 
611285.2664576798 -68159656696668.9 -3124283.711607428 
614420.0626959243 -69864688467549.445 -3202438.4821364796 
617554.8589341688 -71612372080588.05 -3282548.3160163844 
620689.6551724133 -73403774478647.9 -3364662.1198499044 
623824.4514106578 -75239989293901.42 -3448830.02360759 
626959.2476489024 -77122137515433.97 -3535103.4112153645 
630094.0438871469 -79051368173516.97 -3623534.951907112 
633228.8401253914 -81028859041256.12 -3714178.6323750573 
636363.6363636359 -83055817354083.38 -3807089.789739985 
639498.4326018804 -85133480547276.83 -3902325.145349968 
642633.2288401249 -87263117011658.77 -3999942.8394149034 
645768.0250783694 -89446026867900.23 -4100002.466496616 
648902.8213166139 -91683542760162.52 -4202565.111888116 
652037.6175548584 -93977030669833.86 -4307693.388916727 
655172.413793103 -96327890749848.44 -4415451.477193358 
658307.2100313475 -98737558179810.84 -4525905.161817802 
661442.006269592 -101207504042173.98 -4639121.873551205 
664576.8025078365 -103739236220032.94 -4755170.729981016 
667711.598746081 -106334300317381.23 -4874122.577716831 
670846.3949843255 -108994280602649.39 -4996050.035654085 
673981.19122257 -111720800976047.72 -5121027.539329072 
677115.9874608145 -114515525960999.16 -5249131.386377772 
680250.783699059 -117380161720034.28 -5380439.783115085 
683385.5799373036 -120316457095862.33 -5515032.892266603 
686520.3761755481 -123326204678582.31 -5652992.881896752 
689655.1724137926 -126411241899915.16 -5794403.975573244 
692789.9686520371 -129573452155022.23 -5939352.503793516 
695924.7648902816 -132814765952273.03 -6087926.956689636 
699059.5611285261 -136137162091478.12 -6240218.038035057 
702194.3573667706 -139542668871448.67 -6396318.720593027 
705329.1536050151 -143033365327964.44 -6556324.302856131 
708463.9498432596 -146611382503082.72 -6720332.467220042 
711598.7460815042 -150278904746401.03 -6888443.339619891 
714733.5423197487 -154038171048732.78 -7060759.550650736 
717868.3385579932 -157891476408863.38 -7237386.2982031405 
721003.1347962377 -161841173234409.44 -7418431.41166129 
724137.9310344822 -165889672777965.88 -7604005.417718516 
727272.7272727267 -170039446609536.1 -7794221.60785636 
730407.5235109712 -174293028125917.84 -7989196.107518554 
733542.3197492157 -178653014097632.72 -8189047.947007382 
736677.1159874602 -183122066254238.9 -8393899.134141313 
739811.9122257048 -187702912909230.2 -8603874.728729442 
742946.7084639493 -192398350625818.47 -8819102.91892246 
746081.5047021938 -197211245924676.0 -9039715.09948975 
749216.3009404383 -202144537034407.44 -9265845.952057796 
752351.0971786828 -207201235685505.7 -9497633.52734465 
755485.8934169273 -212384428948849.9 -9735219.329438731 
758620.6896551718 -217697281120140.2 -9978748.402185567 
761755.4858934163 -223143035651711.5 -10228369.417748397 
764890.2821316608 -228725017132900.5 -10484234.767396018 
768025.0783699054 -234446633319886.12 -10746500.65455949 
771159.8746081499 -240311377215967.12 -11015327.190201383 
774294.6708463944 -246322829203584.03 -11290878.490557056 
777429.4670846389 -252484659229694.94 -11573322.77732107 
780564.2633228834 -258800629046106.8 -11862832.480351608 
783699.0595611279 -265274594506065.5 -12159584.342952294 
786833.8557993724 -271910507918205.03 -12463759.529781226 
789968.6520376169 -278712420459074.1 -12775543.737442797 
793103.4482758614 -285684484645814.6 -13095127.307834288 
796238.244514106 -292830956870831.7 -13422705.344331175 
799373.0407523505 -300156200000213.0 -13758477.830891782 
802507.836990595 -307664686037363.2 -14102649.754148593 
805642.6332288395 -315360998853165.94 -14455431.228546266 
808777.429467084 -323249836984176.56 -14817037.624595754 
811912.2257053285 -331336016500706.1 -15187689.700330041 
815047.021943573 -339624473946871.9 -15567613.73605699 
818181.8181818175 -348120269354544.8 -15957041.672498329 
821316.614420062 -356828589332846.44 -16356211.252391139 
824451.4106583066 -365754750234776.0 -16765366.16562452 
827586.2068965511 -374904201402783.56 -17184756.197995692 
830721.0031347956 -384282528495476.25 -17614637.383685876 
833855.7993730401 -393895456897774.0 -18055272.161562864 
836990.5956112846 -403748855216653.2 -18506929.535408795 
840125.3918495291 -413848738864383.9 -18969885.238160398 
843260.1880877736 -424201273731148.9 -19444421.900249243 
846394.9843260181 -434812779949257.56 -19930829.222142998 
849529.7805642626 -445689735751479.9 -20429404.15120373 
852664.5768025072 -456838781426115.0 -20940451.062983137 
855799.3730407517 -468266723371190.4 -21464281.947064273 
858934.1692789962 -479980538250003.5 -22001216.597550992 
862068.9655172407 -491987377250310.9 -22551582.80831027 
865203.7617554852 -504294570449800.2 -23115716.573088057 
868338.5579937297 -516909631290791.9 -23693962.290632814 
871473.3542319742 -529840261167096.2 -24286672.974960834 
874608.1504702187 -543094354125756.1 -24894210.47088753 
877742.9467084632 -556680001686280.9 -25516945.674943697 
880877.7429467078 -570605497780140.1 -26155258.761803463 
884012.5391849523 -584879343813678.4 -26809539.416367818 
887147.3354231968 -599510253857812.0 -27480187.07165793 
890282.1316614413 -614507159967824.1 -28167611.15266944 
893416.9278996858 -629879217636368.2 -28872231.326330002 
896551.7241379303 -645635811382740.2 -29594477.75770052 
899686.5203761748 -661786560481755.0 -30334791.372572348 
902821.3166144193 -678341324835897.4 -31093624.12662909 
905956.1128526638 -695310210994589.2 -31871439.281349182 
909090.9090909084 -712703578324272.9 -32668711.686819464 
912225.7053291529 -730532045332854.1 -33485928.071622316 
915360.5015673974 -748806496152108.8 -34323587.33996237 
918495.2978056419 -767538087182011.0 -35182200.87621449 
921630.0940438864 -786738253901289.5 -36062292.85709078 
924764.8902821309 -806418717848606.8 -36964400.57162814 
927899.6865203754 -826591493778619.5 -37889074.74919243 
931034.4827586199 -847268896997090.4 -38836879.895689644 
934169.2789968645 -868463550879387.5 -39808394.63818466 
937304.075235109 -890188394577118.2 -40804212.078145064 
940438.8714733535 -912456690917878.2 -41824940.153539695 
943573.667711598 -935282034503031.6 -42871202.01001825 
946708.4639498425 -958678360008229.2 -43943636.38138766 
949843.260188087 -982659950691294.4 -45042897.97959797 
952978.0564263315 -1007241447112430.1 -46169657.894464076 
956112.852664576 -1032437856072136.0 -47324604.003368974 
959247.6489028205 -1058264559772487.8 -48508441.391206756 
962382.445141065 -1084737325207460.6 -49721892.780824 
965517.2413793096 -1111872313787890.6 -50965698.97421549 
968652.0376175541 -1139686091206858.0 -52240619.30474017 
971786.8338557986 -1168195637551810.2 -53547432.10064583 
974921.6300940431 -1197418357670082.0 -54886935.16021058 
978056.4263322876 -1227372091794522.8 -56259946.23880907 
981191.2225705321 -1258075126435599.5 -57667303.54819518 
984326.0188087766 -1289546205546087.5 -59109866.26828253 
987460.8150470211 -1321804541964643.8 -60588515.07170873 
990595.6112852657 -1354869829145081.0 -62104152.66149436 
993730.4075235102 -1388762253178749.5 -63657704.32212779 
996865.2037617547 -1423502505115147.0 -65250118.484532036 
999999.9999999992 -1459111793669152.0 -66882367.30154544 
