#x u 
0.0 -95040.91573825231 -0.046523207487521596 
3134.796238244514 -138196.48423748475 -0.04249968296327033 
6269.592476489028 -228960.86905075406 -0.03925993604128019 
9404.38871473354 -309131.0424366978 -0.03442223701725167 
12539.184952978056 -377400.85088470625 -0.028255893606747 
15673.98119122257 -431074.9666314742 -0.020996821662333267 
18808.777429467085 -468079.471405449 -0.012925805315493423 
21943.5736677116 -486983.35435305827 -0.004354948367211912 
25078.369905956115 -487055.60411423387 0.004384314315877342 
28213.16614420063 -468293.42676026875 0.012954035682298623 
31347.962382445145 -431422.3551857091 0.021022824837213013 
34482.75862068966 -377868.1927368789 0.02827866192096707 
37617.55485893417 -309701.8774356254 0.03444096390863832 
40752.35109717868 -229559.39886168594 0.03927143474806516 
43887.14733542319 -140539.86450651806 0.04258328026177617 
47021.943573667704 -46085.657369938584 0.04424843147281029 
50156.739811912215 50150.68089791229 0.04420249702861203 
53291.53605015673 144447.693683971 0.042447253212903366 
56426.33228840124 233158.91803940674 0.03905057525684002 
59561.12852664575 312853.8933038007 0.03414381260564775 
62695.92476489026 380450.81692664314 0.027916709639107452 
65830.72100313478 433335.7176890902 0.02061006826149109 
68965.51724137929 469463.5379007097 0.012506436098398683 
72100.3134796238 487437.2157253803 0.003919180387673863 
75235.10971786831 486561.7095249265 -0.004819629923257226 
78369.90595611282 466870.87510057725 -0.013372065274653743 
81504.70219435733 429126.1564900452 -0.021407403221448462 
84639.49843260185 374787.1409470595 -0.028614917461305574 
87774.29467084636 305955.1167409881 -0.0347158936124009 
90909.09090909087 225291.8164035282 -0.03947440709072573 
94043.88714733538 135916.48801914148 -0.04270644628834429 
97178.68338557989 41285.28047820243 -0.04428702799971398 
100313.4796238244 -54942.34570905883 -0.04415502776868381 
103448.27586206891 -149044.74122233945 -0.04231552576483351 
106583.07210031342 -237380.0856540983 -0.038839523317115245 
109717.86833855794 -316519.93187414133 -0.033860863378790004 
112852.66457680245 -383359.3948393584 -0.02757002855635492 
115987.46081504696 -435181.8649989981 -0.0202042379233753 
119122.25705329147 -469655.6439318984 -0.012033304241540877 
122257.05329153598 -484765.1863111852 -0.0033419155591836495 
125391.84952978049 -478749.5550897672 0.0055877673843378415 
128526.645768025 -450220.66145559656 0.014484723793896589 
131661.44200626953 -398678.68630451657 0.023078387884983613 
134796.23824451404 -325493.81436138623 0.031064997146401322 
137931.03448275855 -235016.74265125178 0.03806600693264103 
141065.83072100306 -135001.0912760628 0.043615654625127946 
144200.62695924757 -35432.66790924701 0.04721889088393531 
147335.42319749208 54413.60958231916 0.04848772688826623 
150470.2194357366 129490.22945474173 0.0473009867699491 
153605.0156739811 190816.56183737732 0.04388436393237846 
156739.81191222562 243866.42209398572 0.03872958994114382 
159874.60815047013 293952.8997900805 0.03237357290692665 
163009.40438871464 341579.63980466186 0.025173966241691763 
166144.20062695915 381282.7281669419 0.017243145623173875 
169278.99686520366 405080.4008350573 0.008592305211784784 
172413.79310344817 407924.5345970032 -0.0006332393037347397 
175548.58934169268 390748.7808073199 -0.010028898558407008 
178683.3855799372 358714.45751194115 -0.019025204350059072 
181818.1818181817 316494.48813242663 -0.027116855826407958 
184952.97805642622 265031.7325080386 -0.03402256722965189 
188087.77429467073 202639.05768093845 -0.03964384920520567 
191222.57053291524 129029.60808990693 -0.043887069476517805 
194357.36677115975 48053.5462499216 -0.04654213609603711 
197492.16300940426 -33648.119169392085 -0.04734550257436343 
200626.95924764877 -110655.62253458798 -0.046162492785011174 
203761.75548589329 -181345.5439973483 -0.04310093897084816 
206896.5517241378 -246493.02960440193 -0.03844006323937235 
210031.3479623823 -305530.56382115476 -0.03244956466985155 
213166.14420062682 -354517.4377010681 -0.0252851091485098 
216300.94043887133 -388044.0729717207 -0.01706261458081671 
219435.73667711584 -403143.05102229107 -0.008023452312479215 
222570.53291536035 -401160.11110341165 0.0013943842693348745 
225705.32915360486 -385669.9880662523 0.010666364806545717 
228840.12539184937 -358658.8167231076 0.019370359076086724 
231974.9216300939 -318990.36393814604 0.027269744677503142 
235109.7178683384 -264745.0660744594 0.034217355078974596 
238244.5141065829 -196925.7338702394 0.03999471196703419 
241379.31034482742 -120568.11235091064 0.04426779072980365 
244514.10658307193 -42006.936054733516 0.046716328914604185 
247648.90282131644 34924.91933169588 0.04720920442254778 
250783.69905956095 109878.49878823674 0.045847727537947934 
253918.49529780546 183239.4134375055 0.04283508056375465 
257053.29153604998 252660.22380593745 0.03831019661237308 
260188.0877742945 312638.65655480995 0.03231889254090395 
263322.884012539 357694.73858157324 0.024947976798699985 
266457.6802507835 385905.4133120815 0.016474197830174064 
269592.476489028 399166.84097490273 0.0073621567664003 
272727.27272727253 399978.8462371833 -0.0018976912710341818 
275862.06896551704 388181.3064295973 -0.010953168551860154 
278996.86520376155 361097.8289545685 -0.01959769141917037 
282131.66144200607 316934.3518814264 -0.02762721877216335 
285266.4576802506 257835.20974577847 -0.03471123927496138 
288401.2539184951 189339.05722930576 -0.04042669051605537 
291536.0501567396 116742.84431026306 -0.04443116842563995 
294670.8463949841 42113.577185819915 -0.0466037530421691 
297805.6426332286 -35011.07240154857 -0.047013906286653306 
300940.43887147313 -114083.37804575571 -0.0457573678188298 
304075.23510971764 -191008.00503020495 -0.042835166228196414 
307210.03134796215 -259393.52489554143 -0.03820368668135189 
310344.82758620667 -314392.9485393135 -0.03194106972617416 
313479.6238244512 -355205.63752984663 -0.02435028002560629 
316614.4200626957 -383711.7222029461 -0.015883376385981987 
319749.2163009402 -400762.4598634583 -0.0069573217222181705 
322884.0125391847 -404094.72355527827 0.002156227089446134 
326018.8087774292 -390106.88276987604 0.011264033332725982 
329153.60501567373 -357649.9880443092 0.02009135767464826 
332288.40125391824 -309847.36785798287 0.02821121270642952 
335423.19749216276 -252007.49493151327 0.0351510077627015 
338557.99373040727 -187780.47178356632 0.040577592453901794 
341692.7899686518 -117532.47521862775 0.04437818138575015 
344827.5862068963 -40559.9563531787 0.04656257260792282 
347962.3824451408 41287.07055902184 0.04709793247279382 
351097.1786833853 122493.95178327821 0.04585585686717536 
354231.9749216298 196567.0075978444 0.04273066404816661 
357366.77115987433 259810.4816500686 0.03780509779398511 
360501.56739811884 312341.6409756494 0.03138710669184352 
363636.36363636336 355389.7555014099 0.023874334996596577 
366771.15987460787 387820.4486800675 0.015581608807837714 
369905.9561128524 405624.00069369527 0.006703296003359665 
373040.7523510969 404969.4207166908 -0.0025613256358837416 
376175.5485893414 385656.3202995446 -0.0118643390627397 
379310.3448275859 351357.90615869354 -0.020711858866955715 
382445.1410658304 306400.52544976794 -0.028624237214306347 
385579.93730407493 252442.6506129271 -0.03529917096048678 
388714.73354231945 188497.00149500443 -0.04061943796299916 
391849.52978056396 114202.03773078554 -0.04450922228253851 
394984.32601880847 32815.240648599094 -0.04680048159220899 
398119.122257053 -49319.26568030558 -0.04725807438265438 
401253.9184952975 -126378.60212521566 -0.04574298500978862 
404388.714733542 -196068.20851964853 -0.04234521555512266 
407523.5109717865 -258987.85279025312 -0.03734717753951541 
410658.307210031 -315143.24672469357 -0.031053934589878096 
413793.10344827553 -361382.70842771756 -0.02366391819616246 
416927.89968652005 -392551.750110895 -0.015308591556527766 
420062.69592476456 -405232.8591841337 -0.0062096524070877806 
423197.49216300907 -400202.3528522656 0.0032229810848797375 
426332.2884012536 -381066.3889525132 0.012468167951429935 
429467.0846394981 -350533.69052097877 0.02107815469074461 
432601.8808777426 -308242.2388533832 0.02879070800217986 
435736.6771159871 -252397.42174597122 0.03546480804394393 
438871.4733542316 -183448.41362023575 0.040920765788544276 
442006.26959247614 -105867.55000787662 0.044864812930475166 
445141.06583072065 -26076.38095178371 0.04698759948563848 
448275.86206896516 51400.4870248362 0.04714107300889034 
451410.65830720967 125621.76921767814 0.04541348346273662 
454545.4545454542 197103.5173570073 0.042026851788932895 
457680.2507836987 264238.64516095055 0.03716517828058044 
460815.0470219432 322144.24634330405 0.03091164234330718 
463949.8432601877 365256.6993976042 0.023355684488578207 
467084.6394984322 391042.1916207262 0.01474976789475793 
470219.43573667674 401004.04113766516 0.005541297720600917 
473354.23197492125 397993.74272919435 -0.0037652708890173964 
476489.02821316576 382697.7151192817 -0.01278392518783571 
479623.82445141027 353013.39840334 -0.0212894034989947 
482758.6206896548 306964.83944455 -0.02909598915137264 
485893.4169278993 246063.22076609326 -0.035914155597336114 
489028.2131661438 175529.76683184807 -0.04134886624244719 
492163.0094043883 101078.73138493355 -0.045053056198065294 
495297.8056426328 25556.662179280054 -0.04688497297100201 
498432.60188087734 -51131.45371578199 -0.046911997729802674 
501567.39811912185 -128846.57912144787 -0.04526264531242559 
504702.19435736636 -204249.8947409275 -0.04198540569889543 
507836.99059561087 -271284.75558697624 -0.037063042489027566 
510971.7868338554 -324714.48739478993 -0.030564688310183774 
514106.5830720999 -363104.4094276331 -0.022770578372370547 
517241.3793103444 -388211.2667735475 -0.0141306837106078 
520376.1755485889 -401506.2199993283 -0.005091046475325494 
523510.9717868334 -401551.4049151602 0.004041113345163495 
526645.768025078 -385028.9160955765 0.013064660525226864 
529780.5642633225 -350356.74728419597 0.02173245714071515 
532915.360501567 -300083.87839745893 0.029653938218069175 
536050.1567398115 -239519.2544282586 0.036368541183163364 
539184.952978056 -172987.78225400182 0.04152572206109537 
542319.7492163006 -101579.62111008543 0.04499401232365961 
545454.5454545451 -24668.9589159904 0.04679455316518352 
548589.3416927896 56499.84571191569 0.04693700665572298 
551724.1379310341 137043.1690960218 0.0453358851655601 
554858.9341692786 210463.55687918843 0.04189804204055457 
557993.7304075231 272458.19943679735 0.036689328413450316 
561128.5266457676 322622.5958336736 0.03000251190689944 
564263.3228840121 362368.9209960869 0.02224982100564955 
567398.1191222566 391346.7841315831 0.013785443037346537 
570532.9153605012 406210.9087343131 0.004834719928301691 
573667.7115987457 403091.4856608556 -0.004407260042824801 
576802.5078369902 381208.3148452117 -0.01362440166982816 
579937.3040752347 343846.28191404603 -0.022348495520501225 
583072.1003134792 295662.472109732 -0.03009493675500551 
586206.8965517237 239128.74315709306 -0.036536274266949324 
589341.6927899682 173798.1799742265 -0.04154411578146317 
592476.4890282127 99092.53373825797 -0.04506711508809598 
595611.2852664572 17588.478912492425 -0.04698334801799438 
598746.0815047018 -64755.77780833797 -0.047090072741432086 
601880.8777429463 -141783.2260308076 -0.04524689764734389 
605015.6739811908 -210501.25789750097 -0.0415244584408814 
608150.4702194353 -271210.0207201491 -0.036202265527428744 
611285.2664576798 -324379.8283055327 -0.02961529501147347 
614420.0626959243 -367670.84027585527 -0.02200525770733884 
617554.8589341688 -396323.98456539365 -0.013525023717758235 
620689.6551724133 -406589.92444462026 -0.004381451340625999 
623824.4514106578 -398650.3251803537 0.005045353776754399 
626959.2476489024 -376000.32138652995 0.014244721595869236 
630094.0438871469 -341960.17828951543 0.02274886752169686 
633228.8401253914 -296977.83992193115 0.030268741363398674 
636363.6363636359 -239526.75539413036 0.03666325658203831 
639498.4326018804 -169599.84203321915 0.04178729665471742 
642633.2288401249 -91051.89291394451 0.04538996864531003 
645768.0250783694 -10238.525208491661 0.04717985995180654 
648902.8213166139 67719.1879853866 0.04699626239941746 
652037.6175548584 141230.07743997907 0.044911523570203934 
655172.413793103 210795.6944208687 0.04115955148862335 
658307.2100313475 275474.1104550189 0.03596556704709744 
661442.006269592 331079.74600183277 0.029453209349873923 
664576.8025078365 372118.3300392673 0.021721029617968762 
667711.598746081 395515.7644147258 0.012999864045001013 
670846.3949843255 402299.0117117882 0.003715506472873723 
673981.19122257 395523.3517206125 -0.005620946559561744 
677115.9874608145 376665.78950711363 -0.014592762263496342 
680250.783699059 344292.18070647574 -0.022952164536148102 
683385.5799373036 296389.1796830668 -0.03052556633761502 
686520.3761755481 233875.30686850497 -0.03706291169584765 
689655.1724137926 161545.53160261962 -0.04220241971692678 
692789.9686520371 85384.24423544334 -0.04559924259982038 
695924.7648902816 8982.648657598018 -0.04709241187965947 
699059.5611285261 -67277.48730306119 -0.04674211253433524 
702194.3573667706 -143531.93967477616 -0.04470328871426413 
705329.1536050151 -217185.69554655836 -0.04107099653508139 
708463.9498432596 -282643.3289704914 -0.03585976953090787 
711598.7460815042 -334415.44644281734 -0.02913553090445173 
714733.5423197487 -370440.74732791295 -0.021155589785936478 
717868.3385579932 -392226.04070911225 -0.012361455404773118 
721003.1347962377 -401737.51686331973 -0.0032219377766809915 
724137.9310344822 -398372.316676677 0.0059203123818405215 
727272.7272727267 -379231.03551966476 0.014850631584099388 
730407.5235109712 -342416.4584957872 0.02334457740189131 
733542.3197492157 -289879.12816267024 0.031049536187265 
736677.1159874602 -226785.8217955758 0.037523848772815074 
739811.9122257048 -158022.23314097247 0.04240504020024042 
742946.7084639493 -85433.38477015938 0.045541669757128304 
746081.5047021938 -8610.287423629288 0.046959858157912746 
749216.3009404383 71711.88980978644 0.04670723798284892 
752351.0971786828 151332.86161575 0.044743421001991 
755485.8934169273 223902.22161408333 0.040994390994332885 
758620.6896551718 284605.52102924837 0.03551307135023528 
761755.4858934163 332460.59861215914 0.02857400447192254 
764890.2821316608 368918.0601145838 0.02059684454193223 
768025.0783699054 394333.61885734275 0.011970998564282149 
771159.8746081499 406099.5144787232 0.002955539321373296 
774294.6708463944 400455.97504560667 -0.006252407930379853 
777429.4670846389 376111.85371478606 -0.015365976710092705 
780564.2633228834 335879.7305223093 -0.023946948436005533 
783699.0595611279 284597.13791826396 -0.03151296632160174 
786833.8557993724 225488.28451547533 -0.03771445366563757 
789968.6520376169 158737.22784963745 -0.042408036398253725 
793103.4482758614 83695.55094856638 -0.045560750793720094 
796238.244514106 2306.092253020286 -0.047095266747445866 
799373.0407523505 -79968.77230136328 -0.046845936868170186 
802507.836990595 -156807.08084747012 -0.044676469021253044 
805642.6332288395 -224589.39050210232 -0.04063790504130706 
808777.429467084 -283216.93353557505 -0.035001166008545165 
811912.2257053285 -333422.8061441614 -0.028127630037267228 
815047.021943573 -373520.80494900676 -0.020307533635841278 
818181.8181818175 -399160.74803389027 -0.01172513375365001 
821316.614420062 -406503.1088014429 -0.0025730659932875558 
824451.4106583066 -395561.7861117878 0.006817898410244133 
827586.2068965511 -370143.37425482424 0.01597909121876908 
830721.0031347956 -334246.5087540944 0.024437916667765076 
833855.7993730401 -288480.6874699574 0.03184876352866374 
836990.5956112846 -230201.08960864702 0.03799537885155696 
840125.3918495291 -157428.2684566379 0.04268739254326991 
843260.1880877736 -72864.72222635782 0.04569458640931344 
846394.9843260181 15802.036734760995 0.04682057345270889 
849529.7805642626 99542.25129456737 0.04605426344430304 
852664.5768025072 172169.02537196348 0.04363019361615232 
855799.3730407517 231544.0875098773 0.03990163731897278 
858934.1692789962 277562.65841030446 0.0351178301460728 
862068.9655172407 309799.658191347 0.029306450652884522 
865203.7617554852 327480.31930823415 0.02237496093588786 
868338.5579937297 331367.1121296457 0.014339980360666141 
871473.3542319742 324748.7835537424 0.005474492106107566 
874608.1504702187 311663.0836900254 -0.0037533367822416555 
877742.9467084632 293731.9795333061 -0.012874458612191823 
880877.7429467078 268904.5107865572 -0.02155396598695325 
884012.5391849523 233738.09819082197 -0.029553809900550145 
887147.3354231968 187234.8539743364 -0.03659691546975383 
890282.1316614413 132515.97063005017 -0.04230544618928084 
893416.9278996858 74703.44878453306 -0.04629868868790969 
896551.7241379303 17200.53964251787 -0.04835945111889305 
899686.5203761748 -39847.567365666444 -0.04850006140435736 
902821.3166144193 -97449.86379144852 -0.04686149501590095 
905956.1128526638 -154378.13049042865 -0.043552686972506784 
909090.9090909084 -206174.0586331095 -0.03859809259962094 
912225.7053291529 -247698.51247288098 -0.03204554332350089 
915360.5015673974 -276628.0960185843 -0.024115530010624248 
918495.2978056419 -294297.7930023029 -0.015227177577293322 
921630.0940438864 -303067.81190386723 -0.005863705271073369 
924764.8902821309 -303032.5524099287 0.0035929293774092483 
927899.6865203754 -291563.02055861324 0.012897608165655366 
931034.4827586199 -266175.6714075362 0.02182468971468034 
934169.2789968645 -227705.62401350538 0.030035684246660005 
937304.075235109 -180426.5630029735 0.037085366675168374 
940438.8714733535 -128954.7217692716 0.04257333252606381 
943573.667711598 -75139.64273267295 0.046293819573238706 
946708.4639498425 -18142.76622926422 0.04823678392770818 
949843.260188087 42459.1181595715 0.048447519665021505 
952978.0564263315 103895.88298435215 0.04689832078092635 
956112.852664576 160761.7980346568 0.04351020771926686 
959247.6489028205 208411.51063998498 0.03830206363262388 
962382.445141065 245710.90861545698 0.03150776338416172 
965517.2413793096 274334.01173494535 0.02353289045328294 
968652.0376175541 295420.59189641976 0.01478881321393017 
971786.8338557986 307171.0194853208 0.005568550851584489 
974921.6300940431 305952.7029381866 -0.003917030928742476 
978056.4263322876 289783.0407431649 -0.013394162399770424 
981191.2225705321 260538.95343379822 -0.02243899080155421 
984326.0188087766 222566.2981038363 -0.03055438518601841 
987460.8150470211 179130.77753691946 -0.03734413513650794 
990595.6112852657 130404.95080585589 -0.04261491093572344 
993730.4075235102 74991.534237332 -0.04630826617458581 
996865.2037617547 15232.44105353417 -0.04843272735843944 
999999.9999999992 -95040.91576858303 -0.04652320748891189 
