#x u 
0.0 -571877.9189357527 0.010118254591094528 
3134.796238244514 -634453.2953616525 0.01313798036164742 
6269.592476489028 -788800.5440529477 0.010318460949774358 
9404.38871473354 -909479.5822204741 0.0072450598832737145 
12539.184952978056 -994635.2308634146 0.00390776931351931 
15673.98119122257 -1041140.7032189602 0.00042798486677672826 
18808.777429467085 -1047641.1023109086 -0.0030801667286316403 
21943.5736677116 -1014074.0954929588 -0.006489811607984288 
25078.369905956115 -941467.5361811769 -0.00965671672023592 
28213.16614420063 -832167.2072625582 -0.012437000651911705 
31347.962382445145 -690225.1544465245 -0.014714680132975095 
34482.75862068966 -521437.9376923128 -0.016415383798948916 
37617.55485893417 -332816.056776208 -0.017495673287710914 
40752.35109717868 -131806.52182920068 -0.017921863159329088 
43887.14733542319 74175.94872322696 -0.017662768499159563 
47021.943573667704 277684.1160207172 -0.016705904311267672 
50156.739811912215 470984.8563272739 -0.01508121102797268 
53291.53605015673 646183.799028378 -0.012866982951948974 
56426.33228840124 795922.4848663307 -0.010169918817632318 
59561.12852664575 914243.9341385307 -0.007097782272019747 
62695.92476489026 997012.1474908518 -0.0037510510970286738 
65830.72100313478 1041676.1661137643 -0.0002397795044145135 
68965.51724137929 1046782.1732535103 0.003296165563276942 
72100.3134796238 1011828.0660498628 0.006691607863300775 
75235.10971786831 937628.9832606525 0.009789673767017459 
78369.90595611282 826772.0114625773 0.012478166744079377 
81504.70219435733 683614.7420421577 0.014696343214982425 
84639.49843260185 513763.142587051 0.01640604946955267 
87774.29467084636 323530.4674306302 0.017554618254619344 
90909.09090909087 119894.51030776085 0.01806439600862584 
94043.88714733538 -89127.46961859788 0.01785802551262136 
97178.68338557989 -294362.6470025467 0.016895775782407866 
100313.4796238244 -486224.1446763927 0.015193927985166486 
103448.27586206891 -656152.2083960453 0.012816944100604386 
106583.07210031342 -797877.1778423619 0.009863865681640124 
109717.86833855794 -907676.6347069201 0.006470663711308327 
112852.66457680245 -983612.4838997411 0.002824074968460258 
115987.46081504696 -1024541.9617610752 -0.0008411185066488555 
119122.25705329147 -1029732.6084919939 -0.004281419195619142 
122257.05329153598 -999184.299415449 -0.007305518651676385 
125391.84952978049 -934041.6903837187 -0.009814945807795504 
128526.645768025 -836499.1211432106 -0.011794141843654708 
131661.44200626953 -709290.8443748755 -0.01326147225043396 
134796.23824451404 -555436.4976583889 -0.014224883324438865 
137931.03448275855 -378710.23742354906 -0.0146766684119851 
141065.83072100306 -184500.6668891038 -0.014620599780546438 
144200.62695924757 19818.429441148903 -0.01409337271423773 
147335.42319749208 225551.0065812048 -0.013152368742346179 
150470.2194357366 423988.6128486385 -0.01184155831723506 
153605.0156739811 607390.810533592 -0.010174125718019665 
156739.81191222562 769030.2597664034 -0.008154931503583283 
159874.60815047013 902662.6792652959 -0.005823795315535071 
163009.40438871464 1002350.7509516166 -0.003276387135506805 
166144.20062695915 1063148.8101782203 -0.0006400386310550187 
169278.99686520366 1082179.3538402813 0.0019730348684803977 
172413.79310344817 1059130.8766427052 0.004489660144130637 
175548.58934169268 995724.142953952 0.006855309418376289 
178683.3855799372 894706.7489384692 0.008994581272025348 
181818.1818181817 759383.0394880364 0.010798409897231537 
184952.97805642622 594082.3264623841 0.012156203942075188 
188087.77429467073 404929.40192009904 0.013003456726724353 
191222.57053291524 199898.25538072496 0.013337737564610394 
194357.36677115975 -12176.459082414643 0.013187693997619945 
197492.16300940426 -222894.4044212363 0.012568283448857036 
200626.95924764877 -424839.4893155326 0.011469893446901512 
203761.75548589329 -611111.271834642 0.009893344354015527 
206896.5517241378 -774635.049827842 0.007893715137755839 
210031.3479623823 -908284.6981572274 0.005585123872943514 
213166.14420062682 -1005988.5657288111 0.003098254600475848 
216300.94043887133 -1063916.9517599125 0.0005316349027284881 
219435.73667711584 -1080700.596867623 -0.0020554009596968578 
222570.53291536035 -1056580.622656362 -0.004603614588933436 
225705.32915360486 -992458.9987730399 -0.007013057163231599 
228840.12539184937 -889879.3457358434 -0.009147653280876324 
231974.9216300939 -751939.8421966183 -0.010885044720391016 
235109.7178683384 -584092.3921292755 -0.01216344569353454 
238244.5141065829 -393824.8661685467 -0.012979130503243414 
241379.31034482742 -189333.34895263193 -0.013338989030669043 
244514.10658307193 21683.49212062061 -0.01321952482627345 
247648.90282131644 232119.38998605104 -0.012577056131902261 
250783.69905956095 434636.367910958 -0.011399776550517049 
253918.49529780546 621099.3478481395 -0.009747134750963476 
257053.29153604998 783193.0745562526 -0.0077336769714027465 
260188.0877742945 913897.5223459052 -0.005471727381394714 
263322.884012539 1008559.6083091174 -0.003030362913384458 
266457.6802507835 1064668.1282689406 -0.0004513062765177671 
269592.476489028 1080748.6825640453 0.0021975821507825874 
272727.27272727253 1055678.7227965682 0.004790918342261268 
275862.06896551704 989240.806864136 0.007174013407539079 
278996.86520376155 883374.075214438 0.009225834807950768 
282131.66144200607 742773.657878752 0.010894599348285822 
285266.4576802506 574093.1409897875 0.012171540832880322 
288401.2539184951 384411.5364682166 0.0130327722018549 
291536.0501567396 180361.82537323545 0.013412811509187177 
294670.8463949841 -31403.121569617833 0.013240228093962081 
297805.6426332286 -243168.34370954955 0.012499969396245598 
300940.43887147313 -445942.9165067028 0.011257421639929863 
304075.23510971764 -630635.8072210487 0.009617919603989817 
307210.03134796215 -789721.0257633436 0.00766246085254841 
310344.82758620667 -917946.9397208196 0.005425400319069796 
313479.6238244512 -1011607.1409924105 0.0029358523654137944 
316614.4200626957 -1067366.2185153014 0.00027695860894633487 
319749.2163009402 -1082072.3114254973 -0.0024028228629196864 
322884.0125391847 -1053912.4605393203 -0.004942830237184011 
326018.8087774292 -983793.5371347922 -0.007236495849697105 
329153.60501567373 -875514.4048504129 -0.009244966132814454 
332288.40125391824 -734488.1472325705 -0.010946767549274821 
335423.19749216276 -566239.7555859276 -0.012279369326806478 
338557.99373040727 -376101.09199780296 -0.013137412608212912 
341692.7899686518 -170228.0503530163 -0.01343285998219125 
344827.5862068963 43373.758175565155 -0.013156326569219097 
347962.3824451408 255188.9072007008 -0.012376052891563296 
351097.1786833853 455869.94100614847 -0.011175226632267337 
354231.9749216298 637821.6796198695 -0.009592713600384509 
357366.77115987433 795337.8908562859 -0.007628752843525899 
360501.56739811884 923432.6824986011 -0.005308628275001165 
363636.36363636336 1016863.1137712201 -0.0027353299251256205 
366771.15987460787 1070619.7285385593 -7.23797343093332e-05 
369905.9561128524 1081580.9307038393 0.0025294451633076933 
373040.7523510969 1049739.489896946 0.0049886300544583154 
376175.5485893414 977781.2523108467 0.007276751064932213 
379310.3448275859 869458.2486672563 0.009349762057595896 
382445.1410658304 728413.8485540745 0.011102496279450445 
385579.93730407493 558599.1566045365 0.012398277842925427 
388714.73354231945 365695.68542361684 0.013146422576640412 
391849.52978056396 157837.95704524723 0.013348937916894385 
394984.32601880847 -55394.85281597628 0.013068643340570073 
398119.122257053 -264966.4426290169 0.012352616886167239 
401253.9184952975 -463576.6106765056 0.011191697136179752 
404388.714733542 -645113.6488385118 0.009558878439004062 
407523.5109717865 -803243.5126640374 0.007485857722516106 
410658.307210031 -930920.0804339449 0.005095484756098269 
413793.10344827553 -1021622.0178875331 0.002552806044667087 
416927.89968652005 -1071269.9294139936 -1.7636017493978615e-05 
420062.69592476456 -1078999.6511715122 -0.002564834289452731 
423197.49216300907 -1046099.6656647793 -0.0050630510603336815 
426332.2884012536 -974291.3711792576 -0.007436268678135535 
429467.0846394981 -865175.4368426736 -0.009538802578643698 
432601.8808777426 -721393.3788730414 -0.011217016173823726 
435736.6771159871 -548186.8829974267 -0.012391419971836137 
438871.4733542316 -353545.1950760561 -0.013075792601406776 
442006.26959247614 -146550.63725081887 -0.013314971501426555 
445141.06583072065 64611.879350477204 -0.013107978458652842 
448275.86206896516 273176.8380678979 -0.012398639012660972 
451410.65830720967 472598.7940319551 -0.011144721119130743 
454545.4545454542 655202.4443043756 -0.009393048064224821 
457680.2507836987 812425.1880935981 -0.007280174210045962 
460815.0470219432 936716.6995589547 -0.004955209926200186 
463949.8432601877 1023383.517380474 -0.002502886985808791 
467084.6394984322 1070668.0349918306 5.5019377513422334e-05 
470219.43573667674 1078149.5872646484 0.0026841265318062668 
473354.23197492125 1045272.7425034825 0.005270568625957421 
476489.02821316576 971632.3756538726 0.007637482359909395 
479623.82445141027 858744.3983821914 0.009632294422903314 
482758.6206896548 711396.350576474 0.011197216562670666 
485893.4169278993 537034.4978643759 0.012351872322703366 
489028.2131661438 343643.9648498648 0.013108567158384406 
492163.0094043883 138123.38987246406 0.013411464436723104 
495297.8056426328 -73388.13732945884 0.013165958854208556 
498432.60188087734 -283852.04413753987 0.012329262857098289 
501567.39811912185 -484392.0697469729 0.010967542610364632 
504702.19435736636 -665397.5496794294 0.009218520859888083 
507836.99059561087 -818842.7188325183 0.007196874941114885 
510971.7868338554 -939688.2549461673 0.004939784662514844 
514106.5830720999 -1025150.8002238222 0.00244791045016713 
517241.3793103444 -1072825.8284404797 -0.00022365506368655355 
520376.1755485889 -1079821.0366080643 -0.0029235319877717577 
523510.9717868334 -1043956.3797903531 -0.00545978716239727 
526645.768025078 -965855.3843727265 -0.007699353030366048 
529780.5642633225 -849737.3922269606 -0.009610593254881505 
532915.360501567 -702007.300082017 -0.011207361922526214 
536050.1567398115 -528994.1112823506 -0.01245616111923031 
539184.952978056 -336043.8302025091 -0.013247075070703032 
542319.7492163006 -128713.34153349626 -0.013462221320723907 
545454.5454545451 85439.93248675646 -0.01307219288180698 
548589.3416927896 296651.6627274315 -0.012160050765039686 
551724.1379310341 494875.46156882157 -0.010847189037997475 
554858.9341692786 672150.3249117396 -0.009197930020761073 
557993.7304075231 823234.7089266558 -0.007202083534209287 
561128.5266457676 944123.5987800285 -0.004852606017276542 
564263.3228840121 1030266.6309081309 -0.0022346491886712436 
567398.1191222566 1076597.6412624202 0.0004710214741476316 
570532.9153605012 1079544.861835327 0.003078179772684928 
573667.7115987457 1039046.8929614837 0.005488416621686124 
576802.5078369902 958515.5770906195 0.0076931349103887625 
579937.3040752347 842772.1514757645 0.009685327523705163 
583072.1003134792 696058.5150387805 0.011377235155237118 
586206.8965517237 522103.3094438704 0.012614287914461727 
589341.6927899682 326014.93745571043 0.013274463378022591 
592476.4890282127 115794.2976787401 0.013351400381620642 
595611.2852664572 -98398.55928297726 0.012935212133735299 
598746.0815047018 -306766.2772310943 0.012111414967759008 
601880.8777429463 -501855.19394525635 0.010884183152691084 
605015.6739811908 -678224.1162835673 0.009204582012242505 
608150.4702194353 -830448.6833768213 0.007073580433811541 
611285.2664576798 -951852.7602327748 0.004609778350994324 
614420.0626959243 -1035581.647166044 0.0020074607477468115 
617554.8589341688 -1077134.6047793583 -0.0005748502696587484 
620689.6551724133 -1075878.50438024 -0.0030819300549354 
623824.4514106578 -1034063.2410208354 -0.005517733481371603 
626959.2476489024 -954422.4626054395 -0.007839252921310037 
630094.0438871469 -838881.2164048472 -0.0099037883146244 
633228.8401253914 -689681.3836164011 -0.011529464968030973 
636363.6363636359 -511634.68787678337 -0.012609513264780528 
639498.4326018804 -312957.0286786311 -0.013163170379966997 
642633.2288401249 -103564.98342485601 -0.013271414947101214 
645768.0250783694 107656.76965568149 -0.012966158061917633 
648902.8213166139 314040.96986586304 -0.012190416294943841 
652037.6175548584 509830.4556118513 -0.010872257754310019 
655172.413793103 688060.835503932 -0.009034842053194249 
658307.2100313475 840177.3282301147 -0.006825432604997378 
661442.006269592 958101.8575564844 -0.004430114739208086 
664576.8025078365 1036857.333032716 -0.0019606274683190185 
667711.598746081 1075213.4063078421 0.0005707353480705382 
670846.3949843255 1073836.453767903 0.0031646189705230973 
673981.19122257 1032999.0842195217 0.005730773048534112 
677115.9874608145 952323.7628876449 0.008080273117106603 
680250.783699059 832844.9233841394 0.010026679628204156 
683385.5799373036 679167.3391477533 0.011494015981446599 
686520.3761755481 499319.68592394626 0.012521156336127725 
689655.1724137926 302259.5421541961 0.013160188417062617 
692789.9686520371 95414.03726681131 0.01337754589154477 
695924.7648902816 -115419.65320203081 0.013063910212208646 
699059.5611285261 -323991.2611234634 0.012144195823966373 
702194.3573667706 -521830.35365517513 0.010672531161984158 
705329.1536050151 -698984.3431908179 0.008811351020309968 
708463.9498432596 -846817.6083065189 0.006714451258447819 
711598.7460815042 -960231.6725350557 0.00443458058818544 
714733.5423197487 -1037227.4871136387 0.0019505020180844907 
717868.3385579932 -1076478.3377760213 -0.0007173900768937677 
721003.1347962377 -1075635.1673088793 -0.00342782678527958 
724137.9310344822 -1032276.5489571267 -0.005963508338750534 
727272.7272727267 -946578.8601363855 -0.008157609695936109 
730407.5235109712 -822898.230992122 -0.009973057224272027 
733542.3197492157 -668520.7066147409 -0.011454394044700507 
736677.1159874602 -490750.7996887787 -0.012605518256077032 
739811.9122257048 -295213.4893946237 -0.013324647253498098 
742946.7084639493 -86936.45785377503 -0.013467831438160037 
746081.5047021938 127181.29679583236 -0.012976588141364681 
749216.3009404383 337408.87462977093 -0.011936422990848728 
752351.0971786828 533072.127953733 -0.01050420024913882 
755485.8934169273 705642.2903023276 -0.008779421538274134 
758620.6896551718 850091.29135979 -0.006753371170995981 
761755.4858934163 963368.8550494361 -0.004388172021443347 
764890.2821316608 1041852.8067866999 -0.0017405290987642917 
768025.0783699054 1080677.816508208 0.0010032738780900359 
771159.8746081499 1075836.3857749717 0.0036222585289868926 
774294.6708463944 1026971.8497668856 0.005990218436137888 
777429.4670846389 937978.5030402496 0.008107475739232348 
780564.2633228834 814753.9198772231 0.010004742960405377 
783699.0595611279 662384.067714894 0.011623361059028909 
786833.8557993724 484594.4754367556 0.012801425676791952 
789968.6520376169 285874.49623794184 0.013384023017585192 
793103.4482758614 73817.72767838929 0.013344457468518249 
796238.244514106 -141061.09624414518 0.012790350650614974 
799373.0407523505 -348157.6148473655 0.01184832754906626 
802507.836990595 -539607.685103638 0.01054820298990676 
805642.6332288395 -710454.7379355577 0.008828097006179522 
808777.429467084 -856276.0469805023 0.006654419912687928 
811912.2257053285 -971048.9020601218 0.00412882045055838 
815047.021943573 -1047770.2245161994 0.001466528791560165 
818181.8181818175 -1081413.1820996131 -0.0011350776487647047 
821316.614420062 -1071285.7019446476 -0.0036033053834338587 
824451.4106583066 -1020408.097803106 -0.005963201027251441 
827586.2068965511 -932588.893303944 -0.008207898769311548 
830721.0031347956 -810239.0255363131 -0.010205444709843213 
833855.7993730401 -655134.9003898482 -0.01174314972715278 
836990.5956112846 -471181.2736878078 -0.012665607106832387 
840125.3918495291 -266061.1751552753 -0.012963252228893834 
843260.1880877736 -49790.22223096013 -0.01272008396887754 
846394.9843260181 168545.0620220823 -0.011978661491283953 
849529.7805642626 382614.9779358825 -0.01067078580374881 
852664.5768025072 587410.097820127 -0.0086972049301069 
855799.3730407517 776077.3703919307 -0.006085357190567536 
858934.1692789962 938394.3679443507 -0.003070394536071292 
862068.9655172407 1062652.4089484871 -1.789086926560525e-05 
865203.7617554852 1139382.9213937363 0.0027403485628610977 
868338.5579937297 1163744.7190191303 0.005011761926639629 
871473.3542319742 1135079.685632912 0.006721529528067463 
874608.1504702187 1055197.1277382323 0.007835659173647883 
877742.9467084632 927996.2951833421 0.008348204927171286 
880877.7429467078 760938.989118064 0.00835590963015163 
884012.5391849523 566011.0037620788 0.008111760531767372 
887147.3354231968 357544.5649891491 0.007936637157648028 
890282.1316614413 147300.33515507262 0.008006877685790776 
893416.9278996858 -59439.93175233149 0.00818920243692483 
896551.7241379303 -263021.0413534253 0.008094299664911696 
899686.5203761748 -463915.77016584075 0.0073433118537159035 
902821.3166144193 -656963.7405786421 0.005845724983366368 
905956.1128526638 -830269.0626043231 0.003862545295068541 
909090.9090909084 -969768.8299344775 0.0018078826986101847 
912225.7053291529 -1065652.2387887212 -3.637354533643066e-05 
915360.5015673974 -1115464.417811398 -0.0016563379031857678 
918495.2978056419 -1121956.890598107 -0.0032037842443034315 
921630.0940438864 -1088378.1030892178 -0.004779282428132004 
924764.8902821309 -1015671.5366532481 -0.006305635156576089 
927899.6865203754 -903659.8315472853 -0.007586813080600656 
931034.4827586199 -754378.2106508133 -0.00846801743732894 
934169.2789968645 -574036.7922025628 -0.008935221590045108 
937304.075235109 -371883.21816831105 -0.009074586613888692 
940438.8714733535 -157351.43956039866 -0.008954828099628085 
943573.667711598 61780.08244715024 -0.008556857139299458 
946708.4639498425 278918.27943404124 -0.007809854336439739 
949843.260188087 486972.8518751146 -0.006682822544652866 
952978.0564263315 677514.7793685395 -0.005236925373464611 
956112.852664576 841687.9374018366 -0.0035962763646518433 
959247.6489028205 972005.5865624227 -0.0018764904100295916 
962382.445141065 1063527.837678907 -0.00013951115884343248 
965517.2413793096 1113756.052467624 0.0015951877629715476 
968652.0376175541 1121770.832226743 0.003307414219318592 
971786.8338557986 1087534.021887892 0.004943414117118431 
974921.6300940431 1011810.5411141855 0.006414299243919638 
978056.4263322876 896578.1995267547 0.007619625350535049 
981191.2225705321 745585.2119880446 0.008480337467661914 
984326.0188087766 564734.5147945402 0.00896608750161346 
987460.8150470211 361950.6990938384 0.009100772174385435 
990595.6112852657 146281.42258722568 0.00893442575671285 
993730.4075235102 -73531.9096925909 0.008494661172101504 
996865.2037617547 -288313.12753295276 0.0076779489999834645 
999999.9999999992 -571878.6351959844 0.010118221759353967 
