#x u 
0.0 116854.14847645583 0.04432210240548979 
3134.796238244514 168186.17291219142 0.039838575925122056 
6269.592476489028 278658.7283341877 0.036823477599558535 
9404.38871473354 376185.35857823864 0.032284939367645045 
12539.184952978056 459226.9160145715 0.02650078556183902 
15673.98119122257 524508.5227660472 0.0196917710832464 
18808.777429467085 569507.4434791612 0.012121278383084466 
21943.5736677116 592483.5254565257 0.004082056118310882 
25078.369905956115 592548.2854681744 -0.00411501914532342 
28213.16614420063 569699.2192133516 -0.012152966729295032 
31347.962382445145 524819.8994705314 -0.019720959416632038 
34482.75862068966 459645.8083273652 -0.026526343133615984 
37617.55485893417 376697.22613585705 -0.03230595387490489 
40752.35109717868 279181.77233890066 -0.036836294248544364 
43887.14733542319 170870.3669126767 -0.039942176114104645 
47021.943573667704 55951.40899257009 -0.04150349510336032 
50156.739811912215 -61131.188408770424 -0.04145987505298008 
53291.53605015673 -175849.8443981351 -0.039813002749139216 
56426.33228840124 -283768.3916331498 -0.03662656269954359 
59561.12852664575 -380713.6227941214 -0.03202377445522901 
62695.92476489026 -462936.6683988685 -0.026182627713836185 
65830.72100313478 -527257.9654847982 -0.019328999462788824 
68965.51724137929 -571190.2112231683 -0.011727919322263872 
72100.3134796238 -593034.5468525965 -0.003673320856905657 
75235.10971786831 -591946.252501677 0.004523324827215108 
78369.90595611282 -567967.4124836962 0.012545053661897714 
81504.70219435733 -522025.2878973696 0.0200816656088058 
84639.49843260185 -455896.4594650866 0.02684172008660864 
87774.29467084636 -372138.12720414717 0.0325638059704246 
90909.09090909087 -273989.2235708553 0.03702665035299087 
94043.88714733538 -165245.1640295311 0.0400576751620376 
97178.68338557989 -50111.07843855589 0.0415396707497019 
100313.4796238244 66960.80120817345 0.041415328386459 
103448.27586206891 181443.3084727295 0.03968945638815201 
106583.07210031342 288909.4078775771 0.0364287941785475 
109717.86833855794 385203.38824844814 0.03175943147761305 
112852.66457680245 466601.5639537039 0.025861932415436682 
115987.46081504696 529956.2697275844 0.018964353122171602 
119122.25705329147 572817.5808013937 0.011333422803615377 
122257.05329153598 593528.0514284302 0.0032642293299941748 
125391.84952978049 591286.808266442 -0.004931191804044192 
128526.645768025 566180.5201282369 -0.012935923883617783 
131661.44200626953 519180.0465010217 -0.020440424134453274 
134796.23824451404 452102.8944361396 -0.027154493733643616 
137931.03448275855 367542.93560026295 -0.032818499790326576 
141065.83072100306 268770.10132779495 -0.03721341534259284 
144200.62695924757 159603.9344640929 -0.04016928912421369 
147335.42319749208 44265.887746344444 -0.041571817575536005 
150470.2194357366 -72783.91966026387 -0.041366764959060526 
153605.0156739811 -187019.17485073797 -0.0395620606539526 
156739.81191222562 -294022.40357859875 -0.03622749252716304 
159874.60815047013 -389655.7938662103 -0.03149200823848968 
163009.40438871464 -470221.2050826915 -0.025538728838040398 
166144.20062695915 -532603.1749426702 -0.018597867480149462 
169278.99686520366 -574389.3943490844 -0.010937827086889784 
172413.79310344817 -593963.9913211021 -0.0028548212142935105 
175548.58934169268 -590570.0167201674 0.005338580517894604 
178683.3855799372 -564338.7154528359 0.01332553948500784 
181818.1818181817 -516284.4512337671 0.020797200198553842 
184952.97805642622 -448265.4811681546 0.02746463373964946 
188087.77429467073 -362912.0969994343 0.03307001063254497 
191222.57053291524 -263524.911798295 0.03739657110351824 
194357.36677115975 -153947.22534398668 0.04027700717549608 
197492.16300940426 -38416.40382520122 0.041599932463028795 
200626.95924764877 78599.97899650465 0.04131418948082037 
203761.75548589329 192576.9027439355 0.03943082790230929 
206896.5517241378 299106.88284056785 0.03602267726909385 
210031.3479623823 394070.4078206102 0.03122153067451672 
213166.14420062682 473795.2407266124 0.025213048328289512 
216300.94043887133 535198.4244138661 0.01822957808117532 
219435.73667711584 575905.4994202893 0.010541170539847523 
222570.53291536035 594342.3242499796 0.0024451362171913297 
225705.32915360486 589795.9473825311 -0.005745451457234978 
228840.12539184937 562442.1770891577 -0.013713862678302702 
231974.9216300939 513338.78293157346 -0.0211519591983603 
235109.7178683384 444384.59184148285 -0.02777211002498434 
238244.5141065829 358246.0605341921 -0.03331831410372227 
241379.31034482742 258254.16369912552 -0.03757609987198429 
244514.10658307193 148275.5852981572 -0.04038081886860177 
247648.90282131644 32563.19397454837 -0.041624012686595296 
250783.69905956095 -84408.41474587379 -0.041257607033146744 
253918.49529780546 -198115.93269158588 -0.03929576992458879 
257053.29153604998 -304162.0363464446 -0.035814353775519656 
260188.0877742945 -398443.8636325999 -0.03094789033278615 
263322.884012539 -477303.8906132198 -0.02488403167935798 
266457.6802507835 -537642.8412985986 -0.01785498614130448 
269592.476489028 -576960.3431226701 -0.01012490875070734 
272727.27272727253 -593286.4648468287 -0.0019721162113221645 
275862.06896551704 -585016.2474862747 0.006332752116114057 
278996.86520376155 -550796.5927577586 0.014545229466932987 
282131.66144200607 -489791.1290339419 0.022446732768356393 
285266.4576802506 -402656.9053506538 0.02980972831352334 
288401.2539184951 -293142.45187398104 0.036332114377168115 
291536.0501567396 -169384.4367085258 0.041582823247787094 
294670.8463949841 -43368.140650120105 0.04502879861577575 
297805.6426332286 72411.80638502698 0.046187428663352625 
300940.43887147313 170017.59498762165 0.04485528307122366 
304075.23510971764 249589.82032108738 0.04126333095700219 
307210.03134796215 318005.38675099413 0.036006739916230365 
310344.82758620667 382545.8094228532 0.02974381986034188 
313479.6238244512 443860.1709274126 0.022860910926077838 
316614.4200626957 494026.59347358264 0.015369736531745863 
319749.2163009402 521842.20867713436 0.007135388346916981 
322884.0125391847 521174.3735770808 -0.00175551362393529 
326018.8087774292 495113.1116688244 -0.010818702555809042 
329153.60501567373 452253.9604824536 -0.01935590000265535 
332288.40125391824 398773.87177929725 -0.02682980505985353 
335423.19749216276 333978.28733364295 -0.03307803478137706 
338557.99373040727 253511.66491958406 -0.038173471446754995 
341692.7899686518 156723.07730639022 -0.042091542282055444 
344827.5862068963 50510.1879077561 -0.044536124381005356 
347962.3824451408 -54362.771056206315 -0.04510754487015115 
351097.1786833853 -150696.00684120806 -0.04363957670160356 
354231.9749216298 -238409.2014232576 -0.04035605943468284 
357366.77115987433 -320685.19507530204 -0.03568533622163115 
360501.56739811884 -396927.85504020547 -0.029926536223306308 
363636.36363636336 -460074.53700609936 -0.023113759965506957 
366771.15987460787 -501203.52312636864 -0.015213436310859682 
369905.9561128524 -516693.59704417933 -0.006437985161007099 
373040.7523510969 -510495.00643753906 0.0026647198193996005 
376175.5485893414 -489189.1361367908 0.011451988828392058 
379310.3448275859 -455066.1097564039 0.019516809934985443 
382445.1410658304 -404498.4114524622 0.026774078356531294 
385579.93730407493 -333286.1132235199 0.03322530432168112 
388714.73354231945 -243290.75195093994 0.038661917384470064 
391849.52978056396 -143297.62004857598 0.04263050673955006 
394984.32601880847 -43094.8792562794 0.04470618225387812 
398119.122257053 53130.05083852095 0.04479434954937747 
401253.9184952975 147277.13111945556 0.04314925197512967 
404388.714733542 241347.29387667167 0.04009310340634238 
407523.5109717865 331434.54020847986 0.03573178638640131 
410658.307210031 408163.11823946703 0.02996387335379094 
413793.10344827553 463247.7929287304 0.02276863776667706 
416927.89968652005 495404.3325870017 0.014463092921163377 
420062.69592476456 509505.6995805743 0.005648778399235447 
423197.49216300907 509960.28254898975 -0.003106390692468593 
426332.2884012536 495334.8535142138 -0.01152874234444868 
429467.0846394981 459902.5393740747 -0.019581015498862986 
432601.8808777426 400482.33377907507 -0.02716044439167488 
435736.6771159871 321345.14883415215 -0.03388348871870092 
438871.4733542316 231969.9685795562 -0.0391959475736856 
442006.26959247614 139926.75918964058 -0.04270381968495513 
445141.06583072065 46260.82546787309 -0.04438669194293258 
448275.86206896516 -51900.28102089465 -0.04447718118428039 
451410.65830720967 -154405.83218715643 -0.043138874005469674 
454545.4545454542 -254257.8876692785 -0.04028444859682234 
457680.2507836987 -341075.9529328377 -0.03572545937001904 
460815.0470219432 -408353.8787863517 -0.02949386403919211 
463949.8432601877 -457019.2816775829 -0.02199241111743389 
467084.6394984322 -491683.0671256734 -0.013808796564268547 
470219.43573667674 -513633.77659177786 -0.005379987418202155 
473354.23197492125 -518026.8060902615 0.003151231539351889 
476489.02821316576 -498276.7254157361 0.011749032612520357 
479623.82445141027 -453057.71107908565 0.020176719679496316 
482758.6206896548 -388548.39437104255 0.02790533257373526 
485893.4169278993 -313531.54720943747 0.03434776932540081 
489028.2131661438 -232442.94163531327 0.03918454600914235 
492163.0094043883 -143589.62777605676 0.04244995866668348 
495297.8056426328 -44295.72432439579 0.04429788657097642 
498432.60188087734 62568.38519345761 0.044701301322751484 
501567.39811912185 167681.65510644368 0.0434067686413326 
504702.19435736636 261091.40820503744 0.040194457834323655 
507836.99059561087 338788.16975743993 0.03517037653292122 
510971.7868338554 403274.58888829494 0.028781242473226113 
514106.5830720999 457675.36861143826 0.021531657572243335 
517241.3793103444 499710.2391408379 0.013693868457083456 
520376.1755485889 521971.7773758415 0.005305931431053594 
523510.9717868334 518293.76321475126 -0.0035509781686641363 
526645.768025078 489566.3608830164 -0.012500080222383496 
529780.5642633225 442911.27451999247 -0.020919791042649665 
532915.360501567 385084.07547810563 -0.02825755878378476 
536050.1567398115 317008.7063341554 -0.034289781971882934 
539184.952978056 235125.5159350189 -0.039067027577567644 
542319.7492163006 138041.5155543911 -0.04261355260706366 
545454.5454545451 31376.021336556434 -0.04470672198489442 
548589.3416927896 -74421.67848830928 -0.04497569053634067 
551724.1379310341 -171127.90493097698 -0.043220633547733145 
554858.9341692786 -257405.19855386374 -0.03961952893333208 
557993.7304075231 -336324.33652655064 -0.03460531902456299 
561128.5266457676 -408507.5817474117 -0.028540313917127774 
564263.3228840121 -468244.29035508685 -0.021525232217153356 
567398.1191222566 -506785.12135363347 -0.01353618296957667 
570532.9153605012 -519451.897884405 -0.0047359808080502585 
573667.7115987457 -509167.32148940116 0.004378648278344695 
576802.5078369902 -482750.1037672087 0.013160917451401353 
579937.3040752347 -443899.370797941 0.02114848274053866 
583072.1003134792 -390239.50940413063 0.028210222538225117 
586206.8965517237 -317493.12931657356 0.03436423984842508 
589341.6927899682 -226325.91252163006 0.03947099177112459 
592476.4890282127 -124575.35654934947 0.04313534514575122 
595611.2852664572 -22410.343443278634 0.04492983839294243 
598746.0815047018 74616.87220556824 0.04471166774293199 
601880.8777429463 167465.72048506982 0.042705232955064176 
605015.6739811908 258613.10093959034 0.03926623687642141 
608150.4702194353 345578.5843112937 0.034575530682045254 
611285.2664576798 419926.08878904907 0.028581962883622677 
614420.0626959243 472927.25867733406 0.021249001065709122 
617554.8589341688 502052.6156846886 0.012838213597001043 
620689.6551724133 511570.1562610199 0.003922108426641062 
623824.4514106578 506705.75833236205 -0.004898119075334635 
626959.2476489024 487560.6439689143 -0.013285385263135005 
630094.0438871469 449202.753796389 -0.021175375740254247 
633228.8401253914 387824.0014699893 -0.028505508288057334 
636363.6363636359 306449.1403355316 -0.0349623988787198 
639498.4326018804 214129.92988727038 -0.04002562138054306 
642633.2288401249 119385.3174091928 -0.0432726591208161 
645768.0250783694 24673.014390882516 -0.044633672161793994 
648902.8213166139 -72432.16336654099 -0.04433548590494311 
652037.6175548584 -172747.15185042605 -0.04259864690105511 
655172.413793103 -270657.43127341534 -0.03940860607202456 
658307.2100313475 -356172.5506217213 -0.03460192838078005 
661442.006269592 -421821.01876100706 -0.02817499285458334 
664576.8025078365 -467261.62022083544 -0.020485744486577067 
667711.598746081 -496922.9818502859 -0.012127344734744808 
670846.3949843255 -513341.49112485023 -0.0035934714670450077 
673981.19122257 -513347.94014871976 0.00492697893044433 
677115.9874608145 -491111.52398598247 0.013420245816925153 
680250.783699059 -444652.79639720893 0.02172337516294472 
683385.5799373036 -378710.30757498066 0.029347842754302564 
686520.3761755481 -300823.547925273 0.035645486714563863 
689655.1724137926 -214946.96247452265 0.04016624803718748 
692789.9686520371 -119778.7027215613 0.04286827157951539 
695924.7648902816 -14012.602433610078 0.04399502775803436 
699059.5611285261 96940.79187014191 0.043765455353297206 
702194.3573667706 200348.83546604507 0.04219077200230143 
705329.1536050151 283311.712371587 0.03917337234060095 
708463.9498432596 341295.90790312627 0.03473795130086385 
711598.7460815042 379894.3679161124 0.029118177864707395 
714733.5423197487 408122.30430641444 0.022601779499296683 
717868.3385579932 429744.36913673393 0.015320550765553095 
721003.1347962377 440772.2473397971 0.007245951012141444 
724137.9310344822 434844.1388277974 -0.0015710454740839731 
727272.7272727267 410383.16304825165 -0.010758068495101726 
730407.5235109712 372142.4975303312 -0.0196501130389173 
733542.3197492157 326015.043065665 -0.027595196716868494 
736677.1159874602 273091.64330022485 -0.03425428043350052 
739811.9122257048 209521.0462932919 -0.03960958473131878 
742946.7084639493 132355.63501546506 -0.04368986306072698 
746081.5047021938 45096.6513809881 -0.046309859404872436 
749216.3009404383 -43090.63088191894 -0.04710187590706802 
752351.0971786828 -123855.76782617168 -0.04580865680569979 
755485.8934169273 -195187.35016964382 -0.04253114751438494 
758620.6896551718 -260319.60944675066 -0.037670775209177554 
761755.4858934163 -321304.710893424 -0.03162500662394945 
764890.2821316608 -374129.4945263432 -0.024551776092065693 
768025.0783699054 -410614.5835214299 -0.0164433154453157 
771159.8746081499 -425184.6887062247 -0.007422291471672538 
774294.6708463944 -419460.5196314753 0.0020623372859032664 
777429.4670846389 -399895.7363268868 0.011358125724849798 
780564.2633228834 -370973.11614731845 0.019934805066435142 
783699.0595611279 -331115.90421192476 0.027584256816787882 
786833.8557993724 -275586.44097685616 0.03429848907253214 
789968.6520376169 -203272.33504154417 0.039967280543032 
793103.4482758614 -120154.04204942305 0.044225468633930926 
796238.244514106 -35722.015100396646 0.046620699335513646 
799373.0407523505 43990.11631809684 0.04693344073615523 
802507.836990595 119546.87446887055 0.04531876878369976 
805642.6332288395 194250.91339495956 0.0421244366035755 
808777.429467084 267470.32946922624 0.03757742007947833 
811912.2257053285 332293.36009675247 0.03166651734595231 
815047.021943573 380089.3727851541 0.02433959593270877 
818181.8181818175 407281.5672347653 0.015800755818817125 
821316.614420062 417299.3030008055 0.006585587118677982 
824451.4106583066 415730.841173173 -0.0026756497847439773 
827586.2068965511 403824.54464502033 -0.011570381159661077 
830721.0031347956 377195.3777915287 -0.019976752476754532 
833855.7993730401 331092.2400018201 -0.027834670594004133 
836990.5956112846 266659.23313122685 -0.034869546825340735 
840125.3918495291 191559.27980113178 -0.04057230206223367 
843260.1880877736 114237.6529057408 -0.044468416749594855 
846394.9843260181 37770.21040962699 -0.046403293859953364 
849529.7805642626 -40342.006277484885 -0.046552200207359194 
852664.5768025072 -122336.94746253474 -0.04515041745499445 
855799.3730407517 -204577.3040878485 -0.04223076613886631 
858934.1692789962 -278185.5794013951 -0.037644999450992124 
862068.9655172407 -335380.0264986805 -0.0313442251608786 
865203.7617554852 -374963.10382648034 -0.023618581112752397 
868338.5579937297 -401297.5692962306 -0.015036959390302664 
871473.3542319742 -417939.1541890137 -0.006140876702128274 
874608.1504702187 -422691.6445773096 0.0027968271910612367 
877742.9467084632 -409328.242622484 0.011707529779418567 
880877.7429467078 -374187.9514404164 0.020438153420461215 
884012.5391849523 -320707.56553170993 0.028555837986523322 
887147.3354231968 -257100.11292313645 0.03546500262006041 
890282.1316614413 -189574.8119237956 0.040726600646299266 
893416.9278996858 -118157.07768667353 0.04425569278168547 
896551.7241379303 -39410.1261862715 0.04619993454557651 
899686.5203761748 46913.687737315806 0.0466350760611421 
902821.3166144193 134403.88560390126 0.045403461386817556 
905956.1128526638 213473.83531874692 0.042268367803965715 
909090.9090909084 278254.7034563604 0.037222170253191675 
912225.7053291529 329775.2251606257 0.030621986854643582 
915360.5015673974 372202.75660577073 0.023005391028796295 
918495.2978056419 406205.209982169 0.01477273655913586 
921630.0940438864 426501.0769044205 0.006060558468783316 
924764.8902821309 426237.7728338504 -0.0030723751353547617 
927899.6865203754 403636.5608882606 -0.012354893928989868 
931034.4827586199 363938.91068891267 -0.02122784774395017 
934169.2789968645 314608.4094186537 -0.029076371644889725 
937304.075235109 258808.9795260539 -0.0355393768786293 
940438.8714733535 193965.10773235024 -0.04058390180482835 
943573.667711598 116841.2535006537 -0.04427812319546391 
946708.4639498425 29704.827042422196 -0.04651195807770343 
949843.260188087 -59013.38445576816 -0.04696702911920527 
952978.0564263315 -140369.64403323538 -0.045373035069114984 
956112.852664576 -211048.76696396177 -0.0417838626251261 
959247.6489028205 -273666.4281071839 -0.036583483408338696 
962382.445141065 -331041.44367591955 -0.030213196607341498 
965517.2413793096 -380578.24244037666 -0.022902065676892455 
968652.0376175541 -414767.29986751825 -0.014676398460181239 
971786.8338557986 -427359.5487598564 -0.005628439851111021 
974921.6300940431 -418786.86502409494 0.0038498093137175255 
978056.4263322876 -395175.4551951445 0.013126209470784512 
981191.2225705321 -362014.12978933833 0.021632300132188764 
984326.0188087766 -319132.80517010915 0.029105727255938935 
987460.8150470211 -262240.01150689734 0.03553020960015795 
990595.6112852657 -189348.08543484248 0.04084942394129086 
993730.4075235102 -105189.42306067582 0.044764467492410705 
996865.2037617547 -21062.482764783075 0.046937329045438965 
999999.9999999992 116854.14846729359 0.04432210240506981 
