#x u 
0.0 533906193571585.94 24473046.008115776 
3134.796238244514 -13361093459584.494 -612442.1898258462 
6269.592476489028 328808943874.55206 15071.817115876867 
9404.38871473354 -13783230308.741375 -631.8224549732327 
12539.184952978056 -5352302664.382308 -245.35992426319325 
15673.98119122257 -5705823736.048882 -261.55567929534277 
18808.777429467085 -5843197083.124182 -267.8431845994375 
21943.5736677116 -5989659731.374755 -274.5471559401875 
25078.369905956115 -6139663259.676846 -281.41363535272444 
28213.16614420063 -6293433876.37351 -288.45335294475115 
31347.962382445145 -6451055076.341075 -295.67047536481215 
34482.75862068966 -6612615953.985613 -303.06939102858627 
37617.55485893417 -6778207831.794923 -310.6545437906077 
40752.35109717868 -6947924724.8891325 -318.43044426827373 
43887.14733542319 -7121863704.045582 -326.40167870370914 
47021.943573667704 -7300125206.964084 -334.57291794408286 
50156.739811912215 -7482813286.673168 -342.948926235628 
53291.53605015673 -7670035826.845623 -351.534571301863 
56426.33228840124 -7861904752.745118 -360.3348370022467 
59561.12852664575 -8058536227.990479 -369.3548380215832 
62695.92476489026 -8260050794.045203 -378.59983438329124 
65830.72100313478 -8466573417.35597 -388.07524386805176 
68965.51724137929 -8678233452.587183 -397.786652333312 
72100.3134796238 -8895164565.959242 -407.73982348317446 
75235.10971786831 -9117504655.067118 -417.94070923596433 
78369.90595611282 -9345395760.539633 -428.39545994589224 
81504.70219435733 -9578983935.682789 -439.11043236814237 
84639.49843260185 -9818419054.519112 -450.0921939282365 
87774.29467084636 -10063854582.839535 -461.34752392376566 
90909.09090909087 -10315447365.67519 -472.8834136534667 
94043.88714733538 -10573357468.205585 -484.7070667853516 
97178.68338557989 -10837748062.816416 -496.8258993358267 
100313.4796238244 -11108785328.973772 -509.24753753392054 
103448.27586206891 -11386638351.209227 -521.9798128002831 
106583.07210031342 -11671479043.019932 -535.0307551273714 
109717.86833855794 -11963482144.845467 -548.4085871900916 
112852.66457680245 -12262825319.531277 -562.1217204863553 
115987.46081504696 -12569689323.013052 -576.1787528048357 
119122.25705329147 -12884258207.154732 -590.5884654438719 
122257.05329153598 -13206719535.233046 -605.3598197551828 
125391.84952978049 -13537264631.513962 -620.5019545129854 
128526.645768025 -13876088899.782166 -636.024186249838 
131661.44200626953 -14223392215.891949 -651.936013342027 
134796.23824451404 -14579379356.391176 -668.2471226428366 
137931.03448275855 -14944260412.937449 -684.9673968631924 
141065.83072100306 -15318251172.380217 -702.1069222265068 
144200.62695924757 -15701573482.627415 -719.6759976971379 
147335.42319749208 -16094455632.521122 -737.6851473674108 
150470.2194357366 -16497132742.15898 -756.1451360344556 
153605.0156739811 -16909847122.91283 -775.066986188794 
156739.81191222562 -17332848563.936115 -794.4619944152752 
159874.60815047013 -17766394537.844975 -814.3417467446401 
163009.40438871464 -18210750356.21067 -834.7181341309665 
166144.20062695915 -18666189307.736645 -855.6033692387792 
169278.99686520366 -19132992778.77374 -877.0100041198048 
172413.79310344817 -19611450324.581963 -898.9509468616803 
175548.58934169268 -20101859665.239716 -921.4394754945388 
178683.3855799372 -20604526617.92812 -944.4892491477083 
181818.1818181817 -21119765009.097424 -968.1143178996019 
184952.97805642622 -21647896604.12389 -992.3291325083374 
188087.77429467073 -22189251056.582542 -1017.1485536193892 
191222.57053291524 -22744165852.76459 -1042.5878588869994 
194357.36677115975 -23312986237.54335 -1068.6627469986715 
197492.16300940426 -23896065143.35924 -1095.3893393137148 
200626.95924764877 -24493763166.595245 -1122.7841809559764 
203761.75548589329 -25106448620.871925 -1150.864242630106 
206896.5517241378 -25734497660.007896 -1179.6469228530666 
210031.3479623823 -26378294442.2127 -1209.1500494292738 
213166.14420062682 -27038231321.52905 -1239.3918797624099 
216300.94043887133 -27714709084.479687 -1270.3911011542125 
219435.73667711584 -28408137263.153763 -1302.1668329299189 
222570.53291536035 -29118934535.070118 -1334.738631336894 
225705.32915360486 -29847529186.042553 -1368.1264966457795 
228840.12539184937 -30594359599.303947 -1402.3508813156443 
231974.9216300939 -31359874753.497032 -1437.4326989774072 
235109.7178683384 -32144534740.771717 -1473.3933352866652 
238244.5141065829 -32948811322.414207 -1510.254661943833 
241379.31034482742 -33773188516.68016 -1548.0390540801386 
244514.10658307193 -34618163186.61513 -1586.769409901762 
247648.90282131644 -35484245593.32072 -1626.4691712898737 
250783.69905956095 -36371959904.280205 -1667.1623450631298 
253918.49529780546 -37281844671.04031 -1708.8735256360924 
257053.29153604998 -38214453290.64185 -1751.627919704918 
260188.0877742945 -39170354443.22526 -1795.4513724796989 
263322.884012539 -40150132480.56315 -1840.3703940715097 
266457.6802507835 -41154387747.74543 -1886.4121848904044 
269592.476489028 -42183736845.84873 -1933.6046599999997 
272727.27272727253 -43238812860.851265 -1981.9764731037953 
275862.06896551704 -44320265576.918526 -2031.5570404618745 
278996.86520376155 -45428761671.42139 -2082.376564060855 
282131.66144200607 -46564984879.86479 -2134.466052943142 
285266.4576802506 -47729636132.4596 -2187.8573422533314 
288401.2539184951 -48923433685.548096 -2242.5831105944626 
291536.0501567396 -50147113276.956436 -2298.6768966155423 
294670.8463949841 -51401428318.90546 -2356.173115105408 
297805.6426332286 -52687150123.572945 -2415.107072078087 
300940.43887147313 -54005068155.77626 -2475.5149783715806 
304075.23510971764 -55355990324.352516 -2537.4339621495633 
307210.03134796215 -56740743337.46814 -2600.9020814366945 
310344.82758620667 -58160173139.44635 -2665.9583376190194 
313479.6238244512 -59615145423.996086 -2732.642689973616 
316614.4200626957 -61106546204.58744 -2800.9960708069575 
319749.2163009402 -62635282431.33879 -2871.060401288005 
322884.0125391847 -64202282663.34448 -2942.878608983562 
326018.8087774292 -65808497811.26687 -3016.494648304109 
329153.60501567373 -67454901948.25262 -3091.9535241658014 
332288.40125391824 -69142493165.62596 -3169.3013180486596 
335423.19749216276 -70872294448.06886 -3248.5852154886798 
338557.99373040727 -72645354563.5451 -3329.8535350453485 
341692.7899686518 -74462748981.51561 -3413.1557598086383 
344827.5862068963 -76325580824.5424 -3498.542572360014 
347962.3824451408 -78234981828.15346 -3586.0658928894723 
351097.1786833853 -80192113263.84685 -3675.778919235977 
354231.9749216298 -82198166795.29723 -3767.7361680286003 
357366.77115987433 -84254365277.02994 -3861.993517365701 
360501.56739811884 -86361963530.35619 -3958.6082519768297 
363636.36363636336 -88522249119.11212 -4057.6391106643914 
366771.15987460787 -90736543114.38258 -4159.146333994215 
369905.9561128524 -93006200822.96394 -4263.1917096702355 
373040.7523510969 -95332612477.30066 -4369.838614634651 
376175.5485893414 -97717203919.00456 -4479.152055332734 
379310.3448275859 -100161437310.4376 -4591.198708508661 
382445.1410658304 -102666811868.45045 -4706.046963561691 
385579.93730407493 -105234864570.46414 -4823.766965467965 
388714.73354231945 -107867170786.55443 -4944.430656839365 
391849.52978056396 -110565344848.6601 -5068.111819292118 
394984.32601880847 -113331040629.56737 -5194.886115951276 
398119.122257053 -116165952212.31996 -5324.831136355543 
401253.9184952975 -119071814680.45738 -5458.026442357384 
404388.714733542 -122050405005.74275 -5594.553611510296 
407523.5109717865 -125103543009.00363 -5734.496275428557 
410658.307210031 -128233092416.92572 -5877.940154242341 
413793.10344827553 -131440962070.42557 -6024.973091307331 
416927.89968652005 -134729107306.11497 -6175.6850919694725 
420062.69592476456 -138099531451.38916 -6330.168367058642 
423197.49216300907 -141554287324.1939 -6488.517379364297 
426332.2884012536 -145095478666.30792 -6650.828892262412 
429467.0846394981 -148725261533.72824 -6817.202022766359 
432601.8808777426 -152445845728.84082 -6987.738302730126 
435736.6771159871 -156259496328.22025 -7162.541749385655 
438871.4733542316 -160168535274.59872 -7341.7189417918 
442006.26959247614 -164175342957.8844 -7525.37909761499 
445141.06583072065 -168282359760.23395 -7713.634147298653 
448275.86206896516 -172492087632.47314 -7906.59880759717 
451410.65830720967 -176807091799.27548 -8104.390658662031 
454545.4545454542 -181230002613.89948 -8307.130226129088 
457680.2507836987 -185763517469.4252 -8514.941064994293 
460815.0470219432 -190410402638.61517 -8727.949840730234 
463949.8432601877 -195173494998.93704 -8946.286406923378 
467084.6394984322 -200055703718.98917 -9170.083883912215 
470219.43573667674 -205060012013.1704 -9399.47874387189 
473354.23197492125 -210189478980.20135 -9634.610903123357 
476489.02821316576 -215447241426.75082 -9875.623816759722 
479623.82445141027 -220836515569.3363 -10122.664569971052 
482758.6206896548 -226360598626.36072 -10375.88396568123 
485893.4169278993 -232022870440.32227 -10635.436613909571 
489028.2131661438 -237826795271.93295 -10901.48102838446 
492163.0094043883 -243775923774.62717 -11174.179729945858 
495297.8056426328 -249873895024.6896 -11453.699350331843 
498432.60188087734 -256124438489.19897 -11740.210730448985 
501567.39811912185 -262531375955.68045 -12033.889013906484 
504702.19435736636 -269098623571.8044 -12334.913742467923 
507836.99059561087 -275830194110.0982 -12643.468958695312 
510971.7868338554 -282730199406.2553 -12959.74331356197 
514106.5830720999 -289802852793.57806 -13283.930171142089 
517241.3793103444 -297052471413.7874 -13616.227705221016 
520376.1755485889 -304483478483.416 -13956.83899186606 
523510.9717868334 -312100405742.25354 -14305.972108808524 
526645.768025078 -319907896260.04755 -14663.840250227418 
529780.5642633225 -327910707585.87354 -15030.66185676416 
532915.360501567 -336113715093.0091 -15406.660754576626 
536050.1567398115 -344521915433.1135 -15792.066300029068 
539184.952978056 -353140430182.3213 -16187.113534325892 
542319.7492163006 -361974509820.2784 -16592.04335503068 
545454.5454545451 -371029538015.9663 -17007.102703686025 
548589.3416927896 -380311035930.10535 -17432.544756568863 
551724.1379310341 -389824666142.4731 -17868.629100873794 
554858.9341692786 -399576236002.10297 -18315.621887209756 
557993.7304075231 -409571700536.6116 -18773.795964694196 
561128.5266457676 -419817165264.45984 -19243.43101433586 
564263.3228840121 -430318889190.3811 -19724.813693377517 
567398.1191222566 -441083288059.2291 -20218.23779377509 
570532.9153605012 -452116937844.01117 -20724.00441334128 
573667.7115987457 -463426578537.8582 -21242.42214231559 
576802.5078369902 -475019118436.1906 -21773.807273404447 
579937.3040752347 -486901638997.50256 -22318.484038813323 
583072.1003134792 -499081400043.40845 -22876.78486274856 
586206.8965517237 -511565844771.59045 -23449.050604714957 
589341.6927899682 -524362604116.2344 -24035.630771753225 
592476.4890282127 -537479500420.2447 -24636.883697502126 
595611.2852664572 -550924550860.1566 -25253.176707880397 
598746.0815047018 -564705971211.244 -25884.886299983064 
601880.8777429463 -578832180278.0089 -26532.398348852475 
605015.6739811908 -593311804924.838 -27196.10833899328 
608150.4702194353 -608153685471.6344 -27876.421609814366 
611285.2664576798 -623366881340.9572 -28573.753609869756 
614420.0626959243 -638960677011.5007 -29288.53016259005 
617554.8589341688 -654944588285.4213 -30021.187744125684 
620689.6551724133 -671328368645.329 -30772.173763390565 
623824.4514106578 -688122015361.9094 -31541.94682920456 
626959.2476489024 -705335775242.9419 -32330.97700002336 
630094.0438871469 -722980150350.3876 -33139.74603176309 
633228.8401253914 -741065904243.7455 -33968.747649856356 
636363.6363636359 -759604069065.2792 -34818.487860552836 
639498.4326018804 -778605953244.3153 -35689.48529177242 
642633.2288401249 -798083149249.8655 -36582.27153782464 
645768.0250783694 -818047540985.9655 -37497.39148981397 
648902.8213166139 -838511310932.3685 -38435.40365676702 
652037.6175548584 -859486947484.0126 -39396.8804985054 
655172.413793103 -880987252807.1227 -40382.40878497052 
658307.2100313475 -903025351080.5734 -41392.58997600992 
661442.006269592 -925614696716.9866 -42428.04060295683 
664576.8025078365 -948769082349.4437 -43489.39264200725 
667711.598746081 -972502646813.432 -44577.29388963524 
670846.3949843255 -996829883559.5479 -45692.40835964334 
673981.19122257 -1021765649661.3749 -46835.41670894094 
677115.9874608145 -1047325175113.012 -48007.01667754896 
680250.783699059 -1073524071953.1877 -49207.92352107003 
683385.5799373036 -1100378343103.478 -50438.87042991733 
686520.3761755481 -1127904391320.0095 -51700.60895306385 
689655.1724137926 -1156119028791.0706 -52993.90945019783 
692789.9686520371 -1185039487506.9404 -54319.561577600994 
695924.7648902816 -1214683429991.6028 -55678.37478853402 
699059.5611285261 -1245068959882.9924 -57071.178824269584 
702194.3573667706 -1276214632302.8518 -58498.82419283883 
705329.1536050151 -1308139464504.4368 -59962.18265773875 
708463.9498432596 -1340862947347.002 -61462.147761736676 
711598.7460815042 -1374405057639.2996 -62999.6353877924 
714733.5423197487 -1408786270840.276 -64575.58433382534 
717868.3385579932 -1444027573590.2666 -66190.95687747016 
721003.1347962377 -1480150476100.3547 -67846.73933246284 
724137.9310344822 -1517177024975.467 -69543.94262348484 
727272.7272727267 -1555129817001.1116 -71283.6029042547 
730407.5235109712 -1594032013812.0457 -73066.78221565875 
733542.3197492157 -1633907356816.3577 -74894.5691557534 
736677.1159874602 -1674780181852.81 -76768.07953824878 
739811.9122257048 -1716675433721.7786 -78688.45704642426 
742946.7084639493 -1759618681261.7927 -80656.87391374887 
746081.5047021938 -1803636133473.0156 -82674.5316545901 
749216.3009404383 -1848754656475.6165 -84742.66183561606 
752351.0971786828 -1895001790579.1858 -86862.52685493956 
755485.8934169273 -1942405766982.5615 -89035.42070709921 
758620.6896551718 -1990995524388.8042 -91262.66974695129 
761755.4858934163 -2040800726310.6716 -93545.63348792025 
764890.2821316608 -2091851779528.4998 -95885.70545559035 
768025.0783699054 -2144179853356.131 -98284.3140805595 
771159.8746081499 -2197816898917.5527 -100742.92359363424 
774294.6708463944 -2252795668033.904 -103263.03490456252 
777429.4670846389 -2309149732173.881 -105846.18648456999 
780564.2633228834 -2366913502338.145 -108493.95529206924 
783699.0595611279 -2426122250273.917 -111207.95775914959 
786833.8557993724 -2486812130528.753 -113989.85081579859 
789968.6520376169 -2549020202486.1147 -116841.33291203712 
793103.4482758614 -2612784452086.6797 -119764.14502393398 
796238.244514106 -2678143813860.27 -122760.07167173935 
799373.0407523505 -2745138194204.175 -125830.94199271308 
802507.836990595 -2813808496194.7676 -128978.63088157606 
805642.6332288395 -2884196645271.0894 -132205.0601681467 
808777.429467084 -2956345614880.2026 -135512.19979042903 
811912.2257053285 -3030299451909.104 -138902.06895521458 
815047.021943573 -3106103302692.4805 -142376.73732257687 
818181.8181818175 -3183803440558.5806 -145938.32625866018 
821316.614420062 -3263447295047.1665 -149589.01016328737 
824451.4106583066 -3345083481953.332 -153331.01783404598 
827586.2068965511 -3428761833254.6265 -157166.6338241564 
830721.0031347956 -3514533426893.48 -161098.19979337408 
833855.7993730401 -3602450617367.9854 -165128.11589616386 
836990.5956112846 -3692567068089.7705 -169258.84225163644 
840125.3918495291 -3784937785463.0347 -173492.9004936526 
843260.1880877736 -3879619153662.0977 -177832.8753546863 
846394.9843260181 -3976668969175.616 -182281.41624112843 
849529.7805642626 -4076146475278.5234 -186841.23880772642 
852664.5768025072 -4178112397556.486 -191515.12658293959 
855799.3730407517 -4282628981416.751 -196305.9326881315 
858934.1692789962 -4389760031345.747 -201216.58163962408 
862068.9655172407 -4499570950739.45 -206250.07117970136 
865203.7617554852 -4612128781439.103 -211409.47409659636 
868338.5579937297 -4727502243364.236 -216697.94005113133 
871473.3542319742 -4845761775539.445 -222118.69746904954 
874608.1504702187 -4966979579393.782 -227675.05553886967 
877742.9467084632 -5091229663882.337 -233370.40629410945 
880877.7429467078 -5218587891127.333 -239208.22671962949 
884012.5391849523 -5349132021821.326 -245192.08084682387 
887147.3354231968 -5482941761038.524 -251325.62186673022 
890282.1316614413 -5620098805897.824 -257612.5943267192 
893416.9278996858 -5760686895851.349 -264056.83644576994 
896551.7241379303 -5904791864908.009 -270662.28251628863 
899686.5203761748 -6052501694375.69 -277432.9653272368 
902821.3166144193 -6203906565507.467 -284373.01858018094 
905956.1128526638 -6359098912955.855 -291486.67933959333 
909090.9090909084 -6518173480581.503 -298778.2905882831 
912225.7053291529 -6681227380224.058 -306252.303915919 
915360.5015673974 -6848360152476.485 -313913.2822969078 
918495.2978056419 -7019673827953.718 -321765.90288875776 
921630.0940438864 -7195272988619.353 -329814.95983131934 
924764.8902821309 -7375264830332.95 -338065.3671006467 
927899.6865203754 -7559759228221.797 -346522.1614915095 
931034.4827586199 -7748868805267.367 -355190.5057469813 
934169.2789968645 -7942709002872.676 -364075.6917791001 
937304.075235109 -8141398151852.494 -373183.14390973013 
940438.8714733535 -8345057543640.068 -382518.422122667 
943573.667711598 -8553811503139.619 -392087.2253929686 
946708.4639498425 -8767787464849.723 -401895.395168385 
949843.260188087 -8987116052397.049 -411948.91900958586 
952978.0564263315 -9211931159989.303 -422253.9343210502 
956112.852664576 -9442370034246.508 -432816.73210208636 
959247.6489028205 -9678573356493.615 -443643.7607217903 
962382.445141065 -9920685327218.318 -454741.6297959271 
965517.2413793096 -10168853754301.932 -466117.1142392311 
968652.0376175541 -10423230144884.893 -477777.1584864604 
971786.8338557986 -10683969799146.09 -489728.8808029441 
974921.6300940431 -10951231904540.172 -501979.5776174212 
978056.4263322876 -11225179630914.104 -514536.7278959778 
981191.2225705321 -11505980228466.65 -527407.9976465459 
984326.0188087766 -11793805130085.062 -540601.2446237392 
987460.8150470211 -12088830057605.918 -554124.5232127237 
990595.6112852657 -12391235130072.008 -567986.0894033586 
993730.4075235102 -12701204972716.842 -582194.4057918383 
996865.2037617547 -13018928826193.887 -596758.1467034703 
999999.9999999992 -13344600685766.674 -611686.202274108 
