#x u 
0.0 -212665.23213796748 0.011961264189966922 
3134.796238244514 -292028.90195148287 0.01671865051771796 
6269.592476489028 -479084.677485649 0.015375531820303281 
9404.38871473354 -646530.7292384536 0.013487508372758987 
12539.184952978056 -788985.904139179 0.011077444377838336 
15673.98119122257 -900930.1048053706 0.008239057643638519 
18808.777429467085 -978035.4056716803 0.00508206479504561 
21943.5736677116 -1017320.1027490661 0.0017285486810537727 
25078.369905956115 -1017265.0588100496 -0.0016918103640281112 
28213.16614420063 -977872.4024012369 -0.00504674714785121 
31347.962382445145 -900665.4464861148 -0.008206526355170898 
34482.75862068966 -788629.7819738793 -0.011048959409006114 
37617.55485893417 -646097.8249986275 -0.013464129499596793 
40752.35109717868 -478581.28250396997 -0.015358642064482685 
43887.14733542319 -292558.014683727 -0.016659236353722278 
47021.943573667704 -95221.53630242412 -0.017315618421123072 
50156.739811912215 105797.15632722809 -0.017302405989788508 
53291.53605015673 302724.67576654616 -0.01662010998408304 
56426.33228840124 487945.84013410145 -0.015295114772200403 
59561.12852664575 654298.1519842972 -0.013378657883354558 
62695.92476489026 795348.7718911385 -0.010944848653909604 
65830.72100313478 905643.2761763688 -0.008087802421358446 
68965.51724137929 980916.5793247473 -0.004918001086675274 
72100.3134796238 1018257.8647134858 -0.001558020781591082 
75235.10971786831 1016223.145814011 0.0018622081470680034 
78369.90595611282 974891.1053065454 0.005210425531490143 
81504.70219435733 895860.0527771311 0.00835715586377702 
84639.49843260185 782186.1162726864 0.011180715195438336 
87774.29467084636 638265.054319805 0.013571917000398625 
90909.09090909087 469662.2795236612 0.015438294072941092 
94043.88714733538 282897.73607654596 0.016707670021214475 
97178.68338557989 85193.85554588959 0.01733094657433533 
100313.4796238244 -115804.42733373532 0.01728403397553229 
103448.27586206891 -312327.1111863931 0.016568865365984765 
106583.07210031342 -496777.10887297674 0.015213208129693762 
109717.86833855794 -662007.210734741 0.013268819326321457 
112852.66457680245 -801586.8142836615 0.01080900178857782 
115987.46081504696 -910137.1138337043 0.007929735310677597 
119122.25705329147 -983721.291772788 0.004754316425207718 
122257.05329153598 -1019835.0481835024 0.0014211782478153118 
125391.84952978049 -1016462.0789781563 -0.0019691964434453923 
128526.645768025 -971340.2492190613 -0.005395371808055927 
131661.44200626953 -884561.2438977681 -0.008800635518026729 
134796.23824451404 -764206.2718482261 -0.011836701452083473 
137931.03448275855 -626445.1878364111 -0.013858310083982119 
141065.83072100306 -483581.33584036893 -0.014467516081135525 
144200.62695924757 -332201.05595137406 -0.014050468286729727 
147335.42319749208 -160335.4903017097 -0.01344024731448036 
150470.2194357366 33600.34126193019 -0.013037741496646636 
153605.0156739811 236435.04748601158 -0.012598528819700439 
156739.81191222562 432627.0310009989 -0.011786735507544532 
159874.60815047013 612089.3388603313 -0.010519149450252094 
163009.40438871464 767882.1684447532 -0.008844788166573782 
166144.20062695915 893981.0152234358 -0.006828399162326579 
169278.99686520366 985509.6401821906 -0.004547956146084887 
172413.79310344817 1038928.6338550276 -0.0020916437879666787 
175548.58934169268 1052172.285193032 0.00044555237918877347 
178683.3855799372 1024728.4625550796 0.002965519047821725 
181818.1818181817 957658.417824628 0.00537080917461695 
184952.97805642622 853555.7478279185 0.007568410255048467 
188087.77429467073 716446.1000144478 0.009473341114428534 
191222.57053291524 551631.5007783443 0.01101193812764769 
194357.36677115975 365485.3262402746 0.012124703789576976 
197492.16300940426 165205.84396423644 0.012768607481991347 
200626.95924764877 -41462.14385558474 0.012918749466419462 
203761.75548589329 -246526.7916874103 0.012569323756360733 
206896.5517241378 -442058.25511368294 0.011733842634627196 
210031.3479623823 -620495.3377014648 0.010444614133730554 
213166.14420062682 -774937.882265182 0.0087514926851337 
216300.94043887133 -899413.5997594479 0.006719951249726589 
219435.73667711584 -989109.0175358594 0.004428549480189181 
222570.53291536035 -1040555.6162008735 0.001965895821334619 
225705.32915360486 -1051763.9571674895 -0.0005727789760688797 
228840.12539184937 -1022300.6141919168 -0.0030893044258695846 
231974.9216300939 -953304.9339547642 -0.005486366556591946 
235109.7178683384 -847444.977555538 -0.007671271040096958 
238244.5141065829 -708814.3466616676 -0.009559527678758556 
241379.31034482742 -542773.8840421023 -0.011078117639134126 
244514.10658307193 -355744.36992158403 -0.012168317088290177 
247648.90282131644 -154958.2305820098 -0.012787968042842811 
250783.69905956095 51820.13936741143 -0.012913108617041648 
253918.49529780546 256594.62592091542 -0.012538899628247387 
257053.29153604998 451446.6051897758 -0.011679811727994401 
260188.0877742945 628841.1563751515 -0.010369065822284973 
263322.884012539 781918.4369527666 -0.008657348420047485 
266457.6802507835 904758.952598867 -0.006610851587199084 
269592.476489028 992612.4638765461 -0.004308713301236642 
272727.27272727253 1042081.6778670398 -0.0018399571877748037 
275862.06896551704 1051253.6213955404 0.0006999500206626236 
278996.86520376155 1019773.6156524296 0.0032127901806223973 
282131.66144200607 948858.991613311 0.0056013918306880225 
285266.4576802506 841252.0158829141 0.007773387809279952 
288401.2539184951 701113.8473192271 0.009644787090310043 
291536.0501567396 533863.6251323544 0.011143222713902029 
294670.8463949841 345968.9109169746 0.012210750214783829 
297805.6426332286 144695.58821939034 0.012806088333201723 
300940.43887147313 -62173.10898383579 0.012906215360124918 
304075.23510971764 -266637.573734465 0.012507259386114649 
307210.03134796215 -460791.17067855113 0.011624648027958094 
310344.82758620667 -637125.9854429738 0.010292511843142164 
313479.6238244512 -788823.1554823585 0.0085623645021131 
316614.4200626957 -910016.5553103543 0.0065011107560256146 
319749.2163009402 -996019.6394144502 0.004188459231814625 
322884.0125391847 -1043506.6708449261 0.0017138401017352824 
326018.8087774292 -1050641.3273732718 -0.0008270531789937273 
329153.60501567373 -1017147.7120233838 -0.0033359643355302016 
332288.40125391824 -944321.0220002135 -0.00571587384091434 
335423.19749216276 -834977.4634486791 -0.007874750658567697 
338557.99373040727 -693345.3488377667 -0.009729111080002885 
341692.7899686518 -524901.5882310547 -0.011207247037585959 
344827.5862068963 -336159.8973218247 -0.012251999053583606 
347962.3824451408 -134418.91222235432 -0.012822966595630125 
351097.1786833853 72520.04859828865 -0.01289807036422764 
354231.9749216298 276654.6610896687 -0.012474406098664 
357366.77115987433 470091.04527583567 -0.011568356884696429 
360501.56739811884 645349.0213817311 -0.010214959621065764 
363636.36363636336 795651.3681839508 -0.008466550143564306 
366771.15987460787 915185.897973218 -0.006390739399673091 
369905.9561128524 999330.2136968129 -0.004067798935040747 
373040.7523510969 1044830.45692831 -0.0015875567949717442 
376175.5485893414 1049927.134485429 0.000954076123670111 
379310.3448275859 1014423.1579840825 0.003458814944264334 
382445.1410658304 939691.4652408911 0.005829801483969885 
385579.93730407493 828621.9288047315 0.00797534975705114 
388714.73354231945 685509.6046629779 0.009812491469480971 
391849.52978056396 515888.6425419636 0.011270184400639597 
394984.32601880847 326318.2804858746 0.012292059604075863 
398119.122257053 124129.19929795426 0.012838601193150731 
401253.9184952975 -82859.95468903695 0.012888674419310863 
404388.714733542 -286644.9164562722 0.012440342952247094 
407523.5109717865 -479345.3270119018 0.011510943757735387 
410658.307210031 -653509.4666613698 0.010136416677636373 
413793.10344827553 -802402.4128076286 0.008369914637176977 
416927.89968652005 -920266.4792268703 0.006279748222761404 
420062.69592476456 -1002543.865639976 0.003946744113431346 
423197.49216300907 -1046052.9077267555 0.001461119515361112 
426332.2884012536 -1049111.1119996516 -0.0010810065350792715 
429467.0846394981 -1011600.2177816652 -0.003581330091875935 
432601.8808777426 -934970.7703435535 -0.005943163710320192 
435736.6771159871 -822186.0283572164 -0.008075175347895452 
438871.4733542316 -677607.374762533 -0.009894920171905568 
442006.26959247614 -506825.66220635164 -0.011332028698938188 
445141.06583072065 -316445.0149209733 -0.012330927980896243 
448275.86206896516 -113827.4474176708 -0.01285299060940635 
451410.65830720967 93191.82441650308 -0.01287802843666206 
454545.4545454542 296607.3709063788 -0.01240507325055669 
457680.2507836987 488553.11833894864 -0.011452414215419354 
460815.0470219432 661606.5298223324 -0.010056890630522203 
463949.8432601877 809075.6345877999 -0.008272467355368207 
467084.6394984322 925257.8063194515 -0.006168147990025166 
470219.43573667674 1005660.2835605119 -0.0038253065077667146 
473354.23197492125 1047173.9046780578 -0.0013345405257137364 
476489.02821316576 1048193.3390597567 0.0012078321025833698 
479623.82445141027 1008679.1652054803 0.0037034978959516714 
482758.6206896548 930159.3951556542 0.006055949525268963 
485893.4169278993 815670.3863067424 0.008174217749285949 
489028.2131661438 669639.4255523738 0.009976389192739238 
492163.0094043883 497713.5262182084 0.011392773934370088 
495297.8056426328 306541.0582084863 0.012368600414305623 
498432.60188087734 103514.65572059814 0.012866133448806282 
501567.39811912185 -103514.65572054079 0.012866133448806352 
504702.19435736636 -306541.05820842995 0.01236860041430586 
507836.99059561087 -497713.52621815575 0.011392773934370461 
510971.7868338554 -669639.4255523268 0.00997638919273974 
514106.5830720999 -815670.3863067046 0.008174217749286544 
517241.3793103444 -930159.395155626 0.006055949525269599 
520376.1755485889 -1008679.1652054634 0.003703497895952337 
523510.9717868334 -1048193.3390597518 0.0012078321025840713 
526645.768025078 -1047173.9046780645 -0.0013345405257130251 
529780.5642633225 -1005660.28356053 -0.003825306507765987 
532915.360501567 -925257.8063194802 -0.006168147990024526 
536050.1567398115 -809075.634587838 -0.008272467355367633 
539184.952978056 -661606.5298223775 -0.010056890630521767 
542319.7492163006 -488553.11833899905 -0.011452414215419027 
545454.5454545451 -296607.37090643425 -0.012405073250556507 
548589.3416927896 -93191.82441656193 -0.01287802843666202 
551724.1379310341 113827.44741761097 -0.012852990609406452 
554858.9341692786 316445.01492091565 -0.012330927980896474 
557993.7304075231 506825.6622062992 -0.011332028698938543 
561128.5266457676 677607.3747624878 -0.009894920171906012 
564263.3228840121 822186.0283571803 -0.008075175347895976 
567398.1191222566 934970.7703435267 -0.005943163710320812 
570532.9153605012 1011600.2177816485 -0.0035813300918766354 
573667.7115987457 1049111.1119996468 -0.0010810065350800124 
576802.5078369902 1046052.9077267624 0.0014611195153603463 
579937.3040752347 1002543.865639994 0.003946744113430631 
583072.1003134792 920266.4792268979 0.006279748222760778 
586206.8965517237 802402.4128076659 0.008369914637176496 
589341.6927899682 653509.4666614152 0.01013641667763595 
592476.4890282127 479345.32701195416 0.011510943757735077 
595611.2852664572 286644.91645632946 0.012440342952246905 
598746.0815047018 82859.95468909599 0.012888674419310766 
601880.8777429463 -124129.19929789643 0.012838601193150759 
605015.6739811908 -326318.2804858198 0.012292059604076078 
608150.4702194353 -515888.6425419135 0.01127018440063995 
611285.2664576798 -685509.6046629336 0.009812491469481446 
614420.0626959243 -828621.928804695 0.007975349757051744 
617554.8589341688 -939691.4652408641 0.0058298014839705415 
620689.6551724133 -1014423.1579840665 0.0034588149442650357 
623824.4514106578 -1049927.1344854247 0.0009540761236708566 
626959.2476489024 -1044830.456928318 -0.0015875567949710106 
630094.0438871469 -999330.2136968325 -0.00406779893504005 
633228.8401253914 -915185.8979732478 -0.006390739399672412 
636363.6363636359 -795651.3681839909 -0.008466550143563695 
639498.4326018804 -645349.021381779 -0.01021495962106523 
642633.2288401249 -470091.0452758897 -0.011568356884695999 
645768.0250783694 -276654.6610897271 -0.012474406098663715 
648902.8213166139 -72520.04859834893 -0.012898070364227486 
652037.6175548584 134418.91222229443 -0.012822966595630132 
655172.413793103 336159.8973217678 -0.0122519990535838 
658307.2100313475 524901.5882310029 -0.011207247037586292 
661442.006269592 693345.348837722 -0.009729111080003357 
664576.8025078365 834977.4634486424 -0.007874750658568243 
667711.598746081 944321.0220001875 -0.005715873840914962 
670846.3949843255 1017147.712023369 -0.0033359643355308824 
673981.19122257 1050641.3273732678 -0.0008270531789944556 
677115.9874608145 1043506.6708449329 0.0017138401017345929 
680250.783699059 996019.6394144688 0.004188459231813995 
683385.5799373036 910016.5553103838 0.006501110756024971 
686520.3761755481 788823.1554823976 0.008562364502112549 
689655.1724137926 637125.9854430212 0.010292511843141689 
692789.9686520371 460791.17067860503 0.011624648027957766 
695924.7648902816 266637.5737345219 0.012507259386114468 
699059.5611285261 62173.10898389406 0.012906215360124929 
702194.3573667706 -144695.58821933242 0.0128060883332019 
705329.1536050151 -345968.9109169191 0.012210750214784105 
708463.9498432596 -533863.6251323032 0.011143222713902386 
711598.7460815042 -701113.8473191836 0.009644787090310514 
714733.5423197487 -841252.0158828788 0.007773387809280492 
717868.3385579932 -948858.9916132856 0.005601391830688668 
721003.1347962377 -1019773.6156524145 0.0032127901806230956 
724137.9310344822 -1051253.621395536 0.0006999500206633676 
727272.7272727267 -1042081.6778670477 -0.0018399571877740592 
730407.5235109712 -992612.4638765665 -0.004308713301235952 
733542.3197492157 -904758.9525988982 -0.006610851587198432 
736677.1159874602 -781918.4369528067 -0.008657348420046902 
739811.9122257048 -628841.156375199 -0.010369065822284557 
742946.7084639493 -451446.60518982855 -0.011679811727994151 
746081.5047021938 -256594.6259209725 -0.012538899628247306 
749216.3009404383 -51820.13936747046 -0.012913108617041692 
752351.0971786828 154958.23058195086 -0.01278796804284295 
755485.8934169273 355744.3699215279 -0.012168317088290418 
758620.6896551718 542773.8840420512 -0.011078117639134473 
761755.4858934163 708814.3466616237 -0.009559527678759047 
764890.2821316608 847444.9775555019 -0.007671271040097539 
768025.0783699054 953304.9339547378 -0.0054863665565926525 
771159.8746081499 1022300.6141919021 -0.0030893044258703253 
774294.6708463944 1051763.9571674867 -0.0005727789760696152 
777429.4670846389 1040555.6162008826 0.001965895821333899 
780564.2633228834 989109.0175358803 0.004428549480188519 
783699.0595611279 899413.5997594793 0.006719951249726044 
786833.8557993724 774937.8822652216 0.008751492685133241 
789968.6520376169 620495.3377015124 0.010444614133730195 
793103.4482758614 442058.2551137374 0.011733842634626925 
796238.244514106 246526.7916874693 0.012569323756360572 
799373.0407523505 41462.143855645256 0.012918749466419447 
802507.836990595 -165205.8439641772 0.012768607481991465 
805642.6332288395 -365485.32624021877 0.012124703789577248 
808777.429467084 -551631.5007782936 0.011011938127648113 
811912.2257053285 -716446.1000144043 0.009473341114429056 
815047.021943573 -853555.7478278835 0.007568410255049066 
818181.8181818175 -957658.4178246037 0.005370809174617618 
821316.614420062 -1024728.4625550669 0.002965519047822451 
824451.4106583066 -1052172.2851930303 0.0004455523791895304 
827586.2068965511 -1038928.6338550362 -0.00209164378796598 
830721.0031347956 -985509.64018221 -0.004547956146084229 
833855.7993730401 -893981.0152234661 -0.006828399162325967 
836990.5956112846 -767882.1684447937 -0.008844788166573251 
840125.3918495291 -612089.3388603809 -0.010519149450251671 
843260.1880877736 -432627.031001055 -0.011786735507544239 
846394.9843260181 -236435.04748607104 -0.012598528819700333 
849529.7805642626 -31164.235099348698 -0.012926075928743981 
852664.5768025072 177679.42259208043 -0.012645240890468028 
855799.3730407517 392532.59172595624 -0.011285007853178534 
858934.1692789962 618875.3834844371 -0.008265944534002765 
862068.9655172407 841976.297962048 -0.00397885401512906 
865203.7617554852 1014865.8680956919 -0.0003470354455398887 
868338.5579937297 1091068.1140474444 0.0006651699073274486 
871473.3542319742 1075684.5017934835 -0.0006124685012189994 
874608.1504702187 1028706.3774894031 -0.0014079456376330903 
877742.9467084632 1004920.5503886448 0.000737531577654121 
880877.7429467078 994301.7527220772 0.005239300699985558 
884012.5391849523 931590.9929529281 0.008913132353177988 
887147.3354231968 767376.8944338636 0.009240896840394194 
890282.1316614413 524855.8047729057 0.006982110696686089 
893416.9278996858 281408.93455339817 0.005341220667747636 
896551.7241379303 94088.04352571409 0.006565282680382778 
899686.5203761748 -52693.890916437646 0.00956045415516122 
902821.3166144193 -222520.80967190687 0.011036191215970197 
905956.1128526638 -451672.12756918033 0.008971435631073906 
909090.9090909084 -702695.2072439619 0.0047565944766880305 
912225.7053291529 -895958.6762380104 0.0017598272492696876 
915360.5015673974 -986265.8270357201 0.001826165238115423 
918495.2978056419 -1004235.226056144 0.0033894843163138756 
921630.0940438864 -1019209.4254775787 0.003178974494469236 
924764.8902821309 -1062924.5010765635 -0.0002784758006141423 
927899.6865203754 -1094338.853789199 -0.005045400347398905 
931034.4827586199 -1042636.1863239901 -0.007747087549321019 
934169.2789968645 -883150.7793434664 -0.007056797504201217 
937304.075235109 -666322.2608003725 -0.0050305667328640735 
940438.8714733535 -469156.49682747544 -0.004892185338529628 
943573.667711598 -320095.64290804707 -0.007601243346043666 
946708.4639498425 -176067.45194408234 -0.0108144308047389 
949843.260188087 24463.570707844985 -0.011331550415898934 
952978.0564263315 288562.3507628315 -0.008453315054965441 
956112.852664576 553007.795867001 -0.004720810528129251 
959247.6489028205 742507.4703524428 -0.0032608656611183276 
962382.445141065 841015.970450126 -0.004529524866938935 
965517.2413793096 901480.3488702872 -0.005876145993122171 
968652.0376175541 984084.4499961032 -0.004382788890987735 
971786.8338557986 1088193.7686003183 1.0133458313511985e-05 
974921.6300940431 1149730.5408249134 0.004380106165523474 
978056.4263322876 1106822.1077740067 0.005831117104773319 
981191.2225705321 964732.9076959902 0.004472308531989795 
984326.0188087766 791827.4978525206 0.003238042079559418 
987460.8150470211 650796.281861962 0.004743151748816888 
990595.6112852657 537364.8880132476 0.008483425689400012 
993730.4075235102 390677.73338587536 0.011328483563276816 
996865.2037617547 166705.0274665518 0.010671743699677114 
999999.9999999992 -212665.23213806874 0.011961264189962285 
