#x u 
0.0 13809231429.763897 633.0251537045649 
3134.796238244514 -346704010.6975172 -15.846458180443133 
6269.592476489028 7348366.335453173 0.3850180549705492 
9404.38871473354 -1524105.7352495925 -0.02101991722911759 
12539.184952978056 -1271654.6962532366 -0.010684916861657245 
15673.98119122257 -1202447.2160058795 -0.010596816222102949 
18808.777429467085 -1086744.930248974 -0.010105967345700604 
21943.5736677116 -935106.6354835199 -0.009507278923912598 
25078.369905956115 -753507.5734177422 -0.008822858139403393 
28213.16614420063 -549159.2868640037 -0.008080173832513323 
31347.962382445145 -330094.6589051772 -0.007307713275512074 
34482.75862068966 -104919.56377714111 -0.006540062107616514 
37617.55485893417 117502.38949410299 -0.0058197033505663475 
40752.35109717868 328447.5338554901 -0.005192896485578783 
43887.14733542319 519734.7820682476 -0.004701985526445528 
47021.943573667704 684021.5868106673 -0.0043792455893693965 
50156.739811912215 814956.7533455464 -0.004245178848129267 
53291.53605015673 907270.5195238314 -0.004309615106264642 
56426.33228840124 956924.8878114657 -0.004571995209762243 
59561.12852664575 961369.3271564352 -0.005019835608661488 
62695.92476489026 919821.619148606 -0.0056285057478357966 
65830.72100313478 833440.329819541 -0.006366164005894926 
68965.51724137929 705319.6608535486 -0.007203548770486766 
72100.3134796238 540346.6232684524 -0.008123140489783518 
75235.10971786831 345001.8584572154 -0.009121333067798141 
78369.90595611282 127124.98348883139 -0.010201999904846297 
81504.70219435733 -104417.40637579847 -0.011365996251075183 
84639.49843260185 -340221.1816265524 -0.012603102856810638 
87774.29467084636 -570948.4669262365 -0.01388930326072276 
90909.09090909087 -787894.7032245668 -0.015187218799425398 
94043.88714733538 -983368.2135218882 -0.01644625345915683 
97178.68338557989 -1150850.9327158087 -0.017602431071879004 
100313.4796238244 -1285040.6571478706 -0.018581737875487097 
103448.27586206891 -1381900.5130566666 -0.019310166460931637 
106583.07210031342 -1438749.224844311 -0.019728494355618287 
109717.86833855794 -1454321.661234517 -0.019805092786300712 
112852.66457680245 -1428724.2294793609 -0.019540704189990654 
115987.46081504696 -1363305.152364327 -0.01896486722482197 
119122.25705329147 -1260546.8474133597 -0.01812911359109014 
122257.05329153598 -1124064.10672307 -0.01710215399258127 
125391.84952978049 -958671.7787401016 -0.015967434553621793 
128526.645768025 -770388.3623244865 -0.014819080397613435 
131661.44200626953 -566268.4696101579 -0.01375306970289356 
134796.23824451404 -354084.2056311144 -0.01285560925294778 
137931.03448275855 -141977.5546275116 -0.012194560413948638 
141065.83072100306 61816.12948385758 -0.01181803442260812 
144200.62695924757 249189.82427549778 -0.011758414059435951 
147335.42319749208 412432.0483170183 -0.012035923228428839 
150470.2194357366 544600.3148584372 -0.012657624761211614 
153605.0156739811 639938.3507236586 -0.013613495018616842 
156739.81191222562 694197.4065377071 -0.01487499026014318 
159874.60815047013 704774.4158185367 -0.016399387706606372 
163009.40438871464 670711.1634291887 -0.018137427198437438 
166144.20062695915 592675.9904627133 -0.020038465486738637 
169278.99686520366 472995.87041770114 -0.022050004172514882 
172413.79310344817 315681.3042299684 -0.024114344748750075 
175548.58934169268 126323.33920272128 -0.026168128881327482 
178683.3855799372 -88190.16625518541 -0.028147499076974534 
181818.1818181817 -320061.49147021153 -0.029995705659872966 
184952.97805642622 -560936.7936484541 -0.0316673440210102 
188087.77429467073 -802162.7262611686 -0.033126776627444676 
191222.57053291524 -1035008.9937448062 -0.034344150225986025 
194357.36677115975 -1250968.026599108 -0.03529464738386233 
197492.16300940426 -1442161.8121640417 -0.03596289889449747 
200626.95924764877 -1601760.4943952777 -0.0363487238731948 
203761.75548589329 -1724279.1252098235 -0.036468582482205324 
206896.5517241378 -1805708.51099468 -0.036351183205524544 
210031.3479623823 -1843561.0547804935 -0.03603134837097092 
213166.14420062682 -1836944.279297098 -0.03554761708552169 
216300.94043887133 -1786682.812778606 -0.03494475812658882 
219435.73667711584 -1695392.8767472256 -0.03427691123837434 
222570.53291536035 -1567396.0794494015 -0.03360617750492692 
225705.32915360486 -1408461.4872689294 -0.032996054291518764 
228840.12539184937 -1225481.7652881665 -0.032504360242176476 
231974.9216300939 -1026201.2422180446 -0.0321807518504875 
235109.7178683384 -819011.5392016534 -0.032069162374796206 
238244.5141065829 -612723.2220266219 -0.0322105104558821 
241379.31034482742 -416222.8668721036 -0.03264101555479865 
244514.10658307193 -238032.830744459 -0.033386370057866877 
247648.90282131644 -85892.83337500104 -0.03445667266320917 
250783.69905956095 33527.75452570378 -0.035846568801087116 
253918.49529780546 114788.74789471665 -0.03753999873498172 
257053.29153604998 153806.62217074726 -0.039514618398837166 
260188.0877742945 148030.90971498628 -0.04174181605600711 
263322.884012539 96641.16751880231 -0.044183310977601295 
266457.6802507835 652.7961396300743 -0.04678923752883171 
269592.476489028 -137149.39812555263 -0.049501318988872646 
272727.27272727253 -312417.72268337547 -0.052259651301112174 
275862.06896551704 -519476.8394742843 -0.05500809599134077 
278996.86520376155 -751510.4155007822 -0.05769494689245859 
282131.66144200607 -1000729.0166854109 -0.06027054324553498 
285266.4576802506 -1258614.1872320783 -0.062686571011111 
288401.2539184951 -1516288.1971882049 -0.0648997802246936 
291536.0501567396 -1764951.4381110135 -0.06687797053077509 
294670.8463949841 -1996272.2927147301 -0.06860350941789359 
297805.6426332286 -2202665.147246868 -0.07007198936732133 
300940.43887147313 -2377495.277709022 -0.07128834397875367 
304075.23510971764 -2515296.5353385564 -0.07226487505781568 
307210.03134796215 -2612032.7708587227 -0.0730230710115596 
310344.82758620667 -2665338.6969717084 -0.07359666223064344 
313479.6238244512 -2674642.6669179252 -0.07403175205106702 
316614.4200626957 -2641137.245247294 -0.07438267170163927 
319749.2163009402 -2567656.4317337642 -0.07470636541291865 
322884.0125391847 -2458545.660157228 -0.07505925281337734 
326018.8087774292 -2319549.0780732706 -0.07549758281585578 
329153.60501567373 -2157658.517733794 -0.07607851739625976 
332288.40125391824 -1980856.6055432672 -0.07685853919087189 
335423.19749216276 -1797754.1063927081 -0.07788879355684936 
338557.99373040727 -1617196.2855658624 -0.0792103302639945 
341692.7899686518 -1447917.8515340043 -0.08085237808228483 
344827.5862068963 -1298260.46543844 -0.08283374843508683 
347962.3824451408 -1175903.6953175415 -0.0851645614738566 
351097.1786833853 -1087565.511014096 -0.08784573846920324 
354231.9749216298 -1038691.8188448036 -0.09086664305526848 
357366.77115987433 -1033204.7685276995 -0.09420360860615382 
360501.56739811884 -1073362.9797479864 -0.09782139870884214 
363636.36363636336 -1159723.4583415354 -0.10167682758075745 
366771.15987460787 -1291152.9501588473 -0.1057219378152836 
369905.9561128524 -1464856.5001436328 -0.10990515523417464 
373040.7523510969 -1676444.4238582687 -0.11417139890226977 
376175.5485893414 -1920083.0946621043 -0.11846334193993278 
379310.3448275859 -2188743.3282578536 -0.12272467337698519 
382445.1410658304 -2474509.026253488 -0.1269039636795828 
385579.93730407493 -2768893.6489418545 -0.13095712829167686 
388714.73354231945 -3063145.229888155 -0.1348480707967729 
391849.52978056396 -3348559.8379071504 -0.13854893390722686 
394984.32601880847 -3616822.594139115 -0.14204138005430497 
398119.122257053 -3860357.373801634 -0.1453185915489944 
401253.9184952975 -4072637.6668181224 -0.14838635435444003 
404388.714733542 -4248426.367781983 -0.1512622572456991 
407523.5109717865 -4383953.58892725 -0.15397387919666125 
410658.307210031 -4477060.072156924 -0.15655761429257636 
413793.10344827553 -4527308.141862483 -0.15905852281751867 
416927.89968652005 -4536025.163199938 -0.16152980500386402 
420062.69592476456 -4506244.971836878 -0.16403041186617806 
423197.49216300907 -4442556.406041597 -0.16662120022854934 
426332.2884012536 -4350907.361204734 -0.1693617316137323 
429467.0846394981 -4238400.987319077 -0.172309170060693 
432601.8808777426 -4113069.1762847286 -0.17551827940922757 
435736.6771159871 -3983578.5683131013 -0.17904006646469658 
438871.4733542316 -3858857.5902145626 -0.1829180748473539 
442006.26959247614 -3747698.9343526503 -0.18718430572700726 
445141.06583072065 -3658416.212354849 -0.19185782755636752 
448275.86206896516 -3598582.227418234 -0.19694677793153093 
451410.65830720967 -3574800.54916607 -0.20245100154633375 
454545.4545454542 -3592447.4821231575 -0.2083619337349921 
457680.2507836987 -3655391.552915832 -0.21465960333294898 
460815.0470219432 -3765779.2526105917 -0.2213104410094993 
463949.8432601877 -3923973.6886972724 -0.22826957008840232 
467084.6394984322 -4128637.3631279627 -0.23548697990872358 
470219.43573667674 -4376857.78933425 -0.24291284696055337 
473354.23197492125 -4664228.178000095 -0.2504979975016085 
476489.02821316576 -4984907.996338187 -0.25819077377765287 
479623.82445141027 -5331779.822975765 -0.2659358688985115 
482758.6206896548 -5696781.501420455 -0.27367907477367936 
485893.4169278993 -6071353.291562458 -0.281375584221675 
489028.2131661438 -6446843.131481271 -0.28899512742940875 
492163.0094043883 -6814769.830092068 -0.29651987048015926 
495297.8056426328 -7167003.756418727 -0.3039383540947268 
498432.60188087734 -7496018.293327404 -0.3112430527031479 
501567.39811912185 -7795283.273670851 -0.318435358419242 
504702.19435736636 -8059690.477894891 -0.32553345604419237 
507836.99059561087 -8285814.391079035 -0.33257451782854525 
510971.7868338554 -8471924.076033393 -0.33960773838332636 
514106.5830720999 -8617867.959705915 -0.3466840830348856 
517241.3793103444 -8725035.478199478 -0.3538522902220305 
520376.1755485889 -8796460.671217822 -0.3611641981519241 
523510.9717868334 -8836911.501451846 -0.3686822123834132 
526645.768025078 -8852744.213094294 -0.37647866815317077 
529780.5642633225 -8851479.047067473 -0.3846248516449858 
532915.360501567 -8841298.130287796 -0.39317855769569854 
536050.1567398115 -8830718.09849954 -0.40218135182252823 
539184.952978056 -8828481.092890054 -0.4116670625269045 
542319.7492163006 -8843449.790528981 -0.4216711574080616 
545454.5454545451 -8884263.797754481 -0.432229330967914 
548589.3416927896 -8958762.29788312 -0.44336497386863577 
551724.1379310341 -9073449.65046239 -0.4550776679957042 
554858.9341692786 -9233282.140717415 -0.46734495696706074 
557993.7304075231 -9441765.564198468 -0.4801364728110817 
561128.5266457676 -9701068.399444358 -0.4934265120484488 
564263.3228840121 -10011881.159210704 -0.5071924263479411 
567398.1191222566 -10373077.379209066 -0.5214011827953564 
570532.9153605012 -10781518.833605686 -0.5359997160896031 
573667.7115987457 -11232281.270396499 -0.5509217651305669 
576802.5078369902 -11719205.93553009 -0.5661069874943381 
579937.3040752347 -12235387.661690466 -0.5815147490928426 
583072.1003134792 -12773312.45560536 -0.5971197624718705 
586206.8965517237 -13324765.797266161 -0.6128955424399137 
589341.6927899682 -13880921.440876013 -0.6288049400881062 
592476.4890282127 -14432870.157678101 -0.6448101708007217 
595611.2852664572 -14972396.457372516 -0.6608940865322327 
598746.0815047018 -15492529.327369642 -0.6770715212418572 
601880.8777429463 -15987593.389386425 -0.6933787057427241 
605015.6739811908 -16452979.35239058 -0.7098512848864149 
608150.4702194353 -16885123.009683114 -0.7265138062819825 
611285.2664576798 -17281929.665202532 -0.7433919080654474 
614420.0626959243 -17643353.25965634 -0.7605341603587666 
617554.8589341688 -17971592.907537967 -0.7780191142324415 
620689.6551724133 -18270685.517877184 -0.7959374888255505 
623824.4514106578 -18545841.918817297 -0.8143653882965173 
626959.2476489024 -18803099.010185637 -0.8333546507623645 
630094.0438871469 -19049486.330574658 -0.8529491794448667 
633228.8401253914 -19293308.082850866 -0.8732086325062757 
636363.6363636359 -19543954.230517294 -0.8942121767185773 
639498.4326018804 -19811098.648485158 -0.9160353152611409 
642633.2288401249 -20103771.822625387 -0.9387216100360358 
645768.0250783694 -20429944.047700442 -0.9622778988016535 
648902.8213166139 -20796741.905087437 -0.9866980812987873 
652037.6175548584 -21210766.62166031 -1.0119905801714202 
655172.413793103 -21677882.133909877 -1.0381800015671834 
658307.2100313475 -22202424.356373213 -1.0652803323642475 
661442.006269592 -22786453.8442521 -1.093267828650431 
664576.8025078365 -23429714.840584796 -1.12208370913914 
667711.598746081 -24130301.63184812 -1.1516665191255797 
670846.3949843255 -24885344.92380416 -1.1819825908864368 
673981.19122257 -25691049.763556864 -1.2130239979214126 
677115.9874608145 -26542149.071785443 -1.244777085911116 
680250.783699059 -27431525.997279808 -1.277196354191728 
683385.5799373036 -28350662.386423144 -1.310214157156492 
686520.3761755481 -29290758.20416454 -1.343779533022744 
689655.1724137926 -30243676.209099866 -1.3778878778343824 
692789.9686520371 -31202039.812635224 -1.4125711855227134 
695924.7648902816 -32158697.827377077 -1.4478592006598483 
699059.5611285261 -33106448.504449114 -1.483752942943105 
702194.3573667706 -34038653.36975755 -1.5202400392079347 
705329.1536050151 -34950412.88382734 -1.5573373244867361 
708463.9498432596 -35839319.53765781 -1.59511602655285 
711598.7460815042 -36705164.44572621 -1.6336812950200488 
714733.5423197487 -37549006.61663183 -1.6731251024334686 
717868.3385579932 -38372644.050947264 -1.7135003211607123 
721003.1347962377 -39179067.04784822 -1.7548426443986198 
724137.9310344822 -39973378.43618974 -1.797216687654459 
727272.7272727267 -40763081.901919656 -1.840735751325985 
730407.5235109712 -41557212.76045073 -1.8855308965707602 
733542.3197492157 -42364948.34552457 -1.93169819605052 
736677.1159874602 -43194869.92339344 -1.9792774538527425 
739811.9122257048 -44055362.81158173 -2.028284217470994 
742946.7084639493 -44955424.75019506 -2.0787610938280334 
746081.5047021938 -45904684.57434036 -2.1307929064556346 
749216.3009404383 -46912240.16277193 -2.184467217109314 
752351.0971786828 -47985190.459384866 -2.239819777347582 
755485.8934169273 -49128126.083284624 -2.2968223799317764 
758620.6896551718 -50343909.02130498 -2.355427826004305 
761755.4858934163 -51634762.56828431 -2.415626783648043 
764890.2821316608 -53002389.3351274 -2.4774574988597102 
768025.0783699054 -54446893.492322944 -2.5409579326235288 
771159.8746081499 -55965618.99966458 -2.606111224699462 
774294.6708463944 -57553211.23097382 -2.6728444623982366 
777429.4670846389 -59203015.35637009 -2.741086107468429 
780564.2633228834 -60908564.60913721 -2.8108251852718014 
783699.0595611279 -62663827.04509798 -2.8821115574346945 
786833.8557993724 -64462201.04363537 -2.9549972578665282 
789968.6520376169 -66295613.9920851 -3.029481464690953 
793103.4482758614 -68155031.82941374 -3.105519579293196 
796238.244514106 -70032232.27760954 -3.1830902185752437 
799373.0407523505 -71921335.55162188 -3.262251631756456 
802507.836990595 -73818774.28411086 -3.34312764712108 
805642.6332288395 -75721969.78443569 -3.4258358829891105 
808777.429467084 -77628322.08984451 -3.5104323348200124 
811912.2257053285 -79535783.17292897 -3.5969308758488423 
815047.021943573 -81444575.49130328 -3.685377864800728 
818181.8181818175 -83358319.60429537 -3.7759024349015 
821316.614420062 -85283343.7355901 -3.8686862698200226 
824451.4106583066 -87226782.91072464 -3.963880663802837 
827586.2068965511 -89195326.90551601 -4.061555927076425 
830721.0031347956 -91195796.96708094 -4.161736960452676 
833855.7993730401 -93236786.18476236 -4.264489574247255 
836990.5956112846 -95329418.57996878 -4.369967969974793 
840125.3918495291 -97486143.55083077 -4.478373235277777 
843260.1880877736 -99718524.89447047 -4.589866288781849 
846394.9843260181 -102036062.35994768 -4.704528137378342 
849529.7805642626 -104447015.39913437 -4.822411341277371 
852664.5768025072 -106960053.11294681 -4.943628251529485 
855799.3730407517 -109584585.90640253 -5.068377234087585 
858934.1692789962 -112328920.85850842 -5.196867125703775 
862068.9655172407 -115197643.69261473 -5.329203878349641 
865203.7617554852 -118190516.44192109 -5.4653440619419325 
868338.5579937297 -121303734.92475437 -5.605153761782748 
871473.3542319742 -124532098.29109217 -5.74850646104149 
874608.1504702187 -127869910.63432336 -5.895320042263562 
877742.9467084632 -131310050.26311854 -6.045507204153881 
880877.7429467078 -134842891.62083188 -6.198916797245776 
884012.5391849523 -138457194.92128187 -6.3553633859973155 
887147.3354231968 -142143107.4083196 -6.514752067455169 
890282.1316614413 -145895036.05159843 -6.677196354523257 
893416.9278996858 -149711893.49712655 -6.84301514634381 
896551.7241379303 -153594499.46847495 -7.012599355284881 
899686.5203761748 -157542510.77044713 -7.186257521814821 
902821.3166144193 -161553544.84979475 -7.3641631010326085 
905956.1128526638 -165624878.4899375 -7.5464213962760525 
909090.9090909084 -169755618.03252703 -7.733160137846712 
912225.7053291529 -173947105.9592916 -7.924541596064116 
915360.5015673974 -178201596.61735204 -8.120697983834368 
918495.2978056419 -182521375.12728742 -8.321689952727008 
921630.0940438864 -186910096.0039759 -8.527569658086172 
924764.8902821309 -191375508.57413685 -8.738510148108919 
927899.6865203754 -195930724.5159087 -8.954870510247414 
931034.4827586199 -200592106.8803701 -9.177108463681703 
934169.2789968645 -205375013.49972034 -9.405596548892735 
937304.075235109 -210290845.97003722 -9.640499672260137 
940438.8714733535 -215347759.90311512 -9.88182149190581 
943573.667711598 -220553941.9866167 -10.129568945511274 
946708.4639498425 -225919978.4613214 -10.383875064941467 
949843.260188087 -231457928.46806076 -10.644970132056187 
952978.0564263315 -237178144.32493874 -10.913048408934523 
956112.852664576 -243087118.26408064 -11.188180277234549 
959247.6489028205 -249188402.53930822 -11.470363185639474 
962382.445141065 -255485302.06181642 -11.759651438555961 
965517.2413793096 -261982151.23833776 -12.056218446742674 
968652.0376175541 -268682585.24808913 -12.360278447678162 
971786.8338557986 -275586606.3299195 -12.671950215649812 
974921.6300940431 -282689772.49203944 -12.991215359593319 
978056.4263322876 -289985769.44391936 -13.318029152258239 
981191.2225705321 -297470071.4802199 -13.652478946160423 
984326.0188087766 -305141139.4110362 -13.994827664355846 
987460.8150470211 -312998093.2954558 -14.345394080475636 
990595.6112852657 -321037515.38284516 -14.704392143291846 
993730.4075235102 -329253078.9711799 -15.071897764256834 
996865.2037617547 -337637564.60547787 -15.448039335427797 
999999.9999999992 -346253597.7426024 -15.830096848437375 
