#x u 
0.0 31001575.523997605 1.3851298609171536 
3134.796238244514 -722587.2487889265 -0.061810365770899135 
6269.592476489028 94585.25274998779 -0.016020379874853403 
9404.38871473354 95208.55236012442 -0.006871988787189609 
12539.184952978056 112469.48944178212 0.003473534712261592 
15673.98119122257 124841.33290565456 0.013659988861193467 
18808.777429467085 132355.92111184463 0.023316852782182502 
21943.5736677116 134729.1327559067 0.0320709922680425 
25078.369905956115 131901.291621056 0.03958535617937813 
28213.16614420063 123992.93233633038 0.04556987682730493 
31347.962382445145 111286.0029872522 0.04979203890647948 
34482.75862068966 94234.45526941196 0.052086856049556596 
37617.55485893417 73484.9307829948 0.05236500370748339 
40752.35109717868 49867.38052754346 0.05061698954683765 
43887.14733542319 24336.90893875774 0.04691232590534727 
47021.943573667704 -2106.9779861569114 0.04139483323361956 
50156.739811912215 -28475.19702275988 0.03427633720735334 
53291.53605015673 -53795.93128505 0.025829916933852653 
56426.33228840124 -77102.68958373691 0.01638161491001161 
59561.12852664575 -97455.65202926629 0.0062985636816373335 
62695.92476489026 -114015.55288725172 -0.00402693191256339 
65830.72100313478 -126131.39850626924 -0.014195098313785135 
68965.51724137929 -133380.74126168533 -0.02381484462726404 
72100.3134796238 -135541.55025962408 -0.032516847906843414 
75235.10971786831 -132539.85019745192 -0.039965041188322434 
78369.90595611282 -124439.28717843842 -0.045868999786096175 
81504.70219435733 -111490.83621296998 -0.04999756330221402 
84639.49843260185 -94189.56282329216 -0.0521908212798015 
87774.29467084636 -73266.006282883 -0.052366779488759965 
90909.09090909087 -49597.3084263042 -0.05052175190012992 
94043.88714733538 -24101.590211042 -0.04672721645888971 
97178.68338557989 2304.2640758949274 -0.04112674336712767 
100313.4796238244 28670.277314188977 -0.03393364203130421 
103448.27586206891 53973.57694861072 -0.025426220728797803 
106583.07210031342 77156.17501737567 -0.015937105769376892 
109717.86833855794 97245.48420683766 -0.005836729993977751 
112852.66457680245 113472.76147014694 0.004484697082259592 
115987.46081504696 125298.4775738866 0.014632078908927404 
119122.25705329147 132343.17131530345 0.02421658444865537 
122257.05329153598 134317.6673385384 0.03286681300346554 
125391.84952978049 131045.99951685072 0.04024369446635897 
128526.645768025 122573.12939621952 0.04605822682770189 
131661.44200626953 109250.46605526071 0.05008665159849732 
134796.23824451404 91701.84989386189 0.0521781701627365 
137931.03448275855 70687.20955975301 0.05225563121748851 
141065.83072100306 46984.07756314505 0.050314430127976234 
144200.62695924757 21387.971925559177 0.04642408275765565 
147335.42319749208 -5194.562197604057 0.0407312123914391 
150470.2194357366 -31691.18785944351 0.03345799723311541 
153605.0156739811 -56947.075980973605 0.024891661350512063 
156739.81191222562 -79905.10368014246 0.015367154510647778 
159874.60815047013 -99736.01389746057 0.00525010650857086 
163009.40438871464 -115815.89918019835 -0.005074810543202968 
166144.20062695915 -127603.04502467168 -0.015212006456094168 
169278.99686520366 -134571.548339009 -0.02476626613226713 
172413.79310344817 -136300.3540461519 -0.03336117891068823 
175548.58934169268 -132648.42584206874 -0.040660974821746076 
178683.3855799372 -123844.05145703044 -0.04638735225682287 
181818.1818181817 -110391.88171904375 -0.050326387977542304 
184952.97805642622 -92883.22362398026 -0.052329017104842335 
188087.77429467073 -71894.4153314844 -0.05231319581472547 
191222.57053291524 -48065.298525276754 -0.05027169307113596 
194357.36677115975 -22255.43273954233 -0.04628065101826041 
197492.16300940426 4417.178230333113 -0.04049991218916904 
200626.95924764877 30737.658591981017 -0.0331613867111676 
203761.75548589329 55631.962004761386 -0.024551336757554113 
206896.5517241378 78271.53499784364 -0.014996449074930574 
210031.3479623823 97968.58582397582 -0.004857548069069623 
213166.14420062682 114003.7943757746 0.005475155729234233 
216300.94043887133 125602.73025373972 0.015594764917433905 
219435.73667711584 132122.55136772257 0.025100688725476505 
222570.53291536035 133282.43081705895 0.0336237502512649 
225705.32915360486 129210.40085448828 0.040842358782355676 
228840.12539184937 120258.33139552615 0.04648685032917055 
231974.9216300939 106775.11562869545 0.05034005539606164 
235109.7178683384 89074.24541974781 0.052244420354834904 
238244.5141065829 67628.38861038658 0.05211694117417428 
241379.31034482742 43276.33304377962 0.04996212739739842 
244514.10658307193 17197.703391824864 0.04587203689357415 
247648.90282131644 -9361.147005433042 0.04001286309934468 
250783.69905956095 -35371.9020930914 0.03260899906629235 
253918.49529780546 -60067.50417140467 0.02393579675266429 
257053.29153604998 -82739.54250210221 0.014320633238373027 
260188.0877742945 -102539.81759177064 0.004140336156901594 
263322.884012539 -118527.47366948056 -0.006196033236807877 
266457.6802507835 -129935.19914205768 -0.01627686271111483 
269592.476489028 -136382.5376179201 -0.02571579716882828 
272727.27272727253 -137808.92110695667 -0.03416489171947133 
275862.06896551704 -134198.74800834098 -0.041314361120325 
278996.86520376155 -125412.51492558702 -0.04689237920523794 
282131.66144200607 -111353.81078877085 -0.05067614490202185 
285266.4576802506 -92358.8889746655 -0.052511196740921695 
288401.2539184951 -69440.5230881357 -0.05232494899374684 
291536.0501567396 -44122.95174622477 -0.050124684226903284 
294670.8463949841 -17977.30419383943 -0.045985583802307044 
297805.6426332286 7765.405293718621 -0.04004431910583151 
300940.43887147313 32253.80829573056 -0.032506787169773364 
304075.23510971764 54803.68891270831 -0.023660975005315377 
307210.03134796215 74766.20022682974 -0.013875860178165474 
310344.82758620667 91668.13356821984 -0.0035760577427007044 
313479.6238244512 105450.81553884299 0.006798225304938401 
316614.4200626957 116450.4850403553 0.016825040815055637 
319749.2163009402 124984.28904483159 0.026115907440759433 
322884.0125391847 130824.17453308948 0.034319149850455775 
326018.8087774292 133018.24730371338 0.041128043310151796 
329153.60501567373 130246.19575763299 0.04630081600113191 
332288.40125391824 121425.27961750655 0.04968110217306363 
335423.19749216276 106084.52829782019 0.05120070371495744 
338557.99373040727 84296.94623337833 0.05086005914084572 
341692.7899686518 56418.2306324132 0.0487024552604792 
344827.5862068963 23046.146126063308 0.04480406356988237 
347962.3824451408 -14685.420510946089 0.03928601237074997 
351097.1786833853 -54806.48630740438 0.032332379284960924 
354231.9749216298 -94633.8280068599 0.024191974428835954 
357366.77115987433 -131370.5557643154 0.0151583914855805 
360501.56739811884 -162762.07092713157 0.005544799893539415 
363636.36363636336 -187314.57456769422 -0.004325817084899352 
366771.15987460787 -204005.13249025933 -0.014112518523278344 
369905.9561128524 -211906.2546508249 -0.023449442221681577 
373040.7523510969 -210200.38979749798 -0.03196068141050078 
376175.5485893414 -198610.4930318439 -0.03929660773139369 
379310.3448275859 -177790.20409704023 -0.04516902058487982 
382445.1410658304 -149215.6462517468 -0.04936260293682482 
385579.93730407493 -114616.2358766029 -0.051723200007029985 
388714.73354231945 -75460.85854329065 -0.05214577300668354 
391849.52978056396 -32966.79462862221 -0.050582990311075 
394984.32601880847 11443.608054303812 -0.047070844076167934 
398119.122257053 55789.23494423849 -0.04174608388162172 
401253.9184952975 97733.33757289816 -0.034834840669950524 
404388.714733542 135215.12374654374 -0.02661859611916764 
407523.5109717865 166918.46756050587 -0.017404938782048948 
410658.307210031 192137.37759756588 -0.007523679024788502 
413793.10344827553 210219.2363290653 0.0026595425163599543 
416927.89968652005 220211.67215810393 0.012740367978491556 
420062.69592476456 221130.07670196355 0.02230216356255415 
423197.49216300907 212604.21568926531 0.030960183536504954 
426332.2884012536 195241.27832334285 0.03839253786815683 
429467.0846394981 170312.9200928828 0.04433943645310307 
432601.8808777426 139067.65436894415 0.04858401058012587 
435736.6771159871 102362.77826802866 0.05094606371653262 
438871.4733542316 60977.4288847313 0.05130492205117168 
442006.26959247614 16244.61109062079 0.04963445973922628 
445141.06583072065 -29716.629085217835 0.046017117969586456 
448275.86206896516 -74488.76725278313 0.040622126155500135 
451410.65830720967 -116131.79320376739 0.03366767418053617 
454545.4545454542 -153500.73581304646 0.025401359565577188 
457680.2507836987 -185823.93303379157 0.0161119737328139 
460815.0470219432 -212034.63521904266 0.0061503401257505695 
463949.8432601877 -230616.55886082695 -0.004075281760388388 
467084.6394984322 -240189.64071082187 -0.014139145705073155 
470219.43573667674 -240272.409871372 -0.023646981532033824 
473354.23197492125 -231444.04770688765 -0.032257816553596864 
476489.02821316576 -214733.65434025595 -0.03967019296338199 
479623.82445141027 -190866.18758173852 -0.04560108488100247 
482758.6206896548 -160148.65252884675 -0.04979291116450095 
485893.4169278993 -123107.35761682822 -0.05205325061460122 
489028.2131661438 -81181.17815547441 -0.05229499342633378 
492163.0094043883 -36688.83369057993 -0.05054076026078539 
495297.8056426328 7969.590771939809 -0.04688953708463735 
498432.60188087734 51112.02167305557 -0.0414804600209314 
501567.39811912185 91794.47432043272 -0.03448949620446112 
504702.19435736636 129080.75316651404 -0.026157787670357063 
507836.99059561087 161385.87049475365 -0.016814082040202273 
510971.7868338554 186654.8671804345 -0.006856632583137873 
514106.5830720999 203264.62767079583 0.003299896870972971 
517241.3793103444 210758.4945279966 0.013271262988001594 
520376.1755485889 209669.44947138723 0.02270958718469434 
523510.9717868334 200624.67978221792 0.031276708177293534 
526645.768025078 183677.79654090028 0.038627760788346545 
529780.5642633225 158582.07536546106 0.04443713163605079 
532915.360501567 125723.42674065374 0.04845337850397421 
536050.1567398115 86712.96542734568 0.050536799682476506 
539184.952978056 43965.08205935583 0.050648351762574026 
542319.7492163006 -363.4461979003827 0.048806810300870807 
545454.5454545451 -45020.48964326669 0.0450622081836474 
548589.3416927896 -89260.2058581105 0.039514380236085625 
551724.1379310341 -131865.56792496852 0.03235522973463874 
554858.9341692786 -170683.65168140357 0.023884766121563768 
557993.7304075231 -203245.03385745455 0.014474927997516398 
561128.5266457676 -227898.24575436328 0.00450757664899664 
564263.3228840121 -244325.18863950134 -0.005660968686861847 
567398.1191222566 -252925.70260595527 -0.015684935869454644 
570532.9153605012 -253735.9697655544 -0.02519360164952962 
573667.7115987457 -246041.5852830608 -0.03378795571754629 
576802.5078369902 -229121.52283076057 -0.041088965792863676 
579937.3040752347 -203355.7026480261 -0.046801725142948565 
583072.1003134792 -170512.182727698 -0.050740694235042544 
586206.8965517237 -132859.44678966928 -0.05279931880383272 
589341.6927899682 -91973.41409866138 -0.052903487330799456 
592476.4890282127 -48439.74117837712 -0.05100354450773638 
595611.2852664572 -2721.173238149524 -0.047117006925371914 
598746.0815047018 43771.73879811447 -0.04137778517764433 
601880.8777429463 88600.03209123647 -0.0340372006106956 
605015.6739811908 129363.40255989978 -0.025409677807641032 
608150.4702194353 164839.72593352952 -0.015812607387837754 
611285.2664576798 194996.0206539491 -0.00555573627429586 
614420.0626959243 219811.84316514083 0.00501681886539818 
617554.8589341688 238089.57400779068 0.01548530858370848 
620689.6551724133 247455.74538313714 0.025368520372740556 
623824.4514106578 245537.49073945585 0.034192105838043274 
626959.2476489024 231102.7437869971 0.04155498185928288 
630094.0438871469 204048.99766013847 0.047142141317993116 
633228.8401253914 164425.95201063497 0.05069185308129124 
636363.6363636359 111803.55727636661 0.05197690381860842 
639498.4326018804 46015.99845078731 0.05084672457796563 
642633.2288401249 -31145.167609360564 0.047310528933725574 
645768.0250783694 -114856.16428498516 0.04158940089462859 
648902.8213166139 -197981.94498513357 0.0340832492464472 
652037.6175548584 -273196.1120991948 0.02527081800647591 
655172.413793103 -334915.115133567 0.015615500519712593 
658307.2100313475 -379831.7185045748 0.005532864186871989 
661442.006269592 -406312.1499877471 -0.0045919239519182885 
664576.8025078365 -413921.85933052655 -0.014394357536636211 
667711.598746081 -403825.36940078274 -0.023562244346784132 
670846.3949843255 -379391.8412714681 -0.03187760066047728 
673981.19122257 -345666.0958550141 -0.03920680549854762 
677115.9874608145 -307315.3754551338 -0.0454205941271475 
680250.783699059 -266349.75110157015 -0.05030283826721543 
683385.5799373036 -221546.05855093882 -0.05353606124383989 
686520.3761755481 -170258.9038533439 -0.05479455906650324 
689655.1724137926 -111260.74825092315 -0.05388248935208429 
692789.9686520371 -46375.425958670545 -0.05081414541971698 
695924.7648902816 20185.663991444686 -0.045786208937610456 
699059.5611285261 83836.16513999397 -0.0390853557898527 
702194.3573667706 141069.9845221605 -0.031018595826137467 
705329.1536050151 189399.4140126086 -0.02191045187881935 
708463.9498432596 226541.05884272096 -0.012132135230895262 
711598.7460815042 250270.73942663232 -0.0020978892729767297 
714733.5423197487 259341.07022121924 0.007789146550872546 
717868.3385579932 254377.47633124155 0.01719138645332272 
721003.1347962377 237457.58923046145 0.025831681786511827 
724137.9310344822 210449.49268459427 0.033431550036459194 
727272.7272727267 173665.94101769483 0.039663567419432555 
730407.5235109712 126294.70443909989 0.04418431077293001 
733542.3197492157 68341.53193073698 0.046735259008726215 
736677.1159874602 2211.141089749426 0.04722526928666074 
739811.9122257048 -67711.02039389039 0.0457191928697395 
742946.7084639493 -137165.60997229675 0.04234656818780369 
746081.5047021938 -203801.17464171804 0.03722248851448959 
749216.3009404383 -266936.58258012676 0.03045820896013173 
752351.0971786828 -325671.1656975547 0.02224467834434348 
755485.8934169273 -377407.5137072918 0.012914463445084888 
758620.6896551718 -418417.00035182934 0.0029075702369616117 
761755.4858934163 -445938.5805123422 -0.007335166062979957 
764890.2821316608 -459675.2214190858 -0.01745282701273395 
768025.0783699054 -461151.25081054005 -0.027148383448944807 
771159.8746081499 -451617.13543194166 -0.03610684334406928 
774294.6708463944 -430717.3024290094 -0.043948585007953886 
777429.4670846389 -397348.73651761294 -0.05028276292218019 
780564.2633228834 -351827.38145925954 -0.054819769501244134 
783699.0595611279 -297060.0509471369 -0.05743671196483389 
786833.8557993724 -237406.95767144117 -0.058135177970936605 
789968.6520376169 -176316.27317376572 -0.05694047649011678 
793103.4482758614 -115115.06126839996 -0.05385135027977126 
796238.244514106 -54156.975390452906 -0.048894984617301795 
799373.0407523505 4939.4429823035025 -0.042229181423108324 
802507.836990595 58400.00558284874 -0.03417995635575338 
805642.6332288395 101810.39221216671 -0.02516615395318859 
808777.429467084 132576.09821250467 -0.015578317101593438 
811912.2257053285 150838.64275901587 -0.00572618672017321 
815047.021943573 157932.20309043233 0.004102782382815914 
818181.8181818175 154021.97211321545 0.013548649949035053 
821316.614420062 137432.42092686277 0.022162411043195357 
824451.4106583066 106413.98457408641 0.029501369971871746 
827586.2068965511 61524.13328193592 0.03525230102603368 
830721.0031347956 6108.161220779235 0.039266587314719326 
833855.7993730401 -55690.72268755152 0.04148068454294042 
836990.5956112846 -121391.24358294238 0.04181316840950014 
840125.3918495291 -190599.05766146933 0.040152800554549534 
843260.1880877736 -263010.93430606707 0.03645501288912895 
846394.9843260181 -336159.27422587737 0.030847554692030987 
849529.7805642626 -405361.6956302964 0.023632237331240626 
852664.5768025072 -466054.68276409374 0.015174593809360008 
855799.3730407517 -516186.7736832547 0.005788134356469233 
858934.1692789962 -556253.0715773089 -0.004275722616751826 
862068.9655172407 -586993.8471111741 -0.014732759617896015 
865203.7617554852 -607219.0490570953 -0.02517854343112095 
868338.5579937297 -614096.7253195636 -0.03511517568502902 
871473.3542319742 -605661.9776332467 -0.04408053158973426 
874608.1504702187 -582951.71132633 -0.05176049949782443 
877742.9467084632 -549520.5679498856 -0.05798077700555304 
880877.7429467078 -508802.2258641807 -0.06259895999748681 
884012.5391849523 -462025.2458230751 -0.0654206028545964 
887147.3354231968 -408814.4385011173 -0.06623648065888466 
890282.1316614413 -349792.68336375983 -0.06494927633754673 
893416.9278996858 -288383.2587046562 -0.06166106270383359 
896551.7241379303 -229823.76196825708 -0.05663022356379102 
899686.5203761748 -178308.86295196865 -0.050139776194377546 
902821.3166144193 -135145.00407829808 -0.04240927796413029 
905956.1128526638 -99757.62284912818 -0.033634820569186576 
909090.9090909084 -72416.89204727174 -0.02410537046931111 
912225.7053291529 -55751.08597500372 -0.014261442723387988 
915360.5015673974 -53387.80951155114 -0.004620442044082562 
918495.2978056419 -67082.8707386581 0.004368521091704648 
921630.0940438864 -95304.34919155866 0.01240378837863151 
924764.8902821309 -134743.05431325332 0.019276298215910457 
927899.6865203754 -183177.8181257309 0.024752197296814223 
931034.4827586199 -240720.299557882 0.028528761826677893 
934169.2789968645 -308174.940658782 0.030321081802045638 
937304.075235109 -384287.696628322 0.029997764524462144 
940438.8714733535 -464838.39471116744 0.02762984260647521 
943573.667711598 -544614.0900790837 0.02340505343570002 
946708.4639498425 -620291.3405328593 0.017497702627979065 
949843.260188087 -691308.3761048338 0.010027836308604692 
952978.0564263315 -757916.9095873852 0.0011468952697517732 
956112.852664576 -818556.1209145923 -0.008848216827210657 
959247.6489028205 -869391.6691215048 -0.019502717442914368 
962382.445141065 -906578.770265095 -0.0303184693985236 
965517.2413793096 -928939.9866330256 -0.040889172548944225 
968652.0376175541 -938304.7401421624 -0.05092955086105889 
971786.8338557986 -937198.6242549206 -0.060183710072152646 
974921.6300940431 -926328.9749061851 -0.06832425412677616 
978056.4263322876 -904495.959976673 -0.0749621239008934 
981191.2225705321 -870984.631191517 -0.07976916157071354 
984326.0188087766 -827874.9671455739 -0.08259542042465427 
987460.8150470211 -779791.160833398 -0.08346715360627988 
990595.6112852657 -731294.1358821425 -0.08247464107250135 
993730.4075235102 -684646.5142071109 -0.07966835908476572 
996865.2037617547 -637907.3002338548 -0.07517717768255978 
999999.9999999992 -658133.1997541006 -0.0660792072615278 
