#x u 
0.0 -122887.4908427825 0.036596201554890614 
3134.796238244514 -188741.75448308446 0.03795158011249693 
6269.592476489028 -310499.30815628904 0.03494233937278665 
9404.38871473354 -418887.62821496936 0.030644321005619438 
12539.184952978056 -511100.7513055614 0.025160225217927323 
15673.98119122257 -583549.4936509769 0.01870319008479543 
18808.777429467085 -633432.3830333357 0.011522903540233886 
21943.5736677116 -658820.4597007104 0.0038970266025063864 
25078.369905956115 -658731.9668902284 -0.0038795482483884917 
28213.16614420063 -633170.326633613 -0.011506101072860223 
31347.962382445145 -583124.006871737 -0.01868771327823787 
34482.75862068966 -510528.29744408367 -0.02514667211365057 
37617.55485893417 -418190.47248215333 -0.030633209814611533 
40752.35109717868 -309681.233194298 -0.03493516211575522 
43887.14733542319 -189196.62894601354 -0.03788617263727404 
47021.943573667704 -61395.796143802014 -0.03937212588165227 
50156.739811912215 68779.21044438335 -0.039335560076886454 
53291.53605015673 196294.5268141279 -0.03777788922166365 
56426.33228840124 316219.1391102446 -0.0347593484060702 
59561.12852664575 423915.5657999641 -0.03039666452227788 
62695.92476489026 515219.18895910535 -0.024858542438762232 
65830.72100313478 586599.2999352188 -0.01835914118757509 
68965.51724137929 635295.6317562384 -0.011149792440333787 
72100.3134796238 659425.0985800703 -0.003509281519237869 
75235.10971786831 658054.6145734661 0.004266933223843906 
78369.90595611282 631237.1763161104 0.011878145773895652 
81504.70219435733 580009.8134243046 0.019030030746269046 
84639.49843260185 506353.48664359376 0.025446024941393485 
87774.29467084636 413116.4841500015 0.030878022036266866 
90909.09090909087 303904.2783228523 0.03511596684929444 
94043.88714733538 182940.10222481313 0.037995978168512974 
97178.68338557989 54901.637292920524 0.03940668603365053 
100313.4796238244 -75259.87247680788 0.03929353840949554 
103448.27586206891 -202511.085001564 0.03766091071163164 
106583.07210031342 -321931.19931474456 0.03457193660923455 
109717.86833855794 -428902.2428070146 0.030146066647782757 
112852.66457680245 -519287.64810293354 0.02455444909967589 
115987.46081504696 -589592.2140101328 0.018013311665143087 
119122.25705329147 -637097.2648554394 0.01077559995288936 
122257.05329153598 -659965.781600056 0.0031211960802086285 
125391.84952978049 -657313.4393163922 -0.004653904360966164 
128526.645768025 -629242.8040092379 -0.012249038445643878 
131661.44200626953 -576839.366391113 -0.019370502542999872 
134796.23824451404 -502129.56598560524 -0.025742909827882514 
137931.03448275855 -408002.4287654808 -0.031119839481936667 
141065.83072100306 -298097.8485960048 -0.03529336578002336 
144200.62695924757 -176665.83263704236 -0.038102098572419876 
147335.42319749208 -48402.15368047446 -0.039437424237569844 
150470.2194357366 81733.23525740509 -0.03924770576790825 
153605.0156739811 208708.00218565192 -0.03754027957155546 
156739.81191222562 327612.036281448 -0.03438117177361251 
159874.60815047013 433847.321743586 -0.029892544987678828 
163009.40438871464 523305.7429398659 -0.02424797429086922 
166144.20062695915 592527.9451281264 -0.017665735080249236 
169278.99686520366 638837.107611102 -0.010400362369099978 
172413.79310344817 660442.4563208104 -0.002732807924798843 
175548.58934169268 656508.5130036051 0.00504042412847022 
178683.3855799372 627187.4031417796 0.012618743116226162 
181818.1818181817 573612.9732652598 0.0197090956469902 
184952.97805642622 497856.9451367773 0.026037297979054158 
188087.77429467073 402848.80232701363 0.031358638698399784 
191222.57053291524 292262.50716369436 0.035467341702498524 
194357.36677115975 170374.42870716768 0.03820452355666312 
197492.16300940426 41897.975673829256 0.03946433751219467 
200626.95924764877 -88198.67095219779 0.03919806659730865 
203761.75548589329 -214884.67734412762 0.037416007501123734 
206896.5517241378 -333261.0990413161 0.03418707240097062 
210031.3479623823 -438750.3229998235 0.02963612413034754 
213166.14420062682 -527273.0837657342 0.0239391477365065 
216300.94043887133 -595406.2085605691 0.017316445143408077 
219435.73667711584 -640514.991280582 0.01002411608224577 
222570.53291536035 -660855.076510946 0.0023441547217271995 
225705.32915360486 -655639.9137027389 -0.005426455038847283 
228840.12539184937 -625071.1730615207 -0.012987223928984559 
231974.9216300939 -570330.9469659064 -0.020045777219008847 
235109.7178683384 -493536.0384870735 -0.026329160842996316 
238244.5141065829 -397656.1046709157 -0.03159439652516486 
241379.31034482742 -286398.8199799348 -0.03563787774326495 
244514.10658307193 -164066.50062147004 -0.038303243187320125 
247648.90282131644 -35389.734095650274 -0.03948742324727925 
250783.69905956095 94655.55249603374 -0.039144625712065825 
253918.49529780546 221040.5114179426 -0.03728810655314887 
257053.29153604998 338877.83970700344 -0.033989657316482694 
260188.0877742945 443610.77104687446 -0.029376828945355316 
263322.884012539 531189.285798863 -0.023627999388841255 
266457.6802507835 598226.7251524603 -0.01696547573130741 
269592.476489028 642130.7531304696 -0.009646897583438195 
272727.27272727253 661203.6021515419 -0.0019552741654183404 
275862.06896551704 654707.7256568924 0.0058119596520017636 
278996.86520376155 622894.3190158992 0.013354445145960028 
282131.66144200607 566993.6058079198 0.020380514605219287 
285266.4576802506 489167.26510956103 0.02661847011271793 
288401.2539184951 392424.8394229118 0.03182709009671693 
291536.0501567396 280507.35574791266 0.035804957362492576 
294670.8463949841 157742.66016886305 0.038398247889840434 
297805.6426332286 28878.060162715698 0.03950667920380048 
300940.43887147313 -101103.25365340646 0.039087388295267075 
304075.23510971764 -227174.907369373 0.03715658913239861 
307210.03134796215 -344461.71352600097 0.033788945666904914 
310344.82758620667 -448428.19448300544 0.029114684581042126 
313479.6238244512 -535053.9692173917 0.023314559425311715 
316614.4200626957 -600989.2213495115 0.016612860883522946 
319749.2163009402 -643684.2364523862 0.009268743458080987 
322884.0125391847 -661487.9994400376 0.0015662039723475286 
326018.8087774292 -653712.0392764693 -0.006196900578882052 
329153.60501567373 -620657.0521321134 -0.01372037115135823 
332288.40125391824 -563601.2736785326 -0.020713275349858694 
335423.19749216276 -484751.0450665987 -0.026905197561440858 
338557.99373040727 -387155.36199355987 -0.03205668987942949 
341692.7899686518 -274586.62713234726 -0.035968469987963596 
344827.5862068963 -151386.6124260518 -0.03848875341398387 
347962.3824451408 -22264.67494428212 -0.03951756968263014 
351097.1786833853 107985.66542105057 -0.03900598427973093 
354231.9749216298 234890.29875431664 -0.036947988811847035 
357366.77115987433 354780.4200591737 -0.033366391586318114 
360501.56739811884 465113.5413743681 -0.02830372426607558 
363636.36363636336 564144.8865925625 -0.021840166356677033 
366771.15987460787 649552.846339144 -0.014156543382059185 
369905.9561128524 716393.0613410757 -0.005625229687234751 
373040.7523510969 755958.6496898468 0.00314324258404199 
376175.5485893414 757578.0919557393 0.011390770388691586 
379310.3448275859 713811.621757095 0.01846027060408052 
382445.1410658304 626289.350299922 0.024075508459717853 
385579.93730407493 507318.8976426401 0.02842835913382503 
388714.73354231945 374399.253104693 0.031941731573235564 
391849.52978056396 240535.9152773383 0.03484030037522704 
394984.32601880847 107903.47910965851 0.03687437784122783 
398119.122257053 -29329.870871510928 0.037462892305468176 
401253.9184952975 -175033.00642711812 0.03616249354095424 
404388.714733542 -322981.39152302314 0.0330505213453506 
407523.5109717865 -458351.4677878322 0.02866454884306557 
410658.307210031 -567586.7176193296 0.023555632049362826 
413793.10344827553 -647123.8449563193 0.017891041781022642 
416927.89968652005 -702511.5574430955 0.011494504418253273 
420062.69592476456 -739113.6848979737 0.0042693309868704656 
423197.49216300907 -754136.9413666066 -0.003441922241904499 
426332.2884012536 -738286.8130703715 -0.010941651310783123 
429467.0846394981 -685308.3231738391 -0.017625032936905174 
432601.8808777426 -599422.9407284331 -0.023333216790298896 
435736.6771159871 -492854.4809897633 -0.0282535438655477 
438871.4733542316 -375988.6090405058 -0.03248290327553849 
442006.26959247614 -250391.5719415816 -0.035722389150784954 
445141.06583072065 -111863.89942216479 -0.0374316102595536 
448275.86206896516 39872.08600260681 -0.03728619661672656 
451410.65830720967 195241.47407203328 -0.03546170482397041 
454545.4545454542 339091.19569485536 -0.032447871143683034 
457680.2507836987 460893.111736846 -0.028588846494425058 
460815.0470219432 560367.9041868526 -0.02383076334542535 
463949.8432601877 642831.6442080508 -0.017937616616665673 
467084.6394984322 709354.9453849515 -0.010942049062364845 
470219.43573667674 752247.3482823657 -0.0033491768126099287 
473354.23197492125 760741.3052022265 0.004129852717245114 
476489.02821316576 730986.6992404191 0.011044400960309075 
479623.82445141027 669897.8702883149 0.017391278804679573 
482758.6206896548 588820.9203808637 0.023336849560391427 
485893.4169278993 493648.86210557603 0.028777608032506133 
489028.2131661438 381699.040107421 0.0332114967873588 
492163.0094043883 248511.98568383107 0.03606420961344847 
495297.8056426328 97264.18199093713 0.03713495508098035 
498432.60188087734 -59284.53908910531 0.03669911584099858 
501567.39811912185 -206555.57023355726 0.035164306558370224 
504702.19435736636 -337677.84275446704 0.03264378810288027 
507836.99059561087 -454984.7839160923 0.02889564990359745 
510971.7868338554 -562135.0654855251 0.02368919549445808 
514106.5830720999 -655355.9732951998 0.01720876241449839 
517241.3793103444 -723204.9323343898 0.010064212329571654 
520376.1755485889 -755256.7707295143 0.0028894257398189935 
523510.9717868334 -750707.8150033995 -0.004058123247295066 
526645.768025078 -717943.1887451377 -0.01088606486750562 
529780.5642633225 -665577.5649906681 -0.01766716317613474 
532915.360501567 -594398.6801211627 -0.02408248116204456 
536050.1567398115 -498643.4081874458 -0.029493602361741065 
539184.952978056 -375177.3670510303 -0.03337787466343066 
542319.7492163006 -230802.3534493051 -0.03567802187633978 
545454.5454545451 -79855.9825627773 -0.03670639099700907 
548589.3416927896 65550.42835827825 -0.036710818732235445 
551724.1379310341 202594.06636965924 -0.035562795636710526 
554858.9341692786 334899.92542370816 -0.03289762720370345 
557993.7304075231 463014.504822878 -0.02855875146125967 
561128.5266457676 578433.9687588423 -0.022876600505609232 
564263.3228840121 667671.735918178 -0.016484597013609464 
567398.1191222566 722271.5389704602 -0.009859713572872384 
570532.9153605012 744394.6284156208 -0.0030626479383667055 
573667.7115987457 742233.4002303458 0.004058959850035362 
576802.5078369902 720167.692996175 0.011428584550878303 
579937.3040752347 674074.207176701 0.018535249528506218 
583072.1003134792 596742.3780946187 0.02469029514262792 
586206.8965517237 487664.12899166544 0.02948667497765785 
589341.6927899682 356779.5328371405 0.03298982392091279 
592476.4890282127 218035.64979653724 0.03547269785552552 
595611.2852664572 79322.66290619911 0.03698409228257322 
598746.0815047018 -60733.023314499245 0.037206260818811024 
601880.8777429463 -205711.51383213286 0.03574395407632836 
605015.6739811908 -351467.9068604754 0.03253090698950877 
608150.4702194353 -483995.34925369074 0.02792620078567594 
611285.2664576798 -587953.5999708773 0.022415730253291837 
614420.0626959243 -657758.8634640919 0.016258620428096466 
617554.8589341688 -700266.4909629055 0.009466991105649577 
620689.6551724133 -726357.7310318497 0.002130479112223571 
623824.4514106578 -739748.4293031532 -0.005295492275392187 
626959.2476489024 -733846.1808347222 -0.012098134121774901 
630094.0438871469 -699058.6237107037 -0.01775219139798106 
633228.8401253914 -632446.3931183936 -0.02226362542664152 
636363.6363636359 -539865.8629074537 -0.026046211480537505 
639498.4326018804 -429257.6011986864 -0.029425881377818736 
642633.2288401249 -303220.85358194506 -0.03224796240273554 
645768.0250783694 -159382.483068234 -0.03396823648660227 
648902.8213166139 1844.2152093162022 -0.03412957205173222 
652037.6175548584 170918.433053224 -0.032746825050392926 
655172.413793103 331809.06984958955 -0.030228201150929297 
658307.2100313475 471588.05039256427 -0.026940040672143006 
661442.006269592 587341.6893190697 -0.022880816390306164 
664576.8025078365 683341.9720602129 -0.017802258676583815 
667711.598746081 761556.7029895941 -0.011639449253423001 
670846.3949843255 815566.3636972448 -0.0047861714439701285 
673981.19122257 834378.5613876232 0.0020844420415335706 
677115.9874608145 812215.2513606525 0.008475198515455069 
680250.783699059 754042.5786708888 0.014327318960906924 
683385.5799373036 671052.9758983764 0.019824424099061648 
686520.3761755481 570828.1349783941 0.024954365849678983 
689655.1724137926 452452.57386126247 0.029299152982137915 
692789.9686520371 311591.90844102605 0.0322822685327315 
695924.7648902816 150031.67027452294 0.03362051853245674 
699059.5611285261 -20546.308264129122 0.03351124895250947 
702194.3573667706 -184734.5174851059 0.03236257354654197 
705329.1536050151 -333260.4144944087 0.030352913078767557 
708463.9498432596 -466414.0237412187 0.02728341836853497 
711598.7460815042 -587688.0291485233 0.02287666941900814 
714733.5423197487 -694556.6227667647 0.017203888919306593 
717868.3385579932 -776302.9855074233 0.010786248513729264 
721003.1347962377 -821361.1531374527 0.004257176692767074 
724137.9310344822 -826599.7892352982 -0.0020671817383839017 
727272.7272727267 -798898.4933060898 -0.008266894920645678 
730407.5235109712 -747431.0458774478 -0.014473623598183865 
733542.3197492157 -674792.4359990221 -0.02047507384105346 
736677.1159874602 -576267.980566029 -0.02569430426860163 
739811.9122257048 -447930.1706317766 -0.02957482040198254 
742946.7084639493 -294924.38952767075 -0.0319749310903308 
746081.5047021938 -131072.55460875473 -0.033164179959057155 
749216.3009404383 29976.73776479419 -0.033431764883413775 
752351.0971786828 182962.52571157156 -0.032723021992732866 
755485.8934169273 330192.8796711917 -0.030688387667192913 
758620.6896551718 472805.4421070257 -0.02709342198848214 
761755.4858934163 603543.5332916216 -0.02215698489117203 
764890.2821316608 708873.7504043034 -0.016458569708319482 
768025.0783699054 778425.8827644667 -0.010507178474847343 
771159.8746081499 812011.9985703935 -0.004418281505717416 
774294.6708463944 816997.8710305785 0.0019698268707589715 
777429.4670846389 798905.6126934529 0.008672077436461822 
780564.2633228834 755194.588099115 0.01528076807137779 
783699.0595611279 678772.0503374395 0.021137745794607483 
786833.8557993724 567504.0926591672 0.025783245717238626 
789968.6520376169 429645.40205612045 0.029218775254717246 
793103.4482758614 279359.4586019324 0.03171634375093916 
796238.244514106 126882.64754157163 0.03338219453139591 
799373.0407523505 -26519.969770291038 0.033939624924382766 
802507.836990595 -183728.93284849482 0.03296312889412642 
805642.6332288395 -342392.1797023119 0.03031962094084692 
808777.429467084 -491101.4351293603 0.02635301731346089 
811912.2257053285 -615382.3866841922 0.021616582395769822 
815047.021943573 -707427.276137194 0.016431070473213922 
818181.8181818175 -769548.4158639098 0.010727860425978522 
821316.614420062 -807910.255534609 0.004334818443767513 
824451.4106583066 -823283.7554637329 -0.0026041738151678924 
827586.2068965511 -808651.0723383192 -0.009526353924335795 
830721.0031347956 -756235.2363261855 -0.01578162567966991 
833855.7993730401 -666572.2766364194 -0.021059758893594144 
836990.5956112846 -550052.9985839296 -0.02547400767854692 
840125.3918495291 -419237.2499863863 -0.029222852514956623 
843260.1880877736 -279900.939996021 -0.032194203593128495 
846394.9843260181 -130063.75510309995 -0.03393540608638865 
849529.7805642626 32182.879913491975 -0.03402605004169075 
852664.5768025072 200504.52016095113 -0.032465397569416764 
855799.3730407517 360637.48203551664 -0.02966925643150043 
858934.1692789962 499097.55693902937 -0.02607999613111528 
862068.9655172407 611366.424750801 -0.02179809626281663 
865203.7617554852 701182.0237819692 -0.01661879771687612 
868338.5579937297 771895.8693521039 -0.010429555916671234 
871473.3542319742 819170.1331741489 -0.0035432014847293514 
874608.1504702187 832836.6460896137 0.0033916803779086113 
877742.9467084632 806061.9393812235 0.009817911796956893 
880877.7429467078 742237.9615275738 0.015595010446412816 
884012.5391849523 652367.6708299896 0.020890795883044468 
887147.3354231968 545663.3099703117 0.025763449473464893 
890282.1316614413 423161.34278263233 0.029882916842847024 
893416.9278996858 280936.4981639319 0.03269283271170617 
896551.7241379303 119363.44616546707 0.03384961198713845 
899686.5203761748 -51512.50670110877 0.03348258077046902 
902821.3166144193 -216361.7809328179 0.03200572013582114 
905956.1128526638 -364335.19022015 0.029681239744389517 
909090.9090909084 -494184.1577662106 0.026393969785152127 
912225.7053291529 -609600.1664393449 0.021871656754279434 
915360.5015673974 -709910.1477422642 0.016115450391510543 
918495.2978056419 -786121.7507247338 0.009582328144829002 
921630.0940438864 -826652.4590840219 0.002920753496919633 
924764.8902821309 -826857.5695117322 -0.003470610449699896 
927899.6865203754 -792440.9406064693 -0.009606425300451506 
931034.4827586199 -733224.0509043649 -0.01563860852958173 
934169.2789968645 -653838.8775338279 -0.021441250552602563 
937304.075235109 -551091.0247095628 -0.02650282583338917 
940438.8714733535 -420674.2172420863 -0.03024808847372826 
943573.667711598 -266041.75642795843 -0.032459331264363026 
946708.4639498425 -99939.69297108684 -0.03336120270518165 
949843.260188087 63204.77373445238 -0.03328571431342737 
952978.0564263315 216255.9865637154 -0.03227368683414766 
956112.852664576 360510.01634064666 -0.030033556447504144 
959247.6489028205 498054.9597354478 -0.026300538766928946 
962382.445141065 623630.8761762099 -0.02121628878692572 
965517.2413793096 724776.5109925478 -0.015326021107176232 
968652.0376175541 790311.1817483094 -0.009190724230906593 
971786.8338557986 818408.5627154647 -0.0030152014780170495 
974921.6300940431 815917.6450874247 0.0033254858717234196 
978056.4263322876 789750.9855146545 0.009898584229685157 
981191.2225705321 739452.8684383465 0.0163826415462723 
984326.0188087766 658765.3895860146 0.022150915824285553 
987460.8150470211 544498.1267619731 0.02669108365502013 
990595.6112852657 403284.07864333014 0.029929065653448054 
993730.4075235102 248971.64839746125 0.03212575736419542 
996865.2037617547 94499.80273713796 0.03340438347579246 
999999.9999999992 -122887.49084764422 0.036596201554667765 
