#x u 
0.0 2.4961706634084895e+18 114418788058.63277 
3134.796238244514 -6.246710052870354e+16 -2863349866.5409093 
6269.592476489028 1537275456194703.5 70465211.89282028 
9404.38871473354 -64445070082898.984 -2954015.4473781507 
12539.184952978056 -25027750563468.133 -1147215.136008013 
15673.98119122257 -26680188103603.117 -1222959.1161936102 
18808.777429467085 -27321925124068.492 -1252374.8842947215 
21943.5736677116 -28006032325284.31 -1283732.806945281 
25078.369905956115 -28706594316924.09 -1315844.9813860287 
28213.16614420063 -29424697521189.496 -1348761.2065380176 
31347.962382445145 -30160763863167.797 -1382500.8222127135 
34482.75862068966 -30915243124078.91 -1417084.4450805387 
37617.55485893417 -31688595903747.957 -1452533.1876200752 
40752.35109717868 -32481294333719.312 -1488868.690905393 
43887.14733542319 -33293822354660.18 -1526113.1373145923 
47021.943573667704 -34126676011853.293 -1564289.2640889613 
50156.739811912215 -34980363758204.758 -1603420.3772033923 
53291.53605015673 -35855406764193.125 -1643530.365620112 
56426.33228840124 -36752339235824.0 -1684643.715893284 
59561.12852664575 -37671708741209.125 -1726785.527110678 
62695.92476489026 -38614076544826.43 -1769981.5262308277 
65830.72100313478 -39580017950214.63 -1814258.0837997848 
68965.51724137929 -40570122651367.64 -1859642.2300570249 
72100.3134796238 -41584995092862.55 -1906161.6714505034 
75235.10971786831 -42625254839079.3 -1953844.8075631724 
78369.90595611282 -43691536952884.81 -2002720.7484505097 
81504.70219435733 -44784492383600.62 -2052819.3324154196 
84639.49843260185 -45904788364563.83 -2104171.1442284156 
87774.29467084636 -47053108820703.94 -2156807.5337987784 
90909.09090909087 -48230154786359.31 -2210760.6353110382 
94043.88714733538 -49436644833538.54 -2266063.386839101 
97178.68338557989 -50673315510801.53 -2322749.5504501564 
100313.4796238244 -51940921792995.57 -2380853.7328099757 
103448.27586206891 -53240237542248.05 -2440411.406297916 
106583.07210031342 -54572055980503.195 -2501458.9306481723 
109717.86833855794 -55937190173704.77 -2564033.5751410834 
112852.66457680245 -57336473528072.47 -2628173.5413497942 
115987.46081504696 -58770760298841.65 -2693917.9864497883 
119122.25705329147 -60240926111623.37 -2761307.0471116453 
122257.05329153598 -61747868496702.18 -2830381.863994333 
125391.84952978049 -63292507436708.54 -2901184.606853491 
128526.645768025 -64875785928029.984 -2973758.500280749 
131661.44200626953 -66498670556263.555 -3048147.850089888 
134796.23824451404 -68162152086044.03 -3124398.0703636543 
137931.03448275855 -69867246065600.46 -3202555.7111774217 
141065.83072100306 -71614993446443.36 -3282668.4870183817 
144200.62695924757 -73406461218625.94 -3364785.305918596 
147335.42319749208 -75242743061986.47 -3448956.2993200854 
150470.2194357366 -77124960013730.88 -3535232.852688905 
153605.0156739811 -79054261152736.27 -3623667.636894549 
156739.81191222562 -81031824300990.11 -3714314.6403731043 
159874.60815047013 -83058856742617.72 -3807229.202095615 
163009.40438871464 -85136595960971.72 -3902468.0453633545 
166144.20062695915 -87266310394257.06 -4000089.3124492886 
169278.99686520366 -89449300210121.69 -4100152.6001042677 
172413.79310344817 -91686898099616.81 -4202718.995948596 
175548.58934169268 -93980470090995.7 -4307851.115771224 
178683.3855799372 -96331416383887.67 -4415613.141760491 
181818.1818181817 -98741172204381.27 -4526070.861691247 
184952.97805642622 -101211208681526.98 -4639291.709091873 
188087.77429467073 -103743033745754.14 -4755344.804413048 
191222.57053291524 -106338193049705.56 -4874300.997221964 
194357.36677115975 -108998270912028.36 -4996232.9094490465 
197492.16300940426 -111724891284726.12 -5121214.97971607 
200626.95924764877 -114519718744705.27 -5249323.5087737525 
203761.75548589329 -117384459510117.19 -5380636.706075629 
206896.5517241378 -120320862482064.97 -5515234.737515212 
210031.3479623823 -123330720312264.08 -5653199.774355122 
213166.14420062682 -126415870497317.6 -5794616.043379624 
216300.94043887133 -129578196500334.06 -5939569.878303136 
219435.73667711584 -132819628900613.73 -6088149.772467309 
222570.53291536035 -136142146572088.9 -6240446.432858629 
225705.32915360486 -139547777891191.55 -6396552.8354780115 
228840.12539184937 -143038601974873.25 -6556564.2820952395 
231974.9216300939 -146616749949569.88 -6720578.458423996 
235109.7178683384 -150284406251940.12 -6888695.493755421 
238244.5141065829 -154043809962202.88 -7061018.02208769 
241379.31034482742 -157897256170871.94 -7237651.244787661 
244514.10658307193 -161847097379689.12 -7418702.994820566 
247648.90282131644 -165895744937600.66 -7604283.80258596 
250783.69905956095 -170045670512688.88 -7794506.963401239 
253918.49529780546 -174299407601007.62 -7989488.60667586 
257053.29153604998 -178659553073260.25 -8189347.76681874 
260188.0877742945 -183128768760232.5 -8394206.455920316 
263322.884012539 -187709783077900.56 -8604189.738251114 
266457.6802507835 -192405392693202.06 -8819425.80662124 
269592.476489028 -197218464231513.28 -9040046.0606487 
272727.27272727253 -202151936026908.2 -9266185.18698608 
275862.06896551704 -207208819916265.66 -9497981.241554566 
278996.86520376155 -212392203078273.25 -9735575.733833501 
282131.66144200607 -217705249918401.75 -9979113.713254558 
285266.4576802506 -223151204000989.47 -10228743.85775311 
288401.2539184951 -228733390029640.38 -10484618.564532815 
291536.0501567396 -234455215877174.84 -10746894.043100514 
294670.8463949841 -240320174666363.38 -11015730.410628242 
297805.6426332286 -246331846902661.2 -11291291.789698858 
300940.43887147313 -252493902660204.0 -11573746.408493342 
304075.23510971764 -258810103822402.75 -11863266.703481762 
307210.03134796215 -265284306378539.0 -12160029.42468288 
310344.82758620667 -271920462777794.62 -12464215.743558612 
313479.6238244512 -278722624342150.4 -12776011.36360899 
316614.4200626957 -285694943739583.7 -13095606.633733658 
319749.2163009402 -292841677519051.5 -13423196.66442794 
322884.0125391847 -300167188708823.7 -13758981.446885575 
326018.8087774292 -307675949479804.3 -14103165.975083428 
329153.60501567373 -315372543875505.56 -14455960.37092393 
332288.40125391824 -323261670610332.56 -14817580.012511076 
335423.19749216276 -331348145937853.75 -15188245.6656363 
338557.99373040727 -339636906590800.44 -15568183.618553806 
341692.7899686518 -348133012794615.6 -15957625.820128232 
344827.5862068963 -356841651356449.5 -16356810.02144123 
347962.3824451408 -365768138831509.75 -16765979.920943884 
351097.1786833853 -374917924768683.9 -17185385.31324224 
354231.9749216298 -384296595037375.8 -17615282.241604734 
357366.77115987433 -393909875237580.6 -18055933.154283315 
360501.56739811884 -403763634195305.6 -18507607.064744793 
363636.36363636336 -413863887545513.0 -18970579.715911537 
366771.15987460787 -424216801404775.25 -19445133.74851187 
369905.9561128524 -434828696135851.75 -19931558.873640828 
373040.7523510969 -445706050206442.56 -20430152.049635135 
376175.5485893414 -456855504144455.1 -20941217.66336928 
379310.3448275859 -468283864592229.3 -21465067.71608504 
382445.1410658304 -479998108462209.0 -22002022.013868995 
385579.93730407493 -492005387196589.7 -22552408.36289457 
388714.73354231945 -504313031133498.25 -23116562.769545957 
391849.52978056396 -516928553982332.0 -23694829.645544507 
394984.32601880847 -529859657410987.25 -24287562.018203404 
398119.122257053 -543114235747815.9 -24895121.74594025 
401253.9184952975 -556700380801186.94 -25517879.7391807 
404388.714733542 -570626386799597.6 -26156216.186788134 
407523.5109717865 -584900755455303.2 -26810520.78815638 
410658.307210031 -599532201154530.9 -27481192.991107076 
413793.10344827553 -614529656277456.2 -28168642.235738296 
416927.89968652005 -629902276651223.4 -28873288.204375524 
420062.69592476456 -645659447139357.4 -29595561.07777832 
423197.49216300907 -661810787370971.1 -30335901.797758643 
426332.2884012536 -678366157613246.9 -31094762.33636909 
429467.0846394981 -695335664790765.1 -31872605.971823998 
432601.8808777426 -712729668655394.1 -32669907.57132223 
435736.6771159871 -730558788110530.0 -33487153.880944666 
438871.4733542316 -748833907693555.1 -34324843.822803855 
442006.26959247614 -767566184220448.1 -35183488.7996257 
445141.06583072065 -786767053596566.6 -36063613.0069499 
448275.86206896516 -806448237797782.8 -36965753.75313996 
451410.65830720967 -826621752026286.8 -37890461.78740283 
454545.4545454542 -847299912045492.6 -38838301.63602036 
457680.2507836987 -868495341698596.6 -39809851.94700034 
460815.0470219432 -890220980615388.2 -40805705.84335652 
463949.8432601877 -912490092112053.1 -41826471.285232365 
467084.6394984322 -935316271288817.2 -42872771.44108824 
470219.43573667674 -958713453330337.4 -43945245.068175696 
473354.23197492125 -982695922013849.5 -45044546.90252715 
476489.02821316576 -1007278318430111.2 -46171348.05869248 
479623.82445141027 -1032475649922284.4 -47326336.439459614 
482758.6206896548 -1058303299248095.8 -48510217.1558066 
485893.4169278993 -1084777033970827.1 -49723712.95734171 
489028.2131661438 -1111913016084930.9 -50967564.67349966 
492163.0094043883 -1139727811882249.5 -52242531.66577119 
495297.8056426328 -1168238402065039.5 -53549392.291248895 
498432.60188087734 -1197462192112105.0 -54888944.37778103 
501567.39811912185 -1227417022904575.8 -56262005.71102941 
504702.19435736636 -1258121181617859.5 -57669414.53373203 
507836.99059561087 -1289593412886413.8 -59112030.05747148 
510971.7868338554 -1321852930247942.2 -60590732.987251155 
514106.5830720999 -1354919427873722.2 -62106426.059187196 
517241.3793103444 -1388813092591992.8 -63660034.59163069 
520376.1755485889 -1423554616211619.8 -65252507.05005403 
523510.9717868334 -1459165208153613.5 -66884815.62604726 
526645.768025078 -1495666608398399.0 -68557956.83078887 
529780.5642633225 -1533081100756954.0 -70272952.10336271 
532915.360501567 -1571431526474141.2 -72030848.43430483 
536050.1567398115 -1610741298172725.0 -73832719.00476877 
539184.952978056 -1651034414146649.2 -75679663.84170325 
542319.7492163006 -1692335473012222.5 -77572810.48943946 
545454.5454545451 -1734669688725970.5 -79513314.69808534 
548589.3416927896 -1778062905977954.8 -81502361.12913553 
551724.1379310341 -1822541615969848.0 -83541164.07871567 
554858.9341692786 -1868132972587283.8 -85630968.21890083 
557993.7304075231 -1914864808976589.2 -87773049.35756898 
561128.5266457676 -1962765654536254.0 -89968715.21726334 
564263.3228840121 -2011864752333677.0 -92219306.23354617 
567398.1191222566 -2062192076957899.2 -94526196.37333484 
570532.9153605012 -2113778352819133.2 -96890793.97371535 
573667.7115987457 -2166655072906205.0 -99314542.60174188 
576802.5078369902 -2220854518013251.8 -101798921.93574356 
579937.3040752347 -2276409776447324.5 -104345448.66867162 
583072.1003134792 -2333354764228831.0 -106955677.43403438 
586206.8965517237 -2391724245797107.0 -109631201.75498399 
589341.6927899682 -2451553855233773.0 -112373655.01713593 
592476.4890282127 -2512880118017006.0 -115184711.4657218 
595611.2852664572 -2575740473320134.0 -118066087.22769248 
598746.0815047018 -2640173296868187.0 -121019541.3593964 
601880.8777429463 -2706217924366255.0 -124046876.92046766 
605015.6739811908 -2773914675513751.5 -127149942.07457262 
608150.4702194353 -2843304878619248.5 -130330631.21768482 
611285.2664576798 -2914430895830897.5 -133590886.13458017 
614420.0626959243 -2987336148998003.0 -136932697.18426418 
617554.8589341688 -3062065146179612.0 -140358104.5150597 
620689.6551724133 -3138663508816217.5 -143869199.31009153 
623824.4514106578 -3217177999581054.0 -147468125.0639276 
626959.2476489024 -3297656550928037.0 -151157078.89115232 
630094.0438871469 -3380148294353815.0 -154938312.86767775 
633228.8401253914 -3464703590391928.5 -158814135.4056163 
636363.6363636359 -3551374059357406.0 -162786912.66255042 
639498.4326018804 -3640212612860382.5 -166859069.986059 
642633.2288401249 -3731273486108017.5 -171033093.39437485 
645768.0250783694 -3824612271014296.5 -175311531.09407806 
648902.8213166139 -3920285950138242.0 -179696995.0357594 
652037.6175548584 -4018352931471225.0 -184192162.50860703 
655172.413793103 -4118873084094701.0 -188799777.77488732 
658307.2100313475 -4221907774729873.5 -193522653.74531215 
661442.006269592 -4327519905201577.5 -198363673.69630778 
664576.8025078365 -4435773950839254.0 -203325793.03023708 
667711.598746081 -4546735999838679.0 -208412041.0796563 
670846.3949843255 -4660473793608483.0 -213625522.95671174 
673981.19122257 -4777056768126095.0 -218969421.44880384 
677115.9874608145 -4896556096328138.0 -224446998.9616625 
680250.783699059 -5019044731561084.0 -230061599.5110215 
683385.5799373036 -5144597452118674.0 -235816650.76410574 
686520.3761755481 -5273290906893650.0 -241715666.13219312 
689655.1724137926 -5405203662171590.0 -247762246.9155256 
692789.9686520371 -5540416249595354.0 -253960084.5018768 
695924.7648902816 -5679011215329209.0 -260312962.62011215 
699059.5611285261 -5821073170452576.0 -266824759.65010622 
702194.3573667706 -5966688842614244.0 -273499450.9904434 
705329.1536050151 -6115947128978911.0 -280341111.48535126 
708463.9498432596 -6268939150498275.0 -287353917.9123549 
711598.7460815042 -6425758307539841.0 -294542151.5321619 
714733.5423197487 -6586500336906953.0 -301910200.7023241 
717868.3385579932 -6751263370285008.0 -309462563.5562731 
721003.1347962377 -6920147994149638.0 -317203850.74937266 
724137.9310344822 -7093257311173712.0 -325138788.2736754 
727272.7272727267 -7270697003170657.0 -333272220.34310263 
730407.5235109712 -7452575395612341.0 -341609112.3508052 
733542.3197492157 -7639003523760611.0 -350154553.90048844 
736677.1159874602 -7830095200452955.0 -358913761.9135632 
739811.9122257048 -8025967085583788.0 -367892083.8140222 
742946.7084639493 -8226738757324290.0 -377095000.79300725 
746081.5047021938 -8432532785123921.0 -386528131.1550482 
749216.3009404383 -8643474804538252.0 -396197233.7480129 
752351.0971786828 -8859693593928209.0 -406108211.4788429 
755485.8934169273 -9081321153077924.0 -416267114.9172269 
758620.6896551718 -9308492783779272.0 -426680145.989426 
761755.4858934163 -9541347172432630.0 -437353661.7645164 
764890.2821316608 -9780026474714244.0 -448294178.33535564 
768025.0783699054 -1.0024676402361458e+16 -459508374.79662347 
771159.8746081499 -1.027544631212854e+16 -471003097.3223634 
774294.6708463944 -1.0532489296967608e+16 -482785363.3455041 
777429.4670846389 -1.0795962279490648e+16 -494862365.8419454 
780564.2633228834 -1.1066026107769874e+16 -507241477.7218222 
783699.0595611279 -1.1342845653534724e+16 -519930256.3306262 
786833.8557993724 -1.1626589912825144e+16 -532936448.0629115 
789968.6520376169 -1.191743210916225e+16 -546267993.0913935 
793103.4482758614 -1.2215549799299664e+16 -559933030.2143333 
796238.244514106 -1.2521124981620432e+16 -573939901.8241959 
799373.0407523505 -1.283434420724593e+16 -588297159.0006143 
802507.836990595 -1.3155398693924272e+16 -603013566.7307581 
805642.6332288395 -1.348448444276726e+16 -618098109.2602831 
808777.429467084 -1.38218023579072e+16 -633559995.5781112 
811912.2257053285 -1.4167558369146694e+16 -649408665.038407 
815047.021943573 -1.452196355767688e+16 -665653793.1232123 
818181.8181818175 -1.4885234284940998e+16 -682305297.3492516 
821316.614420062 -1.5257592324721496e+16 -699373343.3225002 
824451.4106583066 -1.563926499853095e+16 -716868350.9441999 
827586.2068965511 -1.6030485314389354e+16 -734801000.7720913 
830721.0031347956 -1.6431492109072838e+16 -753182240.5407845 
833855.7993730401 -1.6842530193921378e+16 -772023291.845255 
836990.5956112846 -1.7263850504294286e+16 -791335656.9915566 
840125.3918495291 -1.7695710252764454e+16 -811131126.0189071 
843260.1880877736 -1.8138373086144228e+16 -831421783.897412 
846394.9843260181 -1.8592109246438988e+16 -852220017.9058247 
849529.7805642626 -1.9057195735827084e+16 -873538525.193864 
852664.5768025072 -1.9533916485767336e+16 -895390320.5337337 
855799.3730407517 -2.002256253033745e+16 -917788744.2655739 
858934.1692789962 -2.0523432183908316e+16 -940747470.4416549 
862068.9655172407 -2.1036831223262348e+16 -964280515.1742861 
865203.7617554852 -2.1563073074267356e+16 -988402245.1925215 
868338.5579937297 -2.2102479003220044e+16 -1013127386.6129193 
871473.3542319742 -2.2655378312976852e+16 -1038471033.9297372 
874608.1504702187 -2.3222108543991416e+16 -1064448659.2300315 
877742.9467084632 -2.380301568038086e+16 -1091076121.6392648 
880877.7429467078 -2.4398454361146212e+16 -1118369677.0031633 
884012.5391849523 -2.50087880966762e+16 -1146345987.8117528 
887147.3354231968 -2.563438949066728e+16 -1175022133.3716521 
890282.1316614413 -2.6275640467595456e+16 -1204415620.2328627 
893416.9278996858 -2.6932932505879084e+16 -1234544392.8763988 
896551.7241379303 -2.760666687687349e+16 -1265426844.6692486 
899686.5203761748 -2.8297254889843716e+16 -1297081829.0933485 
902821.3166144193 -2.9005118143064616e+16 -1329528671.2554352 
905956.1128526638 -2.9730688781203064e+16 -1362787179.6848404 
909090.9090909084 -3.047440975913899e+16 -1396877658.426438 
912225.7053291529 -3.123673511238645e+16 -1431820919.436124 
915360.5015673974 -3.2018130234278668e+16 -1467638295.2863338 
918495.2978056419 -3.281907216008608e+16 -1504351652.189371 
921630.0940438864 -3.3640049858241456e+16 -1541983403.3464956 
924764.8902821309 -3.448156452885067e+16 -1580556522.6309853 
927899.6865203754 -3.5344129909671744e+16 -1620094558.6135142 
931034.4827586199 -3.6228272589748e+16 -1660621648.9383965 
934169.2789968645 -3.713453233088636e+16 -1702162535.0594249 
937304.075235109 -3.806346239717645e+16 -1744742577.3442876 
940438.8714733535 -3.9015629892752424e+16 -1788387770.55682 
943573.667711598 -3.999161610800526e+16 -1833124759.7265916 
946708.4639498425 -4.09920168744564e+16 -1878980856.415531 
949843.260188087 -4.201744292850916e+16 -1925984055.3914714 
952978.0564263315 -4.306852028429788e+16 -1974163051.7187264 
956112.852664576 -4.414589061586324e+16 -2023547258.2761462 
959247.6489028205 -4.525021164888794e+16 -2074166823.7134042 
962382.445141065 -4.638215756223325e+16 -2126052650.856531 
965517.2413793096 -4.7542419399520984e+16 -2179236415.5739017 
968652.0376175541 -4.873170549101087e+16 -2233750586.114142 
971786.8338557986 -4.995074188603022e+16 -2289628442.9277153 
974921.6300940431 -5.120027279621968e+16 -2346904098.984318 
978056.4263322876 -5.248106104986799e+16 -2405612520.5985312 
981191.2225705321 -5.379388855761313e+16 -2465789548.776503 
984326.0188087766 -5.5139556789793816e+16 -2527471921.0966554 
987460.8150470211 -5.6518887265741464e+16 -2590697294.137686 
990595.6112852657 -5.7932722055310264e+16 -2655504266.4675727 
993730.4075235102 -5.938192429295286e+16 -2721932402.2076135 
996865.2037617547 -6.0867378704654936e+16 -2790022255.1860576 
999999.9999999992 -6.238999214814265e+16 -2859815393.6917815 
