#x u 
0.0 213417.36128892176 0.013500333977429495 
3134.796238244514 304324.8439791204 0.007862015095491462 
6269.592476489028 502366.12723281013 0.007369871215302538 
9404.38871473354 677978.1698063188 0.006455095103023324 
12539.184952978056 827441.3085266858 0.005293840234128101 
15673.98119122257 944905.7867751066 0.003927802696817057 
18808.777429467085 1025830.8196769769 0.002409878785908949 
21943.5736677116 1067087.0014930372 0.0007987648871318419 
25078.369905956115 1067078.9576739026 -0.0008432372274798577 
28213.16614420063 1025806.9992544987 -0.002452631381193408 
31347.962382445145 944867.1117574319 -0.003967182345346336 
34482.75862068966 827389.2384557727 -0.005328322474880509 
37617.55485893417 677916.2455511681 -0.006483416517587368 
40752.35109717868 502228.2496599741 -0.007387797017895385 
43887.14733542319 307119.10085912957 -0.00800649160617606 
47021.943573667704 100133.66468636268 -0.008315575379336977 
50156.739811912215 -110723.93760727526 -0.00830309607618115 
53291.53605015673 -317299.8482109589 -0.007969536271026083 
56426.33228840124 -511605.78221637994 -0.007327794712567814 
59561.12852664575 -686127.9343803524 -0.006402687529615765 
62695.92476489026 -834117.5377715202 -0.005229988592059021 
65830.72100313478 -949851.8384061226 -0.0038550461362794764 
68965.51724137929 -1028855.3939906656 -0.0023310291500705065 
72100.3134796238 -1068073.1391550663 -0.0007168713293086795 
75235.10971786831 -1065988.5247483645 0.0009250078864811624 
78369.90595611282 -1022682.1627536138 0.002531117072173864 
81504.70219435733 -939828.7090246622 0.004039348028746237 
84639.49843260185 -820632.1043893145 0.005391377505663303 
87774.29467084636 -669701.6783436745 0.006534922559408169 
90909.09090909087 -492873.9064044728 0.007425762333501954 
94043.88714733538 -296986.71375777625 0.008029448077834747 
97178.68338557989 -89615.05287591102 0.008322635280906073 
100313.4796238244 121222.01969095567 0.008293986401456803 
103448.27586206891 327371.44001598115 0.007944609290884915 
106583.07210031342 520861.4155584653 0.007288014352661635 
109717.86833855794 694209.6941670418 0.00634959209539248 
112852.66457680245 840712.9025691772 0.005165631282532279 
115987.46081504696 954705.7656353681 0.0037819156468781355 
119122.25705329147 1031780.1824160634 0.0022519534348533167 
122257.05329153598 1068955.6872868536 0.0006349082440567654 
125391.84952978049 1064794.704474017 -0.001006688831465068 
128526.645768025 1019458.1390710393 -0.0026093572769435584 
131661.44200626953 934699.1548429729 -0.004111121946687158 
134796.23824451404 813795.3794307844 -0.005453909641298624 
137931.03448275855 661422.1585786134 -0.006585794796734335 
141065.83072100306 483471.76063956297 -0.007463007444469509 
144200.62695924757 286825.5227169271 -0.008051625795004094 
147335.42319749208 79087.7495434417 -0.008328887992550599 
150470.2194357366 -131708.34477825317 -0.008284072315385388 
153605.0156739811 -337411.2809489531 -0.007918911784539327 
156739.81191222562 -530066.5319582002 -0.007247527147921245 
159874.60815047013 -702224.1244298836 -0.00629588083137593 
163009.40438871464 -847226.7288923662 -0.005100772972374793 
166144.20062695915 -959467.0985301415 -0.0037084183596895097 
169278.99686520366 -1034604.901267412 -0.0021726593087528128 
172413.79310344817 -1069734.5602927504 -0.000552883580768515 
175548.58934169268 -1063497.6126362672 0.0010882721404172789 
178683.3855799372 -1016135.2408961302 0.0026873444071963543 
181818.1818181817 -929478.9467139771 0.004182497138010637 
184952.97805642622 -806879.7266556805 0.005515912816963608 
188087.77429467073 -653078.4892642556 0.006636028295605134 
191222.57053291524 -474022.72425398056 0.007499528738495503 
194357.36677115975 -276636.5132430704 0.008073022606727341 
197492.16300940426 -68552.77570368708 0.008334332907837097 
200626.95924764877 142181.89582880377 0.008273354779507405 
203761.75548589329 347418.3972728041 0.007892446244321113 
206896.5517241378 539220.2386361957 0.007206337025091403 
210031.3479623823 710170.4478709246 0.006241558946876674 
213166.14420062682 853658.3849826611 0.005035419952019041 
216300.94043887133 964135.3753016226 0.0036345614030170986 
219435.73667711584 1037329.2765828539 0.002093154462292274 
222570.53291536035 1070409.6826319613 0.0004708052947946255 
225705.32915360486 1062097.3750365449 -0.0011697499007929765 
228840.12539184937 1012713.7905078044 -0.0027650708991709873 
231974.9216300939 924168.590931562 -0.004253466680229602 
235109.7178683384 799885.8167944903 -0.005577381019137624 
238244.5141065829 644671.4796305592 -0.006685618184008965 
241379.31034482742 464527.71368425136 -0.00753532267347806 
244514.10658307193 266420.67354072287 -0.008093636437785335 
247648.90282131644 58011.1531153117 -0.00833896949867783 
250783.69905956095 -152641.657041174 -0.008261834833287745 
253918.49529780546 -357391.81842434563 -0.007865215237051566 
257053.29153604998 -548321.647799159 -0.007164447979090849 
260188.0877742945 -718047.8937977109 -0.006186631710427605 
263322.884012539 -860007.2470511032 -0.004969578559877956 
266457.6802507835 -968710.1431862519 -0.0035603519400476107 
269592.476489028 -1039953.0441325849 -0.0020134466064319775 
272727.27272727253 -1070980.9888261983 -0.0003886813466863336 
275862.06896551704 -1060594.127480118 0.0012511142102841603 
278996.86520376155 -1009194.1197432985 0.0028425292143849008 
282131.66144200607 -918768.6025327999 0.004324023690199761 
285266.4576802506 -792814.3281676482 0.00563830828618575 
288401.2539184951 -636201.9450506879 0.006734559652356599 
291536.0501567396 -454987.6498258123 0.007570385777860225 
294670.8463949841 -256178.99441659384 0.008113465288898397 
297805.6426332286 -47463.9041818277 0.008342797315382426 
300940.43887147313 163086.61395136602 0.008249513594014843 
304075.23510971764 367330.57710838865 0.007837221403792515 
307210.03134796215 557369.8767259902 0.0071218640726250435 
310344.82758620667 725855.6981980326 0.006131104449273012 
313479.6238244512 866272.6993387027 0.004903255181730342 
316614.4200626957 973190.958489643 0.0034857971681565747 
319749.2163009402 1042475.9494444733 0.001933543471821781 
322884.0125391847 1071448.4234660135 0.00030651970142377496 
326018.8087774292 1058988.0157629077 -0.0013323571775861343 
329153.60501567373 1005576.5699659797 -0.002919711840365263 
332288.40125391824 913279.5052479858 -0.004394161324787235 
335423.19749216276 785665.9466197428 -0.005698688708936786 
338557.99373040727 627670.7069619324 -0.00678284795394706 
341692.7899686518 445403.45794369775 -0.007604714650966045 
344827.5862068963 245912.46918348622 -0.008132507236919646 
347962.3824451408 36912.051852429904 -0.008345815986701166 
351097.1786833853 -173515.75353121065 -0.008236392256692347 
354231.9749216298 -377233.7093915632 -0.00780846745959027 
357366.77115987433 -566364.0478533949 -0.00707858943579214 
360501.56739811884 -733593.1038140204 -0.0060749825488521135 
363636.36363636336 -872454.1341761592 -0.004836456250101664 
366771.15987460787 -977577.3871116325 -0.003410904340304308 
369905.9561128524 -1044897.7387854658 -0.0018534523935273945 
373040.7523510969 -1071811.5985848636 -0.00022431262220218182 
376175.5485893414 -1057274.8136203175 0.0014136717857776981 
379310.3448275859 -1001827.4047383431 0.0029981737754302675 
382445.1410658304 -907512.9616218384 0.004472530145044131 
385579.93730407493 -777638.2666162581 0.005795328656052896 
388714.73354231945 -616343.1622370768 0.006955864322673183 
391849.52978056396 -428109.3108603852 0.007989732660783252 
394984.32601880847 -217632.54784052676 0.008975360310973757 
398119.122257053 9353.326187577397 0.00998488794311741 
401253.9184952975 244181.49692673798 0.010984352457359573 
404388.714733542 473422.23964565777 0.011735759721960639 
407523.5109717865 679400.9495395527 0.011806228360649956 
410658.307210031 844698.684442244 0.010759694901045261 
413793.10344827553 959156.909613539 0.008463982077549252 
416927.89968652005 1024449.9179881852 0.005287493025030355 
420062.69592476456 1051399.5131992518 0.0019648440717888738 
423197.49216300907 1050502.2020804728 -0.000846572693653519 
426332.2884012536 1022780.8361154714 -0.0029927451971880786 
429467.0846394981 959249.546566648 -0.004851710130180242 
432601.8808777426 850303.2891020097 -0.00690446674718835 
435736.6771159871 696901.2380469618 -0.009220780631486666 
438871.4733542316 512996.6954255293 -0.011343404177530434 
442006.26959247614 316656.142959088 -0.012688107971833212 
445141.06583072065 118381.21841601722 -0.01306954335487191 
448275.86206896516 -81958.727771409 -0.012830399868146962 
451410.65830720967 -286847.7862194634 -0.012448901549382744 
454545.4545454542 -490380.4614521967 -0.012032281241498811 
457680.2507836987 -676479.0760609375 -0.011220456012433724 
460815.0470219432 -828178.7544158064 -0.009597055710979241 
463949.8432601877 -938534.3402393459 -0.007175401311001267 
467084.6394984322 -1011995.5305559875 -0.004448712210910198 
470219.43573667674 -1055057.9043379773 -0.0019503851433869143 
473354.23197492125 -1066200.0117274236 0.0002163795163597123 
476489.02821316576 -1035801.1818316529 0.002389032846426806 
479623.82445141027 -956181.4892433935 0.004889471973736754 
482758.6206896548 -831206.9161474423 0.007584926529659034 
485893.4169278993 -675305.2334453996 0.009931350027183192 
489028.2131661438 -502815.48732778424 0.01145707959782979 
492163.0094043883 -318698.5684306227 0.012181464992879455 
495297.8056426328 -120149.18762936602 0.012531437606784088 
498432.60188087734 92856.5931019077 0.01284649864848889 
501567.39811912185 309465.7252270843 0.01299454753456037 
504702.19435736636 511125.09370482544 0.01250337578936287 
507836.99059561087 683002.2019713928 0.011069539898710434 
510971.7868338554 821951.1387525123 0.008908945707971513 
514106.5830720999 932947.1245399944 0.006579487999095267 
517241.3793103444 1018011.111189472 0.004460620831265366 
520376.1755485889 1069497.9751259657 0.0024346174652276876 
523510.9717868334 1074978.1372154553 0.00010135620676940567 
526645.768025078 1028695.2128682737 -0.002703027266192705 
529780.5642633225 937613.5402887322 -0.005632850028057135 
532915.360501567 815702.9750136969 -0.008096025761510754 
536050.1567398115 672414.5152761654 -0.009780540876501476 
539184.952978056 507339.9893426419 -0.010894225542950194 
542319.7492163006 316482.91971652786 -0.011869149218496326 
545454.5454545451 103315.2245523919 -0.012844737287481976 
548589.3416927896 -117257.43926764901 -0.013476177739370626 
551724.1379310341 -326457.2591466365 -0.01327208408461751 
554858.9341692786 -513077.76395751775 -0.012107159413326863 
557993.7304075231 -677149.1865125055 -0.010368626752901327 
561128.5266457676 -822381.161144863 -0.00857806538323115 
564263.3228840121 -945661.9112139534 -0.0068837479815673785 
567398.1191222566 -1034785.9189703531 -0.004961328626087615 
570532.9153605012 -1076735.5478942508 -0.002437292441096086 
573667.7115987457 -1067761.2569515628 0.0006034922667628739 
576802.5078369902 -1014906.8427483008 0.003568964762845987 
579937.3040752347 -927983.8799041732 0.005849451741159099 
583072.1003134792 -811120.9768165338 0.007365955807372746 
586206.8965517237 -663067.5987568978 0.008621197708355847 
589341.6927899682 -485521.7895172086 0.010190972429835764 
592476.4890282127 -289677.41730612644 0.012154657203206777 
595611.2852664572 -92809.36263422598 0.014017355438346112 
598746.0815047018 92574.57228339699 0.015170848439962855 
601880.8777429463 266053.8405358268 0.015403183983651144 
605015.6739811908 435086.15208011895 0.014950676720900804 
608150.4702194353 602853.3187826299 0.014091690288598652 
611285.2664576798 760074.4915508324 0.012763124240810258 
614420.0626959243 889039.233185024 0.010630926576004545 
617554.8589341688 975986.2733386933 0.007533062700941902 
620689.6551724133 1019663.0693667247 0.0037974286910505426 
623824.4514106578 1027938.136709475 6.560222370183586e-05 
626959.2476489024 1006576.9179258166 -0.003214970015156375 
630094.0438871469 952147.477461301 -0.006104952676083025 
633228.8401253914 856431.9455340607 -0.008963937631988508 
636363.6363636359 717531.840151249 -0.01193774198566384 
639498.4326018804 545807.779892478 -0.014682634859355554 
642633.2288401249 358223.6199534035 -0.016619273434458206 
645768.0250783694 166834.467438891 -0.01745269035892002 
648902.8213166139 -26722.803169888066 -0.017414872444847906 
652037.6175548584 -225226.21695260343 -0.016977709174490853 
655172.413793103 -424969.70584791724 -0.01634008387124238 
658307.2100313475 -611737.4048348328 -0.01522908460903084 
661442.006269592 -768184.8533631604 -0.0132236969599883 
664576.8025078365 -885152.7441953274 -0.010258937322263566 
667711.598746081 -965284.9975964887 -0.006777974857306768 
670846.3949843255 -1015385.3170419239 -0.0033693225057170127 
673981.19122257 -1035742.6661777556 -0.0002668432019121257 
677115.9874608145 -1017785.0433323145 0.0027663270407347115 
680250.783699059 -952601.3334965557 0.006053191533045108 
683385.5799373036 -841384.6094164976 0.009527500542230755 
686520.3761755481 -696775.8417288215 0.0126726057761265 
689655.1724137926 -533601.0530308547 0.01494362028448112 
692789.9686520371 -358590.4850927722 0.01623345945154333 
695924.7648902816 -169682.63147769938 0.016896953870346655 
699059.5611285261 34608.33651406446 0.01731140065532623 
702194.3573667706 245894.05385568627 0.01743838423690108 
705329.1536050151 446756.204919836 0.01684909133283311 
708463.9498432596 621147.6448758641 0.015186782179016766 
711598.7460815042 763716.1061557282 0.012579518888449789 
714733.5423197487 878541.784091557 0.009567859960658419 
717868.3385579932 968889.2852896529 0.006621441836234151 
721003.1347962377 1028983.1973883342 0.0037496155423101716 
724137.9310344822 1046636.8507944609 0.0006113443794871624 
727272.7272727267 1014096.7470557693 -0.002996125660656727 
730407.5235109712 935773.3973894527 -0.006788804756201406 
733542.3197492157 824750.0887455728 -0.010159153536194433 
736677.1159874602 691702.7503799949 -0.012684274039724991 
739811.9122257048 537780.1266321687 -0.014449696310726682 
742946.7084639493 358767.3715495256 -0.015853185042524705 
746081.5047021938 155941.00049415926 -0.01709926272381985 
749216.3009404383 -58048.55860374105 -0.017919395305128826 
752351.0971786828 -264726.6994703286 -0.017814340166852786 
755485.8934169273 -451234.7516598043 -0.01656509359596102 
758620.6896551718 -615939.1891737817 -0.014475680469377881 
761755.4858934163 -762623.149322338 -0.01209225455445636 
764890.2821316608 -889664.8120633968 -0.009692646045834913 
768025.0783699054 -985846.4582647108 -0.007080639891481959 
771159.8746081499 -1037423.3264805746 -0.0038976998499645815 
774294.6708463944 -1039196.5307162333 -0.00012002726321146259 
777429.4670846389 -998077.9000321062 0.0037863297597332825 
780564.2633228834 -925477.7838630634 0.007220172589357827 
783699.0595611279 -826538.6459420129 0.009941682644742674 
786833.8557993724 -697486.779148161 0.012193971300568478 
789968.6520376169 -533773.9727537849 0.014327172321227058 
793103.4482758614 -340281.8632758404 0.016325219856605247 
796238.244514106 -132650.91688158695 0.017736899262294565 
799373.0407523505 71906.94852178334 0.018086700664287025 
802507.836990595 264927.7578849875 0.017335715624009086 
805642.6332288395 447598.9024438758 0.01590954983730348 
808777.429467084 621612.3042147472 0.014264699532601566 
811912.2257053285 779894.7084068275 0.01244899545893987 
815047.021943573 907249.2810771462 0.010116624997119544 
818181.8181818175 990490.1614001159 0.006979112507587758 
821316.614420062 1027635.9201250063 0.003214509395757395 
824451.4106583066 1026678.7497976833 -0.0005994208228242645 
827586.2068965511 995358.2739231975 -0.003962123450242306 
830721.0031347956 932766.3763701299 -0.006840705755750347 
833855.7993730401 831616.915545493 -0.009568780074781978 
836990.5956112846 688736.3797930566 -0.012365610240419982 
840125.3918495291 512632.58558782033 -0.014986325927328315 
843260.1880877736 320023.34785202204 -0.016875429165080336 
846394.9843260181 124769.93240126224 -0.01766590775265834 
849529.7805642626 -69398.0387767441 -0.017502331713481672 
852664.5768025072 -265003.24685275083 -0.01685083170228204 
855799.3730407517 -460173.9700404734 -0.015997524505120243 
858934.1692789962 -642735.6222786201 -0.014763300768723767 
862068.9655172407 -795552.9885744099 -0.012734047091496566 
865203.7617554852 -907788.1544198568 -0.00976232475015763 
868338.5579937297 -980496.9163214704 -0.006210387209670251 
871473.3542319742 -1020908.5579892703 -0.0026758411825663474 
874608.1504702187 -1031587.9428585448 0.0005154336239775948 
877742.9467084632 -1006001.4571507068 0.003520587024330448 
880877.7429467078 -935210.8367652571 0.006678472684899535 
884012.5391849523 -818657.5460968371 0.010018056719009606 
887147.3354231968 -667644.5941876911 0.013098689060450999 
890282.1316614413 -497748.5484891666 0.01535492435035003 
893416.9278996858 -317979.61445764534 0.016587654854569357 
896551.7241379303 -127872.9506531716 0.017089166474828242 
899686.5203761748 74690.23212732228 0.0172741586098253 
902821.3166144193 283444.1251509354 0.017207319275210763 
905956.1128526638 482338.51378184586 0.016525553185601047 
909090.9090909084 654552.2932324326 0.014836732002887973 
912225.7053291529 792742.1551332715 0.012174818277596207 
915360.5015673974 900039.5410756855 0.009031233867124375 
918495.2978056419 981013.9501518003 0.0059271858455876274 
921630.0940438864 1032330.8847121408 0.0029733925499670242 
924764.8902821309 1043100.5876801385 -0.00012412311200992138 
927899.6865203754 1004666.5515660957 -0.00362328514676547 
931034.4827586199 919601.8344079929 -0.007338963928643958 
934169.2789968645 800460.641685915 -0.010702798946582829 
937304.075235109 659547.986233626 -0.013231859943126228 
940438.8714733535 500352.89284050005 -0.01491819306620673 
943573.667711598 319480.5938748067 -0.016134376541216446 
946708.4639498425 116829.0015616951 -0.017158664102284147 
949843.260188087 -96949.20734938407 -0.01782236088711349 
952978.0564263315 -303825.7449953431 -0.017652357237942534 
956112.852664576 -489360.05697772023 -0.01636000270195339 
959247.6489028205 -650025.9228926164 -0.014162506334475152 
962382.445141065 -789505.6168358113 -0.011598419594012336 
965517.2413793096 -908141.2285369041 -0.009029810107057093 
968652.0376175541 -996894.8060563453 -0.0063520135647953755 
971786.8338557986 -1042383.116191216 -0.0032124428950544926 
974921.6300940431 -1037859.7230905788 0.0004961060546239661 
978056.4263322876 -988715.2592442463 0.004391147370320455 
981191.2225705321 -906779.1008884562 0.007866938902837893 
984326.0188087766 -799421.2312623496 0.01059648410391354 
987460.8150470211 -664854.4823589006 0.012746444254597917 
990595.6112852657 -498455.18920554954 0.014684297831702449 
993730.4075235102 -303203.67202122934 0.01648702909737007 
996865.2037617547 -96069.56106401116 0.017910382139112495 
999999.9999999992 213417.36128516647 0.013500333977257362 
