#x u 
0.0 1.70678545460808e+20 7823516478862.881 
3134.796238244514 -4.2712599797445366e+18 -195784846577.09818 
6269.592476489028 1.0511298078889248e+17 4818140060.413667 
9404.38871473354 -4406505871361463.5 -201984210.79353914 
12539.184952978056 -1711301235930004.8 -78442157.96210963 
15673.98119122257 -1824288566178707.5 -83621240.29009019 
18808.777429467085 -1868168085269194.5 -85632577.67474647 
21943.5736677116 -1914944715402248.5 -87776712.04269923 
25078.369905956115 -1962846461418471.0 -89972419.1643201 
28213.16614420063 -2011947608202272.2 -92223104.09069446 
31347.962382445145 -2062277004876049.5 -94530089.1997905 
34482.75862068966 -2113865405277688.2 -96894784.17969553 
37617.55485893417 -2166744303000032.5 -99318632.62406519 
40752.35109717868 -2220945980193666.0 -101803114.27253748 
43887.14733542319 -2276503526520852.0 -104349745.88079578 
47021.943573667704 -2333450859394251.5 -106960082.1465348 
50156.739811912215 -2391822744689749.0 -109635716.65826592 
53291.53605015673 -2451654817965827.0 -112378282.8684175 
56426.33228840124 -2512983606203645.5 -115189455.09122963 
59561.12852664575 -2575846550124257.5 -118070949.52407888 
62695.92476489026 -2640282027041072.5 -121024525.29541247 
65830.72100313478 -2706329374282771.0 -124051985.53895593 
68965.51724137929 -2774028913215077.5 -127155178.49420337 
72100.3134796238 -2843421973856068.5 -130335998.63477503 
75235.10971786831 -2914550920105542.0 -133596387.82507262 
78369.90595611282 -2987459175604559.5 -136938336.5059055 
81504.70219435733 -3062191250248303.0 -140363884.90947583 
84639.49843260185 -3138792767360551.5 -143875124.30482855 
87774.29467084636 -3217310491544026.5 -147474198.27463803 
90909.09090909087 -3297792357228537.5 -151163304.02388608 
94043.88714733538 -3380287497933165.5 -154944693.72128507 
97178.68338557989 -3464846276264869.0 -158820675.87405732 
100313.4796238244 -3551520314662772.0 -162793616.73732588 
103448.27586206891 -3640362526912580.0 -166865941.75871602 
106583.07210031342 -3731427150451371.5 -171040137.0590055 
109717.86833855794 -3824769779477040.0 -175318750.94997397 
112852.66457680245 -3920447398888647.5 -179704395.49010167 
115987.46081504696 -4018518419076847.5 -184199748.07914078 
119122.25705329147 -4119042711582115.5 -188807553.0926921 
122257.05329153598 -4222081645646436.0 -193530623.55760854 
125391.84952978049 -4327698125679839.0 -198371842.86929172 
128526.645768025 -4435956629661497.0 -203334166.55206743 
131661.44200626953 -4546923248503060.0 -208420624.06352603 
134796.23824451404 -4660665726399262.0 -213634320.64387614 
137931.03448275855 -4777253502185623.0 -218978439.21166646 
141065.83072100306 -4896757751728538.0 -224456242.30703044 
144200.62695924757 -5019251431377719.0 -230071074.08344945 
147335.42319749208 -5144809322507110.0 -235826362.34927076 
150470.2194357366 -5273508077168547.0 -241725620.66035533 
153605.0156739811 -5405426264886354.0 -247772450.46511918 
156739.81191222562 -5540644420623594.0 -253970543.30318365 
159874.60815047013 -5679245093949496.0 -260323683.05896357 
163009.40438871464 -5821312899435045.0 -266835748.27170587 
166144.20062695915 -5966934568307610.0 -273510714.50338715 
169278.99686520366 -6116199001399077.0 -280352656.76577586 
172413.79310344817 -6269197323419948.0 -287365752.0081377 
175548.58934169268 -6426022938590485.0 -294554281.6672017 
178683.3855799372 -6586771587662385.0 -301922634.28096455 
181818.1818181817 -6751541406366940.0 -309475308.16787523 
184952.97805642622 -6920432985325893.0 -317216914.1730119 
188087.77429467073 -7093549431461055.0 -325152178.48294854 
191222.57053291524 -7270996430939797.0 -333285945.5110548 
194357.36677115975 -7452882313695165.0 -341623180.8549701 
197492.16300940426 -7639318119560424.0 -350168974.3280507 
200626.95924764877 -7830417666057903.0 -358928543.0666489 
203761.75548589329 -8026297617883315.0 -367907234.7151397 
206896.5517241378 -8227077558128245.0 -377110530.6906236 
210031.3479623823 -8432880061284688.0 -386544049.5292791 
213166.14420062682 -8643830768075920.0 -396213550.3164311 
216300.94043887133 -8860058462159356.0 -406124936.20242095 
219435.73667711584 -9081695148748472.0 -416284258.0064185 
222570.53291536035 -9308876135201270.0 -426697717.91039276 
225705.32915360486 -9541740113624234.0 -437371673.2455068 
228840.12539184937 -9780429245542660.0 -448312640.3732362 
231974.9216300939 -1.0025089248689488e+16 -459527298.6635516 
235109.7178683384 -1.0275869485965572e+16 -471022494.572609 
238244.5141065829 -1.053292305662506e+16 -482805245.8224459 
241379.31034482742 -1.0796406889741462e+16 -494882745.6852501 
244514.10658307193 -1.1066481840011588e+16 -507262367.3748052 
247648.90282131644 -1.134331278595605e+16 -519951668.5477837 
250783.69905956095 -1.1627068730576536e+16 -532958395.9176374 
253918.49529780546 -1.1917922904531014e+16 -546290489.9838976 
257053.29153604998 -1.2216052871889824e+16 -559956089.8797834 
260188.0877742945 -1.2521640638537014e+16 -573963538.3410739 
263322.884012539 -1.283487276328321e+16 -588321386.799287 
266457.6802507835 -1.3155940471757938e+16 -603038400.6022629 
269592.476489028 -1.3485039773150936e+16 -618123564.3653371 
272727.27272727253 -1.3822371579874276e+16 -633586087.4563676 
275862.06896551704 -1.416814183021753e+16 -649435409.617967 
278996.86520376155 -1.4522561614070958e+16 -665681206.7303932 
282131.66144200607 -1.4885847301793376e+16 -682333396.7185991 
285266.4576802506 -1.5258220676304068e+16 -699402145.607049 
288401.2539184951 -1.5639909068479262e+16 -716897873.7259808 
291536.0501567396 -1.6031145495935748e+16 -734831262.0729197 
294670.8463949841 -1.643216880528589e+16 -753213258.8333349 
297805.6426332286 -1.6843223817951174e+16 -772055086.0644186 
300940.43887147313 -1.7264561479623208e+16 -791368246.546062 
304075.23510971764 -1.769643901346387e+16 -811164530.803201 
307210.03134796215 -1.8139120077138148e+16 -831456024.3038343 
310344.82758620667 -1.859287492377488e+16 -852255114.8371003 
313479.6238244512 -1.905798056695423e+16 -873574500.0759195 
316614.4200626957 -1.953472094982223e+16 -895427195.3288177 
319749.2163009402 -2.0023387118436036e+16 -917826541.485656 
322884.0125391847 -2.0524277399445508e+16 -940786213.1621312 
326018.8087774292 -2.1037697582219364e+16 -964320227.0480253 
329153.60501567373 -2.156396110552735e+16 -988442950.4642884 
332288.40125391824 -2.210338924889241e+16 -1013169110.1341752 
335423.19749216276 -2.2656311328729452e+16 -1038513801.1737807 
338557.99373040727 -2.322306489939084e+16 -1064492496.3074778 
341692.7899686518 -2.3803995959240788e+16 -1091121055.3138914 
344827.5862068963 -2.4399459161884908e+16 -1118415734.708172 
347962.3824451408 -2.5009818032683304e+16 -1146393197.6664753 
351097.1786833853 -2.563544519068007e+16 -1175070524.198692 
354231.9749216298 -2.6276722576084324e+16 -1204465221.575652 
357366.77115987433 -2.6934041683441412e+16 -1234595235.017166 
360501.56739811884 -2.760780380063725e+16 -1265478958.647433 
363636.36363636336 -2.8298420253881188e+16 -1297135246.7245128 
366771.15987460787 -2.9006312658817052e+16 -1329583425.15069 
369905.9561128524 -2.9731913177915836e+16 -1362843303.2707837 
373040.7523510969 -3.0475664784306748e+16 -1396935185.9655786 
376175.5485893414 -3.123802153220855e+16 -1431879886.0477948 
379310.3448275859 -3.2019448834125396e+16 -1467698736.9681265 
382445.1410658304 -3.2820423744977396e+16 -1504413605.8391433 
385579.93730407493 -3.3641435253337976e+16 -1542046906.7849767 
388714.73354231945 -3.44829845799571e+16 -1580621614.6249595 
391849.52978056396 -3.5345585483752084e+16 -1620161278.8995519 
394984.32601880847 -3.622976457545258e+16 -1660690038.2471423 
398119.122257053 -3.7136061639092264e+16 -1702232635.1404777 
401253.9184952975 -3.806502996154236e+16 -1744814430.991743 
404388.714733542 -3.9017236670288536e+16 -1788461421.6354923 
407523.5109717865 -3.9993263079657464e+16 -1833200253.198883 
410658.307210031 -4.0993705045704104e+16 -1879058238.3689256 
413793.10344827553 -4.201917332997726e+16 -1926063373.0666387 
416927.89968652005 -4.307029397238471e+16 -1974244353.538334 
420062.69592476456 -4.414770867338558e+16 -2023630593.8744357 
423197.49216300907 -4.525207518574386e+16 -2074252243.9665499 
426332.2884012536 -4.638406771608069e+16 -2126140207.9137144 
429467.0846394981 -4.754437733647249e+16 -2179326162.889093 
432601.8808777426 -4.873371240634497e+16 -2233842578.4786353 
435736.6771159871 -4.995279900492136e+16 -2289722736.5034943 
438871.4733542316 -5.1202381374488216e+16 -2347000751.338316 
442006.26959247614 -5.248322237474918e+16 -2405711590.737775 
445141.06583072065 -5.379610394854508e+16 -2465891097.184109 
448275.86206896516 -5.514182759922342e+16 -2527576009.7686534 
451410.65830720967 -5.652121487995008e+16 -2590803986.6207485 
454545.4545454542 -5.793510789526053e+16 -2655613627.8977294 
457680.2507836987 -5.938436981515815e+16 -2722044499.350019 
460815.0470219432 -6.086988540207238e+16 -2790137156.4756756 
463949.8432601877 -6.239256155099818e+16 -2859933169.2791986 
467084.6394984322 -6.395332784314802e+16 -2931475147.649655 
470219.43573667674 -6.555313711345324e+16 -3004806767.373677 
473354.23197492125 -6.719296603226184e+16 -3079972796.7991776 
476489.02821316576 -6.887381570158746e+16 -3157019124.1660523 
479623.82445141027 -7.059671226627331e+16 -3235992785.620559 
482758.6206896548 -7.236270754044478e+16 -3316941993.9305043 
485893.4169278993 -7.417287964963264e+16 -3399916167.9187202 
489028.2131661438 -7.602833368895965e+16 -3484965962.6328554 
492163.0094043883 -7.793020239779173e+16 -3572143300.269865 
495297.8056426328 -7.987964685126584e+16 -3661501401.8740745 
498432.60188087734 -8.187785716911664e+16 -3753094819.828207 
501567.39811912185 -8.392605324223394e+16 -3846979471.157119 
504702.19435736636 -8.602548547739624e+16 -3943212671.664698 
507836.99059561087 -8.81774355606335e+16 -4041853170.9246736 
510971.7868338554 -9.038321723968674e+16 -4142961188.146784 
514106.5830720999 -9.264417712603936e+16 -4246598448.940066 
517241.3793103444 -9.496169551701304e+16 -4352828222.99585 
520376.1755485889 -9.73371872384279e+16 -4461715362.713369 
523510.9717868334 -9.977210250834173e+16 -4573326342.791611 
526645.768025078 -1.0226792782239744e+17 -4687729300.811586 
529780.5642633225 -1.0482618686131602e+17 -4804994078.833769 
532915.360501567 -1.0744844142109176e+17 -4925192266.036073 
536050.1567398115 -1.1013629236645622e+17 -5048397242.418491 
539184.952978056 -1.128913806081927e+17 -5174684223.600942 
542319.7492163006 -1.1571538810489936e+17 -5304130306.741809 
545454.5454545451 -1.1861003888981133e+17 -5436814517.605108 
548589.3416927896 -1.2157710012330901e+17 -5572817858.805102 
551724.1379310341 -1.2461838317175525e+17 -5712223359.2576885 
554858.9341692786 -1.2773574471331962e+17 -5855116124.868901 
557993.7304075231 -1.309310878714646e+17 -6001583390.491337 
561128.5266457676 -1.3420636337678685e+17 -6151714573.180335 
564263.3228840121 -1.3756357075792224e+17 -6305601326.782307 
567398.1191222566 -1.4100475956224123e+17 -6463337597.888734 
570532.9153605012 -1.4453203060708096e+17 -6625019683.189718 
573667.7115987457 -1.481475372622758e+17 -6790746288.262359 
576802.5078369902 -1.5185348676477178e+17 -6960618587.829633 
579937.3040752347 -1.5565214156612608e+17 -7134740287.526782 
583072.1003134792 -1.5954582071371443e+17 -7313217687.212697 
586206.8965517237 -1.6353690126649072e+17 -7496159745.865156 
589341.6927899682 -1.6762781974616144e+17 -7683678148.099342 
592476.4890282127 -1.7182107362466086e+17 -7875887372.350374 
595611.2852664572 -1.761192228488375e+17 -8072904760.761463 
598746.0815047018 -1.8052489140327974e+17 -8274850590.820264 
601880.8777429463 -1.8504076891223702e+17 -8481848148.787342 
605015.6739811908 -1.8966961228161312e+17 -8694023804.961403 
608150.4702194353 -1.944142473820342e+17 -8911507090.827312 
611285.2664576798 -1.9927757077402022e+17 -9134430778.134005 
614420.0626959243 -2.0426255147630986e+17 -9362930959.950493 
617554.8589341688 -2.0937223277842323e+17 -9597147133.749586 
620689.6551724133 -2.1460973409856432e+17 -9837222286.569956 
623824.4514106578 -2.199782528880019e+17 -10083302982.308563 
626959.2476489024 -2.2548106658308634e+17 -10335539451.196676 
630094.0438871469 -2.311215346060977e+17 -10594085681.514174 
633228.8401253914 -2.3690310041614563e+17 -10859099513.59817 
636363.6363636359 -2.4282929361137338e+17 -11130742736.203165 
639498.4326018804 -2.4890373208374854e+17 -11409181185.271812 
642633.2288401249 -2.5513012422775622e+17 -11694584845.176357 
645768.0250783694 -2.6151227120434435e+17 -11987127952.492748 
648902.8213166139 -2.6805406926150067e+17 -12286989102.37054 
652037.6175548584 -2.747595121128793e+17 -12594351357.563812 
655172.413793103 -2.8163269337593098e+17 -12909402360.189491 
658307.2100313475 -2.88677809071023e+17 -13232334446.281265 
661442.006269592 -2.958991601830739e+17 -13563344763.209162 
664576.8025078365 -3.033011552872712e+17 -13902635390.036465 
667711.598746081 -3.108883132404673e+17 -14250413460.887205 
670846.3949843255 -3.186652659399049e+17 -14606891291.39983 
673981.19122257 -3.2663676115095136e+17 -14972286508.344215 
677115.9874608145 -3.3480766540557094e+17 -15346822182.480928 
680250.783699059 -3.431829669733018e+17 -15730726964.744225 
683385.5799373036 -3.517677789065534e+17 -16124235225.831419 
686520.3761755481 -3.605673421620812e+17 -16527587199.284353 
689655.1724137926 -3.6958702880054714e+17 -16941029128.149845 
692789.9686520371 -3.7883234526611795e+17 -17364813415.309113 
695924.7648902816 -3.883089357481037e+17 -17799198777.56764 
699059.5611285261 -3.9802258562668966e+17 -18244450403.59974 
702194.3573667706 -4.079792250048632e+17 -18700840115.843906 
705329.1536050151 -4.181849323286911e+17 -19168646536.44827 
708463.9498432596 -4.2864593809815955e+17 -19648155257.366997 
711598.7460815042 -4.393686286708443e+17 -20139659014.711895 
714733.5423197487 -4.503595501607299e+17 -20643457867.46533 
717868.3385579932 -4.616254124345584e+17 -21159859380.663822 
721003.1347962377 -4.7317309320814675e+17 -21689178813.164074 
724137.9310344822 -4.8500964224517786e+17 -22231739310.105637 
727272.7272727267 -4.971422856610214e+17 -22787872100.18852 
730407.5235109712 -5.0957843033421594e+17 -23357916697.88547 
733542.3197492157 -5.223256684283117e+17 -23942221110.712856 
736677.1159874602 -5.353917820268212e+17 -24541142051.686337 
739811.9122257048 -5.4878474788411974e+17 -25155045157.091248 
742946.7084639493 -5.625127422951865e+17 -25784305209.700493 
746081.5047021938 -5.765841460871643e+17 -26429306367.576332 
749216.3009404383 -5.910075497357876e+17 -27090442398.59573 
752351.0971786828 -6.057917586097971e+17 -27768116920.842358 
755485.8934169273 -6.209457983465435e+17 -28462743649.01224 
758620.6896551718 -6.364789203620657e+17 -29174746646.98293 
761755.4858934163 -6.52400607499001e+17 -29904560586.701145 
764890.2821316608 -6.687205798157853e+17 -30652631013.546394 
768025.0783699054 -6.854488005206692e+17 -31419414618.33276 
771159.8746081499 -7.025954820541692e+17 -32205379516.114822 
774294.6708463944 -7.20171092323682e+17 -33011005531.96804 
777429.4670846389 -7.381863610940545e+17 -33836784493.91802 
780564.2633228834 -7.566522865380116e+17 -34683220533.197365 
783699.0595611279 -7.755801419504568e+17 -35550830392.01367 
786833.8557993724 -7.949814826307208e+17 -36440143739.01656 
789968.6520376169 -8.148681529369805e+17 -37351703492.65587 
793103.4482758614 -8.352522935171365e+17 -38286066152.628784 
796238.244514106 -8.56146348720576e+17 -39243802139.61841 
799373.0407523505 -8.775630741953505e+17 -40225496143.53065 
802507.836990595 -8.995155446753868e+17 -41231747480.4428 
805642.6332288395 -9.220171619625157e+17 -42263170458.481186 
808777.429467084 -9.450816631081527e+17 -43320394752.85113 
811912.2257053285 -9.687231287996573e+17 -44404065790.24815 
815047.021943573 -9.929559919564705e+17 -45514845142.88591 
818181.8181818175 -1.0177950465412978e+18 -46653410932.38034 
821316.614420062 -1.0432554565917029e+18 -47820458243.73755 
824451.4106583066 -1.0693527654776247e+18 -49016699549.697495 
827586.2068965511 -1.0961029053904813e+18 -50242865145.69252 
830721.0031347956 -1.1235222070696364e+18 -51499703595.68679 
833855.7993730401 -1.1516274097721787e+18 -52787982189.16818 
836990.5956112846 -1.1804356714921068e+18 -54108487409.5725 
840125.3918495291 -1.2099645794351396e+18 -55462025414.42492 
843260.1880877736 -1.2402321607555663e+18 -56849422527.4926 
846394.9843260181 -1.2712568935616673e+18 -58271525743.248795 
849529.7805642626 -1.303057718196451e+18 -59729203243.955185 
852664.5768025072 -1.335654048800572e+18 -61223344929.68062 
855799.3730407517 -1.36906578516451e+18 -62754862961.57757 
858934.1692789962 -1.4033133248772216e+18 -64324692318.74902 
862068.9655172407 -1.4384175757787128e+18 -65933791369.04559 
865203.7617554852 -1.474399968724087e+18 -67583142454.14116 
868338.5579937297 -1.511282470666911e+18 -69273752489.2441 
871473.3542319742 -1.549087598069855e+18 -71006653577.81065 
874608.1504702187 -1.5878384306508022e+18 -72782903641.63565 
877742.9467084632 -1.6275586254728466e+18 -74603587066.70543 
880877.7429467078 -1.6682724313867182e+18 -76469815365.20638 
884012.5391849523 -1.7100047038345137e+18 -78382727854.09393 
887147.3354231968 -1.7527809200237268e+18 -80343492350.63568 
890282.1316614413 -1.7966271944808676e+18 -82353305885.35411 
893416.9278996858 -1.841570294994175e+18 -84413395432.80421 
896551.7241379303 -1.8876376589551421e+18 -86525018660.63167 
899686.5203761748 -1.9348574101088108e+18 -88689464697.36853 
902821.3166144193 -1.9832583757230792e+18 -90908054919.43527 
905956.1128526638 -2.032870104187506e+18 -93182143757.82964 
909090.9090909084 -2.0837228830523464e+18 -95513119524.9956 
912225.7053291529 -2.1358477575188785e+18 -97902405262.37704 
915360.5015673974 -2.1892765493922322e+18 -100351459609.1733 
918495.2978056419 -2.2440418765083474e+18 -102861777692.82596 
921630.0940438864 -2.3001771726468838e+18 -105434892041.7819 
924764.8902821309 -2.3577167079422597e+18 -108072373521.0885 
927899.6865203754 -2.416695609805282e+18 -110775832291.39392 
931034.4827586199 -2.4771498843681567e+18 -113546918791.93729 
934169.2789968645 -2.539116438465942e+18 -116387324748.1287 
937304.075235109 -2.60263310216786e+18 -119298784204.33337 
940438.8714733535 -2.6677386518722437e+18 -122283074582.49132 
943573.667711598 -2.734472833979195e+18 -125342017767.21826 
946708.4639498425 -2.8028763891554376e+18 -128477481218.05142 
949843.260188087 -2.87299107720616e+18 -131691379109.51782 
952978.0564263315 -2.9448597025690404e+18 -134985673499.72305 
956112.852664576 -3.0185261404459996e+18 -138362375528.17087 
959247.6489028205 -3.094035363588646e+18 -141823546643.5474 
962382.445141065 -3.1714334697537526e+18 -145371299862.21783 
965517.2413793096 -3.250767709845574e+18 -149007801058.20563 
968652.0376175541 -3.3320865167621146e+18 -152735270285.4411 
971786.8338557986 -3.415439534963037e+18 -156555983133.08597 
974921.6300940431 -3.500877650777195e+18 -160472272114.7621 
978056.4263322876 -3.588453023468298e+18 -164486528092.53134 
981191.2225705321 -3.67821911707773e+18 -168601201736.49774 
984326.0188087766 -3.77023073306389e+18 -172818805020.92007 
987460.8150470211 -3.8645440437580104e+18 -177141912757.75177 
990595.6112852657 -3.961216626656935e+18 -181573164168.54312 
993730.4075235102 -4.0603074995737103e+18 -186115264495.66373 
996865.2037617547 -4.161877156667434e+18 -190770986653.83066 
999999.9999999992 -4.265987605374479e+18 -195543172922.94937 
