#x u 
0.0 8.344104348724935e+24 3.8247477266316e+17 
3134.796238244514 -2.0881264763130394e+23 -9571497022826702.0 
6269.592476489028 5.13874592574519e+21 235548430074901.22 
9404.38871473354 -2.1542452633934348e+20 -9874570510407.45 
12539.184952978056 -8.36618102945376e+19 -3834867175156.192 
15673.98119122257 -8.918551609847051e+19 -4088061290791.149 
18808.777429467085 -9.133069072089403e+19 -4186391218382.777 
21943.5736677116 -9.361749882591044e+19 -4291213302765.3555 
25078.369905956115 -9.59593114088254e+19 -4398556667324.238 
28213.16614420063 -9.835976009662389e+19 -4508587777653.632 
31347.962382445145 -1.0082025526068403e+20 -4621371281956.31 
34482.75862068966 -1.033423003914559e+20 -4736976096763.851 
37617.55485893417 -1.059274351417496e+20 -4855472796300.292 
40752.35109717868 -1.0857723771587677e+20 -4976933721858.938 
43887.14733542319 -1.1129332579661852e+20 -5101433024319.752 
47021.943573667704 -1.1407735753289853e+20 -5229046709496.756 
50156.739811912215 -1.1693103255322411e+20 -5359852684483.944 
53291.53605015673 -1.1985609300271886e+20 -5493930805243.353 
56426.33228840124 -1.2285432460669284e+20 -5631362925356.273 
59561.12852664575 -1.259275577606595e+20 -5772232946001.224 
62695.92476489026 -1.2907766864808562e+20 -5916626867160.775 
65830.72100313478 -1.3230658038551819e+20 -6064632840136.095 
68965.51724137929 -1.3561626419691869e+20 -6216341221349.433 
72100.3134796238 -1.390087406170576e+20 -6371844627506.894 
75235.10971786831 -1.4248608072469514e+20 -6531237992155.777 
78369.90595611282 -1.4605040740716048e+20 -6694618623631.379 
81504.70219435733 -1.4970389665649964e+20 -6862086264456.435 
84639.49843260185 -1.5344877889779194e+20 -7033743152238.048 
87774.29467084636 -1.5728734035061008e+20 -7209694082091.899 
90909.09090909087 -1.61221924424875e+20 -7390046470612.534 
94043.88714733538 -1.6525493315174243e+20 -7574910421438.654 
97178.68338557989 -1.693888286498565e+20 -7764398792478.129 
100313.4796238244 -1.736261346281962e+20 -7958627264818.573 
103448.27586206891 -1.7796943792691495e+20 -8157714413343.434 
106583.07210031342 -1.8242139009679157e+20 -8361781779111.543 
109717.86833855794 -1.8698470901793446e+20 -8570953943558.988 
112852.66457680245 -1.916621805589215e+20 -8785358604559.835 
115987.46081504696 -1.964566602774522e+20 -9005126654389.074 
119122.25705329147 -2.0137107516363047e+20 -9230392259631.8 
122257.05329153598 -2.0640842542707304e+20 -9461292943081.408 
125391.84952978049 -2.1157178632861244e+20 -9697969667691.574 
128526.645768025 -2.1686431005751296e+20 -9940566922642.326 
131661.44200626953 -2.2228922765572407e+20 -10189232811555.596 
134796.23824451404 -2.2784985099052764e+20 -10444119142905.594 
137931.03448275855 -2.3354957477652935e+20 -10705381522691.014 
141065.83072100306 -2.3939187864805307e+20 -10973179449433.479 
144200.62695924757 -2.4538032928334958e+20 -11247676411553.74 
147335.42319749208 -2.5151858258202608e+20 -11529039987179.863 
150470.2194357366 -2.578103858969854e+20 -11817441946450.414 
153605.0156739811 -2.6425958032216185e+20 -12113058356378.285 
156739.81191222562 -2.7087010303747185e+20 -12416069688338.43 
159874.60815047013 -2.776459897124161e+20 -12726660928244.809 
163009.40438871464 -2.8459137696981366e+20 -13045021689483.068 
166144.20062695915 -2.917105049111744e+20 -13371346328668.072 
169278.99686520366 -2.9900771970525915e+20 -13705834064296.465 
172413.79310344817 -3.064874762414007e+20 -14048689098366.812 
175548.58934169268 -3.1415434084918487e+20 -14400120741043.033 
178683.3855799372 -3.2201299408613455e+20 -14760343538437.479 
181818.1818181817 -3.3006823359512694e+20 -15129577403590.637 
184952.97805642622 -3.3832497703330395e+20 -15508047750726.8 
188087.77429467073 -3.467882650742671e+20 -15895985632867.3 
191222.57053291524 -3.554632644853931e+20 -16293627882885.254 
194357.36677115975 -3.643552712821377e+20 -16701217258088.432 
197492.16300940426 -3.734697139612054e+20 -17119002588420.885 
200626.95924764877 -3.828121568145685e+20 -17547238928372.979 
203761.75548589329 -3.923883033263989e+20 -17986187712691.22 
206896.5517241378 -4.022039996549962e+20 -18436116915981.96 
210031.3479623823 -4.1226523820183696e+20 -18897301216306.89 
213166.14420062682 -4.225781612699055e+20 -19370022162870.89 
216300.94043887133 -4.3314906481352494e+20 -19854568347905.195 
219435.73667711584 -4.4398440228197106e+20 -20351235582851.215 
222570.53291536035 -4.5509078855923827e+20 -20860327078951.473 
225705.32915360486 -4.6647500400237334e+20 -21382153632357.562 
228840.12539184937 -4.781439985808301e+20 -21917033813868.434 
231974.9216300939 -4.9010489611936504e+20 -22465294163415.46 
235109.7178683384 -5.0236499864707845e+20 -23027269389412.125 
238244.5141065829 -5.149317908552534e+20 -23603302573090.113 
241379.31034482742 -5.2781294466670435e+20 -24193745377947.434 
244514.10658307193 -5.410163239194045e+20 -24798958264436.9 
247648.90282131644 -5.545499891672796e+20 -25419310710024.79 
250783.69905956095 -5.6842220260111896e+20 -26055181434753.555 
253918.49529780546 -5.8264143309258765e+20 -26706958632446.496 
257053.29153604998 -5.972163613644054e+20 -27375040207696.844 
260188.0877742945 -6.121558852898496e+20 -28059834018785.547 
263322.884012539 -6.27469125324831e+20 -28761758126675.41 
266457.6802507835 -6.431654300758556e+20 -29481241050233.895 
269592.476489028 -6.592543820072702e+20 -30218722027840.56 
272727.27272727253 -6.75745803291278e+20 -30974651285538.33 
275862.06896551704 -6.926497618042956e+20 -31749490311892.7 
278996.86520376155 -7.09976577273311e+20 -32543712139726.633 
282131.66144200607 -7.277368275759893e+20 -33357801634903.2 
285266.4576802506 -7.45941355198379e+20 -34192255792332.3 
288401.2539184951 -7.646012738541612e+20 -35047584039381.68 
291536.0501567396 -7.837279752694863e+20 -35924308546878.195 
294670.8463949841 -8.033331361375243e+20 -36822964547888.75 
297805.6426332286 -8.234287252469876e+20 -37744100664475.79 
300940.43887147313 -8.440270107889718e+20 -38688279242626.81 
304075.23510971764 -8.651405678465918e+20 -39656076695561.77 
307210.03134796215 -8.867822860719615e+20 -40648083855628.65 
310344.82758620667 -9.089653775552182e+20 -41664906335001.56 
313479.6238244512 -9.317033848904029e+20 -42707164895402.1 
316614.4200626957 -9.550101894430993e+20 -43775495827068.94 
319749.2163009402 -9.789000198248968e+20 -44870551337207.766 
322884.0125391847 -1.0033874605798377e+21 -45992999948158.68 
326018.8087774292 -1.0284874610881591e+21 -47143526905523.33 
329153.60501567373 -1.0542153446927634e+21 -48322834596502.07 
332288.40125391824 -1.0805868180539962e+21 -49531642978695.1 
335423.19749216276 -1.1076179807384291e+21 -50770690019630.875 
338557.99373040727 -1.135325335047513e+21 -52040732147289.37 
341692.7899686518 -1.1637257960920972e+21 -53342544711894.94 
344827.5862068963 -1.1928367021189623e+21 -54676922459261.22 
347962.3824451408 -1.2226758250956847e+21 -56044680015976.47 
351097.1786833853 -1.253261381560273e+21 -57446652386726.8 
354231.9749216298 -1.2846120437422125e+21 -58883695464059.586 
357366.77115987433 -1.3167469509617034e+21 -60356686550898.82 
360501.56739811884 -1.3496857213140615e+21 -61866524896131.37 
363636.36363636336 -1.3834484636464033e+21 -63414132243590.71 
366771.15987460787 -1.4180557898339383e+21 -65000453394773.93 
369905.9561128524 -1.453528827363333e+21 -66626456785635.27 
373040.7523510969 -1.4898892322308757e+21 -68293135077808.63 
376175.5485893414 -1.5271592021632753e+21 -70001505764619.35 
379310.3448275859 -1.5653614901691975e+21 -71752611792255.12 
382445.1410658304 -1.6045194184297934e+21 -73547522196476.12 
385579.93730407493 -1.6446568925366942e+21 -75387332755252.1 
388714.73354231945 -1.6857984160861766e+21 -77273166657726.03 
391849.52978056396 -1.7279691056384018e+21 -79206175189912.0 
394984.32601880847 -1.7711947060508728e+21 -81187538437545.83 
398119.122257053 -1.815501606195452e+21 -83218466006517.78 
401253.9184952975 -1.8609168550685529e+21 -85300197761326.48 
404388.714733542 -1.9074681783043338e+21 -87434004582006.47 
407523.5109717865 -1.9551839951009625e+21 -89621189139989.34 
410658.307210031 -2.004093435570302e+21 -91863086693374.31 
413793.10344827553 -2.0542263585216046e+21 -94161065902092.1 
416927.89968652005 -2.1056133696900678e+21 -96516529663460.66 
420062.69592476456 -2.1582858404213875e+21 -98930915968642.44 
423197.49216300907 -2.2122759268236995e+21 -101405698780526.11 
426332.2884012536 -2.2676165893986077e+21 -103942388933568.25 
429467.0846394981 -2.3243416131633225e+21 -106542535056145.92 
432601.8808777426 -2.382485628276107e+21 -109207724515980.88 
435736.6771159871 -2.4420841311777283e+21 -111939584389215.22 
438871.4733542316 -2.5031735062617286e+21 -114739782453727.38 
442006.26959247614 -2.5657910480867966e+21 -117610028207296.97 
445141.06583072065 -2.6299749841447934e+21 -120552073911238.97 
448275.86206896516 -2.695764498198306e+21 -123567715660144.31 
451410.65830720967 -2.763199754202018e+21 -126658794478381.34 
454545.4545454542 -2.832321920822486e+21 -129827197444025.95 
457680.2507836987 -2.9031731965712526e+21 -133074858840907.36 
460815.0470219432 -2.9757968355666973e+21 -136403761339472.0 
463949.8432601877 -3.050237173940319e+21 -139815937207187.55 
467084.6394984322 -3.1265396569035705e+21 -143313469549225.28 
470219.43573667674 -3.204750866491786e+21 -146898493580178.72 
473354.23197492125 -3.2849185500021376e+21 -150573197927594.84 
476489.02821316576 -3.367091649142952e+21 -154339825968112.03 
479623.82445141027 -3.4513203299122403e+21 -158200677197024.84 
482758.6206896548 -3.5376560132236006e+21 -162158108632104.88 
485893.4169278993 -3.626151406298272e+21 -166214536252541.44 
489028.2131661438 -3.716860534842466e+21 -170372436473877.53 
492163.0094043883 -3.8098387760295995e+21 -174634347659840.16 
495297.8056426328 -3.905142892307605e+21 -179002871671990.78 
498432.60188087734 -4.0028310660519507e+21 -183480675458140.34 
501567.39811912185 -4.1029629350854813e+21 -188070492680499.22 
504702.19435736636 -4.2055996290868204e+21 -192775125384554.38 
507836.99059561087 -4.310803806909528e+21 -197597445709695.4 
510971.7868338554 -4.4186396948348325e+21 -202540397642632.6 
514106.5830720999 -4.529173125781225e+21 -207606998814675.84 
517241.3793103444 -4.6424715794949315e+21 -212800342343973.8 
520376.1755485889 -4.758604223745729e+21 -218123598723837.1 
523510.9717868334 -4.877641956553296e+21 -223580017758298.25 
526645.768025078 -4.999657449469858e+21 -229172930546088.88 
529780.5642633225 -5.124725191945585e+21 -234905751514250.5 
532915.360501567 -5.252921536803787e+21 -240781980502611.56 
536050.1567398115 -5.384324746853672e+21 -246805204900412.78 
539184.952978056 -5.519015042669152e+21 -252979101836377.03 
542319.7492163006 -5.657074651562843e+21 -259307440423567.53 
545454.5454545451 -5.798587857785136e+21 -265794084060397.8 
548589.3416927896 -5.943641053979058e+21 -272442992789207.5 
551724.1379310341 -6.092322793922261e+21 -279258225713832.9 
554858.9341692786 -6.244723846588382e+21 -286243943477658.56 
557993.7304075231 -6.400937251560746e+21 -293404410803654.06 
561128.5266457676 -6.56105837583224e+21 -300743999097953.1 
564263.3228840121 -6.725184972026107e+21 -308267189118559.7 
567398.1191222566 -6.89341723807309e+21 -315978573710815.06 
570532.9153605012 -7.065857878381451e+21 -323882860611290.94 
573667.7115987457 -7.242612166537164e+21 -331984875321824.44 
576802.5078369902 -7.423788009572585e+21 -340289564055447.0 
579937.3040752347 -7.609496013842773e+21 -348801996756006.94 
583072.1003134792 -7.79984955254977e+21 -357527370193326.3 
586206.8965517237 -7.994964834955998e+21 -366471011135787.75 
589341.6927899682 -8.194960977329068e+21 -375638379602283.44 
592476.4890282127 -8.399960075661265e+21 -385035072195508.6 
595611.2852664572 -8.610087280208164e+21 -394666825518643.94 
598746.0815047018 -8.825470871891785e+21 -404539519677503.25 
601880.8777429463 -9.046242340615081e+21 -414659181870289.06 
605015.6739811908 -9.272536465535382e+21 -425031990067148.1 
608150.4702194353 -9.504491397346018e+21 -435664276781770.75 
611285.2664576798 -9.742248742616146e+21 -446562532937338.5 
614420.0626959243 -9.985953650240395e+21 -457733411829178.25 
617554.8589341688 -1.0235754900051072e+22 -469183733186546.3 
620689.6551724133 -1.0491804993646978e+22 -480920487336012.3 
623824.4514106578 -1.0754260247494445e+22 -492950839469001.1 
626959.2476489024 -1.102328088835719e+22 -505282134016078.0 
630094.0438871469 -1.129903115111346e+22 -517921899130668.1 
633228.8401253914 -1.1581679379020054e+22 -530877851284926.4 
636363.6363636359 -1.18713981264845e+22 -544157899980584.3 
639498.4326018804 -1.2168364264408092e+22 -557770152577633.75 
642633.2288401249 -1.2472759088164115e+22 -571722919243803.4 
645768.0250783694 -1.2784768428277164e+22 -586024718027845.6 
648902.8213166139 -1.3104582763871126e+22 -600684280059738.8 
652037.6175548584 -1.3432397338955146e+22 -615710554880965.1 
655172.413793103 -1.3768412281618475e+22 -631112715908136.6 
658307.2100313475 -1.4112832726207031e+22 -646900166033287.8 
661442.006269592 -1.4465868938556215e+22 -663082543364265.0 
664576.8025078365 -1.4827736444356402e+22 -679669727108709.2 
667711.598746081 -1.5198656160729689e+22 -696671843605230.8 
670846.3949843255 -1.5578854531097833e+22 -714099272505455.4 
673981.19122257 -1.5968563663424234e+22 -731962653110718.0 
677115.9874608145 -1.6368021471913906e+22 -750272890867267.1 
680250.783699059 -1.6777471822258103e+22 -769041164023951.8 
683385.5799373036 -1.719716468051231e+22 -788278930456446.2 
686520.3761755481 -1.762735626569844e+22 -807997934662188.8 
689655.1724137926 -1.8068309206224396e+22 -828210214930303.2 
692789.9686520371 -1.8520292700216642e+22 -848928110690871.5 
695924.7648902816 -1.8983582679863392e+22 -870164270048057.4 
699059.5611285261 -1.945846197986894e+22 -891931657501668.9 
702194.3573667706 -1.9945220510121862e+22 -914243561861876.4 
705329.1536050151 -2.0444155432682645e+22 -937113604361919.8 
708463.9498432596 -2.0955571343198614e+22 -960555746973764.9 
711598.7460815042 -2.1479780456857126e+22 -984584300931762.0 
714733.5423197487 -2.2017102798990397e+22 -1009213935469549.0 
717868.3385579932 -2.2567866400448235e+22 -1034459686775490.9 
721003.1347962377 -2.313240749785824e+22 -1060336967172145.5 
724137.9310344822 -2.3711070738895396e+22 -1086861574525363.6 
727272.7272727267 -2.4304209392686653e+22 -1114049701888753.5 
730407.5235109712 -2.4912185565478847e+22 -1141917947389404.0 
733542.3197492157 -2.553537042170156e+22 -1170483324360909.0 
736677.1159874602 -2.6174144410559965e+22 -1199763271729867.0 
739811.9122257048 -2.682889749829589e+22 -1229775664662198.5 
742946.7084639493 -2.7500029406259e+22 -1260538825475786.0 
746081.5047021938 -2.8187949854933308e+22 -1292071534826100.8 
749216.3009404383 -2.8893078814068197e+22 -1324393043171635.5 
752351.0971786828 -2.9615846759066468e+22 -1357523082526150.5 
755485.8934169273 -3.0356694933786096e+22 -1391481878504907.5 
758620.6896551718 -3.111607561991594e+22 -1426290162672241.5 
761755.4858934163 -3.1894452413089966e+22 -1461969185198009.0 
764890.2821316608 -3.2692300505908393e+22 -1498540727830632.8 
768025.0783699054 -3.3510106978038934e+22 -1536027117194687.0 
771159.8746081499 -3.4348371093575046e+22 -1574451238421113.0 
774294.6708463944 -3.520760460583245e+22 -1613836549118412.2 
777429.4670846389 -3.608833206977021e+22 -1654207093693311.8 
780564.2633228834 -3.699109116222746e+22 -1695587518029679.5 
783699.0595611279 -3.791643301017031e+22 -1738003084534638.0 
786833.8557993724 -3.886492252715054e+22 -1781479687561041.5 
789968.6520376169 -3.983713875818057e+22 -1826043869215776.5 
793103.4482758614 -4.083367523323564e+22 -1871722835563493.2 
796238.244514106 -4.185514032959924e+22 -1918544473235691.0 
799373.0407523505 -4.290215764327193e+22 -1966537366455268.2 
802507.836990595 -4.3975366369671895e+22 -2015730814486951.8 
805642.6332288395 -4.507542169385839e+22 -2066154849524267.2 
808777.429467084 -4.620299519051665e+22 -2117840255023933.8 
811912.2257053285 -4.735877523394894e+22 -2170818584498915.0 
815047.021943573 -4.854346741832117e+22 -2225122180781582.8 
818181.8181818175 -4.975779498842244e+22 -2280784195768732.5 
821316.614420062 -5.100249928119987e+22 -2337838610660567.5 
824451.4106583066 -5.227834017833888e+22 -2396320256705918.5 
827586.2068965511 -5.358609657016442e+22 -2456264836466442.0 
830721.0031347956 -5.492656683114749e+22 -2517708945612748.0 
833855.7993730401 -5.630056930730564e+22 -2580690095265737.0 
836990.5956112846 -5.770894281579666e+22 -2645246734896836.0 
840125.3918495291 -5.915254715700966e+22 -2711418275801087.5 
843260.1880877736 -6.063226363946593e+22 -2779245115157415.0 
846394.9843260181 -6.214899561785072e+22 -2848768660690771.5 
849529.7805642626 -6.370366904450367e+22 -2920031355951216.0 
852664.5768025072 -6.52972330347051e+22 -2993076706225344.0 
855799.3730407517 -6.693066044610261e+22 -3067949305095890.5 
858934.1692789962 -6.860494847263337e+22 -3144694861665765.5 
862068.9655172407 -7.032111925330258e+22 -3223360228463088.5 
865203.7617554852 -7.208022049619068e+22 -3303993430044264.5 
868338.5579937297 -7.388332611807046e+22 -3386643692312560.0 
871473.3542319742 -7.573153690002422e+22 -3471361472570114.0 
874608.1504702187 -7.762598115946185e+22 -3558198490321716.5 
877742.9467084632 -7.956781543894937e+22 -3647207758849142.5 
880877.7429467078 -8.155822521226876e+22 -3738443617575327.5 
884012.5391849523 -8.359842560813925e+22 -3831961765238130.0 
887147.3354231968 -8.568966215204391e+22 -3927819293893926.0 
890282.1316614413 -8.783321152661197e+22 -4026074723771840.5 
893416.9278996858 -9.003038235102331e+22 -4126788038999885.5 
896551.7241379303 -9.228251597991036e+22 -4230020724224787.0 
899686.5203761748 -9.45909873222439e+22 -4335835802147843.5 
902821.3166144193 -9.695720568070321e+22 -4444297871999763.0 
905956.1128526638 -9.938261561204316e+22 -4555473148977929.0 
909090.9090909084 -1.0186869780898458e+23 -4669429504670245.0 
912225.7053291529 -1.0441697000416503e+23 -4786236508490187.0 
915360.5015673974 -1.0702898789670272e+23 -4905965470148382.0 
918495.2978056419 -1.0970634610193744e+23 -5028689483186576.0 
921630.0940438864 -1.1245067912492979e+23 -5154483469600639.0 
924764.8902821309 -1.152636623583132e+23 -5283424225579801.0 
927899.6865203754 -1.1814701310510679e+23 -5415590468390098.0 
931034.4827586199 -1.2110249162711495e+23 -5551062884430609.0 
934169.2789968645 -1.241319022195532e+23 -5689924178491875.0 
937304.075235109 -1.2723709431255548e+23 -5832259124246475.0 
940438.8714733535 -1.3041996360023635e+23 -5978154616002680.0 
943573.667711598 -1.3368245319799476e+23 -6127699721752615.0 
946708.4639498425 -1.3702655482877056e+23 -6280985737547578.0 
949843.260188087 -1.4045431003897536e+23 -6438106243233533.0 
952978.0564263315 -1.4396781144484072e+23 -6599157159580880.0 
956112.852664576 -1.4756920400994222e+23 -6764236806843263.0 
959247.6489028205 -1.512606863546823e+23 -6933445964781258.0 
962382.445141065 -1.550445120985277e+23 -7106887934187531.0 
965517.2413793096 -1.5892299123582737e+23 -7284668599951152.0 
968652.0376175541 -1.6289849154604495e+23 -7466896495699514.0 
971786.8338557986 -1.6697344003927046e+23 -7653682870057189.0 
974921.6300940431 -1.711503244378874e+23 -7845141754562318.0 
978056.4263322876 -1.754316946953058e+23 -8041390033281794.0 
981191.2225705321 -1.798201645526881e+23 -8242547514168033.0 
984326.0188087766 -1.843184131346183e+23 -8448737002200866.0 
987460.8150470211 -1.8892918658468585e+23 -8660084374358964.0 
990595.6112852657 -1.936552997419835e+23 -8876718656466664.0 
993730.4075235102 -1.9849963785954064e+23 -9098772101963094.0 
996865.2037617547 -2.0346515836574676e+23 -9326380272641794.0 
999999.9999999992 -2.0855489266983807e+23 -9559682121410102.0 
