#x u 
0.0 9874144421967.34 452608.28793004097 
3134.796238244514 -247101581076.81342 -11326.612440716575 
6269.592476489028 6081649746.464762 278.738000872863 
9404.38871473354 -254271736.59389916 -11.678282459141656 
12539.184952978056 -98340938.43517143 -4.521932186901362 
15673.98119122257 -104895748.86280467 -4.81300768506838 
18808.777429467085 -107478304.07314527 -4.921820173389472 
21943.5736677116 -110253880.0859088 -5.039665320146646 
25078.369905956115 -113118582.45225464 -5.162142937095977 
28213.16614420063 -116074210.20617566 -5.289676674576599 
31347.962382445145 -119118699.02267377 -5.422478905890954 
34482.75862068966 -122248754.24052456 -5.560659488718426 
37617.55485893417 -125459781.60400094 -5.704212463298657 
40752.35109717868 -128746116.2410943 -5.853018610117568 
43887.14733542319 -132101540.74165784 -6.0068637504373195 
47021.943573667704 -135520035.72514755 -6.165470402846274 
50156.739811912215 -138996608.0043244 -6.32853579927781 
53291.53605015673 -142528027.03205976 -6.49576849601266 
56426.33228840124 -146113349.208958 -6.666917948807879 
59561.12852664575 -149754158.8252616 -6.8417935721471315 
62695.92476489026 -153454471.88914385 -7.020270508506809 
65830.72100313478 -157220269.80582994 -7.2022801997097625 
68965.51724137929 -161058710.10300234 -7.3877874617274255 
72100.3134796238 -164977198.83872497 -7.576762013523839 
75235.10971786831 -168982618.12710103 -7.769157367029818 
78369.90595611282 -173080979.62865713 -7.9649089404580815 
81504.70219435733 -177277600.19379476 -8.16395526270049 
84639.49843260185 -181577663.28706706 -8.366275509192757 
87774.29467084636 -185986877.8316493 -8.57192969503938 
90909.09090909087 -190511947.86745465 -8.781088001588598 
94043.88714733538 -195160683.6238663 -8.994041170059427 
97178.68338557989 -199941722.19587752 -9.211190298992802 
100313.4796238244 -204863924.16798747 -9.43301898602061 
103448.27586206891 -209935580.54303944 -9.660053980346015 
106583.07210031342 -215163629.7040579 -9.892823616850599 
109717.86833855794 -220553125.6725987 -10.131825310151855 
112852.66457680245 -226107150.30223724 -10.377511253207725 
115987.46081504696 -231827191.62502965 -10.630293736295085 
119122.25705329147 -237713790.34341654 -10.89056147508156 
122257.05329153598 -243767131.704159 -11.158692667574819 
125391.84952978049 -249987330.37366834 -11.435053755608346 
128526.645768025 -256374377.86371627 -11.719983047906503 
131661.44200626953 -262927933.66548333 -12.013768048712631 
134796.23824451404 -269647196.26143545 -12.316627823923662 
137931.03448275855 -276530978.40063834 -12.628706559539944 
141065.83072100306 -283577953.1923647 -12.950077161909697 
144200.62695924757 -290786964.17865247 -13.280750299491539 
147335.42319749208 -298157327.9182888 -13.620685810196964 
150470.2194357366 -305689119.6874017 -13.969806138894114 
153605.0156739811 -313383437.6284362 -14.328011577882062 
156739.81191222562 -321242594.59794855 -14.695194862957427 
159874.60815047013 -329270170.39632064 -15.071251815047892 
163009.40438871464 -337470921.63965887 -15.456087582898222 
166144.20062695915 -345850644.3358956 -15.849622443077465 
169278.99686520366 -354416111.4140147 -16.25180229304186 
172413.79310344817 -363175119.0576422 -16.662614872416164 
175548.58934169268 -372136546.0401956 -17.082106775964153 
178683.3855799372 -381310286.5321871 -17.510394309824562 
181818.1818181817 -390707008.6818054 -17.947665465690015 
184952.97805642622 -400337833.1190995 -18.394176824292828 
188087.77429467073 -410214078.1381082 -18.8502516649623 
191222.57053291524 -420347130.16385657 -19.31628158909566 
194357.36677115975 -430748360.5737429 -19.792727747163443 
197492.16300940426 -441428965.15918845 -20.280115803582643 
200626.95924764877 -452399696.45971835 -20.77902318511573 
203761.75548589329 -463670592.6553645 -21.290063384181952 
206896.5517241378 -475250837.72731346 -21.813873618317608 
210031.3479623823 -487148780.7008882 -22.35110735005392 
213166.14420062682 -499372007.3058387 -22.902427101295284 
216300.94043887133 -511927337.197832 -23.46849215229191 
219435.73667711584 -524820737.2144186 -24.049941159278834 
222570.53291536035 -538057273.0310591 -24.647375818157915 
225705.32915360486 -551641226.1154863 -25.261351936985733 
228840.12539184937 -565576369.8018405 -25.892378186590374 
231974.9216300939 -579866263.609707 -26.540916609599062 
235109.7178683384 -594514430.3438741 -27.207379180515563 
238244.5141065829 -609524423.1216415 -27.892121191382824 
241379.31034482742 -624899920.9443631 -28.595438191488512 
244514.10658307193 -640644971.5273454 -29.317572210442716 
247648.90282131644 -656764345.6842499 -30.058725817825252 
250783.69905956095 -673263838.8149569 -30.81907656581799 
253918.49529780546 -690150389.3865187 -31.59878582676463 
257053.29153604998 -707432050.1551654 -32.39800353252576 
260188.0877742945 -725117973.8543373 -33.21687599445164 
263322.884012539 -743218527.9780139 -34.05556173055129 
266457.6802507835 -761745480.108824 -34.91425220745952 
269592.476489028 -780712077.7587224 -35.793188954696944 
272727.27272727253 -800132912.2275765 -36.692671466111086 
275862.06896551704 -820023641.2222991 -37.61305876766529 
278996.86520376155 -840400758.3385628 -38.554772721448614 
282131.66144200607 -861281518.8029177 -39.51830754408529 
285266.4576802506 -882683940.137189 -40.50424131148783 
288401.2539184951 -904626693.8620181 -41.51324057745785 
291536.0501567396 -927128801.3451599 -42.54605375253185 
294670.8463949841 -950209246.0121099 -43.60349810378741 
297805.6426332286 -973886707.4214064 -44.686449610713254 
300940.43887147313 -998179509.0627666 -45.795839808623896 
304075.23510971764 -1023105666.2335972 -46.93265443994998 
307210.03134796215 -1048682837.4321771 -48.09792504048025 
310344.82758620667 -1074928111.7349448 -49.292710604217994 
313479.6238244512 -1101857772.708017 -50.518076101485754 
316614.4200626957 -1129487247.0312765 -51.77507780492799 
319749.2163009402 -1157831297.197675 -53.06475862083786 
322884.0125391847 -1186904303.3465154 -54.38814684575894 
326018.8087774292 -1216720422.8097064 -55.74624920494801 
329153.60501567373 -1247293578.6637273 -57.14003649207319 
332288.40125391824 -1278637441.777283 -58.570429885014704 
335423.19749216276 -1310765609.2035103 -60.038297733246274 
338557.99373040727 -1343692000.1677406 -61.544464231332626 
341692.7899686518 -1377431275.7642787 -63.089721457728615 
344827.5862068963 -1411999065.6333523 -64.67483512291209 
347962.3824451408 -1447411982.0140612 -66.30054330775522 
351097.1786833853 -1483687615.0721107 -67.9675571537104 
354231.9749216298 -1520844708.7799463 -69.67657260427146 
357366.77115987433 -1558903504.9469905 -71.42829248693008 
360501.56739811884 -1597886034.4041317 -73.2234485615811 
363636.36363636336 -1637816150.095107 -75.06281379083029 
366771.15987460787 -1678719325.856509 -76.94720550646842 
369905.9561128524 -1720622450.9219148 -78.87748953729695 
373040.7523510969 -1763553817.4108534 -80.85459381641445 
376175.5485893414 -1807543258.1612048 -82.87952896500889 
379310.3448275859 -1852622196.0181663 -84.95340435096419 
382445.1410658304 -1898823422.151112 -87.07743072654849 
385579.93730407493 -1946180676.2631598 -89.2529122901962 
388714.73354231945 -1994728291.110903 -91.48123976387946 
391849.52978056396 -2044501087.538656 -93.76389265884443 
394984.32601880847 -2095534440.6576526 -96.10244681792157 
398119.122257053 -2147864259.747676 -98.4985752603911 
401253.9184952975 -2201526722.7822275 -100.95403496837557 
404388.714733542 -2256557881.5883927 -103.47064497285166 
407523.5109717865 -2312993417.8543096 -106.05026873114494 
410658.307210031 -2370868707.8550596 -108.69480828132328 
413793.10344827553 -2430219068.1096306 -111.40620465678315 
416927.89968652005 -2491079902.1210165 -114.18643215284585 
420062.69592476456 -2553486610.431889 -117.03748061222112 
423197.49216300907 -2617474415.5649147 -119.9613332025112 
426332.2884012536 -2683078385.9369707 -122.95995325680707 
429467.0846394981 -2750333775.271262 -126.035286069828 
432601.8808777426 -2819276497.122156 -129.18926791333075 
435736.6771159871 -2889943437.311609 -132.4238291402512 
438871.4733542316 -2962372494.666713 -135.7408867870533 
442006.26959247614 -3036602538.295403 -139.14233566092267 
445141.06583072065 -3112673565.2840977 -142.6300511933144 
448275.86206896516 -3190627132.7401137 -146.2059076174934 
451410.65830720967 -3270506839.7169642 -149.87180124413064 
454545.4545454542 -3352358561.0045295 -153.62966512865563 
457680.2507836987 -3436230366.874357 -157.4814719564298 
460815.0470219432 -3522172361.1334486 -161.42923554246505 
463949.8432601877 -3610236722.5554576 -165.47502366754844 
467084.6394984322 -3700477985.104573 -169.6209834511935 
470219.43573667674 -3792953301.0630937 -173.86936704758895 
473354.23197492125 -3887722405.6997285 -178.22254424024578 
476489.02821316576 -3984847273.6990275 -182.6830009374118 
479623.82445141027 -4084391745.298678 -187.25333575788213 
482758.6206896548 -4186421403.034888 -191.93626705237767 
485893.4169278993 -4291003693.5103526 -196.73464961447104 
489028.2131661438 -4398208012.088459 -201.65148772003164 
492163.0094043883 -4508105493.417535 -206.68993235637805 
495297.8056426328 -4620768554.155412 -211.85326450248553 
498432.60188087734 -4736270499.8669 -217.1448785963782 
501567.39811912185 -4854685456.173537 -222.56827805367652 
504702.19435736636 -4976088566.275032 -228.12708023544334 
507836.99059561087 -5100556144.184459 -233.82501678348214 
510971.7868338554 -5228165550.551681 -239.66591889579783 
514106.5830720999 -5358994885.563071 -245.6536922226211 
517241.3793103444 -5493122827.245704 -251.7922968592415 
520376.1755485889 -5630628835.672084 -258.0857430297468 
523510.9717868334 -5771593603.461072 -264.53809750814946 
526645.768025078 -5916099414.8300705 -271.15348584567045 
529780.5642633225 -6064230207.651999 -277.9360815327032 
532915.360501567 -6216071477.24769 -284.8900889836556 
536050.1567398115 -6371710355.261292 -292.0197361120182 
539184.952978056 -6531236035.681546 -299.3292848095494 
542319.7492163006 -6694740369.792849 -306.82305151047996 
545454.5454545451 -6862318279.165627 -314.50542201606885 
548589.3416927896 -7034067822.711904 -322.3808532220846 
551724.1379310341 -7210090105.62009 -330.4538704102494 
554858.9341692786 -7390489366.242049 -338.7290754517805 
557993.7304075231 -7575373366.108748 -347.2111714976109 
561128.5266457676 -7764853859.639004 -355.90499365007156 
564263.3228840121 -7959046800.78804 -364.8155295514961 
567398.1191222566 -8158072181.139587 -373.94792462418593 
570532.9153605012 -8362053740.881048 -383.3074825391439 
573667.7115987457 -8571118888.159092 -392.89967576158864 
576802.5078369902 -8785398905.986578 -402.73016925151455 
579937.3040752347 -9005029189.546465 -412.8048449821841 
583072.1003134792 -9230149194.97804 -423.12981213072896 
586206.8965517237 -9460902059.69565 -433.71140062480174 
589341.6927899682 -9697434181.982256 -444.55615081128366 
592476.4890282127 -9939895080.602568 -455.67081360357884 
595611.2852664572 -10188437559.543985 -467.0623620038617 
598746.0815047018 -10443217889.75585 -478.7380006395199 
601880.8777429463 -10704395717.736086 -490.70515996730853 
605015.6739811908 -10972133720.991402 -502.9714761252502 
608150.4702194353 -11246597325.434486 -515.5447710424938 
611285.2664576798 -11527954768.79245 -528.4330460966765 
614420.0626959243 -11816377469.457846 -541.644487816872 
617554.8589341688 -12112040382.598022 -555.1874714805549 
620689.6551724133 -12415122084.63252 -569.0705512297745 
623824.4514106578 -12725804657.928102 -583.3024405318854 
626959.2476489024 -13044273699.275629 -597.8919983675097 
630094.0438871469 -13370718682.832346 -612.8482322688512 
633228.8401253914 -13705333569.00513 -628.1803137597076 
636363.6363636359 -14048317322.074108 -643.8975912228708 
639498.4326018804 -14399874119.793636 -660.0095906789155 
642633.2288401249 -14760213377.82685 -676.5260104492484 
645768.0250783694 -15129549911.458086 -693.4567247332143 
648902.8213166139 -15508104407.797348 -710.8118041873174 
652037.6175548584 -15896104043.918453 -728.6015460047904 
655172.413793103 -16293782917.638227 -746.8364981506279 
658307.2100313475 -16701382134.565968 -765.5274704108066 
661442.006269592 -17119149728.875324 -784.6855401167384 
664576.8025078365 -17547340734.168747 -804.3220666848216 
667711.598746081 -17986217522.299324 -824.4487199371359 
670846.3949843255 -18436050206.813152 -845.0775123881707 
673981.19122257 -18897116805.30218 -866.2208209511632 
677115.9874608145 -19369703077.968704 -887.8913937216641 
680250.783699059 -19854102270.024227 -910.1023517236096 
683385.5799373036 -20350615056.09327 -932.8671987612108 
686520.3761755481 -20859549745.981365 -956.1998416180369 
689655.1724137926 -21381222520.877647 -980.114609601644 
692789.9686520371 -21915957435.367764 -1004.6262609668807 
695924.7648902816 -22464086175.22117 -1029.749975512997 
699059.5611285261 -23025947829.736893 -1055.5013450735805 
702194.3573667706 -23601888935.66276 -1081.8963736445014 
705329.1536050151 -24192263783.71415 -1108.9514868114118 
708463.9498432596 -24797434734.49791 -1136.6835390497413 
711598.7460815042 -25417772325.59026 -1165.1098091707547 
714733.5423197487 -26053655221.604546 -1194.2479866556694 
717868.3385579932 -26705470271.136223 -1224.116161413798 
721003.1347962377 -27373612862.69547 -1254.7328262675808 
724137.9310344822 -28058487497.03512 -1286.1168889133332 
727272.7272727267 -28760508311.220093 -1318.2876817784163 
730407.5235109712 -29480099391.008568 -1351.2649628312627 
733542.3197492157 -30217694976.638603 -1385.0689126840236 
736677.1159874602 -30973739810.546356 -1419.7201398568895 
739811.9122257048 -31748689742.046455 -1455.239699890009 
742946.7084639493 -32543012442.6057 -1491.6491219267994 
746081.5047021938 -33357187979.788364 -1528.970431460689 
749216.3009404383 -34191709158.390606 -1567.2261651886859 
752351.0971786828 -35047081784.64496 -1606.4393851459681 
755485.8934169273 -35923825074.471565 -1646.633702171521 
758620.6896551718 -36822472243.69321 -1687.8333102596011 
761755.4858934163 -37743571092.37974 -1730.0630229075248 
764890.2821316608 -38687684375.59252 -1773.3483015717943 
768025.0783699054 -39655389958.28289 -1817.7152756892604 
771159.8746081499 -40647280955.24421 -1863.1907629719174 
774294.6708463944 -41663966035.87765 -1909.8022976728246 
777429.4670846389 -42706069856.11334 -1957.5781645345412 
780564.2633228834 -43774233410.877686 -2006.5474283931646 
783699.0595611279 -44869114168.984146 -2056.739952584442 
786833.8557993724 -45991386081.774475 -2108.186409875532 
789968.6520376169 -47141739690.90421 -2160.918295868735 
793103.4482758614 -48320882449.249664 -2214.9679498005585 
796238.244514106 -49529539136.78575 -2270.3685771002506 
799373.0407523505 -50768452162.04798 -2327.1542639641557 
802507.836990595 -52038381694.75531 -2385.3599813793717 
805642.6332288395 -53340105804.08081 -2445.0215866105136 
808777.429467084 -54674420819.80745 -2506.1758322386204 
811912.2257053285 -56042141935.12084 -2568.8603838902845 
815047.021943573 -57444103847.90048 -2633.1138377870384 
818181.8181818175 -58881161243.28454 -2698.9757296585844 
821316.614420062 -60354189153.93749 -2766.486537351171 
824451.4106583066 -61864083435.73138 -2835.687688667717 
827586.2068965511 -63411761531.83024 -2906.6215828900263 
830721.0031347956 -64998163428.003685 -2979.3316218736813 
833855.7993730401 -66624252525.283264 -3053.86223835095 
836990.5956112846 -68291016280.158455 -3130.2589147110443 
840125.3918495291 -69999466761.398 -3208.5681993207195 
843260.1880877736 -71750641412.42351 -3288.8377340747616 
846394.9843260181 -73545604116.2001 -3371.1162983084178 
849529.7805642626 -75385446331.06711 -3455.4538592663876 
852664.5768025072 -77271287965.20786 -3541.9016145778373 
855799.3730407517 -79204277915.71619 -3630.5120235936006 
858934.1692789962 -81185594550.34227 -3721.338839919293 
862068.9655172407 -83216446468.98137 -3814.437159475078 
865203.7617554852 -85298073566.98938 -3909.8634834764125 
868338.5579937297 -87431748067.95421 -4007.675779407899 
871473.3542319742 -89618775197.83115 -4107.933523694788 
874608.1504702187 -91860493552.75555 -4210.697728062264 
877742.9467084632 -94158275562.16373 -4316.030968574668 
880877.7429467078 -96513528366.30573 -4423.997433336897 
884012.5391849523 -98927694970.73976 -4534.662984155179 
887147.3354231968 -101402255194.5649 -4648.095211156118 
890282.1316614413 -103938726093.2645 -4764.363465838202 
893416.9278996858 -106538662073.37546 -4883.53888127655 
896551.7241379303 -109203655265.63577 -5005.694403029484 
899686.5203761748 -111935336495.9404 -5130.904843257459 
902821.3166144193 -114735376609.10745 -5259.246943995044 
905956.1128526638 -117605487581.6993 -5390.7994219595885 
909090.9090909084 -120547423168.22514 -5525.642983041274 
912225.7053291529 -123562979445.69632 -5663.860324856954 
915360.5015673974 -126653995873.2257 -5805.53615874491 
918495.2978056419 -129822357050.89299 -5950.757263497707 
921630.0940438864 -133069994670.16391 -6099.612551272695 
924764.8902821309 -136398888941.05379 -6252.193115676468 
927899.6865203754 -139811069323.13443 -6408.59225538548 
931034.4827586199 -143308615140.9621 -6568.90549960195 
934169.2789968645 -146893656829.1772 -6733.230667858516 
937304.075235109 -150568377924.0049 -6901.667967090076 
940438.8714733535 -154335017144.0632 -7074.320093298473 
943573.667711598 -158195869823.3658 -7251.292301944228 
946708.4639498425 -162153288696.73398 -7432.6924458747135 
949843.260188087 -166209684826.00073 -7618.6310167437805 
952978.0564263315 -170367529426.9936 -7809.221225482544 
956112.852664576 -174629356487.4931 -8004.579118124876 
959247.6489028205 -178997765248.8851 -8204.8236860559 
962382.445141065 -183475421748.93723 -8410.076935341574 
965517.2413793096 -188065059606.7796 -8620.463924485302 
968652.0376175541 -192769481054.642 -8836.112817154657 
971786.8338557986 -197591558986.5058 -9057.15498510887 
974921.6300940431 -202534239706.47742 -9283.725146229996 
978056.4263322876 -207600545261.3379 -9515.961485625203 
981191.2225705321 -212793574619.57068 -9754.005724911987 
984326.0188087766 -218116504169.15393 -9998.003160238008 
987460.8150470211 -223572588783.0252 -10248.102725275872 
990595.6112852657 -229165164180.7015 -10504.457111908077 
993730.4075235102 -234897650055.1777 -10767.222918439491 
996865.2037617547 -240773550877.16623 -11036.560845478367 
999999.9999999992 -246796502758.7494 -11312.63366215034 
