#x u 
0.0 5.456233002014487e+25 2.5010131583045427e+18 
3134.796238244514 -1.3654317007888943e+24 -6.258828479609148e+16 
6269.592476489028 3.360240229175195e+22 1540257724537725.0 
9404.38871473354 -1.408666959245977e+21 -64570090746633.984 
12539.184952978056 -5.470669004844957e+20 -25076302937910.63 
15673.98119122257 -5.8318656610634315e+20 -26731946290381.293 
18808.777429467085 -5.97213922530701e+20 -27374928416917.453 
21943.5736677116 -6.121674242236517e+20 -28060362937279.168 
25078.369905956115 -6.27480601724662e+20 -28762284178728.375 
28213.16614420063 -6.4317720234514e+20 -29481780664329.04 
31347.962382445145 -6.592664485435418e+20 -30219275130435.016 
34482.75862068966 -6.757581716801856e+20 -30975218224411.0 
37617.55485893417 -6.926624395920951e+20 -31750071432859.082 
40752.35109717868 -7.099895721987211e+20 -32544307797613.117 
43887.14733542319 -7.277501475733014e+20 -33358412193308.06 
47021.943573667704 -7.459550083986765e+20 -34192881624026.8 
50156.739811912215 -7.646152685921695e+20 -35048225526451.15 
53291.53605015673 -7.837423200894285e+20 -35924966080919.93 
56426.33228840124 -8.033478397971766e+20 -36823638530304.34 
59561.12852664575 -8.234437967228063e+20 -37744791506726.23 
62695.92476489026 -8.440424592816762e+20 -38688987366479.016 
65830.72100313478 -8.651564027876838e+20 -39656802533304.56 
68965.51724137929 -8.867985171289535e+20 -40648827850361.01 
72100.3134796238 -9.089820146362367e+20 -41665668940962.84 
75235.10971786831 -9.317204381514813e+20 -42707946578192.09 
78369.90595611282 -9.550276692958236e+20 -43776297063865.984 
81504.70219435733 -9.789179369413932e+20 -44871372617122.75 
84639.49843260185 -1.0034058258979262e+21 -45993841772595.96 
87774.29467084636 -1.0285062858193839e+21 -47144389788424.84 
90909.09090909087 -1.0542346403300481e+21 -48323719064624.07 
94043.88714733538 -1.0806065963770776e+21 -49532549572002.19 
97178.68338557989 -1.1076382538212601e+21 -50771619291616.09 
100313.4796238244 -1.1353461152666495e+21 -52041684665265.29 
103448.27586206891 -1.1637470961339179e+21 -53343521057355.484 
106583.07210031342 -1.1928585349869142e+21 -54677923228259.53 
109717.86833855794 -1.222698204118383e+21 -56045705819481.66 
112852.66457680245 -1.253284320399928e+21 -57447703850983.36 
115987.46081504696 -1.2846355564028554e+21 -58884773230975.05 
119122.25705329147 -1.316771051797602e+21 -60357791278441.83 
122257.05329153598 -1.349710425038725e+21 -61867657258722.11 
125391.84952978049 -1.3834737853415054e+21 -63415292932515.586 
128526.645768025 -1.4180817449581247e+21 -65001643118625.484 
131661.44200626953 -1.4535554317616562e+21 -66627676270745.79 
134796.23824451404 -1.4899165021448807e+21 -68294385068673.78 
137931.03448275855 -1.527187154241157e+21 -70002787024341.914 
141065.83072100306 -1.5653901414756933e+21 -71753925103023.34 
144200.62695924757 -1.6045487864563263e+21 -73548868360053.61 
147335.42319749208 -1.644686995212169e+21 -75388712593461.89 
150470.2194357366 -1.6858292717880649e+21 -77274581012946.23 
153605.0156739811 -1.7280007332038414e+21 -79207624925595.6 
156739.81191222562 -1.7712271247881252e+21 -81189024438749.38 
159874.60815047013 -1.815534835895876e+21 -83219989180433.23 
163009.40438871464 -1.8609509160187006e+21 -85301759037834.64 
166144.20062695915 -1.9075030912981687e+21 -87435604914252.03 
169278.99686520366 -1.9552197814525166e+21 -89622829504964.72 
172413.79310344817 -2.0041301171267825e+21 -91864768092511.81 
175548.58934169268 -2.0542639576767927e+21 -94162789361872.31 
178683.3855799372 -2.105651909397986e+21 -96518296236039.48 
181818.1818181817 -2.1583253442102383e+21 -98932726732496.45 
184952.97805642622 -2.2123164188101365e+21 -101407554841115.03 
188087.77429467073 -2.267658094302521e+21 -103944291424008.06 
191222.57053291524 -2.324384156323107e+21 -106544485137891.4 
194357.36677115975 -2.382529235664222e+21 -109209723379531.67 
197492.16300940426 -2.442128829416337e+21 -111941633254850.97 
200626.95924764877 -2.503219322638736e+21 -114741882572263.81 
203761.75548589329 -2.565838010572536e+21 -117612180860847.56 
206896.5517241378 -2.630023121409314e+21 -120554280413987.69 
210031.3479623823 -2.6958138396289983e+21 -123569977359143.62 
213166.14420062682 -2.7632503299214777e+21 -126661112754377.38 
216300.94043887133 -2.8323737617068164e+21 -129829573712305.33 
219435.73667711584 -2.903226334268894e+21 -133077294552161.42 
222570.53291536035 -2.975851302517775e+21 -136406257980682.44 
225705.32915360486 -3.05029300339644e+21 -139818496302533.44 
228840.12539184937 -3.1265968829481463e+21 -143316092661013.94 
231974.9216300939 -3.2048095240608484e+21 -146901182309798.16 
235109.7178683384 -3.284978674905671e+21 -150575953916490.8 
238244.5141065829 -3.367153278086759e+21 -154342650898791.78 
241379.31034482742 -3.451383500520316e+21 -158203572794082.84 
244514.10658307193 -3.5377207640610853e+21 -162161076663279.03 
247648.90282131644 -3.626217776894985e+21 -166217578529792.0 
250783.69905956095 -3.716928565717053e+21 -170375554854491.9 
253918.49529780546 -3.80990850871432e+21 -174637544047565.53 
257053.29153604998 -3.905214369373699e+21 -179006148018194.78 
260188.0877742945 -4.0029043311355856e+21 -183484033763004.94 
263322.884012539 -4.103038032914371e+21 -188073934994241.9 
266457.6802507835 -4.205676605507551e+21 -192778653808679.88 
269592.476489028 -4.31088270891558e+21 -197601062398277.44 
272727.27272727253 -4.4187205705952673e+21 -202544104803627.75 
275862.06896551704 -4.5292560246700717e+21 -207610798711274.0 
278996.86520376155 -4.6425565521212683e+21 -212804237295980.34 
282131.66144200607 -4.758691321984607e+21 -218127591109089.25 
285266.4576802506 -4.877731233577436e+21 -223584110014115.53 
288401.2539184951 -4.999748959782146e+21 -229177125170759.94 
291536.0501567396 -5.124818991412341e+21 -234910051068557.7 
294670.8463949841 -5.253017682688835e+21 -240786387611396.72 
297805.6426332286 -5.38442329785328e+21 -246809722254179.0 
300940.43887147313 -5.519116058947875e+21 -252983732192932.12 
304075.23510971764 -5.657178194790249e+21 -259312186609706.94 
307210.03134796215 -5.798693991173505e+21 -265798948973629.56 
310344.82758620667 -5.943749842321955e+21 -272447979399520.7 
313479.6238244512 -6.092434303634098e+21 -279263337065511.25 
316614.4200626957 -6.244838145744934e+21 -286249182691139.0 
319749.2163009402 -6.401054409940708e+21 -293409781077432.56 
322884.0125391847 -6.561178464959828e+21 -300749503710537.4 
326018.8087774292 -6.72530806521473e+21 -308272831430470.8 
329153.60501567373 -6.893543410470126e+21 -315984357166638.0 
332288.40125391824 -7.065987207014111e+21 -323888788741777.5 
335423.19749216276 -7.242744730359515e+21 -331990951746049.3 
338557.99373040727 -7.423923889513717e+21 -340295792483018.4 
341692.7899686518 -7.609635292856247e+21 -348808380989328.3 
344827.5862068963 -7.799992315664289e+21 -357533914129918.7 
347962.3824451408 -7.995111169327292e+21 -366477718770669.8 
351097.1786833853 -8.195110972293082e+21 -375645255030409.5 
354231.9749216298 -8.400113822788682e+21 -385042119614271.56 
357366.77115987433 -8.610244873360289e+21 -394674049230435.94 
360501.56739811884 -8.82563240727792e+21 -404546924092341.56 
363636.36363636336 -9.046407916851244e+21 -414666771508507.7 
366771.15987460787 -9.272706183704512e+21 -425039769562158.2 
369905.9561128524 -9.504665361059664e+21 -435672250882889.56 
373040.7523510969 -9.742427058077704e+21 -446570706512688.7 
376175.5485893414 -9.986136426309984e+21 -457741789868660.56 
379310.3448275859 -1.023594224831196e+22 -469192320804883.8 
382445.1410658304 -1.0491997028473744e+22 -480929289775875.44 
385579.93730407493 -1.0754457086122772e+22 -492959862104206.5 
388714.73354231945 -1.102348265095543e+22 -505291382354870.1 
391849.52978056396 -1.1299237960856031e+22 -517931378819080.44 
394984.32601880847 -1.15818913621626e+22 -530887568110230.0 
398119.122257053 -1.1871615412440974e+22 -544167859874820.8 
401253.9184952975 -1.216858698582977e+22 -557780361621236.25 
404388.714733542 -1.247298738102056e+22 -571733383669309.2 
407523.5109717865 -1.2785002431939258e+22 -586035444223701.9 
410658.307210031 -1.3104822621196165e+22 -600695274574198.9 
413793.10344827553 -1.343264319637408e+22 -615721824426089.2 
416927.89968652005 -1.3768664289225277e+22 -631124267363887.5 
420062.69592476456 -1.4113091037850279e+22 -646912006451733.0 
423197.49216300907 -1.4466133711933009e+22 -663094679973880.9 
426332.2884012536 -1.482800784110867e+22 -679682167318795.6 
429467.0846394981 -1.5198934346542866e+22 -696684595010434.6 
432601.8808777426 -1.5579139675802078e+22 -714112342890405.6 
435736.6771159871 -1.5968855941098053e+22 -731976050454778.1 
438871.4733542316 -1.6368321060990406e+22 -750286623349404.2 
442006.26959247614 -1.6777778905633947e+22 -769055240027732.0 
445141.06583072065 -1.7197479445659338e+22 -788293358575151.8 
448275.86206896516 -1.7627678904778144e+22 -808012723704067.6 
451410.65830720967 -1.8068639916205294e+22 -828225373923943.9 
454545.4545454542 -1.8520631682994471e+22 -848943648890714.6 
457680.2507836987 -1.898393014238434e+22 -870180196940047.2 
460815.0470219432 -1.9458818134255983e+22 -891947982809039.1 
463949.8432601877 -1.9945585573804307e+22 -914260295551091.0 
467084.6394984322 -2.044452962852884e+22 -937130756648758.4 
470219.43573667674 -2.0955954899652048e+22 -960573328329556.8 
473354.23197492125 -2.148017360807586e+22 -984602322089781.8 
476489.02821316576 -2.201750578499e+22 -1009232407431565.1 
479623.82445141027 -2.2568279467248348e+22 -1034478620818483.0 
482758.6206896548 -2.3132830897632683e+22 -1060356374855187.5 
485893.4169278993 -2.371150473012623e+22 -1086881467696687.0 
489028.2131661438 -2.430465424032195e+22 -1114070092692974.4 
492163.0094043883 -2.4912641541094425e+22 -1141938848274941.0 
495297.8056426328 -2.5535837803666783e+22 -1170504748087581.8 
498432.60188087734 -2.6174623484207646e+22 -1199785231376682.5 
501567.39811912185 -2.6829388556096525e+22 -1229798173635337.2 
504702.19435736636 -2.750053274799929e+22 -1260561897516790.2 
507836.99059561087 -2.8188465787899235e+22 -1292095184020261.8 
510971.7868338554 -2.8893607653232595e+22 -1324417283956591.0 
514106.5830720999 -2.9616388827281323e+22 -1357547929700700.2 
517241.3793103444 -3.035725056197957e+22 -1391507347238046.8 
520376.1755485889 -3.111664514729445e+22 -1426316268512423.0 
523510.9717868334 -3.1895036187345183e+22 -1461995944082628.8 
526645.768025078 -3.2692898883429653e+22 -1498568156095768.5 
529780.5642633225 -3.3510720324130816e+22 -1536055231585068.8 
532915.360501567 -3.43489997826803e+22 -1574480056100346.0 
536050.1567398115 -3.5208249021760583e+22 -1613866087679451.2 
539184.952978056 -3.608899260593184e+22 -1654237371169203.5 
542319.7492163006 -3.6991768221874444e+22 -1695618552904574.0 
545454.5454545451 -3.7917127006641935e+22 -1738034895755065.2 
548589.3416927896 -3.8865633884125906e+22 -1781512294547490.8 
551724.1379310341 -3.983786790993725e+22 -1826077291874544.0 
554858.9341692786 -4.083442262491486e+22 -1871757094298839.0 
557993.7304075231 -4.185590641747733e+22 -1918579588962288.0 
561128.5266457676 -4.290294289503918e+22 -1966573360610975.0 
564263.3228840121 -4.397617126471808e+22 -2015767709045907.2 
567398.1191222566 -4.507624672356523e+22 -2066192667010290.0 
570532.9153605012 -4.620384085855801e+22 -2117879018524287.0 
573667.7115987457 -4.735964205659818e+22 -2170858317678399.5 
576802.5078369902 -4.854435592476633e+22 -2225162907896971.2 
579937.3040752347 -4.975870572108937e+22 -2280825941683595.5 
583072.1003134792 -5.100343279608342e+22 -2337881400860442.0 
586206.8965517237 -5.227929704534208e+22 -2396364117313864.5 
589341.6927899682 -5.358707737344677e+22 -2456309794259004.0 
592476.4890282127 -5.492757216948113e+22 -2517755028036280.5 
595611.2852664572 -5.630159979444128e+22 -2580737330453178.5 
598746.0815047018 -5.770999908083828e+22 -2645295151684879.0 
601880.8777429463 -5.915362984479836e+22 -2711467903747787.5 
605015.6739811908 -6.063337341097373e+22 -2779295984560219.5 
608150.4702194353 -6.21501331505839e+22 -2848820802605032.0 
611285.2664576798 -6.370483503291652e+22 -2920084802209137.5 
614420.0626959243 -6.52984281906238e+22 -2993131489455420.5 
617554.8589341688 -6.693188549916009e+22 -3068005458742834.5 
620689.6551724133 -6.8606204170714575e+22 -3144752420010923.5 
623824.4514106578 -7.032240636300074e+22 -3223419226645352.5 
626959.2476489024 -7.208153980327546e+22 -3304053904081531.0 
630094.0438871469 -7.388467842796784e+22 -3386705679123721.5 
633228.8401253914 -7.573292303830831e+22 -3471425009997609.5 
636363.6363636359 -7.762740197235885e+22 -3558263617154631.0 
639498.4326018804 -7.956927179385382e+22 -3647274514846872.0 
642633.2288401249 -8.155971799827316e+22 -3738512043491858.5 
645768.0250783694 -8.359995573657705e+22 -3832031902846906.0 
648902.8213166139 -8.569123055704574e+22 -3927891186013368.5 
652037.6175548584 -8.7834819165676e+22 -4026148414291499.0 
655172.413793103 -9.003203020560035e+22 -4126863572907233.0 
658307.2100313475 -9.228420505600227e+22 -4230098147632652.5 
661442.006269592 -9.459271865101747e+22 -4335915162322572.5 
664576.8025078365 -9.695898031911998e+22 -4444379217390068.0 
667711.598746081 -9.938443464350503e+22 -4555556529244498.0 
670846.3949843255 -1.0187056234399534e+23 -4669514970716041.0 
673981.19122257 -1.0441888118100852e+23 -4786324112491545.0 
677115.9874608145 -1.0703094688213649e+23 -4906055265586826.0 
680250.783699059 -1.0970835409190575e+23 -5028781524881475.0 
683385.5799373036 -1.124527373452938e+23 -5154577813742670.0 
686520.3761755481 -1.1526577206559918e+23 -5283520929765278.0 
689655.1724137926 -1.1814917558727357e+23 -5415689591656122.0 
692789.9686520371 -1.2110470820434038e+23 -5551164487291140.0 
695924.7648902816 -1.2413417424503968e+23 -5690028322974630.0 
699059.5611285261 -1.2723942317335594e+23 -5832365873930806.0 
702194.3573667706 -1.3042235071810039e+23 -5978264036058352.0 
705329.1536050151 -1.336849000302377e+23 -6127811878979656.0 
708463.9498432596 -1.370290628691635e+23 -6281100700417055.0 
711598.7460815042 -1.4045688081865697e+23 -6438224081929357.0 
714733.5423197487 -1.4397044653325082e+23 -6599277946042616.0 
717868.3385579932 -1.4757190501578035e+23 -6764360614810031.0 
721003.1347962377 -1.512634549268894e+23 -6933572869836764.0 
724137.9310344822 -1.550473499272942e+23 -7107018013806259.0 
727272.7272727267 -1.5892590005362483e+23 -7284801933545663.0 
730407.5235109712 -1.6290147312868355e+23 -7467033164668903.0 
733542.3197492157 -1.6697649620698123e+23 -7653822957836721.0 
736677.1159874602 -1.7115345705643446e+23 -7845285346674379.0 
739811.9122257048 -1.754349056771264e+23 -8041537217388148.0 
742946.7084639493 -1.79823455858061e+23 -8242698380123409.0 
746081.5047021938 -1.8432178677285935e+23 -8448891642107716.0 
749216.3009404383 -1.8893264461537337e+23 -8660242882623694.0 
752351.0971786828 -1.9365884427621562e+23 -8876881129857212.0 
755485.8934169273 -1.9850327106122534e+23 -9098938639668078.0 
758620.6896551718 -2.0346888245292357e+23 -9326550976331108.0 
761755.4858934163 -2.0855870991603258e+23 -9559857095296984.0 
764890.2821316608 -2.1377586074815868e+23 -9798999428023416.0 
768025.0783699054 -2.191235199767742e+23 -1.0044123968928438e+16 
771159.8746081499 -2.2460495230364956e+23 -1.0295380364518748e+16 
774294.6708463944 -2.3022350409792585e+23 -1.0552922004747686e+16 
777429.4670846389 -2.359826054390457e+23 -1.0816906116658454e+16 
780564.2633228834 -2.4188577221078804e+23 -1.1087493860369968e+16 
783699.0595611279 -2.4793660824768648e+23 -1.1364850427463766e+16 
786833.8557993724 -2.5413880753514174e+23 -1.1649145141832184e+16 
789968.6520376169 -2.6049615646456877e+23 -1.1940551563049174e+16 
793103.4482758614 -2.670125361449572e+23 -1.2239247592326936e+16 
796238.244514106 -2.7369192477225505e+23 -1.2545415581123114e+16 
799373.0407523505 -2.8053840005802405e+23 -1.2859242442464872e+16 
802507.836990595 -2.8755614171885072e+23 -1.3180919765057742e+16 
805642.6332288395 -2.947494340280292e+23 -1.3510643930249086e+16 
808777.429467084 -3.021226684310758e+23 -1.3848616231917196e+16 
811912.2257053285 -3.096803462266673e+23 -1.4195042999359518e+16 
815047.021943573 -3.174270813146451e+23 -1.4550135723254906e+16 
818181.8181818175 -3.253676030127654e+23 -1.4914111184776972e+16 
821316.614420062 -3.335067589439095e+23 -1.5287191587937322e+16 
824451.4106583066 -3.41849517995517e+23 -1.566960469523921e+16 
827586.2068965511 -3.504009733530527e+23 -1.6061583966724772e+16 
830721.0031347956 -3.5916634560934955e+23 -1.6463368702500196e+16 
833855.7993730401 -3.681509859517375e+23 -1.6875204188826562e+16 
836990.5956112846 -3.773603794289006e+23 -1.7297341847865044e+16 
840125.3918495291 -3.868001482994566e+23 -1.7730039391168228e+16 
843260.1880877736 -3.964760554642984e+23 -1.8173560977010836e+16 
846394.9843260181 -4.0639400798479696e+23 -1.8628177371656164e+16 
849529.7805642626 -4.165600606890112e+23 -1.9094166114656508e+16 
852664.5768025072 -4.2698041986810996e+23 -1.957181168828878e+16 
855799.3730407517 -4.3766144706526386e+23 -2.006140569122868e+16 
858934.1692789962 -4.486096629593167e+23 -2.056324701656936e+16 
862068.9655172407 -4.598317513456041e+23 -2.107764203429312e+16 
865203.7617554852 -4.713345632163568e+23 -2.1604904778307748e+16 
868338.5579937297 -4.831251209431684e+23 -2.214535713816148e+16 
871473.3542319742 -4.952106225641016e+23 -2.2699329055554024e+16 
874608.1504702187 -5.0759844617802787e+23 -2.3267158725763252e+16 
877742.9467084632 -5.202961544489011e+23 -2.3849192804110724e+16 
880877.7429467078 -5.33311499222696e+23 -2.4445786617591812e+16 
884012.5391849523 -5.466524262598478e+23 -2.50573043817998e+16 
887147.3354231968 -5.603270800860715e+23 -2.5684119423276548e+16 
890282.1316614413 -5.743438089645287e+23 -2.6326614407425256e+16 
893416.9278996858 -5.887111699923765e+23 -2.6985181572124624e+16 
896551.7241379303 -6.034379343248003e+23 -2.7660222967186812e+16 
899686.5203761748 -6.185330925297332e+23 -2.8352150699805416e+16 
902821.3166144193 -6.340058600765234e+23 -2.9061387186143572e+16 
905956.1128526638 -6.498656829619008e+23 -2.9788365409215464e+16 
909090.9090909084 -6.661222434766821e+23 -3.0533529183219092e+16 
912225.7053291529 -6.827854661167303e+23 -3.1297333424481028e+16 
915360.5015673974 -6.998655236417744e+23 -3.208024442917898e+16 
918495.2978056419 -7.173728432857947e+23 -3.2882740158011864e+16 
921630.0940438864 -7.35318113122764e+23 -3.370531052799085e+16 
924764.8902821309 -7.537122885916308e+23 -3.4548457711529636e+16 
927899.6865203754 -7.725665991845214e+23 -3.5412696443016536e+16 
931034.4827586199 -7.918925553022534e+23 -3.629855433305569e+16 
934169.2789968645 -8.117019552813427e+23 -3.720657219056888e+16 
937304.075235109 -8.320068925967868e+23 -3.813730435295499e+16 
940438.8714733535 -8.528197632450281e+23 -3.909131902450817e+16 
943573.667711598 -8.741532733116152e+23 -4.006919862330196e+16 
946708.4639498425 -8.960204467281544e+23 -4.107154013675089e+16 
949843.260188087 -9.184346332233215e+23 -4.209895548606622e+16 
952978.0564263315 -9.414095164727583e+23 -4.315207189982892e+16 
956112.852664576 -9.649591224528428e+23 -4.423153229690753e+16 
959247.6489028205 -9.890978280034283e+23 -4.533799567895451e+16 
962382.445141065 -1.0138403696047855e+24 -4.647213753272144e+16 
965517.2413793096 -1.0392018523741047e+24 -4.763465024243827e+16 
968652.0376175541 -1.0651977592870477e+24 -4.8826243512508024e+16 
971786.8338557986 -1.0918439606299709e+24 -5.004764480077557e+16 
974921.6300940431 -1.1191567236886114e+24 -5.129959976263467e+16 
978056.4263322876 -1.1471527226791244e+24 -5.258287270624434e+16 
981191.2225705321 -1.1758490489275516e+24 -5.389824705913246e+16 
984326.0188087766 -1.20526322130394e+24 -5.524652584647207e+16 
987460.8150470211 -1.2354131969174662e+24 -5.662853218132158e+16 
990595.6112852657 -1.2663173820791075e+24 -5.804510976712867e+16 
993730.4075235102 -1.29799464353853e+24 -5.949712341280357e+16 
996865.2037617547 -1.3304643200020942e+24 -6.098545956067855e+16 
999999.9999999992 -1.3637462339389808e+24 -6.25110268276736e+16 
