#x u 
0.0 610477.2467770157 0.0032883582973419184 
3134.796238244514 682828.7581960754 -0.0012816390526889541 
6269.592476489028 844620.1615572275 -0.0004920103748018417 
9404.38871473354 970610.2261720598 0.00017271846243953944 
12539.184952978056 1059121.7384921252 0.0008332856458664068 
15673.98119122257 1106533.2169924628 0.0014550370998214247 
18808.777429467085 1111046.152801979 0.002015529069766064 
21943.5736677116 1072634.15842137 0.0024998771790288106 
25078.369905956115 992890.5848052041 0.0028943003477485347 
28213.16614420063 874852.7230092557 0.0031814197941769946 
31347.962382445145 722932.110516743 0.003343120203120719 
34482.75862068966 542904.4499159829 0.003368607782547082 
37617.55485893417 341791.1178813015 0.003259633985255672 
40752.35109717868 127525.8644949359 0.003027595731570262 
43887.14733542319 -91516.49654502774 0.0026855538397364768 
47021.943573667704 -306938.4705189998 0.002243394980354179 
50156.739811912215 -510568.96761866065 0.0017109167521776377 
53291.53605015673 -694611.9755927374 0.0011051176065158775 
56426.33228840124 -851864.8101977097 0.0004533541851266618 
59561.12852664575 -976085.8647484338 -0.00021180629147525987 
62695.92476489026 -1062404.8091125558 -0.0008615844665659823 
65830.72100313478 -1107581.928056086 -0.0014753563515600059 
68965.51724137929 -1110031.0034390655 -0.0020367571862557514 
72100.3134796238 -1069711.5829752146 -0.0025265644676556224 
75235.10971786831 -988072.5909875581 -0.002920784825438111 
78369.90595611282 -868111.3533762973 -0.003196855696882003 
81504.70219435733 -714425.6656651226 -0.0033422173924138486 
84639.49843260185 -533080.1581356628 -0.003356823053311298 
87774.29467084636 -331244.697730975 -0.0032473154509859003 
90909.09090909087 -116751.60044703464 -0.0030191826360318925 
94043.88714733538 102236.96821808463 -0.002675183230206782 
97178.68338557989 317406.26595065783 -0.002221581768312636 
100313.4796238244 520448.7799004686 -0.0016753195359791133 
103448.27586206891 703370.7333704444 -0.0010640353099529674 
106583.07210031342 858949.9888186265 -0.00041817665291673297 
109717.86833855794 981171.8910096465 0.0002373539980610167 
112852.66457680245 1065461.1876237302 0.0008841317825911549 
115987.46081504696 1108700.7007024216 0.0015036679279970384 
119122.25705329147 1109201.8091044005 0.00207124635854618 
122257.05329153598 1066786.1383707307 0.0025576307884512864 
125391.84952978049 982959.1281004894 0.002937835045626923 
128526.645768025 860994.0528502165 0.0031986090706988407 
131661.44200626953 705773.1365191559 0.0033374703631249125 
134796.23824451404 523424.8163313405 0.0033548269400274083 
137931.03448275855 320953.6289470324 0.0032478593014828878 
141065.83072100306 106017.65145739062 0.003012843708676818 
144200.62695924757 -113187.61421321056 0.0026535479816949103 
147335.42319749208 -328123.28270288446 0.0021867182664948547 
150470.2194357366 -530301.3017991236 0.0016384970168401587 
153605.0156739811 -711796.9751832967 0.0010349646319969732 
156739.81191222562 -865665.7521861298 0.00039607310372815306 
159874.60815047013 -986129.948795624 -0.0002613748739887815 
163009.40438871464 -1068610.5368910392 -0.0009155916137931247 
166144.20062695915 -1109799.3833168794 -0.0015358417119218522 
169278.99686520366 -1107872.4948210698 -0.002087541438174432 
172413.79310344817 -1062735.6220279455 -0.0025416209079046023 
175548.58934169268 -976092.7070006827 -0.002878618633189076 
178683.3855799372 -851246.0718971448 -0.0030832955119890135 
181818.1818181817 -692756.5787251638 -0.003135500129809358 
184952.97805642622 -506187.6518554545 -0.003007298915311936 
188087.77429467073 -298033.35296581185 -0.0026706208622723684 
191222.57053291524 -75720.59759966128 -0.00210995564442713 
194357.36677115975 152500.7418954227 -0.001331080499912608 
197492.16300940426 377835.5746748734 -0.0003627291919107989 
200626.95924764877 591260.4631559834 0.0007434541237809171 
203761.75548589329 783729.2157036279 0.0019083414411713209 
206896.5517241378 946302.6305949832 0.0030182931807683135 
210031.3479623823 1070444.080611052 0.003927256429467613 
213166.14420062682 1148713.7043463083 0.004479101409770072 
216300.94043887133 1175827.6624102565 0.004549025431006058 
219435.73667711584 1149729.3316408126 0.00408811427740617 
222570.53291536035 1072207.4400597264 0.0031499221661842524 
225705.32915360486 948771.6384781024 0.0018858678911839802 
228840.12539184937 787806.5206323504 0.0005103677651525093 
231974.9216300939 599257.6675080706 -0.0007528225357845558 
235109.7178683384 393182.56241567223 -0.0017280543800616745 
238244.5141065829 178504.10396912874 -0.0023338873114724986 
241379.31034482742 -37692.985595396545 -0.0026026731651760254 
244514.10658307193 -250048.0548703014 -0.0026615167047389712 
247648.90282131644 -453981.0743676034 -0.002674612942722355 
250783.69905956095 -644349.3237660688 -0.002767205019265754 
253918.49529780546 -814483.9644514095 -0.002967464032615728 
257053.29153604998 -956306.7721495801 -0.003198929614492061 
260188.0877742945 -1061640.2756031554 -0.003329201423605244 
263322.884012539 -1124071.531683263 -0.0032459953523049047 
266457.6802507835 -1140355.216276696 -0.002914432824662961 
269592.476489028 -1110650.3359856934 -0.0023834873975628608 
272727.27272727253 -1037662.0697422554 -0.0017450367713756024 
275862.06896551704 -925425.1236359344 -0.0010793366808946369 
278996.86520376155 -778540.5294878222 -0.00042408568268950154 
282131.66144200607 -602171.5905086773 0.00021906295914098095 
285266.4576802506 -402472.0580536819 0.0008557863753705843 
288401.2539184951 -186858.01656585076 0.0014755021766022572 
291536.0501567396 36221.574855110026 0.0020491501933975146 
294670.8463949841 257901.47638309782 0.002543603347361756 
297805.6426332286 469526.4576658229 0.0029359423686993215 
300940.43887147313 663015.2410384878 0.003215682639638588 
304075.23510971764 830993.5052070826 0.0033769518033671805 
307210.03134796215 966922.0385395413 0.0034115197970371637 
310344.82758620667 1065379.8596001642 0.003310503671633931 
313479.6238244512 1122444.1995682435 0.0030725196993209728 
316614.4200626957 1135968.4921591065 0.0027095260291551083 
319749.2163009402 1105619.338199412 0.002244249755438622 
322884.0125391847 1032716.6013224534 0.0017013874472284187 
326018.8087774292 920047.370591028 0.0011004621181724033 
329153.60501567373 771785.6883686911 0.00045632901723626634 
332288.40125391824 593494.9135363488 -0.00021389182661494394 
335423.19749216276 392064.87822270533 -0.0008844969316209889 
338557.99373040727 175450.65999702748 -0.0015219548767602172 
341692.7899686518 -47782.36829937872 -0.0020929561200482213 
344827.5862068963 -268960.7582088087 -0.0025735391875912964 
347962.3824451408 -479680.5137521586 -0.0029519482267027063 
351097.1786833853 -672002.1845530529 -0.003223133779964026 
354231.9749216298 -838565.7462522226 -0.003380140882271887 
357366.77115987433 -972794.636444105 -0.003410684588162265 
360501.56739811884 -1069264.9013187366 -0.003302888629187044 
363636.36363636336 -1124132.4154666553 -0.0030557132585683653 
366771.15987460787 -1135401.7343289717 -0.0026845051631599268 
369905.9561128524 -1102899.6978916186 -0.0022156570482552464 
373040.7523510969 -1028034.1263006086 -0.0016742192543201685 
376175.5485893414 -913578.5006547526 -0.0010755567407356214 
379310.3448275859 -763661.5570369613 -0.0004291940535936416 
382445.1410658304 -583891.7883190032 0.00024852774364965413 
385579.93730407493 -381342.83744006697 0.0009258112191370977 
388714.73354231945 -164184.60077753902 0.0015610032203553694 
391849.52978056396 58958.85584274964 0.0021191557727663155 
394984.32601880847 279586.63435689633 0.0025845548090523973 
398119.122257053 489549.9284004443 0.0029567529716260556 
401253.9184952975 680993.0816136582 0.003233441043683459 
404388.714733542 846372.4555804529 0.0033974776161863124 
407523.5109717865 978859.0506869258 0.0034226357420989095 
410658.307210031 1073030.4148593207 0.0032942279552903315 
413793.10344827553 1125405.003470413 0.0030245565446848886 
416927.89968652005 1134447.4187015332 0.0026465067957039956 
420062.69592476456 1100140.4462571368 0.002189936893499162 
423197.49216300907 1023623.4799181236 0.0016639189982262425 
426332.2884012536 907304.4179030207 0.0010635371248625082 
429467.0846394981 755318.8551523214 0.00039539367923141847 
432601.8808777426 573766.7868343566 -0.0003044653837504605 
435736.6771159871 370285.459951268 -0.0009807114597250362 
438871.4733542316 153131.70347012233 -0.001589399397289493 
442006.26959247614 -69564.12873661058 -0.0021192288254840656 
445141.06583072065 -289876.65426699386 -0.002581167827116102 
448275.86206896516 -499695.0430445221 -0.0029760847910696962 
451410.65830720967 -690585.1387483444 -0.0032740179912206626 
454545.4545454542 -854406.0079870939 -0.0034286455077315505 
457680.2507836987 -984400.0370427043 -0.003414613891016642 
460815.0470219432 -1075923.9631969044 -0.003250049227648852 
463949.8432601877 -1126273.261493552 -0.002979576107684765 
467084.6394984322 -1133930.0449102763 -0.002633323558230474 
470219.43573667674 -1098141.6494319516 -0.0022037527316448283 
473354.23197492125 -1019380.2457531246 -0.001665681858246653 
476489.02821316576 -900264.679555736 -0.0010203520303243459 
479623.82445141027 -745940.6708035036 -0.0003174486986680684 
482758.6206896548 -563365.2496517904 0.0003704984802580802 
485893.4169278993 -360013.3269512531 0.0009978765920046172 
489028.2131661438 -143116.0948720583 0.0015694136924096144 
492163.0094043883 80005.20323793212 0.0021118791185879334 
495297.8056426328 301114.0692498492 0.0026222456389420595 
498432.60188087734 510925.1431877195 0.0030470827195256678 
501567.39811912185 700184.0820484939 0.003317663165454338 
504702.19435736636 861215.8582158159 0.0034071875519270265 
507836.99059561087 988640.5449118732 0.003351026213544649 
510971.7868338554 1078742.8692608702 0.0032069170651552095 
514106.5830720999 1128346.6626729679 0.002994554759482587 
517241.3793103444 1134565.6111523882 0.00267777415877503 
520376.1755485889 1095880.7672777562 0.002210223421574654 
523510.9717868334 1013542.3157788506 0.001598717773638226 
526645.768025078 891831.557894574 0.0009172007376803517 
529780.5642633225 736793.0346491882 0.00025335694621559865 
532915.360501567 554590.6662301591 -0.0003594152415484272 
536050.1567398115 351036.5380006662 -0.000953968813639728 
539184.952978056 132612.96712803293 -0.001570986295619298 
542319.7492163006 -92309.49629756977 -0.0021900859661743294 
545454.5454545451 -313656.87634511536 -0.0027242439888000743 
548589.3416927896 -521439.5923275253 -0.0030872527130088485 
551724.1379310341 -707655.5702671472 -0.0032665816568458357 
554858.9341692786 -866627.4836225495 -0.003325136383070427 
557993.7304075231 -993667.0042164741 -0.003327534932992985 
561128.5266457676 -1083703.461525648 -0.003266439641737937 
564263.3228840121 -1131580.737206105 -0.003067461870664143 
567398.1191222566 -1133973.0050790282 -0.0026707123348025156 
570532.9153605012 -1091087.568065253 -0.0021052760219792323 
573667.7115987457 -1006409.6670565092 -0.0014767575500137051 
576802.5078369902 -884688.0202346735 -0.0008770368826018825 
579937.3040752347 -730171.5049837426 -0.00030830714955343546 
583072.1003134792 -546856.1364299179 0.00029815790914876523 
586206.8965517237 -340373.880697294 0.0009856842845399113 
589341.6927899682 -119342.02965773252 0.0016986871004784892 
592476.4890282127 105562.91761190235 0.002311996708069062 
595611.2852664572 324223.2927606199 0.002736779329567429 
598746.0815047018 529006.3951032517 0.002994328003788292 
601880.8777429463 714268.1601348999 0.0031789592343809793 
605015.6739811908 874208.5087920236 0.003346055566376083 
608150.4702194353 1001614.4439309792 0.003442029439307972 
611285.2664576798 1089145.2858871475 0.0033525221843091375 
614420.0626959243 1132130.6198844505 0.003022065880493616 
617554.8589341688 1130155.452955878 0.002520609635160646 
620689.6551724133 1085839.960973907 0.001984145768999903 
623824.4514106578 1002082.0200162567 0.0014877002004921114 
626959.2476489024 880641.5339615897 0.0009826775975127324 
630094.0438871469 723552.5008266363 0.00036658583874118154 
633228.8401253914 535830.7938908535 -0.00038527911533837826 
636363.6363636359 326457.4236695628 -0.0011649207132355746 
639498.4326018804 106295.11889767805 -0.0018154007490703908 
642633.2288401249 -115233.93959159058 -0.0022699352062299488 
645768.0250783694 -331536.9592520161 -0.0026014248704505447 
648902.8213166139 -537103.1595774746 -0.0029278390698132904 
652037.6175548584 -724716.2902295677 -0.003270109020586348 
655172.413793103 -884889.0095424806 -0.0035126217865403533 
658307.2100313475 -1008506.1561217795 -0.0035120848830562275 
661442.006269592 -1090255.7211990661 -0.003244228663914125 
664576.8025078365 -1129471.2987430464 -0.0028339457835481613 
667711.598746081 -1127601.8456655291 -0.0024332072698021413 
670846.3949843255 -1085022.9197474925 -0.002071415197361269 
673981.19122257 -1000621.762628852 -0.0016357594864193177 
677115.9874608145 -874680.0649493956 -0.0010057744932454246 
680250.783699059 -712024.2702024349 -0.00020322080809875073 
683385.5799373036 -521972.7027303429 0.0006020773472376218 
686520.3761755481 -314847.21393368114 0.0012417204892159975 
689655.1724137926 -98408.191489449 0.0017004389379310352 
692789.9686520371 122286.22934948036 0.0021102927146628373 
695924.7648902816 341656.0915239675 0.002590367750289974 
699059.5611285261 550662.1343794402 0.0030990168427100367 
702194.3573667706 737618.8612899423 0.003456787759826563 
705329.1536050151 892344.5243056687 0.0035208346680519224 
708463.9498432596 1009673.7073664198 0.003329550804959766 
711598.7460815042 1088896.4960183215 0.0030622627837367726 
714733.5423197487 1129863.3957380736 0.002851006320226058 
717868.3385579932 1129976.8364479335 0.002640333554627306 
721003.1347962377 1085373.1259349387 0.0022467810202377704 
724137.9310344822 995153.6631438473 0.0015627868744791402 
727272.7272727267 864192.6214619738 0.0006948267779183946 
730407.5235109712 701408.0342220201 -0.00011210839506760242 
733542.3197492157 515113.0336708386 -0.0006918430733657555 
736677.1159874602 310213.0471668781 -0.0010951184499642802 
739811.9122257048 90169.15181233257 -0.0015075103169081422 
742946.7084639493 -138390.0371878183 -0.002035406770157306 
746081.5047021938 -363498.1154738223 -0.002586977200857408 
749216.3009404383 -570890.4737948469 -0.002974633346877857 
752351.0971786828 -749690.0661348521 -0.0031282382379865447 
755485.8934169273 -895366.1114287971 -0.0031846810625539386 
758620.6896551718 -1007316.6174095294 -0.0033450568094122194 
761755.4858934163 -1083929.0335786957 -0.0036388406993181272 
764890.2821316608 -1120516.1002006033 -0.00384367531851508 
768025.0783699054 -1112386.9351285729 -0.0036580205197717626 
771159.8746081499 -1059740.449272579 -0.002963553262827634 
774294.6708463944 -968952.2488134538 -0.001916582390878479 
777429.4670846389 -848508.6812365059 -0.0007799701301074262 
780564.2633228834 -703539.3376846166 0.0003260222307200399 
783699.0595611279 -534578.3005078288 0.001492839415564223 
786833.8557993724 -341923.21040825476 0.0028430883439987675 
789968.6520376169 -131103.67641276793 0.004298269549553344 
793103.4482758614 86322.95644857569 0.005553569048122908 
796238.244514106 297673.83372187737 0.006303502009935841 
799373.0407523505 494840.54522402375 0.006493808331667813 
802507.836990595 675021.7790987171 0.006337781700109809 
805642.6332288395 835930.6248070378 0.006075055769649427 
808777.429467084 970801.209260351 0.005720509214948464 
811912.2257053285 1068851.5821354096 0.005065388138892906 
815047.021943573 1121167.3939709002 0.003930731265970198 
818181.8181818175 1126162.3978629953 0.002405934548977798 
821316.614420062 1089013.3648368814 0.0008156560178295977 
824451.4106583066 1015646.8428851768 -0.0005588504097726685 
827586.2068965511 907560.243698432 -0.0017165044089728935 
830721.0031347956 762935.5949784685 -0.0028815644807654297 
833855.7993730401 582883.5143813797 -0.004210898739714556 
836990.5956112846 376130.5664362461 -0.005570246106467839 
840125.3918495291 156915.7050839893 -0.006619758701676632 
843260.1880877736 -62097.30895801842 -0.007126387284695824 
846394.9843260181 -274797.2411498705 -0.007178354089563318 
849529.7805642626 -479505.28464099497 -0.007073590073958627 
852664.5768025072 -672194.8392074121 -0.006994373804907416 
855799.3730407517 -842473.3992377484 -0.0068089264529678705 
858934.1692789962 -976959.9598268253 -0.006212880912940441 
862068.9655172407 -1066922.6420361844 -0.005067416334157044 
865203.7617554852 -1112423.1354650012 -0.003579116920220021 
868338.5579937297 -1118707.3756705676 -0.002126648058985308 
871473.3542319742 -1088652.7048592544 -0.0009092064375262874 
874608.1504702187 -1019274.069959781 0.0002162308219347481 
877742.9467084632 -906087.0693333687 0.00153467454034115 
880877.7429467078 -750812.0889957844 0.0031169108544452763 
884012.5391849523 -564209.9977148665 0.004683732650998019 
887147.3354231968 -360774.2786736405 0.005840963007892594 
890282.1316614413 -150512.94263769634 0.006445706090440153 
893416.9278996858 63805.481579674175 0.006720370829415722 
896551.7241379303 281225.56582289224 0.006990430054130237 
899686.5203761748 494915.64187939087 0.0073176790324602226 
902821.3166144193 690653.28880293 0.007416314601607745 
905956.1128526638 853541.8049779673 0.006946645116032688 
909090.9090909084 976318.9237133143 0.00588267389299324 
912225.7053291529 1060777.3988382267 0.004565348232825494 
915360.5015673974 1110911.2322680617 0.0033783913843807587 
918495.2978056419 1125088.1289793 0.0023817466523593095 
921630.0940438864 1095659.3477333854 0.0012884825213534076 
924764.8902821309 1016636.1386996963 -0.00018579898995286365 
927899.6865203754 891465.7393873475 -0.0019661460125235865 
931034.4827586199 732621.0328082114 -0.0036338539716535044 
934169.2789968645 553169.8650446553 -0.004806991467212359 
937304.075235109 358925.77816408913 -0.0054917987805805975 
940438.8714733535 149270.02202071936 -0.00603446265395023 
943573.667711598 -74343.8336952675 -0.006718993939223712 
946708.4639498425 -301376.5444431697 -0.0074321921415842155 
949843.260188087 -514461.86804496904 -0.007752874236857513 
952978.0564263315 -699048.912577186 -0.007379362690509926 
956112.852664576 -850684.6376402072 -0.006449172529827079 
959247.6489028205 -972501.6508819218 -0.005410646737271851 
962382.445141065 -1065685.1664434343 -0.004574198572135082 
965517.2413793096 -1123133.3015087845 -0.0038118111493741736 
968652.0376175541 -1133272.254905392 -0.0027242785649009603 
971786.8338557986 -1090301.2270990626 -0.001105731949691094 
974921.6300940431 -1000208.3320636371 0.0007829260342951359 
978056.4263322876 -876126.1006484412 0.0024263892657909424 
981191.2225705321 -727702.9137603324 0.0035387863925258256 
984326.0188087766 -555516.3062294755 0.004313714757319533 
987460.8150470211 -356345.07377612946 0.005174067415992524 
990595.6112852657 -133670.67138506062 0.00628011835274715 
993730.4075235102 97945.95133517399 0.0073119672973992 
996865.2037617547 317274.6838250068 0.0078718919873152 
999999.9999999992 610352.0099408315 0.003282617725502597 
