#x u 
0.0 -98246.45069866453 0.0411305539654555 
3134.796238244514 -150082.24398767398 0.041767267863058635 
6269.592476489028 -246440.00988070917 0.038482029305477464 
9404.38871473354 -332431.2464141919 0.033747044172004415 
12539.184952978056 -405575.9290048836 0.0277066696786495 
15673.98119122257 -463037.1614333412 0.020594871674917976 
18808.777429467085 -502592.7449155232 0.012686671195741385 
21943.5736677116 -522713.0810729229 0.00428787745475944 
25078.369905956115 -522620.1163372627 -0.004276728387354773 
28213.16614420063 -502317.4441252345 -0.012675953182984749 
31347.962382445145 -462590.1511474332 -0.020584998352322234 
34482.75862068966 -404974.357950062 -0.027698015243860605 
37617.55485893417 -331697.275720823 -0.03373990747450884 
40752.35109717868 -245588.7654431754 -0.0384768628010809 
43887.14733542319 -149963.89157893916 -0.04172502721339757 
47021.943573667704 -48471.99119478601 -0.04335657233228203 
50156.739811912215 55097.21736163371 -0.04330221960132216 
53291.53605015673 157058.5015759419 -0.04154941257617302 
56426.33228840124 254112.04891882863 -0.03813645733461051 
59561.12852664575 343587.86854698154 -0.03314568742496412 
62695.92476489026 423502.17148674524 -0.026702428365894627 
65830.72100313478 492240.9978604659 -0.018988169473161776 
68965.51724137929 547804.7295949145 -0.010271036306808494 
72100.3134796238 586870.4162184405 -0.0009419475268966841 
75235.10971786831 604324.7105518403 0.0084732026797699 
78369.90595611282 594038.7702330729 0.017360337006758788 
81504.70219435733 551146.7214190017 0.025134517336230552 
84639.49843260185 475004.7566518708 0.03138957762500896 
87774.29467084636 371038.6041902795 0.03599737295155867 
90909.09090909087 249808.01598163153 0.03907947047240821 
94043.88714733538 123207.27627335177 0.04084700599777712 
97178.68338557989 -113.16602672313093 0.04140374054999781 
100313.4796238244 -117047.75793318532 0.040651905840292726 
103448.27586206891 -228396.173962529 0.03837664836663456 
106583.07210031342 -334605.1900183996 0.03444810315497286 
109717.86833855794 -432371.73529269313 0.028981332082242586 
112852.66457680245 -514887.35414086963 0.02232652369729231 
115987.46081504696 -575355.3818258657 0.014906300384282803 
119122.25705329147 -610568.0158554891 0.007047458133893516 
122257.05329153598 -621431.827516588 -0.001050072932866222 
125391.84952978049 -610308.1254676174 -0.009200655108119545 
128526.645768025 -578036.0040341262 -0.017107850527054817 
131661.44200626953 -523621.74996745156 -0.024363134855470658 
134796.23824451404 -446746.4082001517 -0.030574874627855773 
137931.03448275855 -350349.4612284568 -0.03550133632997487 
141065.83072100306 -240519.1250653538 -0.03906021600430193 
144200.62695924757 -123740.74913364151 -0.041216486477454885 
147335.42319749208 -4280.393405435144 -0.04187531654960821 
150470.2194357366 115712.08591704318 -0.04089802510519023 
153605.0156739811 233680.7860746867 -0.03822686884238577 
156739.81191222562 344568.0240949783 -0.03398786932034313 
159874.60815047013 441533.1375840457 -0.028461956478621715 
163009.40438871464 518903.3466722497 -0.021950969653994745 
166144.20062695915 574415.216660735 -0.01467329715968996 
169278.99686520366 608534.6174126868 -0.006790614767394286 
172413.79310344817 621690.828044029 0.0014724097125619442 
175548.58934169268 612422.1308039423 0.00975256348491539 
178683.3855799372 578435.9592232803 0.017608138020810016 
181818.1818181817 519485.5191902228 0.024663804010580055 
184952.97805642622 439019.59040083276 0.03070031103232527 
188087.77429467073 342818.2348418337 0.03560654305100539 
191222.57053291524 235963.1364522723 0.0392551879428503 
194357.36677115975 121210.68257000169 0.041442093910734314 
197492.16300940426 333.4140389292488 0.041960538868624324 
200626.95924764877 -123146.21796658987 0.040737675482620146 
203761.75548589329 -242882.2515331261 0.03789280327571177 
206896.5517241378 -351603.9555581601 0.03365696981714294 
210031.3479623823 -444173.4961789064 0.028236767330004117 
213166.14420062682 -518764.81506095175 0.02176141370978618 
216300.94043887133 -575088.9778941465 0.014362338430142117 
219435.73667711584 -611676.3355408502 0.006293191871191534 
222570.53291536035 -625189.97623524 -0.0020458885263243696 
225705.32915360486 -612577.0940702076 -0.010216450583567172 
228840.12539184937 -573847.2721975106 -0.017880621271191253 
231974.9216300939 -512573.33790273726 -0.024837147294778678 
235109.7178683384 -433570.0193537101 -0.030929105449659784 
238244.5141065829 -340137.01171776874 -0.03593213357168104 
241379.31034482742 -233675.73154776677 -0.03955138836215366 
244514.10658307193 -115961.71815354399 -0.041539592754762315 
247648.90282131644 8462.718895320912 -0.04181941885573684 
250783.69905956095 132455.57779539368 -0.0404868711765595 
253918.49529780546 249002.82411792624 -0.03769520393702576 
257053.29153604998 353822.4307574922 -0.03354206414002176 
260188.0877742945 445291.90795610286 -0.028076627503432497 
263322.884012539 521954.14955149416 -0.021414899107782083 
266457.6802507835 580387.484792063 -0.013835442249438034 
269592.476489028 615820.3026207088 -0.005746498486396246 
272727.27272727253 624957.6285700637 0.002450905021444558 
275862.06896551704 608131.4952872964 0.010471190831601545 
278996.86520376155 568565.8272024237 0.01812216701790184 
282131.66144200607 509545.4279059229 0.025188406591693868 
285266.4576802506 432444.85618409875 0.03135504867434712 
288401.2539184951 337631.35810450994 0.036263798978350574 
291536.0501567396 227199.95473338736 0.039652806200087376 
294670.8463949841 106543.59598290625 0.0414424736015374 
297805.6426332286 -17037.305476350957 0.04168436044894729 
300940.43887147313 -137387.78418992573 0.04043219006519985 
304075.23510971764 -251182.03181312385 0.037673504861754845 
307210.03134796215 -356653.9795618862 0.03339423042810015 
310344.82758620667 -450895.4283877506 0.027706197792797385 
313479.6238244512 -528739.1844154142 0.020899168362671607 
316614.4200626957 -584561.6040817898 0.013356163362680626 
319749.2163009402 -615248.079241761 0.005412689474040949 
322884.0125391847 -621317.2462383998 -0.002702245609065681 
326018.8087774292 -605106.4794853274 -0.010792735357598908 
329153.60501567373 -567977.1176519756 -0.018579587128414995 
332288.40125391824 -509491.0086245211 -0.025675786261653104 
335423.19749216276 -429399.16656323243 -0.03169184080168942 
338557.99373040727 -330291.05617815995 -0.03637183897025395 
341692.7899686518 -218026.75798047282 -0.039627744679817334 
344827.5862068963 -99377.19936544372 -0.04144502269310481 
347962.3824451408 20792.052031573687 -0.0417661139548924 
351097.1786833853 139999.0503941797 -0.04047936338470137 
354231.9749216298 255963.89190171205 -0.0375277355922335 
357366.77115987433 364247.6229418572 -0.03302328874290846 
360501.56739811884 458377.7441678436 -0.027244956690013554 
363636.36363636336 532502.30999959 -0.02051757751078871 
366771.15987460787 583941.3856129586 -0.013092751868149965 
369905.9561128524 613093.0134011932 -0.005148174204892352 
373040.7523510969 620906.8580222154 0.003104141875897045 
376175.5485893414 606664.3757537418 0.011325993503347457 
379310.3448275859 568446.0298215501 0.019086209273028558 
382445.1410658304 505803.7389911327 0.025996419138360434 
385579.93730407493 421802.44495549094 0.03181885923378966 
388714.73354231945 322224.34324906394 0.03644452269432107 
391849.52978056396 212680.34779679024 0.03977522024417009 
394984.32601880847 96543.27607277245 0.04164258466992892 
398119.122257053 -24273.31057411048 0.04185626031217539 
401253.9184952975 -146678.46800022534 0.04033551351830013 
404388.714733542 -264862.0875877743 0.03718850521097175 
407523.5109717865 -371653.253883242 0.0326561429534377 
410658.307210031 -461532.543877487 0.026977398870773224 
413793.10344827553 -532305.6119685008 0.020313138692709166 
416927.89968652005 -583839.2986229127 0.012801724558995885 
420062.69592476456 -615328.896593494 0.0046791628938657 
423197.49216300907 -624081.3037484083 -0.00367281806957264 
426332.2884012536 -607171.963719548 -0.011812706460956097 
429467.0846394981 -564277.2652770879 -0.019380926868751095 
432601.8808777426 -498713.4986786942 -0.02616079489365391 
435736.6771159871 -415564.3544692951 -0.03200694339991534 
438871.4733542316 -318804.87571501744 -0.03672812343118571 
442006.26959247614 -210350.40764550524 -0.040058051753715636 
445141.06583072065 -91904.18943516596 -0.041753792461540915 
448275.86206896516 32489.806479560808 -0.041725186717528805 
451410.65830720967 156040.79890014115 -0.04006412088853913 
454545.4545454542 271557.4281175267 -0.036945464397701314 
457680.2507836987 374263.3976867433 -0.03250399191004384 
460815.0470219432 462305.829159998 -0.026814335968554495 
463949.8432601877 534597.9713204915 -0.01999027056770373 
467084.6394984322 588424.5394341833 -0.012292003634440298 
470219.43573667674 619463.9013903388 -0.004119910793123162 
473354.23197492125 624311.6809478856 0.004108963102844614 
476489.02821316576 602929.3395083231 0.012083234100309726 
479623.82445141027 558487.488696614 0.01960196984905982 
482758.6206896548 494777.981586123 0.026469455843377773 
485893.4169278993 413888.0045642117 0.03240287058097209 
489028.2131661438 316516.79643333075 0.03706143957536118 
492163.0094043883 204503.18293319788 0.040176708963438786 
495297.8056426328 82779.29845085803 0.041655740169347394 
498432.60188087734 -41453.213046130346 0.041555685183913914 
501567.39811912185 -161625.33049249268 0.039961314572094626 
504702.19435736636 -273909.51454113575 0.03689671798054163 
507836.99059561087 -376504.4505797438 0.03236394282612887 
510971.7868338554 -467032.6904633107 0.02646539421758037 
514106.5830720999 -540961.9291803747 0.019476454171604724 
517241.3793103444 -592866.489867053 0.01178504270117744 
520376.1755485889 -619336.4823844024 0.00375288499305093 
523510.9717868334 -620583.4379751757 -0.004366030958564712 
526645.768025078 -599131.9285528527 -0.012375677812138695 
529780.5642633225 -557016.4688227098 -0.020021556530952663 
532915.360501567 -494437.09232998407 -0.026942518782781692 
536050.1567398115 -411255.1656198717 -0.03275365182467682 
539184.952978056 -309689.13504612556 -0.03718448423934381 
542319.7492163006 -195276.97687069722 -0.040137493874968844 
545454.5454545451 -74967.34836881512 -0.04161419803536864 
548589.3416927896 45803.36583977465 -0.04159343005350417 
551724.1379310341 164144.24105184397 -0.039994435079910226 
554858.9341692786 277949.4379811926 -0.03676580872554579 
557993.7304075231 383382.2457249919 -0.03200654331047506 
561128.5266457676 474431.7415272266 -0.025989322279549178 
564263.3228840121 545179.8331170763 -0.01905671409731229 
567398.1191222566 592550.4070104166 -0.011492400503728205 
570532.9153605012 616784.5735270905 -0.003493874943243893 
573667.7115987457 619250.5882682039 0.004735233659720612 
576802.5078369902 599967.328275393 0.012881942296205671 
579937.3040752347 557484.9882634034 0.02053058176417648 
583072.1003134792 491250.66356882465 0.027284733686352 
586206.8965517237 403937.87169724284 0.032888359921998296 
589341.6927899682 301223.58667096763 0.03723022224284429 
592476.4890282127 189148.79072907154 0.040237260287459393 
595611.2852664572 71710.04822391813 0.04177772793124801 
598746.0815047018 -48938.73642385568 0.04168262011625876 
601880.8777429463 -170058.47982643044 0.03986731277716254 
605015.6739811908 -286406.10262551357 0.03642764460536542 
608150.4702194353 -391027.0260778062 0.0316091783147068 
611285.2664576798 -478106.5808836705 0.025679329934400287 
614420.0626959243 -545053.959178006 0.01883181097220916 
617554.8589341688 -591784.3169985089 0.011216636706362146 
620689.6551724133 -618088.6178187442 0.003055035881074198 
623824.4514106578 -621962.4795877038 -0.005292131824407916 
626959.2476489024 -600723.2219888556 -0.013385980281922606 
630094.0438871469 -553777.2646258271 -0.02084866470224143 
633228.8401253914 -484129.66939071246 -0.02744613472589967 
636363.6363636359 -397015.5473589429 -0.03303977855129303 
639498.4326018804 -297024.67067745625 -0.03746926125848287 
642633.2288401249 -186641.2946041164 -0.04049992928977548 
645768.0250783694 -67603.07418663109 -0.041898577598375245 
648902.8213166139 56504.860340774394 -0.041564454269134056 
652037.6175548584 179319.3741819752 -0.039582164743199054 
655172.413793103 293591.14782804414 -0.03614296234130411 
658307.2100313475 394093.7738696685 -0.031416855854334944 
661442.006269592 478673.5677309299 -0.025507178405974166 
664576.8025078365 546509.6090036217 -0.018530164812868365 
667711.598746081 595569.7560078825 -0.010728522413330121 
670846.3949843255 622069.1670278898 -0.0024904677964014844 
673981.19122257 622602.7316126998 0.005756322528713046 
677115.9874608145 596779.3684423189 0.013675964889842135 
680250.783699059 547625.1790347784 0.021055143505053418 
683385.5799373036 479333.42645425897 0.027713587434734732 
686520.3761755481 394692.32590157696 0.03340057016449393 
689655.1724137926 294823.7846794832 0.037797571859871565 
692789.9686520371 181402.93266422182 0.0406343233800572 
695924.7648902816 58892.14222855945 0.04180462921325174 
699059.5611285261 -65713.39879854623 0.041366721446986714 
702194.3573667706 -185531.01744594402 0.039432151283307966 
705329.1536050151 -296226.4645617435 0.03606201866641019 
708463.9498432596 -395865.4748381491 0.031279096346224465 
711598.7460815042 -482520.666405614 0.025180072108265252 
714733.5423197487 -552322.0915391112 0.018024584551524617 
717868.3385579932 -600154.1491628818 0.010200097637337978 
721003.1347962377 -622394.8447715081 0.0020904236476621744 
724137.9310344822 -618918.5016720643 -0.006024498412277423 
727272.7272727267 -592326.9099038903 -0.013943962894866279 
730407.5235109712 -545253.8001652968 -0.021435313791704016 
733542.3197492157 -478575.9418197854 -0.02816561073756845 
736677.1159874602 -392372.86681247974 -0.033760049479708634 
739811.9122257048 -288551.740597909 -0.03793691463763683 
742946.7084639493 -172272.2192945797 -0.040587166375822666 
746081.5047021938 -50541.62114879349 -0.04172340854072781 
749216.3009404383 70696.36408105906 -0.041358375104981096 
752351.0971786828 188090.32399024686 -0.03944490340597859 
755485.8934169273 299603.62448227115 -0.03594225610134634 
758620.6896551718 401961.1914214209 -0.03093834022790291 
761755.4858934163 489686.9148205468 -0.02469623625430019 
764890.2821316608 556912.8576241861 -0.017570801393054388 
768025.0783699054 600209.1947675904 -0.009875630483766221 
771159.8746081499 619588.4228027218 -0.001830978117593844 
774294.6708463944 616729.9906373031 0.00636340186201945 
777429.4670846389 592361.6144853126 0.014418923162605868 
780564.2633228834 545583.6016054109 0.021939645111858082 
783699.0595611279 475841.69066068827 0.028526419444789213 
786833.8557993724 385433.03238029144 0.033906211360296805 
789968.6520376169 279836.24171218544 0.03796185841059685 
793103.4482758614 165413.85134937442 0.040640997947679135 
796238.244514106 46770.24351431414 0.04184826344970876 
799373.0407523505 -73613.82315398945 0.04144038134761525 
802507.836990595 -193260.46519716515 0.039333318947796105 
805642.6332288395 -307501.5741904392 0.035610452878568316 
808777.429467084 -409704.3610973933 0.030517280946463426 
811912.2257053285 -493857.87533841236 0.024345125484716016 
815047.021943573 -556969.5437395518 0.017320670521838343 
818181.8181818175 -598904.2463447491 0.009609876509886015 
821316.614420062 -619964.655800457 0.0014227140453990012 
824451.4106583066 -618856.9697468325 -0.006902244761208668 
827586.2068965511 -593246.5718390539 -0.014934094159648387 
830721.0031347956 -542348.8464000472 -0.022280877931183742 
833855.7993730401 -468824.939572228 -0.028690260324490555 
836990.5956112846 -377948.6087442324 -0.03402582031812395 
840125.3918495291 -274845.8999980307 -0.03815514142204471 
843260.1880877736 -162603.22123256454 -0.040877257329121425 
846394.9843260181 -43097.02451300768 -0.041973874948331547 
849529.7805642626 80486.80776072513 -0.041336649925642927 
852664.5768025072 202268.31637404492 -0.0390406758835539 
855799.3730407517 315062.56844026025 -0.03528858405620454 
858934.1692789962 413264.68838496914 -0.03028316230226392 
862068.9655172407 494372.86717341776 -0.024158918193084737 
865203.7617554852 557712.4982961362 -0.01703862931282536 
868338.5579937297 601856.4588040279 -0.00914773780679466 
871473.3542319742 623595.8334842557 -0.0008575437226828176 
874608.1504702187 619663.0490240918 0.007397932121956425 
877742.9467084632 589468.2247906236 0.015255347269651921 
880877.7429467078 535969.3903488765 0.022479257119329858 
884012.5391849523 463682.4771957173 0.028898860915530816 
887147.3354231968 375812.92941785057 0.034306011817950954 
890282.1316614413 273460.47314113926 0.038432233671413886 
893416.9278996858 157765.55393551907 0.04103208167487327 
896551.7241379303 32829.50500447811 0.041982837966459303 
899686.5203761748 -93655.19056631067 0.04129424696214484 
902821.3166144193 -212961.91495269284 0.03902480133561202 
905956.1128526638 -318918.6954522568 0.035210183725328914 
909090.9090909084 -409462.08329381794 0.029901955900872 
912225.7053291529 -485129.77530955547 0.023291823376401986 
915360.5015673974 -546302.6592944486 0.01578764174645315 
918495.2978056419 -591812.5336805796 0.007933670962214465 
921630.0940438864 -619704.2119732341 0.00021286370648579476 
924764.8902821309 -628606.7364130241 -0.007110245670759549 
927899.6865203754 -617831.6580571115 -0.01397586850976778 
931034.4827586199 -586189.9610153536 -0.02036834299725713 
934169.2789968645 -531371.384958947 -0.026162063931703564 
937304.075235109 -451371.0170801741 -0.031107653161882867 
940438.8714733535 -347163.1105476823 -0.03494809937520954 
943573.667711598 -224109.85188539274 -0.037533614619058235 
946708.4639498425 -90464.1072953874 -0.03882353688545763 
949843.260188087 45941.810245827866 -0.03879420713338065 
952978.0564263315 179926.70679072122 -0.03737235261643253 
956112.852664576 308279.50233992434 -0.03448040610355496 
959247.6489028205 427248.8705162824 -0.030153112605837414 
962382.445141065 531074.6270153981 -0.024601594347843495 
965517.2413793096 613255.3441577834 -0.018151016636553725 
968652.0376175541 669336.3869733651 -0.011108240436469666 
971786.8338557986 698393.628231192 -0.0036882690210802162 
974921.6300940431 701749.4829044387 0.003934154312084915 
978056.4263322876 680346.9520952223 0.01151345570317859 
981191.2225705321 633585.7892867822 0.018691094527607855 
984326.0188087766 560848.3335237529 0.025078313524990795 
987460.8150470211 464074.2309309806 0.030388096522388008 
990595.6112852657 348601.9867113031 0.03448829913408188 
993730.4075235102 221275.7424056996 0.03733007222946369 
996865.2037617547 88509.3345223896 0.03879636030400358 
999999.9999999992 -98246.45074949798 0.04113055396312541 
