#x u 
0.0 61173.46245986408 0.04698782608227098 
3134.796238244514 116825.80911868818 0.044111529093859896 
6269.592476489028 195165.7918166392 0.04077646896229416 
9404.38871473354 263484.29028171324 0.03575116170435023 
12539.184952978056 321698.1289553404 0.029347220758662203 
15673.98119122257 367470.126917741 0.021808341859775263 
18808.777429467085 399032.093708895 0.013426136285676682 
21943.5736677116 415163.49948064436 0.004524742351013048 
25078.369905956115 415240.54392023454 -0.004551623247357866 
28213.16614420063 399260.2476909901 -0.013451977697194084 
31347.962382445145 367840.5684194977 -0.02183214453119637 
34482.75862068966 322196.50425829634 -0.029368062923234232 
37617.55485893417 264093.10994115233 -0.035768319111725136 
40752.35109717868 195777.24216393265 -0.04078541536196026 
43887.14733542319 119890.673696599 -0.04422534069685057 
47021.943573667704 39367.93610122608 -0.045955073296193936 
50156.739811912215 -42677.1585245944 -0.04590772444688551 
53291.53605015673 -123071.92857783928 -0.04408512512765491 
56426.33228840124 -198707.51046232873 -0.04055775520516786 
59561.12852664575 -266659.0782603997 -0.035462017979477435 
62695.92476489026 -324298.94667248847 -0.028994965472078933 
65830.72100313478 -369398.1835370108 -0.02140667842953722 
68965.51724137929 -400212.80257711443 -0.01299059570774162 
72100.3134796238 -415551.2033031096 -0.004072166999239148 
75235.10971786831 -414820.25017136533 0.0050037322976250655 
78369.90595611282 -398048.2091198323 0.013886137401088336 
81504.70219435733 -365883.65452497907 0.022231565944643712 
84639.49843260185 -319570.3888480982 0.029717300430916926 
87774.29467084636 -260899.34482757136 0.036053867708611936 
90909.09090909087 -192139.33015803187 0.04099623289148787 
94043.88714733538 -115949.29275782491 0.04435327485082091 
97178.68338557989 -35275.499324499964 0.04599517686431309 
100313.4796238244 46762.39671916047 0.04585844662525269 
103448.27586206891 126991.99213911183 0.04394837148830756 
106583.07210031342 202310.8106378033 0.04033881400766225 
109717.86833855794 269806.2755291817 0.035169355674033925 
112852.66457680245 326868.339000819 0.028639899302179545 
115987.46081504696 371290.4125926412 0.021002938794424462 
119122.25705329147 401354.6959133646 0.012553795208247977 
122257.05329153598 415898.603935437 0.0036191966989317205 
125391.84952978049 414359.72412650957 -0.005455356049406686 
128526.645768025 396797.56492646807 -0.014318950325956474 
131661.44200626953 363891.25456022297 -0.02262883117842221 
134796.23824451404 316913.279177116 -0.030063655738252676 
137931.03448275855 257680.2758342273 -0.03633591954019914 
141065.83072100306 188482.78307223576 -0.04120307430684726 
144200.62695924757 111996.66576903472 -0.044476907280196126 
147335.42319749208 31179.640483534116 -0.04603081944825964 
150470.2194357366 -50843.09704172073 -0.04580472123190994 
153605.0156739811 -130899.72750760062 -0.04380735594598022 
156739.81191222562 -205894.4880718143 -0.04011596051077426 
159874.60815047013 -272927.3937363172 -0.0348732783209947 
163009.40438871464 -329406.20579133765 -0.028282047333591034 
166144.20062695915 -373146.3369727925 -0.020597175627401938 
169278.99686520366 -402455.917895037 -0.012115857139007436 
172413.79310344817 -416204.21719384514 -0.0031659418697302295 
175548.58934169268 -413866.7327669725 0.005906804674351276 
178683.3855799372 -395531.4696964193 0.014751430288038523 
181818.1818181817 -361866.7026448285 0.023024045673744428 
184952.97805642622 -314116.1017846855 0.03040208376106956 
188087.77429467073 -254208.70833412168 0.03660401885493412 
191222.57053291524 -184841.07078786468 0.04140743747448398 
194357.36677115975 -109024.77229063411 0.04464167850983715 
197492.16300940426 -28925.956663202618 0.046146577356614635 
200626.95924764877 54672.60038974797 0.04575784162853098 
203761.75548589329 140195.05033811808 0.04341455494818443 
206896.5517241378 221225.89351403844 0.03934981179180524 
210031.3479623823 286057.3769016384 0.03411382174162866 
213166.14420062682 324712.18755057186 0.02825148109972453 
216300.94043887133 337735.23415568983 0.021895991706241708 
219435.73667711584 335994.24959303543 0.014771884079795647 
222570.53291536035 330513.40172756073 0.006652410450860732 
225705.32915360486 323950.7183902695 -0.002260572264215204 
228840.12539184937 312139.8519590648 -0.011419790718207727 
231974.9216300939 290729.91834478365 -0.020250688268776462 
235109.7178683384 258445.75051586784 -0.028315373545656056 
238244.5141065829 216167.4924639981 -0.035285104088913305 
241379.31034482742 165530.04329119524 -0.04089036060585343 
244514.10658307193 108491.55179535248 -0.04491438797768933 
247648.90282131644 47257.69490887507 -0.04720157717415643 
250783.69905956095 -15803.61576898949 -0.047663482650528895 
253918.49529780546 -78253.80105001901 -0.046282242534455835 
257053.29153604998 -137677.913948656 -0.04311126934408483 
260188.0877742945 -191778.02561699745 -0.0382731845274215 
263322.884012539 -238462.08619155828 -0.031955076694232115 
266457.6802507835 -275924.82430523343 -0.02440126690453497 
269592.476489028 -302717.5568825253 -0.015903860779779 
272727.27272727253 -317804.20967511326 -0.006791452786316917 
275862.06896551704 -320601.3822251827 0.002583580503772846 
278996.86520376155 -311000.9079454368 0.011858706805253076 
282131.66144200607 -289374.0369181207 0.020675257233449644 
285266.4576802506 -256557.07966432298 0.028692296020377473 
288401.2539184951 -213819.06703861483 0.03559980449172071 
291536.0501567396 -162812.67684002576 0.041130669480632445 
294670.8463949841 -105510.32480599615 0.04507101258671406 
297805.6426332286 -44127.89134884499 0.04726846084800742 
300940.43887147313 18960.96648018536 0.04763803899933684 
304075.23510971764 81316.60424527997 0.0461654554635282 
307210.03134796215 140527.73111077747 0.04290765500631398 
310344.82758620667 194304.65439295085 0.03799061668377389 
313479.6238244512 240567.82191451706 0.03160448223562354 
316614.4200626957 277528.2382314133 0.023996203309252458 
319749.2163009402 303756.6450385152 0.015459991846160134 
322884.0125391847 318238.790549863 0.006325942914089279 
326018.8087774292 320414.65058795107 -0.003052730060367535 
329153.60501567373 310200.0847036139 -0.012313354045476512 
332288.40125391824 287990.08988493384 -0.02109782096074771 
335423.19749216276 254643.52603433267 -0.029066435706778082 
338557.99373040727 211449.90387923765 -0.035911052165611204 
341692.7899686518 160079.51962692908 -0.041366989202832806 
344827.5862068963 102518.86465511759 -0.04522326587992127 
347962.3824451408 40993.80794377957 -0.04733076008146728 
351097.1786833853 -22116.47821843878 -0.04760797506336661 
354231.9749216298 -84371.52076265245 -0.046044190929723394 
357366.77115987433 -143363.9188676885 -0.042699879170936185 
360501.56739811884 -196812.4380851044 -0.03770436423279012 
363636.36363636336 -242650.22561397086 -0.03125082254361614 
366771.15987460787 -279104.73544310476 -0.0235888123870016 
369905.9561128524 -304766.272657659 -0.015014623489674684 
373040.7523510969 -318642.506303575 -0.005859819505738766 
376175.5485893414 -320196.8427988908 0.0035215835409160372 
379310.3448275859 -309369.17599312786 0.012766807046737503 
382445.1410658304 -286578.2114705146 0.021518338467355555 
385579.93730407493 -252705.27521630048 0.029437756318059758 
388714.73354231945 -209060.23276460782 0.036218816923513114 
391849.52978056396 -157330.83673344713 0.041599296852442555 
394984.32601880847 -99517.46147636193 0.04537113309067515 
398119.122257053 -37855.748659967125 0.04738846883230145 
401253.9184952975 25269.844939184277 0.047573293758438114 
404388.714733542 87418.25431403224 0.04591846069416128 
407523.5109717865 146186.20214519594 0.04248796198956875 
410658.307210031 199301.1334702882 0.03741445493732252 
413793.10344827553 244709.0953232053 0.030894131918708514 
416927.89968652005 280654.16304009676 0.023179133649527915 
420062.69592476456 305746.3418188961 0.01456779890539696 
423197.49216300907 319015.3177809452 0.005393127769316118 
426332.2884012536 319947.9799825892 -0.003990095472585324 
429467.0846394981 308508.26240156987 -0.013219021829853822 
432601.8808777426 285138.5386091359 -0.02193676896841566 
435736.6771159871 250742.51519593873 -0.02980622184083906 
438871.4733542316 206650.28546247212 -0.03652306891615364 
442006.26959247614 154566.89474690717 -0.041827569898570116 
445141.06583072065 96506.40636771682 -0.04551459987773414 
448275.86206896516 34714.017849302734 -0.04744158150349408 
451410.65830720967 -28420.76080589897 -0.04753399844819753 
454545.4545454542 -90456.5094049582 -0.0457882769510778 
457680.2507836987 -148994.30721766403 -0.04227192401548687 
460815.0470219432 -201770.49917665566 -0.03712091691489083 
463949.8432601877 -246744.2313580079 -0.030534444955361326 
467084.6394984322 -282176.3707475907 -0.022767206830466024 
470219.43573667674 -306696.7574679649 -0.01411956142963696 
473354.23197492125 -319357.1888239964 -0.00492591296799275 
476489.02821316576 -319668.0862755809 0.004458220415668071 
479623.82445141027 -307617.42742662516 0.013669954535734627 
482758.6206896548 -283671.21093078126 0.022353071881483506 
485893.4169278993 -248755.4363360401 0.030171796538639863 
489028.2131661438 -204220.2957071098 0.03682377863495358 
492163.0094043883 -151787.96173458145 0.0420517862016291 
495297.8056426328 -93485.99136328974 0.04565365232664197 
498432.60188087734 -31568.92021977775 0.04749009294379057 
501567.39811912185 31568.920219759235 0.04749009294379083 
504702.19435736636 93485.99136327251 0.04565365232664274 
507836.99059561087 151787.96173456544 0.04205178620163034 
510971.7868338554 204220.2957070963 0.036823778634955236 
514106.5830720999 248755.43633602868 0.03017179653864193 
517241.3793103444 283671.2109307725 0.022353071881485897 
520376.1755485889 307617.427426619 0.01366995453573723 
523510.9717868334 319668.0862755786 0.0044582204156707475 
526645.768025078 319357.18882399774 -0.004925912967990104 
529780.5642633225 306696.75746796996 -0.01411956142963447 
532915.360501567 282176.3707475993 -0.022767206830463734 
536050.1567398115 246744.2313580187 -0.03053444495535929 
539184.952978056 201770.49917666978 -0.037120916914889134 
542319.7492163006 148994.30721768038 -0.042271924015485594 
545454.5454545451 90456.50940497534 -0.045788276951077025 
548589.3416927896 28420.760805916583 -0.04753399844819726 
551724.1379310341 -34714.01784928536 -0.047441581503494354 
554858.9341692786 -96506.40636769996 -0.04551459987773494 
557993.7304075231 -154566.8947468917 -0.04182756989857143 
561128.5266457676 -206650.28546245734 -0.03652306891615543 
564263.3228840121 -250742.51519592636 -0.02980622184084119 
567398.1191222566 -285138.5386091268 -0.021936768968418036 
570532.9153605012 -308508.2624015645 -0.013219021829856365 
573667.7115987457 -319947.9799825882 -0.003990095472587934 
576802.5078369902 -319015.3177809473 0.005393127769313498 
579937.3040752347 -305746.3418189015 0.01456779890539442 
583072.1003134792 -280654.1630401056 0.023179133649525584 
586206.8965517237 -244709.09532321725 0.030894131918706474 
589341.6927899682 -199301.13347030155 0.03741445493732083 
592476.4890282127 -146186.2021452114 0.042487961989567516 
595611.2852664572 -87418.25431404913 0.04591846069416055 
598746.0815047018 -25269.844939202594 0.047573293758437926 
601880.8777429463 37855.74865994851 0.047388468832301786 
605015.6739811908 99517.46147634386 0.04537113309067598 
608150.4702194353 157330.8367334309 0.04159929685244387 
611285.2664576798 209060.23276459414 0.03621881692351484 
614420.0626959243 252705.27521629006 0.029437756318061826 
617554.8589341688 286578.2114705075 0.021518338467357918 
620689.6551724133 309369.17599312373 0.01276680704674008 
623824.4514106578 320196.8427988897 0.0035215835409187226 
626959.2476489024 318642.50630357716 -0.005859819505736094 
630094.0438871469 304766.27265766455 -0.015014623489672111 
633228.8401253914 279104.7354431134 -0.02358881238699926 
636363.6363636359 242650.22561398195 -0.031250822543614096 
639498.4326018804 196812.43808511808 -0.0377043642327885 
642633.2288401249 143363.91886770405 -0.04269987917093501 
645768.0250783694 84371.52076267014 -0.04604419092972272 
648902.8213166139 22116.478218457567 -0.04760797506336641 
652037.6175548584 -40993.80794376126 -0.04733076008146761 
655172.413793103 -102518.86465510068 -0.04522326587992212 
658307.2100313475 -160079.51962691447 -0.04136698920283409 
661442.006269592 -211449.90387922505 -0.03591105216561293 
664576.8025078365 -254643.52603432196 -0.029066435706780178 
667711.598746081 -287990.08988492645 -0.021097820960750132 
670846.3949843255 -310200.08470360946 -0.012313354045479152 
673981.19122257 -320414.6505879503 -0.0030527300603702505 
677115.9874608145 -318238.79054986633 0.0063259429140866035 
680250.783699059 -303756.64503852214 0.015459991846157602 
683385.5799373036 -277528.2382314227 0.023996203309250168 
686520.3761755481 -240567.82191452943 0.03160448223562154 
689655.1724137926 -194304.6543929656 0.037990616683772245 
692789.9686520371 -140527.73111079412 0.042907655006312787 
695924.7648902816 -81316.60424529787 0.04616545546352748 
699059.5611285261 -18960.96648020419 0.04763803899933669 
702194.3573667706 44127.89134882637 0.047268460848007815 
705329.1536050151 105510.32480597854 0.045071012586714976 
708463.9498432596 162812.6768400101 0.04113066948063391 
711598.7460815042 213819.06703860062 0.0355998044917226 
714733.5423197487 256557.07966431114 0.028692296020379718 
717868.3385579932 289374.0369181117 0.020675257233452187 
721003.1347962377 311000.9079454314 0.011858706805255786 
724137.9310344822 320601.382225181 0.0025835805037756183 
727272.7272727267 317804.2096751154 -0.006791452786314177 
730407.5235109712 302717.5568825308 -0.01590386077977642 
733542.3197492157 275924.82430524315 -0.024401266904532645 
736677.1159874602 238462.0861915705 -0.03195507669423008 
739811.9122257048 191778.0256170125 -0.03827318452741985 
742946.7084639493 137677.9139486718 -0.04311126934408369 
746081.5047021938 78253.80105003635 -0.04628224253445517 
749216.3009404383 15803.615769006214 -0.04766348265052872 
752351.0971786828 -47257.694908857666 -0.04720157717415678 
755485.8934169273 -108491.5517953359 -0.04491438797769021 
758620.6896551718 -165530.043291179 -0.040890360605854784 
761755.4858934163 -216167.49246398377 -0.035285104088915116 
764890.2821316608 -258445.75051585736 -0.028315373545658273 
768025.0783699054 -290729.91834477684 -0.020250688268778932 
771159.8746081499 -311781.0112260895 -0.0114033422748508 
774294.6708463944 -320451.6231046797 -0.002100181691670946 
777429.4670846389 -313940.6145342934 0.007412069336848651 
780564.2633228834 -285442.5833797744 0.017089057527608167 
783699.0595611279 -227057.72679920393 0.02696919701335777 
786833.8557993724 -141985.34095234142 0.03662726431039136 
789968.6520376169 -54892.18002065996 0.044709908802571266 
793103.4482758614 -471.2286370459042 0.04946870373448076 
796238.244514106 8673.708167094275 0.05023836037849765 
799373.0407523505 1354.02093083816 0.04832597457091877 
802507.836990595 24882.926806222968 0.045961254059975296 
805642.6332288395 96935.49867625779 0.04408753369284272 
808777.429467084 183613.01027067547 0.04135114597242692 
811912.2257053285 231177.61608509158 0.03554832594842611 
815047.021943573 220399.46509792813 0.026106326204181032 
818181.8181818175 185912.04483971425 0.014958684200490988 
821316.614420062 179231.14613134429 0.0048367152239658295 
824451.4106583066 214062.98727722376 -0.003251744756432742 
827586.2068965511 251602.18642872415 -0.010710924730159525 
830721.0031347956 241408.59981137927 -0.01949790005191185 
833855.7993730401 174863.548327903 -0.029686007854379602 
836990.5956112846 94956.80158052107 -0.03902867499174538 
840125.3918495291 52105.646080421866 -0.04499524518573896 
843260.1880877736 52448.837010046744 -0.04714956029011612 
846394.9843260181 52927.145286635496 -0.04738144184094893 
849529.7805642626 8231.69691927336 -0.04775793093466117 
852664.5768025072 -79832.55277605829 -0.04826095833324829 
855799.3730407517 -162528.45986262104 -0.04679316983522683 
858934.1692789962 -193755.84449005732 -0.04144477945370891 
862068.9655172407 -176931.93384645635 -0.03263459912833258 
865203.7617554852 -159964.74086518926 -0.022869491571331557 
868338.5579937297 -183693.4403110045 -0.014368973060770953 
871473.3542319742 -238073.11739271207 -0.007043382517913407 
874608.1504702187 -272192.03310558945 0.0010612876825906363 
877742.9467084632 -247576.25993348064 0.011334710259844392 
880877.7429467078 -178726.70572894282 0.022758556123928072 
884012.5391849523 -118280.44089679283 0.03260034066783874 
887147.3354231968 -102416.1111491097 0.03892827912504567 
890282.1316614413 -113891.80955175863 0.04231612031615141 
893416.9278996858 -101517.32909541434 0.0449589580432222 
896551.7241379303 -35501.66331114236 0.04814208015455941 
899686.5203761748 59589.450686665725 0.050733373514808264 
902821.3166144193 128959.84865347629 0.050289454442131516 
905956.1128526638 143458.89666352893 0.0456142525495849 
909090.9090909084 128515.26369733718 0.03807985033700066 
912225.7053291529 135797.04166945248 0.03031946255734725 
915360.5015673974 187489.76319943642 0.023663024842204203 
918495.2978056419 251840.57371268314 0.01700409040209121 
921630.0940438864 275699.84430837457 0.00827796652243688 
924764.8902821309 239846.53796452636 -0.0030166648596257426 
927899.6865203754 178944.61034922165 -0.014917675284912882 
931034.4827586199 145185.21013109863 -0.024680480729195146 
934169.2789968645 153868.74979659356 -0.031286057656699895 
937304.075235109 168126.36838630895 -0.0361535613955998 
940438.8714733535 138784.5523249191 -0.04132349552008957 
943573.667711598 57387.21730093635 -0.047035556145882576 
946708.4639498425 -33422.38128590674 -0.0512584684952223 
949843.260188087 -83102.83945460428 -0.05167319358798328 
952978.0564263315 -84612.51450035756 -0.04802898190450414 
956112.852664576 -80035.59188921077 -0.042398474359055194 
959247.6489028205 -114621.27746219614 -0.03706541045163321 
962382.445141065 -187651.55258408765 -0.03226441191566893 
965517.2413793096 -251848.53065615604 -0.026143471752477505 
968652.0376175541 -261964.19745527703 -0.01697901240071118 
971786.8338557986 -221484.59140100703 -0.005303145793513089 
974921.6300940431 -178386.99560186025 0.00630520491075595 
978056.4263322876 -174466.4972880449 0.015557745696627661 
981191.2225705321 -201540.56778638944 0.02247869882328467 
984326.0188087766 -210559.91178319804 0.029000749538809448 
987460.8150470211 -163993.18732574012 0.03657605048453055 
990595.6112852657 -76359.19870972878 0.0443288396652152 
993730.4075235102 -208.4880870893976 0.049701125552190945 
996865.2037617547 25974.957523831836 0.05100170012456528 
999999.9999999992 61173.46245968212 0.04698782608226263 
