#x u 
0.0 -321031.65858001844 -0.03795215242782859 
3134.796238244514 -375158.23497881816 -0.031371781227937594 
6269.592476489028 -506712.6739681319 -0.02779236562501455 
9404.38871473354 -616937.4791742808 -0.023058688402047556 
12539.184952978056 -704147.5309844813 -0.017471936951133596 
15673.98119122257 -763942.4251197438 -0.011201029898205882 
18808.777429467085 -793240.3331423902 -0.004453188124042807 
21943.5736677116 -791142.0933310083 0.002499933183860796 
25078.369905956115 -758721.0312316052 0.009343977443532074 
28213.16614420063 -697937.8889427707 0.015781877581498183 
31347.962382445145 -610821.9747206022 0.021579402293691808 
34482.75862068966 -499731.0207966146 0.02655870506355687 
37617.55485893417 -368323.2951937127 0.030556462410967457 
40752.35109717868 -222086.14129662322 0.033399478393637355 
43887.14733542319 -67696.47537311049 0.034930970885469245 
47021.943573667704 88312.06752150998 0.03506589698233202 
50156.739811912215 240393.67491182004 0.0338213713420599 
53291.53605015673 383692.12958268984 0.03129249436047147 
56426.33228840124 513151.1188247879 0.027599270661146785 
59561.12852664575 623200.4821236685 0.02285862490782337 
62695.92476489026 708565.2176875859 0.017207131010539594 
65830.72100313478 765540.8275665492 0.010844911352321938 
68965.51724137929 792559.1803932774 0.004047291687116142 
72100.3134796238 789580.2026735966 -0.0028766508988272484 
75235.10971786831 757038.5368249904 -0.009644702372713516 
78369.90595611282 695495.7027584269 -0.01602780629406145 
81504.70219435733 606356.0329890844 -0.021824753550534856 
84639.49843260185 492836.38147924567 -0.026821916000675954 
87774.29467084636 360070.2238587685 -0.030789858652379563 
90909.09090909087 214106.08060403957 -0.033529346838943416 
94043.88714733538 60701.050745311 -0.03492668512476056 
97178.68338557989 -94997.91689943813 -0.03496724300352853 
100313.4796238244 -247763.45221445776 -0.03369747862641407 
103448.27586206891 -391578.6805052045 -0.031176183371776967 
106583.07210031342 -519961.3944869174 -0.027463156670669 
109717.86833855794 -627280.9126412929 -0.022652082392353605 
112852.66457680245 -709904.7421780785 -0.01690887817733316 
115987.46081504696 -766057.6323201908 -0.01047433971734301 
119122.25705329147 -794507.8049474272 -0.003630062796519678 
122257.05329153598 -793401.2035629976 0.003336549742178041 
125391.84952978049 -760517.0925762728 0.01013934383489811 
128526.645768025 -694922.1780869768 0.016484857586433886 
131661.44200626953 -598695.0838106598 0.02208678275871695 
134796.23824451404 -477313.012334498 0.026719464973213276 
137931.03448275855 -338454.9838219527 0.030275638142234787 
141065.83072100306 -190217.31106641615 0.032770648900265445 
144200.62695924757 -39920.6608796115 0.03427216163575535 
147335.42319749208 106181.49572509152 0.034801091128422126 
150470.2194357366 242870.25768454574 0.03428164743073353 
153605.0156739811 366175.7047186848 0.03258116327669471 
156739.81191222562 473673.0265386754 0.02960590001026884 
159874.60815047013 564210.3993084617 0.025376163096839773 
163009.40438871464 636848.6340822966 0.020030896106421888 
166144.20062695915 689714.1279693613 0.013778952301637845 
169278.99686520366 719819.0687996382 0.0068552833036293285 
172413.79310344817 724168.5588271111 -0.0004809101778159297 
175548.58934169268 701303.6814952346 -0.007924405317386456 
178683.3855799372 652006.1714164701 -0.015125954000680024 
181818.1818181817 578685.7585387371 -0.021738772973684317 
184952.97805642622 484213.08549666265 -0.027478806356633186 
188087.77429467073 371404.2566664638 -0.03214862154010707 
191222.57053291524 243575.42884071876 -0.035609263534710035 
194357.36677115975 105401.1297392396 -0.03773666366474669 
197492.16300940426 -37037.15250302567 -0.03841380021213867 
200626.95924764877 -177284.50479939897 -0.037570800861906166 
203761.75548589329 -309765.51145944913 -0.035233215783892644 
206896.5517241378 -430161.6652002965 -0.03152829843929744 
210031.3479623823 -534732.6782500668 -0.026641275242309557 
213166.14420062682 -619498.9054624793 -0.02076406540484099 
216300.94043887133 -680328.4645982309 -0.014084796134155314 
219435.73667711584 -713995.3646448824 -0.006821705538859264 
222570.53291536035 -719222.7271508903 0.0007431960191027305 
225705.32915360486 -696705.2411161781 0.008276265307376669 
228840.12539184937 -648138.9378262301 0.015448369747895077 
231974.9216300939 -575288.1102012574 0.021987378971009178 
235109.7178683384 -480037.32738431194 0.027683176572893608 
238244.5141065829 -365299.4531477592 0.03235082333083205 
241379.31034482742 -235712.83250308814 0.035800588170695466 
244514.10658307193 -97249.50507636006 0.03785502200160802 
247648.90282131644 44026.3975086164 0.038402146207723815 
250783.69905956095 182939.08416855568 0.03743397471878938 
253918.49529780546 315098.50336512364 0.03503294551928047 
257053.29153604998 436037.65380735917 0.03132140749974435 
260188.0877742945 540708.9972782257 0.02642588798261779 
263322.884012539 624070.1628740645 0.020490100282970963 
266457.6802507835 682325.0412067128 0.013717337432497857 
269592.476489028 713672.1438602386 0.006390185169927577 
272727.27272727253 717899.2252401424 -0.0011621804715330095 
275862.06896551704 695339.9560815283 -0.008624922321470215 
278996.86520376155 646338.777142779 -0.015733655261238592 
282131.66144200607 571793.249552384 -0.0222591993462693 
285266.4576802506 474168.0576298017 -0.027968371638156478 
288401.2539184951 357838.69435495633 -0.03261288086153907 
291536.0501567396 228290.4841934555 -0.03596788804138289 
294670.8463949841 90868.78829485273 -0.037888265795301475 
297805.6426332286 -49780.17936619118 -0.038330367236331084 
300940.43887147313 -189186.24493075497 -0.037321500141515584 
304075.23510971764 -322209.6007639853 -0.03491218361409862 
307210.03134796215 -442976.18130904576 -0.03116212175384745 
310344.82758620667 -545872.9343138519 -0.02617310383376212 
313479.6238244512 -626756.3295125451 -0.02013051402186353 
316614.4200626957 -683284.9915180132 -0.01330406512767975 
319749.2163009402 -714182.9283525527 -0.005999446696007582 
322884.0125391847 -718332.2177813593 0.001497346946697677 
326018.8087774292 -694735.9747267648 0.008934755140729916 
329153.60501567373 -643436.7991338552 0.0160650461973638 
332288.40125391824 -566429.5650742219 0.02261198148908357 
335423.19749216276 -467571.9635345666 0.028282062103699605 
338557.99373040727 -351509.84483959834 0.03281830037378414 
341692.7899686518 -222632.4248406579 0.036049813583300394 
344827.5862068963 -85007.15933018184 0.03789363712972814 
347962.3824451408 56813.82735831738 0.0383137581665049 
351097.1786833853 197160.60830621285 0.03728541795463372 
354231.9749216298 329660.59413506207 0.03480504816900649 
357366.77115987433 448479.2835340757 0.030935986375884995 
360501.56739811884 549292.8491362615 0.02584026598801667 
363636.36363636336 629169.9006666014 0.01975926655570863 
366771.15987460787 685667.7679767695 0.012957759277842642 
369905.9561128524 716247.9159731928 0.005682542516656542 
373040.7523510969 718746.6816323732 -0.0018300240380050704 
376175.5485893414 692490.7510440068 -0.009315863647122292 
379310.3448275859 638929.1366711131 -0.01646561944041603 
382445.1410658304 561120.5392226678 -0.0229575469666174 
385579.93730407493 462576.64044617827 -0.028517555190793693 
388714.73354231945 346598.0655755199 -0.032954018949791414 
391849.52978056396 216683.63411955 -0.03614057946414416 
394984.32601880847 77431.95654620137 -0.03797350167619595 
398119.122257053 -65189.83039924725 -0.03835521622820155 
401253.9184952975 -204689.60643165564 -0.037226181537678725 
404388.714733542 -335328.56080227986 -0.034614272750579295 
407523.5109717865 -452704.6680678801 -0.030650276720294738 
410658.307210031 -553239.1716422272 -0.025531493274810836 
413793.10344827553 -633305.413362996 -0.01946782966339471 
416927.89968652005 -689095.1844135269 -0.012661128869125907 
420062.69592476456 -717515.1756774932 -0.0053317053759533726 
423197.49216300907 -717290.6007294346 0.0022450698431535033 
426332.2884012536 -689198.7548849088 0.00974097171305545 
429467.0846394981 -635230.3317823947 0.016824679062500337 
432601.8808777426 -557561.6519243437 0.023218168920534618 
435736.6771159871 -458377.12821529777 0.02871174781032878 
438871.4733542316 -340646.3993529453 0.03313266659526601 
442006.26959247614 -208919.6906851236 0.0363100793357977 
445141.06583072065 -69153.80307454112 0.03808156069910678 
448275.86206896516 72425.95915904212 0.0383409948884937 
451410.65830720967 210429.07472659036 0.037082216658973405 
454545.4545454542 340418.9465682736 0.03439515595452017 
457680.2507836987 458137.83221672825 0.030418968827614547 
460815.0470219432 558863.2389869431 0.025299607862831967 
463949.8432601877 637770.2199585892 0.019192414194037256 
467084.6394984322 691095.9991629217 0.012300941808634187 
470219.43573667674 717033.2064073243 0.004903360289246952 
473354.23197492125 715531.3188263597 -0.0026706071069857243 
476489.02821316576 687296.8867886643 -0.010098350763280757 
479623.82445141027 633084.7400022781 -0.017108087117705898 
482758.6206896548 554023.7323676301 -0.02347309915414006 
485893.4169278993 452590.60196752695 -0.02897386307254997 
489028.2131661438 333124.20800879574 -0.03337857568980929 
492163.0094043883 201219.2887861558 -0.0364722162018422 
495297.8056426328 62484.82121810035 -0.038111858090452345 
498432.60188087734 -78206.7994050983 -0.03825666982484973 
501567.39811912185 -216389.80063631115 -0.036945732721986826 
504702.19435736636 -347152.7026970237 -0.034249545019100144 
507836.99059561087 -464874.441051626 -0.030246494355223304 
510971.7868338554 -564035.7953416844 -0.02504705699857532 
514106.5830720999 -640449.5371980073 -0.018836129852153428 
517241.3793103444 -691792.6475504856 -0.011882854081875074 
520376.1755485889 -717031.2085356383 -0.004499728134803508 
523510.9717868334 -715459.9165963514 0.003015335767739646 
526645.768025078 -686445.2946772082 0.010403552638251202 
529780.5642633225 -630180.6475216474 0.017421789362888025 
532915.360501567 -548654.9981677057 0.023807210165300425 
536050.1567398115 -445771.95178007917 0.029278466381061696 
539184.952978056 -326408.62437652797 0.033582793460026454 
542319.7492163006 -195282.2911737847 0.03654909072676221 
545454.5454545451 -56661.82411148715 0.03809940331068286 
548589.3416927896 84953.92083978301 0.03821327416509318 
551724.1379310341 224104.3156620258 0.03688701722313012 
554858.9341692786 354562.2568032077 0.03413313268451223 
557993.7304075231 470465.05745939957 0.030020623351377004 
561128.5266457676 567400.9046951192 0.024711735147803546 
564263.3228840121 642505.1129347543 0.018452274984499972 
567398.1191222566 693641.2560803462 0.011519492589961516 
570532.9153605012 718676.6887054698 0.004174363901073769 
573667.7115987457 715728.8141107258 -0.0033409927086940332 
576802.5078369902 684199.7179938927 -0.010768590869949054 
579937.3040752347 625547.5162647996 -0.017810255542400743 
583072.1003134792 542978.1922992149 -0.024150694341214956 
586206.8965517237 440335.2027191117 -0.02951490508608767 
589341.6927899682 321267.2332874145 -0.03371014561117701 
592476.4890282127 189424.70538239024 -0.03661791223467507 
595611.2852664572 49321.83827590497 -0.038152536786865754 
598746.0815047018 -93224.12934410316 -0.0382363648292398 
601880.8777429463 -231738.49336702685 -0.03682203796741274 
605015.6739811908 -360351.5941783326 -0.03394071908761256 
608150.4702194353 -474565.08627787867 -0.02972560711798912 
611285.2664576798 -570925.754825506 -0.02438386120793682 
614420.0626959243 -646145.9579587728 -0.018142151990879915 
617554.8589341688 -696770.0373474626 -0.011216777766516651 
620689.6551724133 -719883.5319279357 -0.003831683691312409 
623824.4514106578 -714231.9933221177 0.003744080228997924 
626959.2476489024 -680648.2029336612 0.011189404200011938 
630094.0438871469 -621373.6020197747 0.01817316390713537 
633228.8401253914 -538980.3511464369 0.0244124623752859 
636363.6363636359 -435977.96955759014 0.02969704107742973 
639498.4326018804 -315428.2298478652 0.03386477701996092 
642633.2288401249 -181795.4377134749 0.03676355001830246 
645768.0250783694 -40980.75311468856 0.03824763879958517 
648902.8213166139 100677.80220476491 0.03821873335852299 
652037.6175548584 237588.9851675283 0.036672757569643964 
655172.413793103 365243.1193068441 0.033705462006751404 
658307.2100313475 479561.00351335225 0.029470883129664505 
661442.006269592 576150.5261369223 0.024134081016985526 
664576.8025078365 650447.0601220723 0.017863406681498408 
667711.598746081 698762.563464562 0.0108639893200865 
670846.3949843255 719284.9199630271 0.0034090742657817224 
673981.19122257 712088.2882994633 -0.004173281078661089 
677115.9874608145 678217.4766269705 -0.011554731949390265 
680250.783699059 618841.8408291434 -0.018456274716730236 
683385.5799373036 535358.3113342249 -0.024652240698768587 
686520.3761755481 430283.0675143358 -0.029935674315857485 
689655.1724137926 307902.7034386271 -0.03409202806187585 
692789.9686520371 173873.04425151536 -0.03691825022053986 
695924.7648902816 34029.28431013349 -0.038275152235445885 
699059.5611285261 -106525.1471207091 -0.03812421231614216 
702194.3573667706 -243295.36411742028 -0.03651437081867503 
705329.1536050151 -371579.894715714 -0.033534806664202305 
708463.9498432596 -486035.2188190008 -0.02928319463599914 
711598.7460815042 -581285.4349782873 -0.02388040241468845 
714733.5423197487 -653129.1021857796 -0.017511606492319233 
717868.3385579932 -699246.0624005111 -0.010444083302404403 
721003.1347962377 -718804.9950918723 -0.0029947722585393476 
724137.9310344822 -711494.4474363392 0.004527869208913684 
727272.7272727267 -677067.5545426537 0.011857214746867493 
730407.5235109712 -615908.9424848296 0.018753231546055137 
733542.3197492157 -530015.2839983127 0.02496613419302881 
736677.1159874602 -423304.87938091863 0.030228314191150497 
739811.9122257048 -300838.11132060183 0.03429347559401655 
742946.7084639493 -167639.8066842235 0.0369911697720762 
746081.5047021938 -28201.5298056615 0.038247293675715256 
749216.3009404383 112998.48114633936 0.03805516120335146 
752351.0971786828 250707.67632654874 0.036431720352244595 
755485.8934169273 378884.5133058027 0.03340691452660647 
758620.6896551718 491685.7379091368 0.029057070438293475 
761755.4858934163 584624.5269469013 0.02354467576153764 
764890.2821316608 654874.6612577863 0.017118085249743745 
768025.0783699054 700572.1612065263 0.010064895826003463 
771159.8746081499 719991.0543852346 0.0026597402979043143 
774294.6708463944 711567.4237188344 -0.004848289736707163 
777429.4670846389 674815.0978042706 -0.012206075203108202 
780564.2633228834 611197.9427022241 -0.019127135545007085 
783699.0595611279 524027.82468527526 -0.025304789309100142 
786833.8557993724 417440.56706489634 -0.030465082891938944 
789968.6520376169 295431.94627525675 -0.034414241138876825 
793103.4482758614 161836.19193417954 -0.037040063444269695 
796238.244514106 21107.351272047166 -0.03827365023756443 
799373.0407523505 -121104.45980879631 -0.03805775829627521 
802507.836990595 -258390.75393071712 -0.03635906230716786 
805642.6332288395 -384787.71210766776 -0.03321322884395671 
808777.429467084 -495691.4144554881 -0.028754918107331075 
811912.2257053285 -587724.5662182161 -0.023198306993712087 
815047.021943573 -657873.0934417645 -0.016783243986723567 
818181.8181818175 -702939.5374396701 -0.009735576490174239 
821316.614420062 -719973.2638160016 -0.0022724694834476895 
824451.4106583066 -707252.2937719243 0.005366217455814887 
827586.2068965511 -664774.8216648087 0.012907727750293502 
830721.0031347956 -593759.0623561818 0.02007988437353181 
833855.7993730401 -495815.8011237222 0.02665738402000518 
836990.5956112846 -373013.4141861183 0.03246467399764028 
840125.3918495291 -229314.11375660857 0.03731324035067619 
843260.1880877736 -72404.60129400232 0.04091796151221107 
846394.9843260181 85896.49515431604 0.04287583293219359 
849529.7805642626 231839.58032554752 0.04276148919213487 
852664.5768025072 353989.97746367904 0.04031390286493749 
855799.3730407517 447326.45683325327 0.035614077203703506 
858934.1692789962 514638.26527433406 0.029137050057827192 
862068.9655172407 563906.453153521 0.02161843421500688 
865203.7617554852 602627.739947446 0.013779936937953532 
868338.5579937297 632164.3035146547 0.00605574701267043 
871473.3542319742 645813.5047674455 -0.0015103202329922144 
874608.1504702187 632501.8561383641 -0.009109074871130034 
877742.9467084632 584324.5021399808 -0.01683260934596832 
880877.7429467078 502868.4352309189 -0.024394907123721037 
884012.5391849523 399282.77732427797 -0.031136868386299074 
887147.3354231968 287363.87553104653 -0.03634899858809576 
890282.1316614413 174754.5142483506 -0.039677798072431804 
893416.9278996858 59664.87513591514 -0.04127618846446532 
896551.7241379303 -63628.517777573405 -0.04154871258560594 
899686.5203761748 -195089.26279060944 -0.04070170628481814 
902821.3166144193 -324107.6828598791 -0.03851461970760685 
905956.1128526638 -434810.93446103134 -0.03457314315470903 
909090.9090909084 -517236.2334421672 -0.02876924838934595 
912225.7053291529 -573808.8157180221 -0.02158464160675175 
915360.5015673974 -614317.3209201429 -0.013846117715282876 
918495.2978056419 -643700.5618858237 -0.006151112271241451 
921630.0940438864 -654739.7943423073 0.0014816168199261888 
924764.8902821309 -633712.5568389224 0.00936635104240785 
927899.6865203754 -574221.768436189 0.017528687278366234 
931034.4827586199 -485406.4507273685 0.025339526252353015 
934169.2789968645 -385442.74880829884 0.031821098891718934 
937304.075235109 -285947.78044405655 0.036367450715474946 
940438.8714733535 -182909.6973900108 0.03916302759760278 
943573.667711598 -64053.888253082114 0.04084500443441755 
946708.4639498425 74114.35278215591 0.041719205705776224 
949843.260188087 217115.9460503299 0.04133304721718882 
952978.0564263315 341614.26474706206 0.03888524035716324 
956112.852664576 434596.4559678667 0.034094640863481254 
959247.6489028205 503124.65596495883 0.027635028352042887 
962382.445141065 563895.0811642712 0.020642981692081522 
965517.2413793096 622607.9271345483 0.01375788537642059 
968652.0376175541 664584.1277345899 0.006677201958299032 
971786.8338557986 667361.5682246195 -0.0012804663481776907 
974921.6300940431 623207.0610887089 -0.010156945323066111 
978056.4263322876 548196.9227553052 -0.018950345759483633 
981191.2225705321 467477.9148325883 -0.026300915461158352 
984326.0188087766 391080.67130978964 -0.03160770470487219 
987460.8150470211 305444.97182489274 -0.035422482986795456 
990595.6112852657 190354.84358585952 -0.03867634899946713 
993730.4075235102 44301.41552828574 -0.04151015721306962 
996865.2037617547 -105640.45985534188 -0.04307136761257191 
999999.9999999992 -321031.6588898171 -0.037952152442029055 
