#x u 
0.0 -148770.66739262472 0.0006534872309162405 
3134.796238244514 -312085.6531924256 0.0027036688627377556 
6269.592476489028 -510383.97503959725 0.002492557464041093 
9404.38871473354 -688790.0675471632 0.0021921965168015586 
12539.184952978056 -840604.9153091437 0.0018050425117889556 
15673.98119122257 -959911.1231529722 0.0013482188844550066 
18808.777429467085 -1042097.0360566623 0.0008392273055968279 
21943.5736677116 -1083979.3250912372 0.000297518906048787 
25078.369905956115 -1083936.0125200422 -0.0002560681295265461 
28213.16614420063 -1042035.4473616651 -0.0007970704163116462 
31347.962382445145 -960079.160195669 -0.0012962599251415382 
34482.75862068966 -840906.4036604591 -0.0017494592217070816 
37617.55485893417 -686934.3078122287 -0.0022395862678632203 
40752.35109717868 -502816.4937864884 -0.002807298711971431 
43887.14733542319 -306210.51937404455 -0.002947617687190621 
47021.943573667704 -125187.57657175243 -0.0017168901138597233 
50156.739811912215 39750.27273492975 0.0005394341135418756 
53291.53605015673 223768.84742409398 0.001829822274096813 
56426.33228840124 428152.73266048764 0.001719311672982551 
59561.12852664575 615979.963237742 0.001542315335705595 
62695.92476489026 779987.2652000276 0.0013056777058690645 
65830.72100313478 913832.4805905481 0.0010185495542557148 
68965.51724137929 1012339.8185291926 0.0006920341187676661 
72100.3134796238 1071700.0029066931 0.0003387577425153403 
75235.10971786831 1089617.5769893408 -2.761838653098401e-05 
78369.90595611282 1065399.668669156 -0.0003929265133128042 
81504.70219435733 999982.783809671 -0.0007430401823904477 
84639.49843260185 895896.5915893706 -0.0010644205075950718 
87774.29467084636 757166.1022625815 -0.001344639720392807 
90909.09090909087 589156.020121167 -0.0015728617513597245 
94043.88714733538 398363.29052381724 -0.0017402612606951511 
97178.68338557989 192165.86319372838 -0.0018403649138743535 
100313.4796238244 -21462.61289880484 -0.001869301705320639 
103448.27586206891 -234261.1303276615 -0.0018259526500869032 
106583.07210031342 -438000.7761459282 -0.0017119940549734005 
109717.86833855794 -624802.9437282836 -0.0015318326957888357 
112852.66457680245 -787443.998277347 -0.0012924354074484471 
115987.46081504696 -919634.6145870537 -0.0010030596766550624 
119122.25705329147 -1016262.9850792564 -0.0006748956551372622 
122257.05329153598 -1073592.4932653161 -0.0003206334367829198 
125391.84952978049 -1089406.2086052436 4.6027667950079685e-05 
128526.645768025 -1063092.6151520682 0.00041090888400112033 
131661.44200626953 -995669.258857063 0.0007599002645570178 
134796.23824451404 -889743.399095171 0.0010795063223158546 
137931.03448275855 -749411.1860150833 0.0013573678996182332 
141065.83072100306 -580099.2625231356 0.0015827400967413797 
144200.62695924757 -388354.9161480363 0.0017469077768827463 
147335.42319749208 -181592.89560818794 0.0018435225802656482 
150470.2194357366 32191.317321874358 0.0018688484150412073 
153605.0156739811 244730.69287671027 0.0018219059318596385 
156739.81191222562 447806.3391187065 0.0017045103952833245 
159874.60815047013 633565.3262683013 0.001521201487554958 
163009.40438871464 794824.3592873983 0.0012790677592072822 
166144.20062695915 925347.5557053344 0.0009874725150046436 
169278.99686520366 1020087.5870263412 0.0006576917351994809 
172413.79310344817 1075380.8587867534 0.00030247803367921644 
175548.58934169268 1089089.181654408 -6.443248526994739e-05 
178683.3855799372 1060682.4551526234 -0.00042885140174625004 
181818.1818181817 991259.1666313795 -0.0007766866460486702 
184952.97805642622 883503.91279103 -0.0010944874386331497 
188087.77429467073 741583.5864000897 -0.0013699644313959819 
191222.57053291524 570986.2426639198 -0.0015924649364344864 
194357.36677115975 378308.8762775092 -0.001753384865201756 
197492.16300940426 171002.31581800932 -0.0018465014483794503 
200626.95924764877 -42916.89959599502 -0.001868213870199937 
203761.75548589329 -255176.51965663856 -0.0018176825118952425 
206896.5517241378 -457568.47056374623 -0.0016968614197322394 
210031.3479623823 -642266.2610179716 -0.0015104227420960669 
213166.14420062682 -802127.6324288948 -0.0012655760576376655 
216300.94043887133 -930970.7498626581 -0.0009717895810612345 
219435.73667711584 -1023813.2534326325 -0.0006404240275161297 
222570.53291536035 -1077064.9260222623 -0.0002842932940477021 
225705.32915360486 -1088666.5268844215 8.283105345700012e-05 
228840.12539184937 -1058169.4224257318 0.00044675232635184867 
231974.9216300939 -986752.9348555581 0.0007933976987996231 
235109.7178683384 -877178.7378278791 0.0011093624035689378 
238244.5141065829 -733684.0625953517 0.0013824280940225378 
241379.31034482742 -561817.8443907098 0.0016020353272531663 
244514.10658307193 -368226.14525051875 0.0017596918974569446 
247648.90282131644 -160395.15097493157 0.001849301229303409 
250783.69905956095 53638.319475899756 0.0018673981323396108 
253918.49529780546 265597.5975549092 0.0018132827998118013 
257053.29153604998 467286.22367827524 0.0016890478701736388 
260188.0877742945 650904.9040971275 0.001499497504813675 
263322.884012539 809353.1093770945 0.0012519616112633821 
266457.6802507835 936503.6516806043 0.0009560123958701977 
269592.476489028 1027439.6229558031 0.0006230942068354665 
272727.27272727253 1078644.531638708 0.00026608098157720637 
275862.06896551704 1088138.2852874289 -0.00010122158808385882 
278996.86520376155 1055553.7607036529 -0.0004646099216555413 
282131.66144200607 982151.0005768507 -0.0008100318020499864 
285266.4576802506 870768.4876673575 -0.0011241297744405349 
288401.2539184951 725713.380754355 -0.0013947576786808458 
291536.0501567396 552594.9569217011 -0.0016114503409909659 
294670.8463949841 358107.7009639248 -0.001765828261946165 
297805.6426332286 149772.42983923404 -0.0018519216514942885 
300940.43887147313 -64354.53712002444 -0.0018664012805764997 
304075.23510971764 -275992.915859317 -0.0018087072223255639 
307210.03134796215 -476958.6559636598 -0.001681070504422658 
310344.82758620667 -659480.4176670995 -0.0014884268353169668 
313479.6238244512 -816500.0893524955 -0.0012382257405126875 
316614.4200626957 -941945.7245379654 -0.000940142489618147 
319749.2163009402 -1030966.3438840653 -0.0006057039539301206 
322884.0125391847 -1080119.522434407 -0.0002478428626307334 
326018.8087774292 -1087504.5080961569 0.00011960230550220482 
329153.60501567373 -1052835.7236723546 0.0004824224556974105 
332288.40125391824 -977453.8101244394 0.000826587342502961 
335423.19749216276 -864273.7840223225 0.0011387881190004674 
338557.99373040727 -717672.3139320102 0.001406951989557717 
341692.7899686518 -543318.4747598448 0.0016207090645111426 
344827.5862068963 -347954.5247783153 0.0017717933635201313 
347962.3824451408 -139135.18267995544 0.001854362460804523 
351097.1786833853 75064.51319135327 0.0018652234115925995 
354231.9749216298 286361.46635600453 0.0018039562232094377 
357366.77115987433 486584.8293168056 0.0016729300961823394 
360501.56739811884 667991.9700119814 0.0014772118073202263 
363636.36363636336 823567.8791888092 0.0012243697775906554 
366771.15987460787 947296.4406227897 0.000924181401484479 
369905.9561128524 1034393.0741702782 0.0005882549554336986 
373040.7523510969 1081489.7553539844 0.0002295807060742072 
376175.5485893414 1086765.2567789438 -0.00013797142301584726 
379310.3448275859 1050015.574946909 -0.0005001882008878523 
382445.1410658304 972661.8190661424 -0.0008430627144813772 
385579.93730407493 857695.2567965429 -0.0011533360155755092 
388714.73354231945 709561.6420096759 -0.0014190098439600379 
391849.52978056396 533989.2976061002 -0.0016298105998352255 
394984.32601880847 337767.60142283863 -0.0017775866236396688 
398119.122257053 128484.44117498066 -0.0018566234205064733 
401253.9184952975 -85767.20895822336 -0.001863864639626081 
404388.714733542 -296702.24342725653 -0.0017990302632498525 
407523.5109717865 -496163.8101211526 -0.0016646274349689377 
410658.307210031 -676438.7356192936 -0.0014658535085389076 
413793.10344827553 -830555.7934001815 -0.0012103950663498548 
416927.89968652005 -952555.2809835703 -0.0009081306794920157 
420062.69592476456 -1037719.4814651237 -0.0005707489036774413 
423197.49216300907 -1082755.0975022486 -0.000211296283104842 
426332.2884012536 -1085920.6030337787 0.00015632715905370342 
429467.0846394981 -1047093.5880459273 0.0005179054341752426 
432601.8808777426 -967775.4921642334 0.0008594563200834768 
435736.6771159871 -851033.5440236136 0.0011677720532044886 
438871.4733542316 -701382.1516195247 0.0014309300724289617 
442006.26959247614 -524608.3302721706 0.0016387540642296798 
445141.06583072065 -327547.91889968317 0.001783207480432012 
448275.86206896516 -117821.23831096625 0.001858704311315752 
451410.65830720967 96461.58639507351 0.0018623250964606916 
454545.4545454542 307014.2441490256 0.001793929820202612 
457680.2507836987 505694.66933721455 0.0016561633260352808 
460815.0470219432 684819.895260045 0.001454353040583672 
463949.8432601877 837463.1542476806 0.0011963029621595966 
467084.6394984322 957721.7355795802 0.0008919918803568759 
470219.43573667674 1040945.2431493402 0.0005531874965260496 
473354.23197492125 1083915.4261570827 0.00019299136707954005 
476489.02821316576 1084970.6287813475 -0.00017466773334248536 
479623.82445141027 1044070.046365029 -0.0005355724372129392 
482758.6206896548 962795.3033303662 -0.0008757665693376925 
485893.4169278993 844289.291805067 -0.0011820948317750818 
489028.2131661438 693134.6360682403 -0.0014427115188537232 
492163.0094043883 515176.4825927452 -0.0016475385902922322 
495297.8056426328 317296.46838826215 -0.0017886553887457302 
498432.60188087734 107146.60828316944 -0.001860604931412619 
501567.39811912185 -107146.60828310814 -0.0018606049314126658 
504702.19435736636 -317296.468388204 -0.0017886553887458394 
507836.99059561087 -515176.48259269254 -0.0016475385902923398 
510971.7868338554 -693134.6360681943 -0.001442711518853829 
514106.5830720999 -844289.2918050294 -0.0011820948317751165 
517241.3793103444 -962795.3033303373 -0.0008757665693377133 
520376.1755485889 -1044070.0463650113 -0.0005355724372130225 
523510.9717868334 -1084970.628781342 -0.00017466773334259464 
526645.768025078 -1083915.426157089 0.00019299136707943564 
529780.5642633225 -1040945.2431493582 0.0005531874965259654 
532915.360501567 -957721.7355796096 0.0008919918803568126 
536050.1567398115 -837463.1542477206 0.0011963029621595341 
539184.952978056 -684819.8952600943 0.0014543530405836252 
542319.7492163006 -505694.669337271 0.0016561633260352704 
545454.5454545451 -307014.24414908554 0.0017939298202026693 
548589.3416927896 -96461.58639513499 0.0018623250964608148 
551724.1379310341 117821.23831090493 0.0018587043113159028 
554858.9341692786 327547.9188996238 0.0017832074804321543 
557993.7304075231 524608.3302721154 0.0016387540642297908 
561128.5266457676 701382.1516194761 0.0014309300724290519 
564263.3228840121 851033.5440235744 0.001167772053204551 
567398.1191222566 967775.4921642048 0.0008594563200835679 
570532.9153605012 1047093.5880459102 0.0005179054341753679 
573667.7115987457 1085920.6030337736 0.0001563271590538215 
576802.5078369902 1082755.097502256 -0.0002112962831047583 
579937.3040752347 1037719.481465142 -0.0005707489036773229 
583072.1003134792 952555.2809835994 -0.0009081306794918647 
586206.8965517237 830555.7934002207 -0.0012103950663497056 
589341.6927899682 676438.7356193407 -0.0014658535085388434 
592476.4890282127 496163.81012120633 -0.0016646274349689412 
595611.2852664572 296702.24342731526 -0.0017990302632499029 
598746.0815047018 85767.20895828532 -0.0018638646396260915 
601880.8777429463 -128484.44117491931 -0.0018566234205064387 
605015.6739811908 -337767.60142278095 -0.0017775866236395925 
608150.4702194353 -533989.2976060472 -0.0016298105998351926 
611285.2664576798 -709561.6420096299 -0.0014190098439600847 
614420.0626959243 -857695.2567965059 -0.0011533360155756168 
617554.8589341688 -972661.8190661147 -0.0008430627144815099 
620689.6551724133 -1050015.5749468927 -0.0005001882008879841 
623824.4514106578 -1086765.2567789392 -0.00013797142301594624 
626959.2476489024 -1081489.7553539916 0.00022958070607410116 
630094.0438871469 -1034393.0741702974 0.0005882549554335681 
633228.8401253914 -947296.4406228195 0.0009241814014843914 
636363.6363636359 -823567.8791888485 0.0012243697775906328 
639498.4326018804 -667991.9700120297 0.0014772118073202462 
642633.2288401249 -486584.8293168613 0.0016729300961823082 
645768.0250783694 -286361.46635606425 0.0018039562232093492 
648902.8213166139 -75064.51319141393 0.001865223411592492 
652037.6175548584 139135.18267989514 0.001854362460804445 
655172.413793103 347954.5247782582 0.0017717933635201365 
658307.2100313475 543318.4747597926 0.001620709064511252 
661442.006269592 717672.3139319641 0.001406951989557854 
664576.8025078365 864273.7840222847 0.0011387881190005542 
667711.598746081 977453.8101244121 0.0008265873425030434 
670846.3949843255 1052835.7236723385 0.0004824224556975094 
673981.19122257 1087504.508096153 0.00011960230550230532 
677115.9874608145 1080119.5224344146 -0.0002478428626306495 
680250.783699059 1030966.3438840846 -0.0006057039539300361 
683385.5799373036 941945.7245379962 -0.0009401424896180871 
686520.3761755481 816500.0893525371 -0.0012382257405126077 
689655.1724137926 659480.4176671483 -0.0014884268353168653 
692789.9686520371 476958.65596371325 -0.0016810705044225677 
695924.7648902816 275992.91585937457 -0.0018087072223255639 
699059.5611285261 64354.53712008421 -0.0018664012805765448 
702194.3573667706 -149772.4298391733 -0.0018519216514943562 
705329.1536050151 -358107.7009638661 -0.0017658282619462604 
708463.9498432596 -552594.9569216479 -0.001611450340991044 
711598.7460815042 -725713.3807543091 -0.0013947576786808814 
714733.5423197487 -870768.4876673211 -0.001124129774440593 
717868.3385579932 -982151.0005768251 -0.0008100318020500697 
721003.1347962377 -1055553.7607036382 -0.00046460992165566536 
724137.9310344822 -1088138.2852874259 -0.00010122158808397808 
727272.7272727267 -1078644.5316387163 0.00026608098157712115 
730407.5235109712 -1027439.6229558237 0.0006230942068354006 
733542.3197492157 -936503.6516806355 0.0009560123958700728 
736677.1159874602 -809353.1093771341 0.0012519616112632703 
739811.9122257048 -650904.9040971751 0.00149949750481361 
742946.7084639493 -467286.2236783303 0.0016890478701736319 
746081.5047021938 -265597.59755496925 0.0018132827998118203 
749216.3009404383 -53638.319475961696 0.0018673981323396628 
752351.0971786828 160395.1509748704 0.0018493012293034471 
755485.8934169273 368226.1452504608 0.0017596918974569498 
758620.6896551718 561817.8443906585 0.0016020353272531889 
761755.4858934163 733684.0625953077 0.0013824280940226098 
764890.2821316608 877178.7378278432 0.0011093624035690341 
768025.0783699054 986752.934855532 0.0007933976987997324 
771159.8746081499 1058169.422425717 0.0004467523263519523 
774294.6708463944 1088666.5268844184 8.283105345713797e-05 
777429.4670846389 1077064.9260222716 -0.0002842932940475935 
780564.2633228834 1023813.2534326528 -0.0006404240275160234 
783699.0595611279 930970.7498626892 -0.0009717895810611452 
786833.8557993724 802127.6324289362 -0.0012655760576376126 
789968.6520376169 642266.2610180216 -0.0015104227420960356 
793103.4482758614 457568.4705638014 -0.0016968614197321718 
796238.244514106 255176.51965669723 -0.0018176825118951488 
799373.0407523505 42916.89959605549 -0.0018682138701998502 
802507.836990595 -171002.3158179491 -0.001846501448379445 
805642.6332288395 -378308.8762774526 -0.00175338486520182 
808777.429467084 -570986.242663868 -0.001592464936434581 
811912.2257053285 -741583.586400045 -0.0013699644313960686 
815047.021943573 -883503.9127909942 -0.0010944874386332312 
818181.8181818175 -991259.1666313538 -0.0007766866460487362 
821316.614420062 -1060682.4551526096 -0.0004288514017463385 
824451.4106583066 -1089089.1816544058 -6.443248527002675e-05 
827586.2068965511 -1075380.8587867634 0.0003024780336790952 
830721.0031347956 -1020087.5870263629 0.0006576917351993968 
833855.7993730401 -925347.5557053675 0.00098747251500455 
836990.5956112846 -794824.3592874402 0.001279067759207179 
840125.3918495291 -633565.3262683512 0.0015212014875548357 
843260.1880877736 -447806.33911876305 0.001704510395283203 
846394.9843260181 -244730.6928767702 0.001821905931859576 
849529.7805642626 -32191.31732193519 0.0018688484150412056 
852664.5768025072 181592.89560812744 0.0018435225802656864 
855799.3730407517 388354.9161479784 0.0017469077768827775 
858934.1692789962 580099.2625230832 0.0015827400967413858 
862068.9655172407 749411.186015039 0.0013573678996182314 
865203.7617554852 889743.3990951352 0.001079506322315918 
868338.5579937297 995669.2588570381 0.0007599002645570928 
871473.3542319742 1063092.6151520547 0.00041090888400123525 
874608.1504702187 1089406.2086052424 4.602766795018756e-05 
877742.9467084632 1073592.4932653273 -0.0003206334367828322 
880877.7429467078 1016262.9850792787 -0.0006748956551371095 
884012.5391849523 919634.6145870872 -0.0010030596766549037 
887147.3354231968 787443.99827739 -0.0012924354074483136 
890282.1316614413 624802.9437283343 -0.0015318326957887403 
893416.9278996858 438000.77614598477 -0.0017119940549733554 
896551.7241379303 234261.13032772217 -0.001825952650086898 
899686.5203761748 21462.612898867203 -0.0018693017053206373 
902821.3166144193 -192165.86319366744 -0.0018403649138743153 
905956.1128526638 -398363.29052376095 -0.0017402612606951164 
909090.9090909084 -589156.0201211161 -0.0015728617513597705 
912225.7053291529 -757166.1022625377 -0.0013446397203928763 
915360.5015673974 -895896.591589336 -0.0010644205075951482 
918495.2978056419 -999982.7838096465 -0.0007430401823905241 
921630.0940438864 -1065399.6686691425 -0.00039292651331290394 
924764.8902821309 -1089617.5769893397 -2.7618386531086197e-05 
927899.6865203754 -1071700.0029067039 0.0003387577425152488 
931034.4827586199 -1012339.8185292152 0.0006920341187675529 
934169.2789968645 -913832.4805905822 0.001018549554255622 
937304.075235109 -779987.2652000719 0.0013056777058689743 
940438.8714733535 -615979.9632377948 0.001542315335705497 
943573.667711598 -428152.732660547 0.0017193116729824608 
946708.4639498425 -223768.8474241569 0.0018298222740967228 
949843.260188087 -11475.889589282793 0.0018354675539072607 
952978.0564263315 231247.8842145182 0.0031446732557874803 
956112.852664576 516993.5769563175 0.006714198447978773 
959247.6489028205 779351.3756336469 0.009868431557881726 
962382.445141065 927389.3293072791 0.00878232523257316 
965517.2413793096 956743.8065871216 0.003560263967103529 
968652.0376175541 958570.6834467474 -0.0013654050697237171 
971786.8338557986 1016934.0515697805 -0.0019476613303011582 
974921.6300940431 1115117.1493998528 0.001173204293379265 
978056.4263322876 1151474.6211012583 0.003391349821715961 
981191.2225705321 1046471.3057039846 0.0010397338810237307 
984326.0188087766 827897.632191934 -0.004702979536951872 
987460.8150470211 604767.853284015 -0.009005182880091535 
990595.6112852657 457338.932025709 -0.008417355027046058 
993730.4075235102 358664.6141830087 -0.004452774502401103 
996865.2037617547 212811.12907171267 -0.0020863505907029838 
999999.9999999992 -148770.66739267268 0.0006534872309140391 
