#x u 
0.0 1.3343139360388336e+25 6.116191720753402e+17 
3134.796238244514 -3.339143593023163e+23 -1.5305875061669626e+16 
6269.592476489028 8.217419169179727e+21 376667812057054.56 
9404.38871473354 -3.444874795976666e+20 -15790522857549.244 
12539.184952978056 -1.3378442397778038e+20 -6132373830440.376 
15673.98119122257 -1.4261743627410506e+20 -6537259031964.196 
18808.777429467085 -1.4604780612004082e+20 -6694499386574.754 
21943.5736677116 -1.497046634612122e+20 -6862121412998.264 
25078.369905956115 -1.5344947900307338e+20 -7033775243408.505 
28213.16614420063 -1.5728806011696978e+20 -7209727074533.656 
31347.962382445145 -1.612226621423653e+20 -7390080285917.963 
34482.75862068966 -1.652556893250196e+20 -7574945082693.165 
37617.55485893417 -1.6938960373884184e+20 -7764434320797.481 
40752.35109717868 -1.7362692910607768e+20 -7958663681895.489 
43887.14733542319 -1.7797025227896898e+20 -8157751741398.484 
47021.943573667704 -1.8242222482008277e+20 -8361820040937.356 
50156.739811912215 -1.8698556462207736e+20 -8570993162513.059 
53291.53605015673 -1.91663057566222e+20 -8785398804586.545 
56426.33228840124 -1.9645755922306738e+20 -9005167860041.584 
59561.12852664575 -2.0137199659667345e+20 -9230434496051.428 
62695.92476489026 -2.0640936991011514e+20 -9461336236051.117 
65830.72100313478 -2.1157275443827763e+20 -9698014043640.205 
68965.51724137929 -2.168653023848408e+20 -9940612408660.287 
72100.3134796238 -2.2229024480635204e+20 -10189279435419.53 
75235.10971786831 -2.2785089358540423e+20 -10444166933079.594 
78369.90595611282 -2.3355064345208563e+20 -10705430508353.553 
81504.70219435733 -2.3939297405681752e+20 -10973229660484.81 
84639.49843260185 -2.4538145209414605e+20 -11247727878643.34 
87774.29467084636 -2.5151973348018156e+20 -11529092741734.412 
90909.09090909087 -2.578115655850545e+20 -11817496020678.828 
94043.88714733538 -2.6426078952042257e+20 -12113113783288.373 
97178.68338557989 -2.708713424841825e+20 -12416126501765.469 
100313.4796238244 -2.7764726016426138e+20 -12726719162872.32 
103448.27586206891 -2.845926792023862e+20 -13045081380863.182 
106583.07210031342 -2.91711839719404e+20 -13371407513245.21 
109717.86833855794 -2.990090879040039e+20 -13705896779424.703 
112852.66457680245 -3.06488878666003e+20 -14048753382330.117 
115987.46081504696 -3.1415577835588144e+20 -14400186633083.111 
119122.25705329147 -3.220144675525075e+20 -14760411078781.035 
122257.05329153598 -3.300697439206385e+20 -15129646633474.031 
125391.84952978049 -3.3832652513990954e+20 -15508118712418.234 
128526.645768025 -3.467898519070635e+20 -15896058369688.734 
131661.44200626953 -3.5546489101319923e+20 -16293702439238.66 
134796.23824451404 -3.6435693849799007e+20 -16701293679487.37 
137931.03448275855 -3.734714228829366e+20 -17119080921519.47 
141065.83072100306 -3.828139084854774e+20 -17547319220992.176 
144200.62695924757 -3.92390098815874e+20 -17986270013848.64 
147335.42319749208 -4.0220584005912586e+20 -18436201275923.76 
150470.2194357366 -4.1226712464412285e+20 -18897387686536.406 
153605.0156739811 -4.225800949020309e+20 -19370110796176.3 
156739.81191222562 -4.3315104681602364e+20 -19854659198393.3 
159874.60815047013 -4.439864338648419e+20 -20351328705985.348 
163009.40438871464 -4.5509287096267335e+20 -20860422531585.887 
166144.20062695915 -4.664771384976088e+20 -21382251472767.758 
169278.99686520366 -4.781461864709895e+20 -21917134101783.734 
172413.79310344817 -4.901071387402186e+20 -22465396960057.1 
175548.58934169268 -5.0236729736776253e+20 -23027374757534.938 
178683.3855799372 -5.1493414707906504e+20 -23603410577022.93 
181818.1818181817 -5.278153598320251e+20 -24193856083629.152 
184952.97805642622 -5.410187995006645e+20 -24799071739452.793 
188087.77429467073 -5.5455252667584256e+20 -25419427023648.492 
191222.57053291524 -5.684248035861327e+20 -26055300657992.688 
194357.36677115975 -5.826440991419133e+20 -26707080838086.688 
197492.16300940426 -5.972190941056302e+20 -27375165470344.324 
200626.95924764877 -6.12158686391299e+20 -28059962414911.605 
203761.75548589329 -6.274719964965693e+20 -28761889734664.156 
206896.5517241378 -6.431683730707094e+20 -29481375950430.99 
210031.3479623823 -6.592573986219026e+20 -30218860302601.86 
213166.14420062682 -6.757488953673035e+20 -30974793019279.66 
216300.94043887133 -6.926529312294109e+20 -31749635591140.9 
219435.73667711584 -7.099798259824389e+20 -32543861053172.777 
222570.53291536035 -7.277401575524485e+20 -33357954273457.34 
225705.32915360486 -7.459447684750846e+20 -34192412249179.344 
228840.12539184937 -7.646047725148709e+20 -35047744410038.195 
231974.9216300939 -7.837315614500874e+20 -35924472929249.81 
235109.7178683384 -8.033368120273563e+20 -36823133042329.27 
238244.5141065829 -8.234324930901793e+20 -37744273373848.48 
241379.31034482742 -8.440308728857955e+20 -38688456272367.65 
244514.10658307193 -8.651445265548396e+20 -39656258153745.28 
247648.90282131644 -8.867863438083715e+20 -40648269853034.46 
250783.69905956095 -9.089695367969659e+20 -41665096985181.445 
253918.49529780546 -9.317076481766398e+20 -42707360314747.83 
257053.29153604998 -9.550145593765252e+20 -43775696134882.37 
260188.0877742945 -9.78904499073344e+20 -44870756655774.21 
263322.884012539 -1.003392051877875e+21 -45993210402822.195 
266457.6802507835 -1.0284921672387424e+21 -47143742624764.43 
269592.476489028 -1.05422016856895e+21 -48323055712016.03 
272727.27272727253 -1.0805917626007046e+21 -49531869625471.92 
275862.06896551704 -1.1076230489742522e+21 -50770922336037.1 
278996.86520376155 -1.1353305300665667e+21 -52040970275152.305 
282131.66144200607 -1.1637311210659052e+21 -53342788796589.23 
285266.4576802506 -1.1928421602983923e+21 -54677172649797.87 
288401.2539184951 -1.2226814198129177e+21 -56044936465094.48 
291536.0501567396 -1.253267116230835e+21 -57446915250986.34 
294670.8463949841 -1.284617921867059e+21 -58883964903937.6 
297805.6426332286 -1.3167529761293764e+21 -60356962730886.516 
300940.43887147313 -1.3496918972028819e+21 -61866807984833.945 
304075.23510971764 -1.3834547940267136e+21 -63414422413830.98 
307210.03134796215 -1.4180622785703872e+21 -65000750823698.19 
310344.82758620667 -1.4535354784172322e+21 -66626761654821.75 
313479.6238244512 -1.4898960496626264e+21 -68293447573378.09 
316614.4200626957 -1.5271661901348555e+21 -70001826077348.11 
319749.2163009402 -1.5653686529467094e+21 -71752940117691.3 
322884.0125391847 -1.6045267603860617e+21 -73547858735059.28 
326018.8087774292 -1.64466441815393e+21 -75387677712435.9 
329153.60501567373 -1.6858061299587117e+21 -77273520244103.78 
332288.40125391824 -1.727977012475491e+21 -79206537621345.3 
335423.19749216276 -1.7712028106795728e+21 -81187909935296.17 
338557.99373040727 -1.8155099135635688e+21 -83218846797381.61 
341692.7899686518 -1.8609253702476638e+21 -85300588077773.64 
344827.5862068963 -1.9074769064928776e+21 -87434404662322.17 
347962.3824451408 -1.9551929416274212e+21 -89621599228419.53 
351097.1786833853 -2.0041026058964516e+21 -91863507040274.77 
354231.9749216298 -2.0542357582458567e+21 -94161496764081.12 
357366.77115987433 -2.1056230045508832e+21 -96516971303575.66 
360501.56739811884 -2.1582957163007729e+21 -98931368656500.75 
363636.36363636336 -2.2122860497508028e+21 -101406162792489.64 
366771.15987460787 -2.267626965553398e+21 -103942864552912.28 
369905.9561128524 -2.3243522488803535e+21 -106543022573232.19 
373040.7523510969 -2.382496530048392e+21 -109208224228434.84 
376175.5485893414 -2.442095305660705e+21 -111940096602107.5 
379310.3448275859 -2.503184960277321e+21 -114740307479759.84 
382445.1410658304 -2.565802788627585e+21 -117610566366993.75 
385579.93730407493 -2.6299870183782786e+21 -120552625533142.03 
388714.73354231945 -2.6957768334712924e+21 -123568281081014.12 
391849.52978056396 -2.763212398045096e+21 -126659374043402.58 
394984.32601880847 -2.8323348809546193e+21 -129827791507018.16 
398119.122257053 -2.903186480904496e+21 -133075467764540.77 
401253.9184952975 -2.975810452211028e+21 -136404385495489.5 
404388.714733542 -3.0502511312085844e+21 -139816576976631.31 
407523.5109717865 -3.1265539633165616e+21 -143314125322669.5 
410658.307210031 -3.2047655307834483e+21 -146899165757967.75 
413793.10344827553 -3.284933581124898e+21 -150573886920087.66 
416927.89968652005 -3.367107056273188e+21 -154340532195933.12 
420062.69592476456 -3.4513361224558717e+21 -158201401091320.34 
423197.49216300907 -3.537672200821847e+21 -162158850634806.3 
426332.2884012536 -3.6261679988335287e+21 -166215296816635.25 
429467.0846394981 -3.716877542444351e+21 -170373216063681.66 
432601.8808777426 -3.809856209081111e+21 -174635146751287.4 
435736.6771159871 -3.905160761451483e+21 -179003690752919.7 
438871.4733542316 -4.002849382197153e+21 -183481515028593.38 
442006.26959247614 -4.102981709413859e+21 -188071353253027.44 
445141.06583072065 -4.20561887305994e+21 -192776007484530.1 
448275.86206896516 -4.310823532275686e+21 -197598349875633.5 
451410.65830720967 -4.4186599136361966e+21 -202541324426518.88 
454545.4545454542 -4.529193850361212e+21 -207607948782303.94 
457680.2507836987 -4.642492822505731e+21 -212801316075291.2 
460815.0470219432 -4.758625998156015e+21 -218124596813298.62 
463949.8432601877 -4.877664275656162e+21 -223581040815229.34 
467084.6394984322 -4.999680326890935e+21 -229173979195057.78 
470219.43573667674 -5.124748641651347e+21 -234906826395448.47 
473354.23197492125 -5.252945573110085e+21 -240783082272244.94 
476489.02821316576 -5.384349384434473e+21 -246806334231102.6 
479623.82445141027 -5.519040296565497e+21 -252980259417570.4 
482758.6206896548 -5.657100537192031e+21 -259308626961957.84 
485893.4169278993 -5.798614390950126e+21 -265795300280357.4 
489028.2131661438 -5.943668250878133e+21 -272444239433228.12 
492163.0094043883 -6.0923506711589e+21 -279259503542980.72 
495297.8056426328 -6.244752421181417e+21 -286245253272037.7 
498432.60188087734 -6.400966540954716e+21 -293405753362883.1 
501567.39811912185 -6.561088397908083e+21 -300745375241653.25 
504702.19435736636 -6.725215745112047e+21 -308268599686855.4 
507836.99059561087 -6.893448780955849e+21 -315980019564846.75 
510971.7868338554 -7.065890210317695e+21 -323884342633740.44 
514106.5830720999 -7.242645307265279e+21 -331986394417454.4 
517241.3793103444 -7.423821979324702e+21 -340291121151652.94 
520376.1755485889 -7.609530833357151e+21 -348803592803382.3 
523510.9717868334 -7.799885243083429e+21 -357529006166245.5 
526645.768025078 -7.995001418297718e+21 -366472688032999.0 
529780.5642633225 -8.194998475812676e+21 -375640098447517.8 
532915.360501567 -8.399998512179284e+21 -385036834038107.44 
536050.1567398115 -8.610126678225761e+21 -394668631434197.4 
539184.952978056 -8.825511255461129e+21 -404541370768507.94 
542319.7492163006 -9.046283734389997e+21 -414661079266821.0 
545454.5454545451 -9.272578894786434e+21 -425033934927552.1 
548589.3416927896 -9.504534887975916e+21 -435666270293367.56 
551724.1379310341 -9.742293321175557e+21 -446564576317150.5 
554858.9341692786 -9.98599934394417e+21 -457735506324673.06 
557993.7304075231 -1.0235801736794826e+22 -469185880076394.7 
561128.5266457676 -1.0491853002024161e+22 -480922687930873.6 
564263.3228840121 -1.0754309456813776e+22 -492953095112319.75 
567398.1191222566 -1.1023331328660553e+22 -505284446084906.3 
570532.9153605012 -1.1299082853194247e+22 -517924269036503.94 
573667.7115987457 -1.1581732374441949e+22 -530880280474578.9 
576802.5078369902 -1.1871452447600766e+22 -544160389937053.25 
579937.3040752347 -1.2168419944381337e+22 -557772704821016.75 
583072.1003134792 -1.2472816160986496e+22 -571725535332223.8 
586206.8965517237 -1.2784826928791162e+22 -586027399558404.0 
589341.6927899682 -1.3104642727790827e+22 -600687028669487.2 
592476.4890282127 -1.3432458802888025e+22 -615713372247907.4 
595611.2852664572 -1.3768475283087774e+22 -631115603752252.5 
598746.0815047018 -1.4112897303674614e+22 -646903126117582.0 
601880.8777429463 -1.4465935131446077e+22 -663085577495843.5 
605015.6739811908 -1.4827804293078763e+22 -679672837139884.5 
608150.4702194353 -1.519872570670562e+22 -696675031434651.8 
611285.2664576798 -1.5578925816784605e+22 -714102540079266.0 
614420.0626959243 -1.5968636732341167e+22 -731966002423744.8 
617554.8589341688 -1.636809636866896e+22 -750276323964238.1 
620689.6551724133 -1.6777548592575144e+22 -769044683000743.6 
623824.4514106578 -1.7197243371258949e+22 -788282537461365.4 
626959.2476489024 -1.7627436924914727e+22 -808001631897282.0 
630094.0438871469 -1.8068391883152139e+22 -828214004652701.9 
633228.8401253914 -1.852037744532944e+22 -848931995214170.0 
636363.6363636359 -1.898366954489742e+22 -870168251743725.6 
639498.4326018804 -1.9458551017854573e+22 -891935738800498.9 
642633.2288401249 -1.9945311775416056e+22 -914247745255466.6 
645768.0250783694 -2.0444248981002084e+22 -937117892404197.8 
648902.8213166139 -2.0955667231653818e+22 -960560142282544.2 
652037.6175548584 -2.1479878743987195e+22 -984588806190344.4 
655172.413793103 -2.2017203544798813e+22 -1009218553428357.4 
658307.2100313475 -2.256796966643947e+22 -1034464420253749.5 
661442.006269592 -2.313251334707533e+22 -1060341819059603.6 
664576.8025078365 -2.371117923595841e+22 -1086866547784059.4 
667711.598746081 -2.4304320603832143e+22 -1114054799554819.8 
670846.3949843255 -2.4912299558600316e+22 -1141923172574924.2 
673981.19122257 -2.553548726639088e+22 -1170488680255816.2 
677115.9874608145 -2.6174264178149834e+22 -1199768761603890.2 
680250.783699059 -2.682902026190344e+22 -1229781291866859.8 
683385.5799373036 -2.750015524083038e+22 -1260544593446447.0 
686520.3761755481 -2.8188078837289477e+22 -1292077447084061.0 
689655.1724137926 -2.8893211022951837e+22 -1324399103326280.0 
692789.9686520371 -2.961598227519002e+22 -1357529294277152.2 
695924.7648902816 -3.035683383988107e+22 -1391488245644490.5 
699059.5611285261 -3.1116218000783304e+22 -1426296689087492.2 
702194.3573667706 -3.1894598355652065e+22 -1461975874873248.5 
705329.1536050151 -3.269245009926191e+22 -1498547584849852.2 
708463.9498432596 -3.351026031350944e+22 -1536034145744040.5 
711598.7460815042 -3.4348528264772577e+22 -1574458442791473.0 
714733.5423197487 -3.5207765708708717e+22 -1613843933707985.8 
717868.3385579932 -3.6088497202677225e+22 -1654214663010330.8 
721003.1347962377 -3.699126042597741e+22 -1695595276695150.5 
724137.9310344822 -3.791660650809737e+22 -1738011037285159.5 
727272.7272727267 -3.886510036517373e+22 -1781487839251702.8 
730407.5235109712 -3.983732104486859e+22 -1826052224823118.8 
733542.3197492157 -4.0833862079873e+22 -1871731400188545.8 
736677.1159874602 -4.18553318502542e+22 -1918553252107085.5 
739811.9122257048 -4.29023539548663e+22 -1966546364932431.2 
742946.7084639493 -4.397556759205233e+22 -2015740038063383.0 
746081.5047021938 -4.50756279498694e+22 -2066164303830881.0 
749216.3009404383 -4.620320660607588e+22 -2117849945832506.2 
752351.0971786828 -4.735899193812386e+22 -2170828517725607.2 
755485.8934169273 -4.854368954340785e+22 -2225132362490544.5 
758620.6896551718 -4.975802267002643e+22 -2280794632175817.0 
761755.4858934163 -5.1002732658318935e+22 -2337849308137111.5 
764890.2821316608 -5.227857939344777e+22 -2396331221782643.5 
768025.0783699054 -5.3586341769302036e+22 -2456276075837439.5 
771159.8746081499 -5.492681816400582e+22 -2517720466139556.0 
774294.6708463944 -5.630082692732133e+22 -2580701903981545.5 
777429.4670846389 -5.77092068802446e+22 -2645258839010768.0 
780564.2633228834 -5.915281782709904e+22 -2711430682702605.5 
783699.0595611279 -6.063254108043861e+22 -2779257832420828.5 
786833.8557993724 -6.21492799990821e+22 -2848781696079866.0 
789968.6520376169 -6.370396053960615e+22 -2920044717423987.5 
793103.4482758614 -6.529753182163398e+22 -2993090401938860.0 
796238.244514106 -6.693096670726486e+22 -3067963343411270.5 
799373.0407523505 -6.860526239499901e+22 -3144709251153289.5 
802507.836990595 -7.032144102851856e+22 -3223374977907420.5 
805642.6332288395 -7.208055032069802e+22 -3304008548449813.5 
808777.429467084 -7.388366419322433e+22 -3386659188908984.0 
811912.2257053285 -7.573188343221673e+22 -3471377356817961.0 
815047.021943573 -7.76263363602481e+22 -3558214771918190.5 
818181.8181818175 -7.956817952517657e+22 -3647224447734028.5 
821316.614420062 -8.155859840620836e+22 -3738460723937050.0 
824451.4106583066 -8.359880813762317e+22 -3831979299519972.5 
827586.2068965511 -8.569005425060315e+22 -3927837266800422.0 
830721.0031347956 -8.783361343361933e+22 -4026093146275307.0 
833855.7993730401 -9.003079431184e+22 -4126806922347113.5 
836990.5956112846 -9.228293824603504e+22 -4230040079943902.0 
840125.3918495291 -9.459142015146651e+22 -4335855642055350.5 
843260.1880877736 -9.69576493372623e+22 -4444318208207756.0 
846394.9843260181 -9.938307036678722e+22 -4555493993901495.0 
849529.7805642626 -1.0186916393953785e+23 -4669450871035041.0 
852664.5768025072 -1.0441744779509652e+23 -4786258409340207.0 
855799.3730407517 -1.0702947763969974e+23 -4905987918853913.0 
858934.1692789962 -1.0970684809598397e+23 -5028712493452365.0 
862068.9655172407 -1.1245119367648906e+23 -5154507055474259.0 
865203.7617554852 -1.1526418978151457e+23 -5283448401460234.0 
868338.5579937297 -1.1814755372193785e+23 -5415615249036515.0 
871473.3542319742 -1.2110304576761778e+23 -5551088284971399.0 
874608.1504702187 -1.2413247022202623e+23 -5689950214433857.0 
877742.9467084632 -1.2723767652375962e+23 -5832285811484388.0 
880877.7429467078 -1.3042056037560624e+23 -5978181970828841.0 
884012.5391849523 -1.336830649018569e+23 -6127727760866918.0 
887147.3354231968 -1.3702718183456512e+23 -6281014478067677.0 
890282.1316614413 -1.4045495272948458e+23 -6438135702705291.0 
893416.9278996858 -1.439684702124217e+23 -6599187355989060.0 
896551.7241379303 -1.4756987925676718e+23 -6764267758622514.0 
899686.5203761748 -1.512613784929834e+23 -6933477690827374.0 
902821.3166144193 -1.5504522155084967e+23 -7106920453869003.0 
905956.1128526638 -1.589237184352854e+23 -7284701933120989.0 
909090.9090909084 -1.6289923693658865e+23 -7466930662707352.0 
912225.7053291529 -1.6697420407595417e+23 -7653717891761700.0 
915360.5015673974 -1.7115110758714878e+23 -7845177652343945.0 
918495.2978056419 -1.754324974352509e+23 -8041426829055815.0 
921630.0940438864 -1.7982098737338363e+23 -8242585230397996.0 
924764.8902821309 -1.8431925653838987e+23 -8448775661912237.0 
927899.6865203754 -1.8893005108642427e+23 -8660124001153172.0 
931034.4827586199 -1.9365618586945945e+23 -8876759274535512.0 
934169.2789968645 -1.9850054615372737e+23 -9098813736103570.0 
937304.075235109 -2.0346608938115067e+23 -9326422948271202.0 
940438.8714733535 -2.0855584697483655e+23 -9559725864581576.0 
943573.667711598 -2.1377292618973718e+23 -9798864914537222.0 
946708.4639498425 -2.1912051200960303e+23 -1.0043986090552054e+16 
949843.260188087 -2.246018690913905e+23 -1.0295239037078618e+16 
952978.0564263315 -2.3022034375830457e+23 -1.0552777141964618e+16 
956112.852664576 -2.3597936604270113e+23 -1.0816757630094924e+16 
959247.6489028205 -2.418824517800942e+23 -1.1087341659376096e+16 
962382.445141065 -2.479332047555466e+23 -1.1364694419122064e+16 
965517.2413793096 -2.5413531890375173e+23 -1.1648985230900822e+16 
968652.0376175541 -2.604925805641497e+23 -1.1940387651903928e+16 
971786.8338557986 -2.670088707924533e+23 -1.223907958090149e+16 
974921.6300940431 -2.7368816772999816e+23 -1.2545243366847856e+16 
978056.4263322876 -2.8053454903236887e+23 -1.2859065920204314e+16 
981191.2225705321 -2.8755219435877645e+23 -1.3180738827046442e+16 
984326.0188087766 -2.9474538792370614e+23 -1.3510458466025904e+16 
987460.8150470211 -3.0211852111239304e+23 -1.3848426128257884e+16 
990595.6112852657 -3.09676095161722e+23 -1.4194848140207418e+16 
993730.4075235102 -3.1742272390819634e+23 -1.454993598965005e+16 
996865.2037617547 -3.2536313660465004e+23 -1.4913906454783536e+16 
999999.9999999992 -3.335021808074206e+23 -1.5286981736569256e+16 
