#x u 
0.0 1510031357731.8457 69216.45135623384 
3134.796238244514 -37789862813.4083 -1732.1528041080128 
6269.592476489028 928854860.5747719 42.62485731261892 
9404.38871473354 -40105392.99495888 -1.7922721138919446 
12539.184952978056 -16233213.635322986 -0.7020015076474777 
15673.98119122257 -17163525.115644924 -0.7502483922936753 
18808.777429467085 -17442861.16611467 -0.7700670555370741 
21943.5736677116 -17712438.06831366 -0.7905781420673474 
25078.369905956115 -17962135.91584303 -0.8110024520564572 
28213.16614420063 -18199363.282483812 -0.8313323704863164 
31347.962382445145 -18432041.4536618 -0.8515653295416117 
34482.75862068966 -18668683.990958724 -0.8717215957570577 
37617.55485893417 -18918044.97640844 -0.8918424533009831 
40752.35109717868 -19188814.346923616 -0.9119901593409959 
43887.14733542319 -19489339.054385502 -0.9322481584505331 
47021.943573667704 -19827333.017251085 -0.9527193559979763 
50156.739811912215 -20209563.205104075 -0.9735214228720618 
53291.53605015673 -20641551.049360014 -0.9947805532631648 
56426.33228840124 -21127352.13159964 -1.0166262731184053 
59561.12852664575 -21669444.5488578 -1.039188502999067 
62695.92476489026 -22268697.877224278 -1.0625955039433308 
65830.72100313478 -22924369.46148326 -1.0869702889098325 
68965.51724137929 -23634108.899552006 -1.1124247550349338 
72100.3134796238 -24394008.65654271 -1.1390535104129986 
75235.10971786831 -25198756.142381504 -1.1669302602286367 
78369.90595611282 -26041897.45520631 -1.1961076291769575 
81504.70219435733 -26916158.49965962 -1.2266184059700707 
84639.49843260185 -27813751.333153363 -1.2584754239681915 
87774.29467084636 -28726641.685582064 -1.2916695229441364 
90909.09090909087 -29646817.681178104 -1.3261679798113415 
94043.88714733538 -30566611.158444222 -1.3619163011987256 
97178.68338557989 -31479066.86465303 -1.3988436615936566 
100313.4796238244 -32378288.418887127 -1.4368691718343727 
103448.27586206891 -33259684.34592764 -1.4759058331336419 
106583.07210031342 -34120102.19806723 -1.5158619105668716 
109717.86833855794 -34957909.06094411 -1.5566425828109265 
112852.66457680245 -35773079.66631918 -1.5981547533612166 
115987.46081504696 -36567285.288327895 -1.6403146805856077 
119122.25705329147 -37343909.80263597 -1.6830549145317395 
122257.05329153598 -38107927.60957847 -1.7263273075556915 
125391.84952978049 -38865658.18840684 -1.7701024428559484 
128526.645768025 -39624483.72701649 -1.81436903036146 
131661.44200626953 -40392605.11671072 -1.8591362439245096 
134796.23824451404 -41178828.42972025 -1.9044381156222443 
137931.03448275855 -41992306.52187376 -1.9503359845380648 
141065.83072100306 -42842182.51049186 -1.996916006452823 
144200.62695924757 -43737174.236254 -2.0442829814535584 
147335.42319749208 -44685205.96993158 -2.0925548723452985 
150470.2194357366 -45693162.94488795 -2.141861037477681 
153605.0156739811 -46766744.286243066 -2.192342691444909 
156739.81191222562 -47910323.54465339 -2.2441511534536414 
159874.60815047013 -49126763.74786377 -2.29744127050573 
163009.40438871464 -50417237.32649639 -2.3523622501185013 
166144.20062695915 -51781160.38322509 -2.4090509557078743 
169278.99686520366 -53216298.58217614 -2.467630432829742 
172413.79310344817 -54718987.56333398 -2.5282112938480816 
175548.58934169268 -56284351.3141595 -2.5908909549776236 
178683.3855799372 -57906460.12436916 -2.6557484665449262 
181818.1818181817 -59578485.386227116 -2.7228380411384285 
184952.97805642622 -61292958.34401615 -2.7921867136913 
188087.77429467073 -63042166.87520756 -2.8637982448918233 
191222.57053291524 -64818600.73019844 -2.9376597144607794 
194357.36677115975 -66615310.42513107 -3.0137451593642783 
197492.16300940426 -68426128.57635134 -3.0920144050087637 
200626.95924764877 -70245830.32211411 -3.172411040200803 
203761.75548589329 -72070347.58788985 -3.254865158705189 
206896.5517241378 -73897057.88907385 -3.339302089737249 
210031.3479623823 -75725039.47548309 -3.4256523322556465 
213166.14420062682 -77555158.97575352 -3.5138566261431574 
216300.94043887133 -79389968.40931381 -3.603865059193592 
219435.73667711584 -81233524.92359434 -3.6956352579446388 
222570.53291536035 -83091267.55886626 -3.789135568910073 
225705.32915360486 -84969967.94590692 -3.8843536636488634 
228840.12539184937 -86877639.69203883 -3.981304864978871 
231974.9216300939 -88823287.1451967 -4.080034242828452 
235109.7178683384 -90816508.56258866 -4.180612642136674 
238244.5141065829 -92867103.64689937 -4.283132966963091 
241379.31034482742 -94984826.5861527 -4.387712638199988 
244514.10658307193 -97179275.39865156 -4.494501270457547 
247648.90282131644 -99459767.75215994 -4.603686207210975 
250783.69905956095 -101835067.13568926 -4.715489240543325 
253918.49529780546 -104312976.64860396 -4.830154948334281 
257053.29153604998 -106899949.30835393 -4.9479372051666815 
260188.0877742945 -109600834.66784087 -5.069089188774641 
263322.884012539 -112418725.13117667 -5.193855141175518 
266457.6802507835 -115354757.45561698 -5.3224573065588965 
269592.476489028 -118407799.24028437 -5.455074981417385 
272727.27272727253 -121574150.78313923 -5.591821907727343 
275862.06896551704 -124847521.65164037 -5.732734242718712 
278996.86520376155 -128219458.28989159 -5.8777776111491695 
282131.66144200607 -131680166.9324281 -6.026871170794061 
285266.4576802506 -135219499.38288912 -6.179918564589423 
288401.2539184951 -138827885.69664603 -6.33683641068711 
291536.0501567396 -142497142.0242183 -6.497577593389579 
294670.8463949841 -146221164.86886147 -6.6621504020715925 
297805.6426332286 -149996445.6462527 -6.830630978162208 
300940.43887147313 -153822210.31851992 -7.003160552145316 
304075.23510971764 -157700013.38404417 -7.179919999580232 
307210.03134796215 -161632864.8656025 -7.361085585186194 
310344.82758620667 -165624273.916112 -7.546783643148896 
313479.6238244512 -169677686.08345252 -7.737066117406602 
316614.4200626957 -173796565.94993353 -7.9319184483687435 
319749.2163009402 -177984998.34501827 -8.13129383528266 
322884.0125391847 -182248436.75281 -8.335156591853488 
326018.8087774292 -186594260.35938802 -8.543518726554217 
329153.60501567373 -191031998.57728738 -8.756462849879515 
332288.40125391824 -195573221.82498068 -8.974150864679633 
335423.19749216276 -200231091.39943615 -9.196817581634791 
338557.99373040727 -205019531.60194653 -9.424747020236097 
341692.7899686518 -209952097.84731925 -9.658234223889835 
344827.5862068963 -215040846.67047098 -9.897546081832713 
347962.3824451408 -220295644.31452203 -10.142900686516855 
351097.1786833853 -225724178.0521119 -10.394476907270537 
354231.9749216298 -231332520.55257058 -10.652446968760337 
357366.77115987433 -237125758.63397545 -10.917009375704257 
360501.56739811884 -243108223.3201673 -11.18840079859722 
363636.36363636336 -249283229.184348 -11.466882650701374 
366771.15987460787 -255652624.79952055 -11.752716248098151 
369905.9561128524 -262216546.24364066 -12.046144682515283 
373040.7523510969 -268973523.764561 -12.347388551458852 
376175.5485893414 -275920793.0768409 -12.656649091651882 
379310.3448275859 -283054595.36686593 -12.974109248951718 
382445.1410658304 -290370429.4503981 -13.299931499506235 
385579.93730407493 -297863398.76073635 -13.634259493408422 
388714.73354231945 -305528749.8225636 -13.97722850278985 
391849.52978056396 -313362474.3220457 -14.32897936263299 
394984.32601880847 -321361709.7036724 -14.689664282223418 
398119.122257053 -329524809.8689687 -15.059439125884357 
401253.9184952975 -337851254.79469305 -15.438450325029871 
404388.714733542 -346341716.8669561 -15.826831334507277 
407523.5109717865 -354998425.9522359 -16.224715397760782 
410658.307210031 -363825634.10224247 -16.632255647861342 
413793.10344827553 -372829820.6856751 -17.049636125575546 
416927.89968652005 -382019474.7434989 -17.477066171138738 
420062.69592476456 -391404654.19105357 -17.91476717109618 
423197.49216300907 -400996682.509848 -18.36296792242654 
426332.2884012536 -410808135.8314334 -18.821915264287938 
429467.0846394981 -420852911.7121131 -19.2918899769728 
432601.8808777426 -431146034.93846583 -19.77321165673363 
435736.6771159871 -441703093.4687367 -20.266227133931412 
438871.4733542316 -452539564.8721235 -20.77129381696016 
442006.26959247614 -463670403.96685314 -21.28877440420794 
445141.06583072065 -475109993.3930813 -21.819047100959803 
448275.86206896516 -486872187.908677 -22.362518518481966 
451410.65830720967 -498970102.18039227 -22.91962278136507 
454545.4545454542 -511415593.68356305 -23.490804283556777 
457680.2507836987 -524218764.71491987 -24.07649869496028 
460815.0470219432 -537387854.4722103 -24.677129074040753 
463949.8432601877 -550929552.6384381 -25.293118486500077 
467084.6394984322 -564849387.5564139 -25.9249032961227 
470219.43573667674 -579151822.8313317 -26.572930517839307 
473354.23197492125 -593840063.3013456 -27.23763954969441 
476489.02821316576 -608915942.8941243 -27.919445721626072 
479623.82445141027 -624380246.6257956 -28.618742245120096 
482758.6206896548 -640233416.1864333 -29.33591874175555 
485893.4169278993 -656476218.5900484 -30.071377609009424 
489028.2131661438 -673110011.6552829 -30.825531988234424 
492163.0094043883 -690136670.6484693 -31.598788832651977 
495297.8056426328 -707558599.9261327 -32.39153702776712 
498432.60188087734 -725379159.3708991 -33.204156161360885 
501567.39811912185 -743603376.9718522 -34.03704046316201 
504702.19435736636 -762238473.7892824 -34.89061653585263 
507836.99059561087 -781293865.3933619 -35.76533972508088 
510971.7868338554 -800780792.145247 -36.66167625526746 
514106.5830720999 -820712063.07752 -37.58009338584439 
517241.3793103444 -841102221.6800958 -38.521071645421415 
520376.1755485889 -861967934.1152152 -39.48512982044749 
523510.9717868334 -883328093.5368731 -40.47283921223738 
526645.768025078 -905203360.0790852 -41.48481394405935 
529780.5642633225 -927615390.2958444 -42.52168851412175 
532915.360501567 -950586296.5147606 -43.58410687257532 
536050.1567398115 -974138608.8758548 -44.67273498850483 
539184.952978056 -998295462.9774971 -45.788283646707974 
542319.7492163006 -1023080480.1291196 -46.931516484084014 
545454.5454545451 -1048517122.5991925 -48.10323275966445 
548589.3416927896 -1074627871.8303745 -49.304240332058455 
551724.1379310341 -1101433800.3521767 -50.53534460647463 
554858.9341692786 -1128954744.2342212 -51.79736262500851 
557993.7304075231 -1157209702.9511788 -53.09114498234532 
561128.5266457676 -1186216903.797893 -54.41757963759631 
564263.3228840121 -1215993374.8796246 -55.7775704202222 
567398.1191222566 -1246554454.387629 -57.172009859144524 
570532.9153605012 -1277913809.060434 -58.6017727112025 
573667.7115987457 -1310084076.6382406 -60.06773568771666 
576802.5078369902 -1343077654.5667646 -61.57080186489626 
579937.3040752347 -1376907050.2234569 -63.11190351303308 
583072.1003134792 -1411584706.258299 -64.69198003766337 
586206.8965517237 -1447122801.908814 -66.3119546795945 
589341.6927899682 -1483533588.137938 -67.97273616070665 
592476.4890282127 -1520830270.9051337 -69.67524638372268 
595611.2852664572 -1559027875.8637936 -71.42044846588601 
598746.0815047018 -1598143522.7014306 -73.20934901417876 
601880.8777429463 -1638196124.9590416 -75.04297547857297 
605015.6739811908 -1679206102.5640543 -76.92235576178223 
608150.4702194353 -1721195646.0943167 -78.84852530356798 
611285.2664576798 -1764189443.3515677 -80.82255826989673 
614420.0626959243 -1808215223.0934143 -82.8455940336873 
617554.8589341688 -1853303577.1649213 -84.91883473903138 
620689.6551724133 -1899487194.4023707 -87.04351997471552 
623824.4514106578 -1946800185.0006063 -89.22090883758192 
626959.2476489024 -1995278022.8644843 -91.4522920740475 
630094.0438871469 -2044957939.8762596 -93.73902487819458 
633228.8401253914 -2095879095.3778572 -96.08254772422158 
636363.6363636359 -2148082056.529732 -98.48437307152571 
639498.4326018804 -2201607843.1900005 -100.94604972884952 
642633.2288401249 -2256497258.6376443 -103.46913908981578 
645768.0250783694 -2312790941.5076866 -106.05522489766408 
648902.8213166139 -2370529821.1994905 -108.7059435299724 
652037.6175548584 -2429755226.954531 -111.42300111610672 
655172.413793103 -2490508256.5613804 -114.20815874802625 
658307.2100313475 -2552828800.982359 -117.06320186717056 
661442.006269592 -2616755029.67865 -119.98992767733777 
664576.8025078365 -2682323738.2525144 -122.99016582126595 
667711.598746081 -2749571157.558839 -126.06581159058852 
670846.3949843255 -2818533452.582815 -129.2188355244772 
673981.19122257 -2889246581.5112934 -132.45125544842037 
677115.9874608145 -2961745967.9689097 -135.7650946145535 
680250.783699059 -3036066726.5895596 -139.1623638430462 
683385.5799373036 -3112244654.509223 -142.645081513196 
686520.3761755481 -3190317401.3966913 -146.21530777501664 
689655.1724137926 -3270325002.456747 -149.87515739930242 
692789.9686520371 -3352309561.283906 -153.62678154254564 
695924.7648902816 -3436314692.9727826 -157.47234488600455 
699059.5611285261 -3522385532.2386456 -161.4140324986377 
702194.3573667706 -3610569474.7322383 -165.45409130067057 
705329.1536050151 -3700917017.100903 -169.59487461591684 
708463.9498432596 -3793481933.7750535 -173.83885335657516 
711598.7460815042 -3888320711.1435375 -178.18858979453472 
714733.5423197487 -3985491934.3389187 -182.64670641813504 
717868.3385579932 -4085056366.0236945 -187.21588513957818 
721003.1347962377 -4187077710.7403345 -191.89889825977065 
724137.9310344822 -4291623297.2466817 -196.69863762468026 
727272.7272727267 -4398763936.829192 -201.6181091737534 
730407.5235109712 -4508573012.726563 -206.66039603202552 
733542.3197492157 -4621125599.296223 -211.8286267537921 
736677.1159874602 -4736498323.863896 -217.12598085689294 
739811.9122257048 -4854769858.816667 -222.55572556978166 
742946.7084639493 -4976021233.391523 -228.12124551390497 
746081.5047021938 -5100335321.941763 -233.82603468372682 
749216.3009404383 -5227795729.778838 -239.67365980567445 
752351.0971786828 -5358485954.33281 -245.66773443976044 
755485.8934169273 -5492489454.249441 -251.81193217220672 
758620.6896551718 -5629890360.9328785 -258.1100263028737 
761755.4858934163 -5770773952.898781 -264.56591548335103 
764890.2821316608 -5915226327.370927 -271.18360933106806 
768025.0783699054 -6063333617.827353 -277.96719009542386 
771159.8746081499 -6215181659.576484 -284.9207919327002 
774294.6708463944 -6370856611.1974325 -292.0486213687944 
777429.4670846389 -6530446104.9140005 -299.35499975801105 
780564.2633228834 -6694040001.66982 -306.844385813694 
783699.0595611279 -6861730289.694222 -314.521357560123 
786833.8557993724 -7033610604.179107 -322.39057612514915 
789968.6520376169 -7209776273.681985 -330.456773432457 
793103.4482758614 -7390325263.236786 -338.72478130437497 
796238.244514106 -7575359444.474299 -347.19957639945346 
799373.0407523505 -7764985266.232663 -355.8862990204225 
802507.836990595 -7959313502.463709 -364.79023143202056 
805642.6332288395 -8158458686.576446 -373.9167639959939 
808777.429467084 -8362539124.461716 -383.2713903241539 
811912.2257053285 -8571677715.408126 -392.8597421632853 
815047.021943573 -8786002899.12613 -402.68763286445954 
818181.8181818175 -9005648848.370962 -412.7610690724817 
821316.614420062 -9230754752.274038 -423.0862234241466 
824451.4106583066 -9461463925.297407 -433.6694017270146 
827586.2068965511 -9697923597.508062 -444.51704353135403 
830721.0031347956 -9940285469.38107 -455.6357595153154 
833855.7993730401 -10188706264.021559 -467.0323700583881 
836990.5956112846 -10443347477.965456 -478.71390787326925 
840125.3918495291 -10704374352.195723 -490.68758514441197 
843260.1880877736 -10971954893.92544 -502.9607626906497 
846394.9843260181 -11246259726.514603 -515.5409562431679 
849529.7805642626 -11527462687.851423 -528.4358756781738 
852664.5768025072 -11815741340.432177 -541.6534583923311 
855799.3730407517 -12111276694.609232 -555.2018644154432 
858934.1692789962 -12414252329.578465 -569.0894414191257 
862068.9655172407 -12724853789.930126 -583.3246996539764 
865203.7617554852 -13043268907.77522 -597.9163265098376 
868338.5579937297 -13369688793.67601 -612.8732289372803 
871473.3542319742 -13704308609.938332 -628.2045632138409 
874608.1504702187 -14047327546.169708 -643.919725684362 
877742.9467084632 -14398948328.020184 -660.0283199586584 
880877.7429467078 -14759377139.156628 -676.540141303728 
884012.5391849523 -15128824445.439602 -693.4652011089827 
887147.3354231968 -15507506296.635094 -710.8137724735218 
890282.1316614413 -15895645210.998713 -728.5964164506331 
893416.9278996858 -16293470212.626135 -746.8239697875268 
896551.7241379303 -16701216491.487257 -765.5075162405594 
899686.5203761748 -17119125537.592535 -784.6583810010385 
902821.3166144193 -17547446066.73701 -804.2881632359656 
905956.1128526638 -17986435180.33648 -824.4087815724168 
909090.9090909084 -18436358915.647514 -845.0324941488727 
912225.7053291529 -18897491942.93905 -866.1718822750139 
915360.5015673974 -19370117010.01097 -887.8398253158507 
918495.2978056419 -19854524928.64848 -910.0495032089384 
921630.0940438864 -20351015247.514538 -932.8144331169956 
924764.8902821309 -20859896963.904488 -956.1485103078724 
927899.6865203754 -21381488536.6539 -980.0660191277798 
931034.4827586199 -21916117162.547565 -1004.5816119404249 
934169.2789968645 -22464118016.836403 -1029.7102876781044 
937304.075235109 -23025834152.276028 -1055.4674013183176 
940438.8714733535 -23601617019.744686 -1081.868702047125 
943573.667711598 -24191826907.06228 -1108.930367315033 
946708.4639498425 -24796832700.04532 -1136.6690049286105 
949843.260188087 -25417011124.13426 -1165.1016299311877 
952978.0564263315 -26052746210.326176 -1194.2456499134414 
956112.852664576 -26704429522.14309 -1224.118882977752 
959247.6489028205 -27372460913.90183 -1254.739597533456 
962382.445141065 -28057249092.547127 -1286.1265403703453 
965517.2413793096 -28759211552.810143 -1318.2989331995068 
968652.0376175541 -29478774213.205772 -1351.276452692864 
971786.8338557986 -30216371473.310474 -1385.079227171437 
974921.6300940431 -30972447020.950954 -1419.7278652356183 
978056.4263322876 -31747454974.031376 -1455.2434976259542 
981191.2225705321 -32541860652.719646 -1491.6478004370474 
984326.0188087766 -33356140747.407413 -1528.9629894027069 
987460.8150470211 -34190783353.72076 -1567.2118073754034 
990595.6112852657 -35046288516.2977 -1606.41753491318 
993730.4075235102 -35923169371.83353 -1646.604029164211 
996865.2037617547 -36821952942.55771 -1687.7957836259438 
999999.9999999992 -37743217731.0329 -1730.0162504955492 
