#x u 
0.0 -189071.62849327127 0.01785553412532489 
3134.796238244514 -275984.3444182067 0.02161616737406586 
6269.592476489028 -454776.0288704721 0.019840186688153273 
9404.38871473354 -613652.8817827769 0.017403726755133755 
12539.184952978056 -748846.3264824196 0.014292132245070166 
15673.98119122257 -855081.0939066388 0.010627898492421945 
18808.777429467085 -928249.910657818 0.006552683630000688 
21943.5736677116 -965523.3281908712 0.0022240766739129165 
25078.369905956115 -965459.9845837918 -0.0021905352672820376 
28213.16614420063 -928062.3293338586 -0.0065204392686028685 
31347.962382445145 -854776.5287637695 -0.010598198058738222 
34482.75862068966 -748436.542810958 -0.014266124814923127 
37617.55485893417 -613154.5358727812 -0.017382380908124846 
40752.35109717868 -454161.8595198642 -0.019826460799014078 
43887.14733542319 -277606.7562715295 -0.021503851983930424 
47021.943573667704 -90316.6072229004 -0.022349689790857438 
50156.739811912215 100466.0825984643 -0.022331265694545476 
53291.53605015673 287363.7517072352 -0.02144929215430353 
56426.33228840124 463149.07226457365 -0.019737875063216847 
59561.12852664575 621024.4306513196 -0.017263194874178513 
62695.92476489026 754884.7910038573 -0.014120947403555522 
65830.72100313478 859553.7767868013 -0.010432643276543196 
68965.51724137929 930983.8411344297 -0.006340909114556244 
72100.3134796238 966412.7853791416 -0.0020039721676136974 
75235.10971786831 964470.5731996647 0.00241045832916454 
78369.90595611282 925232.3098887532 0.006731676467170156 
81504.70219435733 850215.3380335403 0.01079258085720216 
84639.49843260185 742320.5619184927 0.014436136435694002 
87774.29467084636 605720.2696347353 0.017521447006399057 
90909.09090909087 445696.79081175965 0.019929203692510777 
94043.88714733538 268438.2290726867 0.02156629860772077 
97178.68338557989 80799.16823356078 0.022369425335678622 
100313.4796238244 -109964.39426850142 0.022307526987409933 
103448.27586206891 -296475.6366010964 0.02138299717037786 
106583.07210031342 -471522.1740384288 0.019631587427746858 
109717.86833855794 -628334.9616847225 0.01712102472716976 
112852.66457680245 -760850.0532583233 0.013948392460769968 
115987.46081504696 -863943.093731353 0.010236376232978437 
119122.25705329147 -933627.4780008476 0.006128519611509339 
122257.05329153598 -967208.5128008887 0.0017836733014564418 
125391.84952978049 -963387.6204187375 -0.002630147607201579 
128526.645768025 -922312.5546600702 -0.006942260778612664 
131661.44200626953 -845571.6872132844 -0.010985916912389171 
134796.23824451404 -736132.5853590169 -0.014604747934570148 
137931.03448275855 -598227.2562232034 -0.017658813746836664 
141065.83072100306 -437188.49517531064 -0.020030013706350856 
144200.62695924757 -259243.66677479888 -0.021626653574438857 
147335.42319749208 -71273.89275105548 -0.022386991330334675 
150470.2194357366 119452.04078884739 -0.022281624733462964 
153605.0156739811 305558.7671234596 -0.021314628307291486 
156739.81191222562 479849.54414974997 -0.019523395777618174 
159874.60815047013 635584.552206717 -0.016977194058200053 
163009.40438871464 766741.5227204434 -0.013774484701060739 
166144.20062695915 868248.6191679188 -0.010039116390921324 
169278.99686520366 936180.564859 -0.005915535719892519 
172413.79310344817 967910.4332804739 -0.0015632014416416384 
175548.58934169268 962211.231273685 0.0028495817943237195 
178683.3855799372 919303.3468269865 0.0071521717789265775 
181818.1818181817 840846.0266781582 0.011178187473157169 
184952.97805642622 729873.2132876712 0.014771942958377391 
188087.77429467073 590676.2223653252 0.01779446780660833 
191222.57053291524 428637.7978071399 0.020128881063243273 
194357.36677115975 250023.9611336376 0.021684911030419477 
197492.16300940426 61741.70460613354 0.02240238607114725 
200626.95924764877 -128928.101978282 0.022253561444894224 
203761.75548589329 -314612.262326018 0.021244192195955778 
206896.5517241378 -488130.37494939484 0.01941331060604686 
210031.3479623823 -642772.4990990934 0.01683171681701764 
213166.14420062682 -772558.6279925042 0.013599240991271935 
216300.94043887133 -872469.9355152119 0.009840882882071465 
219435.73667711584 -938642.8541050468 0.005701978095835091 
222570.53291536035 -968518.4785587208 0.0013425779794732978 
225705.32915360486 -960941.5094242922 -0.0030687391298838363 
228840.12539184937 -916204.8098257461 -0.007361381389480502 
231974.9216300939 -836037.1882046424 -0.011369299334231617 
235109.7178683384 -723531.877859314 -0.014937193058178588 
238244.5141065829 -583008.7857925697 -0.017925686349078374 
241379.31034482742 -419793.56154134916 -0.02021424660395517 
244514.10658307193 -239889.12183533143 -0.021700229205036663 
247648.90282131644 -49538.55921353098 -0.022293451941021513 
250783.69905956095 145228.72498334094 -0.021909944273055273 
253918.49529780546 338817.97647481004 -0.020475753735908386 
257053.29153604998 525711.0850301824 -0.017956132668052793 
260188.0877742945 699386.3898248327 -0.014416176660643817 
263322.884012539 851004.0251757281 -0.010090128003800094 
266457.6802507835 969088.0113532109 -0.005402558825729871 
269592.476489028 1041492.1020027591 -0.0008821845985674598 
272727.27272727253 1059649.5256460535 0.0030318500113137364 
275862.06896551704 1022947.2058353056 0.006192272186256204 
278996.86520376155 939846.2702591922 0.008799650878342809 
282131.66144200607 823877.1429527198 0.011226062663796926 
285266.4576802506 686505.7773327489 0.01369769116025968 
288401.2539184951 532031.369120037 0.016072527175909696 
291536.0501567396 358767.9034634552 0.017907640147040504 
294670.8463949841 165716.71261859062 0.018779172589770167 
297805.6426332286 -41056.74664748643 0.018589257453732216 
300940.43887147313 -248163.63143892647 0.01759243788825015 
304075.23510971764 -441074.32016639947 0.016126159705638507 
307210.03134796215 -611017.6067787616 0.014307233371229841 
310344.82758620667 -756234.1584742143 0.011985408639716628 
313479.6238244512 -876832.5597428847 0.008988090468364166 
316614.4200626957 -968854.4962889628 0.0053988592678714635 
319749.2163009402 -1023824.0407782359 0.0015819148516196227 
322884.0125391847 -1034313.8939967441 -0.0020721270497708797 
326018.8087774292 -999799.6481852995 -0.005416520797518339 
329153.60501567373 -926771.4292655 -0.008558253384759308 
332288.40125391824 -823041.8298578212 -0.011604499874597796 
335423.19749216276 -692198.8814955906 -0.014418063962428923 
338557.99373040727 -533921.5998700364 -0.016643507172484816 
341692.7899686518 -349655.88101239334 -0.017980494872029025 
344827.5862068963 -147472.584703679 -0.018420656615797785 
347962.3824451408 59243.158491604525 -0.0182021365964865 
351097.1786833853 258165.20980873797 -0.01753197447647315 
354231.9749216298 443056.6090018082 -0.01636937546577929 
357366.77115987433 612476.7151361321 -0.014497604866481637 
360501.56739811884 763832.3970491803 -0.01180760270098817 
363636.36363636336 889318.4607326986 -0.008492879075802966 
366771.15987460787 978275.8382370179 -0.004947772180054992 
369905.9561128524 1023710.3368759752 -0.001472288258636639 
373040.7523510969 1026297.7777704042 0.0019106885543673522 
376175.5485893414 991796.362924827 0.005338867876856683 
379310.3448275859 924663.3681906337 0.008822838234046898 
382445.1410658304 824601.6247198565 0.012095256878053694 
385579.93730407493 689616.5338798495 0.014760787793443562 
388714.73354231945 522259.5387846588 0.01659404035737591 
391849.52978056396 332332.332620167 0.01767676249470649 
394984.32601880847 133003.14467932447 0.01823403279858946 
398119.122257053 -65826.19069740255 0.018344859529026987 
401253.9184952975 -260206.75606365493 0.017833532741278302 
404388.714733542 -448359.82582990744 0.016456810128759523 
407523.5109717865 -624712.4528540393 0.01418987121558287 
410658.307210031 -778325.6261550408 0.01130920513250976 
413793.10344827553 -897651.7294902089 0.008183237579254963 
416927.89968652005 -976876.678234258 0.004987843331007574 
420062.69592476456 -1017402.8921749117 0.0016418747830373773 
423197.49216300907 -1023096.388841766 -0.0019743234880356033 
426332.2884012536 -994425.210386695 -0.00575245915179519 
429467.0846394981 -927721.1497661504 -0.009327468617372587 
432601.8808777426 -820346.9313448477 -0.012321983786652784 
435736.6771159871 -676282.3744124401 -0.01461230721752185 
438871.4733542316 -506148.17218702537 -0.016341339879493676 
442006.26959247614 -321483.25629928894 -0.017669568217991267 
445141.06583072065 -129084.80066495611 -0.01852987005356138 
448275.86206896516 68889.5391474815 -0.018646844902378962 
451410.65830720967 269448.7426227839 -0.017802152771586248 
454545.4545454542 463980.98844930204 -0.01606770425027128 
457680.2507836987 639490.5385317726 -0.013761448607061008 
460815.0470219432 784856.9450542292 -0.011171206392299005 
463949.8432601877 895819.7136996004 -0.008334765275120323 
467084.6394984322 973708.6111494468 -0.005104170524958927 
470219.43573667674 1019480.7606814238 -0.0014224153284045822 
473354.23197492125 1029512.423781296 0.0024831561383046484 
476489.02821316576 997691.8172127496 0.006199146844143074 
479623.82445141027 921675.116905306 0.00941802054773503 
482758.6206896548 806732.9809308179 0.012122155553073374 
485893.4169278993 663092.1788877405 0.014472014946420178 
489028.2131661438 499459.6746962662 0.016521227567189697 
492163.0094043883 319373.92965008126 0.018062699683136417 
495297.8056426328 124004.21901209143 0.018771209684888376 
498432.60188087734 -81801.11887057043 0.018495294976754034 
501567.39811912185 -286859.0893006118 0.01739342928027693 
504702.19435736636 -477478.2260937645 0.015772333190786806 
507836.99059561087 -644046.7485549579 0.013797395884335796 
510971.7868338554 -783757.10077964 0.0113784301363246 
514106.5830720999 -896890.7312601486 0.008348433630571724 
517241.3793103444 -980830.6594953869 0.004743998388575288 
520376.1755485889 -1028317.4694187217 0.0008884757653844948 
523510.9717868334 -1031953.0161948369 -0.002814099586952587 
526645.768025078 -990334.24352703 -0.006162680433740659 
529780.5642633225 -909431.5914368405 -0.009227677549016556 
532915.360501567 -797769.8541949484 -0.012137921282436044 
536050.1567398115 -660425.16797803 -0.014815625825363561 
539184.952978056 -498034.9147684014 -0.016943011104730468 
542319.7492163006 -311689.91119984974 -0.018199967931390705 
545454.5454545451 -108347.11979196839 -0.018526476510903014 
548589.3416927896 99181.0453069506 -0.01813676872667023 
551724.1379310341 297928.3741147727 -0.017272403423427493 
554858.9341692786 480470.40114643984 -0.015954837886661844 
557993.7304075231 644933.4550369511 -0.01399734346496363 
561128.5266457676 789612.9430899947 -0.011262233126962406 
564263.3228840121 908146.0454780427 -0.007890480002865376 
567398.1191222566 990568.9150969929 -0.004259084695434453 
570532.9153605012 1029360.8689712454 -0.0007071060384458831 
573667.7115987457 1024289.8020576555 0.0026862223129613004 
576802.5078369902 981084.3777991831 0.006043280663090421 
579937.3040752347 905393.6569846336 0.009416608258592099 
583072.1003134792 798387.6792963399 0.01259522546444955 
586206.8965517237 658563.0744018403 0.0151976313945081 
589341.6927899682 487734.0694365289 0.016958505913140985 
592476.4890282127 294737.6959688654 0.01791202361788735 
595611.2852664572 92742.7019172408 0.018282842973437283 
598746.0815047018 -107259.85988629615 0.018202384334497113 
601880.8777429463 -300222.6700401608 0.017550603409654163 
605015.6739811908 -484408.89974356646 0.01609028182951412 
608150.4702194353 -655439.0482627621 0.01375215841559126 
611285.2664576798 -803578.9110862103 0.010769683738068702 
614420.0626959243 -917400.3310191205 0.0075194463818798575 
617554.8589341688 -990216.3847513213 0.004231892860099168 
620689.6551724133 -1022740.1001630126 0.0008723995648399198 
623824.4514106578 -1019343.3263385672 -0.002687167301995922 
626959.2476489024 -981968.3849804108 -0.006392170025089733 
630094.0438871469 -908151.8886231771 -0.009920171440765232 
633228.8401253914 -795232.7959434731 -0.012881924936498151 
636363.6363636359 -646254.4045631341 -0.01510224373315491 
639498.4326018804 -471234.81965273764 -0.016690404587462453 
642633.2288401249 -282300.58016603306 -0.01783061512722263 
645768.0250783694 -87584.02083247315 -0.018516654697924448 
648902.8213166139 109956.65889340489 -0.018512448684383793 
652037.6175548584 307842.5364365203 -0.017581648607008914 
655172.413793103 498745.26651031576 -0.015745416670420086 
658307.2100313475 670433.190361565 -0.013297039345294533 
661442.006269592 811345.2450579503 -0.010556737998794214 
664576.8025078365 916211.6288928693 -0.007622172091135231 
667711.598746081 986066.3385463564 -0.004373590837438355 
670846.3949843255 1022856.5102721485 -0.0007239094030329289 
673981.19122257 1024483.4009142469 0.0031542253736095206 
677115.9874608145 985595.2175373472 0.006868531349777044 
680250.783699059 903345.4514946342 0.010077659376389457 
683385.5799373036 782061.5978483597 0.012712837724859104 
686520.3761755481 631872.6356162328 0.01492200304473272 
689655.1724137926 462638.4245988936 0.016799408377805358 
692789.9686520371 279375.3774547222 0.018190138454888892 
695924.7648902816 83698.02473746764 0.018781640428744053 
699059.5611285261 -120583.92425753626 0.018392345355999692 
702194.3573667706 -323893.1427827409 0.01715592105131801 
705329.1536050151 -513251.1796668499 0.015401707001853627 
708463.9498432596 -678145.9451648836 0.013345221427437912 
711598.7460815042 -813844.0415456367 0.010904239133117416 
714733.5423197487 -919042.8126622408 0.007835528076310883 
717868.3385579932 -991024.180570074 0.004064998601592873 
721003.1347962377 -1024217.5236952715 -0.00011263032611228676 
724137.9310344822 -1014252.1298192446 -0.0041605497687954365 
727272.7272727267 -963257.8035291113 -0.007628796057936373 
730407.5235109712 -880248.1772866498 -0.010374497523823427 
733542.3197492157 -775212.3873434342 -0.012491780359803377 
736677.1159874602 -652196.4538754958 -0.014070205393504747 
739811.9122257048 -508167.9329745848 -0.015056951420017462 
742946.7084639493 -339024.9023004223 -0.015355853127332704 
746081.5047021938 -147119.36506117103 -0.015020641558855664 
749216.3009404383 56807.29968346597 -0.014292924325396795 
752351.0971786828 258839.86477703214 -0.013412172174267975 
755485.8934169273 448888.2390689992 -0.01238985753239694 
758620.6896551718 622744.2403542628 -0.010999685410535573 
761755.4858934163 777884.7970431746 -0.009017643161081671 
764890.2821316608 908191.648733176 -0.006478565796056524 
768025.0783699054 1003642.9805529824 -0.00368772803018509 
771159.8746081499 1055561.8915097038 -0.0009737335087644712 
774294.6708463944 1062016.3669988434 0.0015642845267543886 
777429.4670846389 1027743.4907418536 0.004057316590850791 
780564.2633228834 958699.8832095612 0.006621346663612226 
783699.0595611279 856957.9672011553 0.009129849521684198 
786833.8557993724 721256.5486900079 0.01124767031354074 
789968.6520376169 552514.2533496744 0.012694484037889853 
793103.4482758614 358344.02899423375 0.013464199582334453 
796238.244514106 151611.61926676647 0.013772613307133941 
799373.0407523505 -55696.441023347885 0.01379079214558633 
802507.836990595 -257132.046315657 0.013446137035579071 
805642.6332288395 -450382.20902619406 0.012500944470171128 
808777.429467084 -631598.8188896427 0.01082560929748566 
811912.2257053285 -791738.2254507823 0.008578242708336188 
815047.021943573 -919055.1441279883 0.006100273361964565 
818181.8181818175 -1005396.3367091534 0.0036355753735881897 
821316.614420062 -1049909.5960140147 0.0011654782551540816 
824451.4106583066 -1056458.8028578488 -0.001470512611160149 
827586.2068965511 -1027601.1339865947 -0.004299287452617155 
830721.0031347956 -961535.7326029196 -0.007077758963200608 
833855.7993730401 -855243.4604489577 -0.009442989483033178 
836990.5956112846 -710464.8169769517 -0.0111948884573028 
840125.3918495291 -536121.6020230126 -0.012418038555098553 
843260.1880877736 -344474.5751728227 -0.01331811498056432 
846394.9843260181 -144846.27088626966 -0.013947932866592135 
849529.7805642626 58746.453161096404 -0.014113410912783732 
852664.5768025072 263851.48014681326 -0.013559672557590894 
855799.3730407517 463976.65371727553 -0.012242158922300801 
858934.1692789962 647330.6253526766 -0.010397576226247165 
862068.9655172407 801542.6697097922 -0.008339297439002831 
865203.7617554852 919692.7601642705 -0.006190766853499042 
868338.5579937297 1001581.8205680421 -0.003834767095197668 
871473.3542319742 1049142.17437387 -0.0011286793635624638 
874608.1504702187 1061002.2203507784 0.0018442837226642116 
877742.9467084632 1032051.1723941077 0.004755913394614996 
880877.7429467078 958530.634343205 0.007270023679837326 
884012.5391849523 843307.8319979763 0.00929050275027893 
887147.3354231968 695735.9225014796 0.010963708746668327 
890282.1316614413 526140.637368521 0.012436669243731923 
893416.9278996858 340565.49653954036 0.013628831066869428 
896551.7241379303 141082.7385941774 0.014260140018217298 
899686.5203761748 -68918.31293522535 0.01410795038676577 
902821.3166144193 -280316.7107631335 0.013223994797889197 
905956.1128526638 -479667.70526278386 0.011884019658521339 
909090.9090909084 -655265.466431869 0.010323052065538036 
912225.7053291529 -801796.4897726983 0.008533758863046878 
915360.5015673974 -918988.7982233239 0.0063380661463618496 
918495.2978056419 -1005949.1242432924 0.003654098164850582 
921630.0940438864 -1057373.7738797173 0.0006746121871626432 
924764.8902821309 -1065797.91542405 -0.0022341566663020363 
927899.6865203754 -1027643.3761889796 -0.004810643239936759 
931034.4827586199 -946774.4459036825 -0.007064714536553508 
934169.2789968645 -831833.3544682098 -0.009162002141036685 
937304.075235109 -690106.452881895 -0.011151655660397733 
940438.8714733535 -524257.19389748375 -0.012827604745881079 
943573.667711598 -335188.43895985506 -0.013872450556564081 
946708.4639498425 -127802.13343107837 -0.014135350342767179 
949843.260188087 86659.67041121506 -0.013753846615077954 
952978.0564263315 294440.89028741146 -0.01299309674057044 
956112.852664576 485547.5207014417 -0.011972320104789304 
959247.6489028205 656191.1199403661 -0.010565898823604536 
962382.445141065 805145.3736071531 -0.008581957405859533 
965517.2413793096 928144.6908939076 -0.006028711881052965 
968652.0376175541 1016480.8347694292 -0.003186040313177423 
971786.8338557986 1061497.6705947164 -0.0004040665962293968 
974921.6300940431 1060435.3249634602 0.002162918405172169 
978056.4263322876 1017605.2547199873 0.004611393775526646 
981191.2225705321 939730.7990375547 0.0070789414507301095 
984326.0188087766 830360.0419436283 0.00949474164969824 
987460.8150470211 689167.5593629596 0.011556595607479925 
990595.6112852657 516759.4700609327 0.012962203305242271 
993730.4075235102 319705.39085958665 0.013656991513796743 
996865.2037617547 112619.83773082671 0.01373379098432887 
999999.9999999992 -189071.6285045886 0.01785553412480613 
