#x u 
0.0 63845.7384968687 0.04380542443276037 
3134.796238244514 121005.72919552328 0.0401757314744527 
6269.592476489028 136501.23607341785 0.03329712678484128 
9404.38871473354 146602.6315325696 0.025125623693270156 
12539.184952978056 150684.33762650524 0.015966444098146956 
15673.98119122257 148972.99385255057 0.006191396869627361 
18808.777429467085 141907.31706410085 -0.003804440827229353 
21943.5736677116 129710.33923723243 -0.013636831159279918 
25078.369905956115 112426.43238055918 -0.022945141620369917 
28213.16614420063 90363.45362058366 -0.03138594510385082 
31347.962382445145 64462.8487838298 -0.038628789822606535 
34482.75862068966 36178.596820907114 -0.04437285802933016 
37617.55485893417 6950.096335336129 -0.04838018307267122 
40752.35109717868 -22220.53769920227 -0.050501675921838046 
43887.14733542319 -50680.6883087815 -0.050677090249178026 
47021.943573667704 -77656.7734027375 -0.04891463040233359 
50156.739811912215 -101936.12390786633 -0.04527468095125278 
53291.53605015673 -122083.91812477585 -0.03987526588731377 
56426.33228840124 -137016.6022083293 -0.03291122564578775 
59561.12852664575 -146368.73167628297 -0.024661577165684817 
62695.92476489026 -150292.29324169876 -0.015468877914977343 
65830.72100313478 -148913.6120684085 -0.005701354468943157 
68965.51724137929 -142030.7191205985 0.004274984877378355 
72100.3134796238 -129381.62746330426 0.014098564463368797 
75235.10971786831 -111207.63564487832 0.02340086722082569 
78369.90595611282 -88510.492596581 0.031808469652550686 
81504.70219435733 -62707.057209431834 0.038971536085088444 
84639.49843260185 -35009.04750907421 0.04460326624823297 
87774.29467084636 -6144.9140313076205 0.0485015867027972 
90909.09090909087 23315.53925933036 0.05054079391983697 
94043.88714733538 52409.42950263266 0.050650115389336295 
97178.68338557989 79625.83022377416 0.04880763640901977 
100313.4796238244 103362.77765119924 0.045059417472757705 
103448.27586206891 122566.99486880195 0.03954419706234252 
106583.07210031342 136924.08500231945 0.03249487767780389 
109717.86833855794 146427.18404077878 0.024209190247763083 
112852.66457680245 150799.9756583708 0.015011721027524134 
115987.46081504696 149404.09222804938 0.005236625548892716 
119122.25705329147 141750.89406559482 -0.004762965901959199 
122257.05329153598 128092.32484353022 -0.014602386491687588 
125391.84952978049 109465.10072719978 -0.02387783579134743 
128526.645768025 87121.75617697049 -0.032206236675923317 
131661.44200626953 61920.48775453291 -0.03926579690129152 
134796.23824451404 34290.24882051053 -0.04480853156516604 
137931.03448275855 4782.497822844962 -0.04864380141910613 
141065.83072100306 -25403.73261134849 -0.05062063943089555 
144200.62695924757 -54521.20193356843 -0.05063601815103201 
147335.42319749208 -80947.05759983993 -0.04866656714228972 
150470.2194357366 -103771.47617487109 -0.04479358217016037 
153605.0156739811 -122723.01688716086 -0.03919484691973214 
156739.81191222562 -137540.64149211303 -0.03210849116309389 
159874.60815047013 -147483.6621265219 -0.023800856159229063 
163009.40438871464 -151528.7240363385 -0.014563912010735315 
166144.20062695915 -149077.594128633 -0.004734598723673324 
169278.99686520366 -140449.46232521342 0.005296694833130748 
172413.79310344817 -126640.51572661754 0.01511168141637035 
175548.58934169268 -108591.61062040471 0.024312158147490753 
178683.3855799372 -86718.92572576232 0.03255526194251979 
181818.1818181817 -61186.49868306871 0.039553506912582886 
184952.97805642622 -32614.757625401748 0.045053126820978354 
188087.77429467073 -2448.1076016606967 0.04882590840153569 
191222.57053291524 27450.5940788279 0.05069400077634352 
194357.36677115975 55603.377272813 0.0505702963047438 
197492.16300940426 81319.57299369894 0.048477679663518285 
200626.95924764877 104311.51227203837 0.0445294394358319 
203761.75548589329 123962.06711589737 0.03889094776098202 
206896.5517241378 139053.33243088773 0.0317597397904732 
210031.3479623823 148285.57256513595 0.023379238989991464 
213166.14420062682 151080.21989501984 0.014063351958291524 
216300.94043887133 147846.90395451355 0.004195117266718589 
219435.73667711584 139439.46882058738 -0.005812206363761276 
222570.53291536035 126365.70893171299 -0.01556487513556912 
225705.32915360486 108569.91004419548 -0.024711392452075046 
228840.12539184937 86004.5932246889 -0.032928771024132227 
231974.9216300939 59376.87279508296 -0.039901287243981495 
235109.7178683384 30268.7516476327 -0.045328651924988014 
238244.5141065829 486.9544191784589 -0.04896895571011392 
241379.31034482742 -28695.726435415403 -0.050683141392857955 
244514.10658307193 -56644.788006501 -0.050442589585839276 
247648.90282131644 -82767.35412764095 -0.04829576625708316 
250783.69905956095 -105939.38760116819 -0.044328718153197305 
253918.49529780546 -124673.773435529 -0.038657626791357126 
257053.29153604998 -137942.15708840726 -0.03145647543483963 
260188.0877742945 -145803.74503044988 -0.02298591773927412 
263322.884012539 -149104.4230134013 -0.013588749076382087 
266457.6802507835 -148421.4811607653 -0.0036524565725218087 
269592.476489028 -143226.03257331048 0.006428065384886238 
272727.27272727253 -132089.35006519366 0.01625946438100156 
275862.06896551704 -113794.81084387543 0.025439077676290375 
278996.86520376155 -88392.3942161584 0.03356052044052124 
282131.66144200607 -57357.73714812155 0.04025843837290667 
285266.4576802506 -22925.40568413018 0.04527214141618006 
288401.2539184951 12599.374094577186 0.04848018032833585 
291536.0501567396 46922.41921595241 0.04987685392591119 
294670.8463949841 77447.49169353966 0.04951096913792161 
297805.6426332286 101330.97338790054 0.047438598521745465 
300940.43887147313 116297.95873744728 0.043723944299743966 
304075.23510971764 121702.61912899117 0.03847402744129822 
307210.03134796215 118859.25157985612 0.03186280544455057 
310344.82758620667 110219.07626164774 0.02411764176617628 
313479.6238244512 98015.15825550808 0.015485269136616893 
316614.4200626957 83482.5296464891 0.006217421680035143 
319749.2163009402 67171.9579073264 -0.003406577578567261 
322884.0125391847 49802.65510768921 -0.013047023958022241 
326018.8087774292 32632.76961925297 -0.022304750196474658 
329153.60501567373 16928.827380262752 -0.030769869148183384 
332288.40125391824 3136.430398442957 -0.03808550491484434 
335423.19749216276 -9288.345469853055 -0.04397855356504779 
338557.99373040727 -21113.47123517617 -0.04824271298057072 
341692.7899686518 -32361.440735286273 -0.05070656915858421 
344827.5862068963 -42117.17043256581 -0.05123205842815957 
347962.3824451408 -49311.11702188485 -0.04975314010978673 
351097.1786833853 -53667.96466790921 -0.04631836814377987 
354231.9749216298 -55839.63500383873 -0.04109302620231517 
357366.77115987433 -56595.97867839874 -0.034315480965872544 
360501.56739811884 -55937.56992623329 -0.026247716515305206 
363636.36363636336 -53080.33810310633 -0.017163887089108123 
366771.15987460787 -47344.636960579286 -0.007378714520678012 
369905.9561128524 -39021.42216579939 0.002726383199095718 
373040.7523510969 -29298.65815112085 0.012721001168982095 
376175.5485893414 -19310.00991711626 0.022183940146140255 
379310.3448275859 -9291.116461597587 0.030756181081494718 
382445.1410658304 1278.5594373888453 0.03814785770176522 
385579.93730407493 12704.339816705891 0.044105865483584875 
388714.73354231945 24309.426280478758 0.04838903850426434 
391849.52978056396 34700.569231225454 0.050788453787284964 
394984.32601880847 42812.143765951536 0.051180898961276616 
398119.122257053 48650.1223015212 0.04956585006918308 
401253.9184952975 52963.181279532204 0.046050426707178176 
404388.714733542 56191.4190209762 0.04079838839415892 
407523.5109717865 57805.92645393114 0.033994309513465215 
410658.307210031 56746.84693621134 0.025855583978513785 
413793.10344827553 52511.52100103881 0.016672018055083424 
416927.89968652005 45751.25441022692 0.006821087065750914 
420062.69592476456 37740.54800145855 -0.003269836399861542 
423197.49216300907 29263.526021905185 -0.013188793456702446 
426332.2884012536 20078.713254519855 -0.022578312868522004 
429467.0846394981 9520.204278429243 -0.031122106244216192 
432601.8808777426 -2403.219658507878 -0.03850809822928261 
435736.6771159871 -14581.866370813674 -0.04442094173479569 
438871.4733542316 -25523.62699110934 -0.04858517956617427 
442006.26959247614 -34485.79189864048 -0.05082513138632268 
445141.06583072065 -41846.594133779465 -0.05108740148972148 
448275.86206896516 -48334.50875898922 -0.04940828688242554 
451410.65830720967 -53933.763797114094 -0.04586349604144138 
454545.4545454542 -57630.709760817044 -0.040553567469308285 
457680.2507836987 -58285.57158282155 -0.033638144261463575 
460815.0470219432 -55726.35024061616 -0.025377922374421095 
463949.8432601877 -50916.90810659493 -0.016131969294668806 
467084.6394984322 -45015.41064434231 -0.006302388504780039 
470219.43573667674 -38304.97782342075 0.003728193456543527 
473354.23197492125 -30117.663009287702 0.013614405944779676 
476489.02821316576 -19830.83963505138 0.023017001547982578 
479623.82445141027 -7881.801847309107 0.03157057142098108 
482758.6206896548 4283.2743901795475 0.03889924001960159 
485893.4169278993 15295.941865147848 0.044678444545844624 
489028.2131661438 24866.183293636 0.048690930016947784 
492163.0094043883 33658.211032395004 0.050828943382624045 
495297.8056426328 42180.75092513302 0.051048710812513 
498432.60188087734 49870.87933752206 0.04933103734040875 
501567.39811912185 55353.78773843164 0.04569295834419104 
504702.19435736636 57625.935733497 0.040238876925199125 
507836.99059561087 56930.729045805376 0.03319488691169979 
510971.7868338554 54408.05393698189 0.024884396718558004 
514106.5830720999 50882.18670235018 0.015662084177682913 
517241.3793103444 46060.6918682252 0.005864921536221321 
520376.1755485889 38989.47521168468 -0.004180515009976621 
523510.9717868334 29287.28089419761 -0.014115778640802407 
526645.768025078 17854.370188263652 -0.02353260461178249 
529780.5642633225 6292.493692921154 -0.032013689243290226 
532915.360501567 -4375.377933594689 -0.039204672502230864 
536050.1567398115 -14356.059290035788 -0.04485586843845404 
539184.952978056 -24433.553069048663 -0.048802373551387265 
542319.7492163006 -34708.906688866715 -0.05091407117595051 
545454.5454545451 -44074.0220274026 -0.051076722835982594 
548589.3416927896 -50995.54050657847 -0.04923035320082201 
551724.1379310341 -54805.933312235415 -0.04542803202505233 
554858.9341692786 -56156.346225775385 -0.03985339609607905 
557993.7304075231 -56157.75659907196 -0.03277533477716483 
561128.5266457676 -55113.99597083984 -0.024481485956094878 
564263.3228840121 -52183.65495053423 -0.015252154139006888 
567398.1191222566 -46334.262164441345 -0.005391717041325751 
570532.9153605012 -37588.554309729545 0.004727848605055351 
573667.7115987457 -27244.535049403203 0.014671224080775463 
576802.5078369902 -16821.13161031902 0.024002610378479686 
579937.3040752347 -6820.739874101739 0.03235661029353022 
583072.1003134792 3401.7775818142545 0.039457472637414864 
586206.8965517237 14533.74781406272 0.045080232622241576 
589341.6927899682 26136.951733162467 0.049007103206980894 
592476.4890282127 36665.500441834876 0.05103593956472773 
595611.2852664572 44675.242327803295 0.05104075233366926 
598746.0815047018 49973.373522726644 0.0490267153302975 
601880.8777429463 53510.17510530667 0.04512466120432256 
605015.6739811908 56131.1315155958 0.039530506503542825 
608150.4702194353 57507.503753620374 0.032450154151097234 
611285.2664576798 56380.93837285967 0.024102160800869757 
614420.0626959243 51876.38659726214 0.014767235998495316 
617554.8589341688 44506.27647443226 0.004821865057100743 
620689.6551724133 35802.16475833079 -0.005292225558790528 
623824.4514106578 26947.141832657187 -0.015145122481591012 
626959.2476489024 17835.24005190839 -0.024376367682837335 
630094.0438871469 7540.450770549593 -0.03268758653344858 
633228.8401253914 -4303.9332346198935 -0.03979244141270736 
636363.6363636359 -16679.005283955194 -0.045390478095463586 
639498.4326018804 -27796.527189352702 -0.04920518723619164 
642633.2288401249 -36530.61061291181 -0.05105715226619376 
645768.0250783694 -43170.71977755043 -0.05090350767353426 
648902.8213166139 -48702.73555035813 -0.04880715531131633 
652037.6175548584 -53364.57397816396 -0.04486987233911833 
655172.413793103 -55984.89966165682 -0.039198485344080984 
658307.2100313475 -54792.95283637018 -0.03193578374874698 
661442.006269592 -48845.26336884199 -0.02331725672484351 
664576.8025078365 -38579.45983788819 -0.013685699840526897 
667711.598746081 -24957.598678669892 -0.0034394670363800247 
670846.3949843255 -8206.48502835838 0.007038969252233321 
673981.19122257 12337.722775081667 0.017404529248431434 
677115.9874608145 36880.42503407676 0.027302207613839963 
680250.783699059 63512.253715226165 0.03630524331362399 
683385.5799373036 87889.00026128365 0.04391356663464662 
686520.3761755481 104723.51001979395 0.04963382161726105 
689655.1724137926 109968.8312624863 0.05308914299216616 
692789.9686520371 102129.02259267382 0.054086640583028256 
695924.7648902816 82177.09939450085 0.052618445594776395 
699059.5611285261 52869.33101609214 0.04883230855378679 
702194.3573667706 18403.769052737625 0.04301511911958211 
705329.1536050151 -15684.6971656417 0.03558444288124906 
708463.9498432596 -43408.619004641776 0.027041651627476397 
711598.7460815042 -60500.93592624788 0.017863545358455565 
714733.5423197487 -66783.27599332301 0.00838292048306136 
717868.3385579932 -66655.90273753222 -0.0012464412877966514 
721003.1347962377 -66624.86578902879 -0.010950169541973857 
724137.9310344822 -71169.60080227611 -0.020558293500674084 
727272.7272727267 -79902.18350907671 -0.029689541443467624 
730407.5235109712 -88194.90177938191 -0.03779416333922527 
733542.3197492157 -90745.84066750188 -0.04433042515529783 
736677.1159874602 -85237.1237607711 -0.04894384528857727 
739811.9122257048 -73342.07559001411 -0.05152295985750973 
742946.7084639493 -58699.152438487705 -0.05211372864280665 
746081.5047021938 -43935.11142857621 -0.05078775598542749 
749216.3009404383 -29268.824228902566 -0.04758017988492028 
752351.0971786828 -13490.192816960349 -0.04253357244646203 
755485.8934169273 4038.707650744618 -0.03578587650661332 
758620.6896551718 22338.489701253624 -0.027611847439798904 
761755.4858934163 39480.726477853634 -0.018383532270524888 
764890.2821316608 54041.29436344479 -0.008492682924105847 
768025.0783699054 65858.4761916637 0.0016966182160968227 
771159.8746081499 75514.5139466697 0.011837986268383784 
774294.6708463944 83242.75324817334 0.02156706658395843 
777429.4670846389 88383.50829005128 0.030491096032595734 
780564.2633228834 89829.29183704683 0.0382233301512394 
783699.0595611279 86930.3869159142 0.04443754481998879 
786833.8557993724 80003.23421187418 0.04890280301076131 
789968.6520376169 70064.99335203512 0.05148077891360401 
793103.4482758614 58124.524247722875 0.05210041014859957 
796238.244514106 44651.95856606045 0.050738120356625414 
799373.0407523505 29596.88408692983 0.047420397755008004 
802507.836990595 12863.37044643001 0.04224445558109937 
805642.6332288395 -5151.12915876531 0.03539900484715643 
808777.429467084 -23356.673792181857 0.0271667878766151 
811912.2257053285 -40290.98030043204 0.017900901891026676 
815047.021943573 -54787.14084783601 0.007983130057009864 
818181.8181818175 -66510.28237504643 -0.002213352912927114 
821316.614420062 -75878.38785011781 -0.012334188465535642 
824451.4106583066 -83323.46268240453 -0.022024411683790927 
827586.2068965511 -88482.88416233074 -0.03090587681595463 
830721.0031347956 -90135.2668112978 -0.03858829761049798 
833855.7993730401 -87121.55768416915 -0.044724395630396006 
836990.5956112846 -79503.80466351601 -0.04907439033310994 
840125.3918495291 -68789.92073684116 -0.051525684043756605 
843260.1880877736 -56806.92589092876 -0.05204824091592862 
846394.9843260181 -44174.93896501549 -0.05062903814573774 
849529.7805642626 -29934.050236149837 -0.047256565438635205 
852664.5768025072 -12890.95832833476 -0.041981295404587074 
855799.3730407517 6521.742769897857 -0.034996842094543935 
858934.1692789962 25824.224591078993 -0.02665255396909589 
862068.9655172407 42184.89643777907 -0.017366683613933634 
865203.7617554852 54713.25446606826 -0.00751013405262114 
868338.5579937297 64981.90949508219 0.0026302341743564225 
871473.3542319742 75025.30276962221 0.012773749100864236 
874608.1504702187 84699.91979756879 0.02253938525238513 
877742.9467084632 91198.64500829534 0.03143798262684915 
880877.7429467078 91492.59825751392 0.038998114997643454 
884012.5391849523 85388.91512921726 0.04491911282789907 
887147.3354231968 75980.48677871231 0.049102963344702724 
890282.1316614413 66748.11639077261 0.05153075241538019 
893416.9278996858 58110.600397503666 0.05211142939864515 
896551.7241379303 47074.20712680254 0.05067000330357685 
899686.5203761748 30623.042770539774 0.04710440983430704 
902821.3166144193 9513.29605944414 0.041558031959696866 
905956.1128526638 -11594.98583663773 0.03442153598298888 
909090.9090909084 -28138.66453406561 0.02614263854969118 
912225.7053291529 -39847.286389453104 0.01702455698844334 
915360.5015673974 -50669.94956677145 0.007218115543332263 
918495.2978056419 -64209.37468182066 -0.0030817951236235077 
921630.0940438864 -79251.09886634411 -0.01344520874915184 
924764.8902821309 -90215.36814289127 -0.02324227128318829 
927899.6865203754 -92421.36680029088 -0.03189900727669529 
931034.4827586199 -86872.84951526581 -0.039130581042792136 
934169.2789968645 -79411.57452082791 -0.04491528574523097 
937304.075235109 -74770.43647494564 -0.04923314670378832 
940438.8714733535 -71561.6782557927 -0.051845354100193815 
943573.667711598 -63626.54611523357 -0.05236290301104397 
946708.4639498425 -46697.61609654162 -0.05055610545378573 
949843.260188087 -23557.44680475541 -0.04659236913416403 
952978.0564263315 -2058.3722816618974 -0.04094388780880246 
956112.852664576 12331.3986559466 -0.034041630310603394 
959247.6489028205 21827.999134175276 -0.026025417750303818 
962382.445141065 33706.76240922519 -0.01685491897750904 
965517.2413793096 52130.70358219594 -0.006672878159325506 
968652.0376175541 72885.84709288797 0.003966463640499901 
971786.8338557986 86841.2907193097 0.014269932960125497 
974921.6300940431 88936.0393283256 0.023631847040480443 
978056.4263322876 83402.82293627423 0.031887912669882335 
981191.2225705321 79459.57236756255 0.039131589133684815 
984326.0188087766 81583.35963861934 0.04528099298660054 
987460.8150470211 84485.25501675346 0.04985965478611301 
990595.6112852657 78393.54615488698 0.05224789856794578 
993730.4075235102 59576.683636680515 0.052166361049520604 
996865.2037617547 33119.051979242955 0.04998477484615733 
999999.9999999992 63842.8095889057 0.043805290178278354 
