#x u 
0.0 -201944.3653413158 0.005431181109907278 
3134.796238244514 -302393.05342092464 0.009856850611289497 
6269.592476489028 -498298.46422412293 0.008989831933419375 
9404.38871473354 -672428.692937351 0.007890045758273508 
12539.184952978056 -820613.9235317417 0.006482502243082176 
15673.98119122257 -937064.7348753855 0.004824340170473414 
18808.777429467085 -1017279.3050906536 0.002979619756862175 
21943.5736677116 -1058155.7114694172 0.0010196775485897004 
25078.369905956115 -1058113.2649439145 -0.0009796955632929928 
28213.16614420063 -1017153.606915287 -0.002941183874088918 
31347.962382445145 -936860.646258061 -0.004788936683560783 
34482.75862068966 -820339.3096018133 -0.006451501440251773 
37617.55485893417 -672095.4739018328 -0.007864586809726288 
40752.35109717868 -497861.7242984259 -0.008973548818744058 
43887.14733542319 -304375.6752036847 -0.009735503936235856 
47021.943573667704 -99119.4269333468 -0.010120987378296862 
50156.739811912215 109969.76691122525 -0.010115092510588113 
53291.53605015673 314806.4328263789 -0.009718047287485385 
56426.33228840124 507469.5424491457 -0.00894520543708969 
59561.12852664575 680508.8185110409 -0.007826452732974437 
62695.92476489026 827232.8368597016 -0.006405051312124999 
65830.72100313478 941967.7836509306 -0.004735966729264738 
68965.51724137929 1020276.8615774845 -0.0028837424403319297 
72100.3134796238 1059131.860701641 -0.0009200039087740696 
75235.10971786831 1057030.259252062 0.001079311149197594 
78369.90595611282 1014053.3261002924 0.003036889274052003 
81504.70219435733 931862.97809568 0.004877030972339453 
84639.49843260185 813637.5137855003 0.006528578014067788 
87774.29467084636 663948.7086955962 0.007927665119542782 
90909.09090909087 488585.0248937261 0.0090201896280165 
94043.88714733538 294327.7713170561 0.009763903646123851 
97178.68338557989 88688.87073790192 0.010130047772782728 
100313.4796238244 -120379.62608788155 0.010104463224460684 
103448.27586206891 -324793.0460098028 0.009688139354953395 
106583.07210031342 -516646.72757606924 0.008897175397099931 
109717.86833855794 -688521.6940802771 0.0077621579058405185 
112852.66457680245 -833771.5451775559 0.0063269779775827414 
115987.46081504696 -946779.4723061854 0.004647134014815985 
119122.25705329147 -1023175.4499408366 0.0027875860894712515 
122257.05329153598 -1060005.1296208226 0.0008202482814123863 
125391.84952978049 -1055843.4907753696 -0.0011787650209362018 
128526.645768025 -1010847.1425060325 -0.0031319539455759464 
131661.44200626953 -926737.9038059467 -0.0049629550059501265 
134796.23824451404 -806705.6851086029 -0.00659809438523648 
137931.03448275855 -655213.3436787683 -0.007965946171133649 
141065.83072100306 -477692.4948000352 -0.00899406167969621 
144200.62695924757 -280160.2370666382 -0.009603830377941148 
147335.42319749208 -68877.1205636241 -0.009708507359949079 
150470.2194357366 149729.7096820463 -0.009224141938874752 
153605.0156739811 368655.4276774731 -0.008103059661571514 
156739.81191222562 579447.3538922585 -0.006388008970547532 
159874.60815047013 771407.1822106589 -0.004262058969008275 
163009.40438871464 931834.0250174226 -0.002049342723963281 
166144.20062695915 1048100.0582567867 -0.00012989307649057067 
169278.99686520366 1111259.156775706 0.0012180814884161764 
172413.79310344817 1119386.7803775254 0.001966190542478671 
175548.58934169268 1078210.8024151041 0.0023624639882208922 
178683.3855799372 997877.5389446059 0.0027836757838271987 
181818.1818181817 887469.5833472374 0.0034874688954027473 
184952.97805642622 751032.8943785587 0.004436382292389083 
188087.77429467073 588189.2794672985 0.005334546045017121 
191222.57053291524 398905.6974355898 0.005857066237174512 
194357.36677115975 188431.2326714596 0.005888829710117874 
197492.16300940426 -31885.89719576933 0.005575709490762007 
200626.95924764877 -248619.58225895616 0.005154714553443454 
203761.75548589329 -451508.21975784976 0.004728323384302999 
206896.5517241378 -635298.7871399149 0.004194182163260601 
210031.3479623823 -796956.6018858787 0.0033862722611169146 
213166.14420062682 -931523.1825882712 0.0022765755135358123 
216300.94043887133 -1031094.3854260715 0.0010317867081872708 
219435.73667711584 -1088075.4404959655 -0.00012832552323362146 
222570.53291536035 -1099434.6264600714 -0.0011209338658612076 
225705.32915360486 -1067661.5707578615 -0.0020419076962710477 
228840.12539184937 -997559.6090332371 -0.0030194878384197715 
231974.9216300939 -892291.2596220869 -0.004036575157817838 
235109.7178683384 -752787.3053655861 -0.004909911140192832 
238244.5141065829 -581020.6584279551 -0.005448880866495701 
241379.31034482742 -383530.0889125701 -0.005627900868035465 
244514.10658307193 -171273.34108794256 -0.005592265875693501 
247648.90282131644 44291.095017832544 -0.005492350674755047 
250783.69905956095 255064.63372747632 -0.005321142366032478 
253918.49529780546 456369.8634316488 -0.004926058186567158 
257053.29153604998 643477.901276621 -0.004182314963122205 
260188.0877742945 808579.3758397022 -0.0031449798929644385 
263322.884012539 941692.2319924968 -0.0020190718375506624 
266457.6802507835 1034831.6851616424 -0.000978185654354449 
269592.476489028 1085301.1001199305 -2.1086265754157634e-05 
272727.27272727253 1094842.2667628184 0.0009845142503815752 
275862.06896551704 1065683.5252853343 0.0021187835317881274 
278996.86520376155 997724.0434587296 0.0032815523537000316 
282131.66144200607 889831.6683799517 0.004255500014026261 
285266.4576802506 743841.1642006162 0.0048958214559473474 
288401.2539184951 566939.4134028355 0.0052484112787398556 
291536.0501567396 369764.4467264019 0.005473691911559768 
294670.8463949841 162000.80417012126 0.0056573678186904505 
297805.6426332286 -50159.039553805625 0.005707915094474925 
300940.43887147313 -262315.38344509917 0.005448988784382946 
304075.23510971764 -468030.73053572647 0.004809625406879145 
307210.03134796215 -657223.0814868658 0.00391204562231385 
310344.82758620667 -818794.4150006219 0.0029643151810672917 
313479.6238244512 -945036.6298555789 0.00207001238794145 
316614.4200626957 -1033462.9306543646 0.001153939118834468 
319749.2163009402 -1084383.6892251768 8.055368553731845e-05 
322884.0125391847 -1096972.6959741618 -0.0011610238239820243 
326018.8087774292 -1068099.4729730545 -0.002401602213827984 
329153.60501567373 -995231.9936631015 -0.0034259669621706746 
332288.40125391824 -880370.6921209822 -0.004157040474030197 
335423.19749216276 -730828.3568544018 -0.004698157084988589 
338557.99373040727 -555926.6576220093 -0.00519060566205546 
341692.7899686518 -362915.11243695946 -0.005637623759361931 
344827.5862068963 -156181.8920215923 -0.005880947579618592 
347962.3824451408 59680.32343912536 -0.0057552421582676636 
351097.1786833853 276475.8241343807 -0.005258416025812085 
354231.9749216298 482565.600696867 -0.004558907675037326 
357366.77115987433 666742.0331448194 -0.0038321957693355337 
360501.56739811884 822066.2409547714 -0.003097983980182074 
363636.36363636336 945941.4449474569 -0.002228375773237606 
366771.15987460787 1036626.940100614 -0.0011172146289627097 
369905.9561128524 1090099.939628532 0.00016887947933273651 
373040.7523510969 1100756.0054331548 0.001418061852315394 
376175.5485893414 1065345.614505149 0.002451964236166297 
379310.3448275859 986082.098319803 0.003269293272658789 
382445.1410658304 869666.2733648403 0.004005095020876943 
385579.93730407493 723203.5032441252 0.004750257629023911 
388714.73354231945 551192.7482594957 0.005422576137665771 
391849.52978056396 356579.59474819654 0.005826174417535027 
394984.32601880847 144539.96387531966 0.00583773748315828 
398119.122257053 -75250.87908476769 0.005524460852990243 
401253.9184952975 -290546.38196756586 0.005070224171137231 
404388.714733542 -490942.9978678587 0.0045878470186871655 
407523.5109717865 -670465.833565307 0.004014646679296095 
410658.307210031 -825931.7257970476 0.0032004856992251564 
413793.10344827553 -953119.4794393396 0.002094767569090661 
416927.89968652005 -1045052.091698659 0.0008346144797740421 
420062.69592476456 -1094433.29556369 -0.0003597537592705132 
423197.49216300907 -1097863.6989026668 -0.0013738608930169388 
426332.2884012536 -1057536.80137733 -0.0022751170030037345 
429467.0846394981 -978706.2555252775 -0.003198004841495657 
432601.8808777426 -865598.3638558247 -0.004160829875500951 
435736.6771159871 -720012.135889526 -0.005008333518050991 
438871.4733542316 -543959.0466844109 -0.005541886325721919 
442006.26959247614 -343389.6155774236 -0.005701552318180675 
445141.06583072065 -128862.75193832815 -0.005609635543767226 
448275.86206896516 87811.5226358764 -0.005430776731291834 
451410.65830720967 297723.5041208894 -0.005196228312687843 
454545.4545454542 495764.387003756 -0.00477715814887871 
457680.2507836987 677658.8212682914 -0.004034707887078733 
460815.0470219432 836573.8528926435 -0.0029883793119530183 
463949.8432601877 963174.1658086035 -0.0018248597555681027 
467084.6394984322 1049338.8665891096 -0.0007369811986897156 
470219.43573667674 1091865.9769457036 0.00023914741241523217 
473354.23197492125 1092457.2690702525 0.0012191657382206295 
476489.02821316576 1054132.572086926 0.0023046466888600294 
479623.82445141027 977914.6896690784 0.0034325655419005915 
482758.6206896548 863274.9966076827 0.004399975204435113 
485893.4169278993 711809.943994034 0.005039439799331485 
489028.2131661438 530160.8153532804 0.005362174168311959 
492163.0094043883 328930.11538575595 0.00551971188280238 
495297.8056426328 118508.26072978035 0.005625543839941275 
498432.60188087734 -94069.98046710642 0.005625053376633668 
501567.39811912185 -304236.2714860744 0.0053508574165016965 
504702.19435736636 -506224.51663234836 0.004705334902641177 
507836.99059561087 -690812.7871073793 0.0037781274417638695 
510971.7868338554 -847165.8503557306 0.0027745617808134426 
514106.5830720999 -967142.2970674601 0.0018294868404901453 
517241.3793103444 -1047810.8032506257 0.0009011503819108275 
520376.1755485889 -1089765.2163807275 -0.00014475791552440815 
523510.9717868334 -1093196.7454973836 -0.0013509234222951593 
526645.768025078 -1055981.418434057 -0.002579428230660228 
529780.5642633225 -975858.0965535751 -0.0036131548467316643 
532915.360501567 -854406.84407531 -0.00434253355615595 
536050.1567398115 -698582.3762406018 -0.004842869992362159 
539184.952978056 -518068.6663551298 -0.0052625018073149225 
542319.7492163006 -321057.9094985988 -0.005640745017047645 
545454.5454545451 -112661.63170681732 -0.005848063533062494 
548589.3416927896 102649.1471560475 -0.005711990240651752 
551724.1379310341 317444.672535631 -0.0051967023935299075 
554858.9341692786 520683.4147667509 -0.00444751033088768 
557993.7304075231 701017.0307078273 -0.0036533179964236854 
561128.5266457676 850897.5137538755 -0.0028711710426767498 
564263.3228840121 967470.9929268032 -0.0019964603301422116 
567398.1191222566 1049592.9939566096 -0.0009088394168673638 
570532.9153605012 1094336.739884277 0.000361041455441556 
573667.7115987457 1096846.8577779434 0.001620827014002881 
576802.5078369902 1053814.6440176656 0.002674587227216825 
579937.3040752347 966982.1819316396 0.0034851498778103816 
583072.1003134792 842990.6772969645 0.004171673974391092 
586206.8965517237 689669.8832596752 0.004846729377400846 
589341.6927899682 512545.06332949933 0.005465709430106517 
592476.4890282127 315050.02486738516 0.005848114638289902 
595611.2852664572 101986.93844545826 0.0058492094076781805 
598746.0815047018 -117679.62341127185 0.005502203405986072 
601880.8777429463 -331934.385556474 0.004981899672195802 
605015.6739811908 -529879.0118767975 0.004428197369278547 
608150.4702194353 -704899.8480453028 0.0038147975379752746 
611285.2664576798 -853826.9831030694 0.0030004897730105734 
614420.0626959243 -973272.6561225107 0.001908070744970171 
617554.8589341688 -1057270.4260690957 0.000641549691180797 
620689.6551724133 -1098924.950482019 -0.0005829199454128723 
623824.4514106578 -1094514.1446700585 -0.0016212105196864043 
626959.2476489024 -1045851.481813214 -0.002508478504781902 
630094.0438871469 -958486.2282520531 -0.0033785223301125737 
633228.8401253914 -837632.1544034753 -0.004281826081136984 
636363.6363636359 -686037.8345781878 -0.005095228302373178 
639498.4326018804 -505906.382308237 -0.005619552918322678 
642633.2288401249 -302657.8740679789 -0.005763677431190873 
645768.0250783694 -86343.04912684267 -0.00562246473470384 
648902.8213166139 131051.27048819573 -0.005367396719947995 
652037.6175548584 339874.11729683954 -0.0050653743469235 
655172.413793103 534489.9972184324 -0.0046162474378051675 
658307.2100313475 710929.6484341034 -0.003874360513528613 
661442.006269592 863304.0963942087 -0.002825592542737082 
664576.8025078365 983052.422087373 -0.001632822058440138 
667711.598746081 1062080.5687285631 -0.0005009274897814428 
670846.3949843255 1096715.6459345233 0.0004980447254745274 
673981.19122257 1088494.4582766963 0.0014573001723413874 
677115.9874608145 1041078.2293454101 0.0024929942199388125 
680250.783699059 956596.1728673738 0.003578627588191505 
683385.5799373036 835254.4931943298 0.004531922669900208 
686520.3761755481 678548.1893447172 0.005169459502220707 
689655.1724137926 492564.3559860633 0.005467834369552917 
692789.9686520371 287715.90476990864 0.005563148856984617 
695924.7648902816 74950.82000908692 0.005590445044718577 
699059.5611285261 -137852.55721355992 0.005532657233485479 
702194.3573667706 -345820.68519596144 0.0052382088727604414 
705329.1536050151 -543743.8011830952 0.004588657368340616 
708463.9498432596 -723300.3356551667 0.003639735325310165 
711598.7460815042 -874083.2176865144 0.002586902210082104 
714733.5423197487 -987645.2503250362 0.001590802112279745 
717868.3385579932 -1060575.5961811657 0.0006450055591678112 
721003.1347962377 -1093598.3669831054 -0.0003763773855475663 
724137.9310344822 -1087817.0139741602 -0.0015429638478519833 
727272.7272727267 -1042170.1152747362 -0.0027507410268929238 
730407.5235109712 -954825.7468663288 -0.0037881218256324055 
733542.3197492157 -827035.2199152337 -0.004517526513457431 
736677.1159874602 -665318.857216763 -0.00498311201236995 
739811.9122257048 -479551.78099608416 -0.00533287811592765 
742946.7084639493 -278773.62329912564 -0.005638373729304402 
746081.5047021938 -68889.1283070535 -0.005802554010466653 
749216.3009404383 145603.0663972747 -0.005653247483487453 
752351.0971786828 357980.4074282143 -0.0051241880732875115 
755485.8934169273 557905.5615727617 -0.004333246973444985 
758620.6896551718 734062.1710666913 -0.0034753535689590444 
761755.4858934163 878361.8735347986 -0.0026421303217120653 
764890.2821316608 987596.5934059111 -0.0017569523241467294 
768025.0783699054 1061066.7744944508 -0.0006924531603393117 
771159.8746081499 1096904.7215064396 0.0005545438721856368 
774294.6708463944 1091128.780095426 0.0018162147894431233 
777429.4670846389 1040529.0698188423 0.0028860400277539683 
780564.2633228834 946393.3397997936 0.003692987730705786 
783699.0595611279 815142.5922111977 0.004336080104613883 
786833.8557993724 655147.4090381626 0.004944007218503913 
789968.6520376169 472959.4271858594 0.005507823335841367 
793103.4482758614 272734.6656519485 0.005863423842944878 
796238.244514106 59176.31885591988 0.00584465015115068 
799373.0407523505 -159456.40676748022 0.005450142854773809 
802507.836990595 -371810.1287955884 0.004851872098580909 
805642.6332288395 -567175.1912340074 0.004235076345170919 
808777.429467084 -738725.4747410165 0.003629861708085125 
811912.2257053285 -882932.754057725 0.00289983833774599 
815047.021943573 -995933.8694762966 0.0018924316241606372 
818181.8181818175 -1071072.4389004542 0.0005978437491002517 
821316.614420062 -1100855.0972747796 -0.0008318452726899003 
824451.4106583066 -1081984.2220326744 -0.002199633917883022 
827586.2068965511 -1018642.2559239331 -0.0033788413831786607 
830721.0031347956 -920522.2959660942 -0.0043118398978693245 
833855.7993730401 -797051.0099916705 -0.004923354103351204 
836990.5956112846 -652894.0838043212 -0.005082559648233986 
840125.3918495291 -488519.0365431072 -0.0046922180810551 
843260.1880877736 -304689.62688959675 -0.0038275713988397634 
846394.9843260181 -106228.37358265815 -0.002765777603363802 
849529.7805642626 98372.5182209386 -0.0018382029388007096 
852664.5768025072 300427.93245286617 -0.0012172167050710642 
855799.3730407517 493585.16505341546 -0.000829246366894798 
858934.1692789962 672844.5656154455 -0.00047467430669615156 
862068.9655172407 831645.0119443124 -3.7828547145703044e-05 
865203.7617554852 960822.9463633684 0.000414137016159802 
868338.5579937297 1051231.9558760293 0.0007287249326875882 
871473.3542319742 1097757.7879670248 0.0008482149882069071 
874608.1504702187 1100773.4227454276 0.000879980515738913 
877742.9467084632 1063605.8087328598 0.0009851713371905567 
880877.7429467078 988682.7772155894 0.001206504105668564 
884012.5391849523 876360.6509633575 0.0014192937662290926 
887147.3354231968 727571.7580315244 0.0014590210842873909 
890282.1316614413 547371.6738542977 0.0012921618862203246 
893416.9278996858 345475.026284833 0.001051053776178595 
896551.7241379303 132990.40725091065 0.0008963424658438666 
899686.5203761748 -81479.90851199556 0.0008516810947883664 
902821.3166144193 -292575.8414126775 0.0007843325829008374 
905956.1128526638 -495300.77756986313 0.0005517579603209581 
909090.9090909084 -681886.0072131032 0.00015971207664386422 
912225.7053291529 -842019.0033654924 -0.00023467233760486594 
915360.5015673974 -966500.2940387432 -0.0004783042925950824 
918495.2978056419 -1050760.2765747088 -0.0005729508717858029 
921630.0940438864 -1094777.0916949525 -0.0006633046118324995 
924764.8902821309 -1099673.184070782 -0.0008753435739570088 
927899.6865203754 -1064702.9575326222 -0.001175370321375711 
931034.4827586199 -987868.6952649596 -0.0013982257779333075 
934169.2789968645 -869521.3161612048 -0.0014151853697134502 
937304.075235109 -715100.7480284629 -0.0012651712972561622 
940438.8714733535 -534015.5023705205 -0.001111532179985315 
943573.667711598 -335663.97880588856 -0.0010700290070651767 
946708.4639498425 -126553.21615626945 -0.001088947837160915 
949843.260188087 88727.49595994709 -0.0010072617273980278 
952978.0564263315 304006.36630337976 -0.0007294358968965072 
956112.852664576 509505.32164355204 -0.0003328273145595199 
959247.6489028205 693748.2849183533 5.445763501566413e-06 
962382.445141065 847716.5756370982 0.00018548521164390899 
965517.2413793096 967187.5370525222 0.0002796874402889397 
968652.0376175541 1051075.3656848464 0.0004464063828557305 
971786.8338557986 1097756.729447126 0.0007534800080830494 
974921.6300940431 1103431.262412369 0.0010975784082311322 
978056.4263322876 1064368.3997618307 0.001304453055101486 
981191.2225705321 980743.6275025697 0.0013049073626193002 
984326.0188087766 858033.6380866345 0.0012017342939921955 
987460.8150470211 704444.2599224272 0.0011575535834771368 
990595.6112852657 526955.7360749972 0.0012216713275754777 
993730.4075235102 329900.02859198017 0.001280973739635415 
996865.2037617547 120082.89861994005 0.0010603421839267407 
999999.9999999992 -201944.3653670507 0.005431181108727647 
