#x u 
0.0 3.4120439193584635e+25 1.564003358338593e+18 
3134.796238244514 -8.53869864108792e+23 -3.913945326065335e+16 
6269.592476489028 2.1013192136970595e+22 963196953156775.8 
9404.38871473354 -8.809069427437834e+20 -40378771475276.57 
12539.184952978056 -3.421071443602355e+20 -15681413702011.744 
15673.98119122257 -3.64694501865494e+20 -16716766816807.908 
18808.777429467085 -3.734664799239373e+20 -17118854347723.867 
21943.5736677116 -3.828176210001177e+20 -17547489394184.639 
25078.369905956115 -3.9239368458807804e+20 -17986434377451.926 
28213.16614420063 -4.022095210225738e+20 -18436370003008.18 
31347.962382445145 -4.122708975516332e+20 -18897560628017.867 
34482.75862068966 -4.2258396219399157e+20 -19370288063957.86 
37617.55485893417 -4.331550108486348e+20 -19854840900597.832 
40752.35109717868 -4.4399049705843936e+20 -20351514953533.473 
43887.14733542319 -4.550970357982252e+20 -20860613438160.64 
47021.943573667704 -4.6648140751795926e+20 -21382447154904.766 
50156.739811912215 -4.78150562281651e+20 -21917334678976.914 
53291.53605015673 -4.901116240126142e+20 -22465602554755.918 
56426.33228840124 -5.023718948404674e+20 -23027585495237.04 
59561.12852664575 -5.1493885955855594e+20 -23603626586393.07 
62695.92476489026 -5.278201901953204e+20 -24194077496535.223 
65830.72100313478 -5.4102375069711106e+20 -24799298691044.887 
68965.51724137929 -5.5455760172818366e+20 -25419659652475.137 
72100.3134796238 -5.68430005592236e+20 -26055539106090.56 
75235.10971786831 -5.82649431277091e+20 -26707325251047.957 
78369.90595611282 -5.972245596253036e+20 -27375415997372.03 
81504.70219435733 -6.12164288632568e+20 -28060219208930.055 
84639.49843260185 -6.274777388795522e+20 -28762152952444.094 
87774.29467084636 -6.431742591008387e+20 -29481645752675.93 
90909.09090909087 -6.592634318926888e+20 -30219136854017.59 
94043.88714733538 -6.757550795621543e+20 -30975076488691.81 
97178.68338557989 -6.926592701234579e+20 -31749926151617.49 
100313.4796238244 -7.099863234454256e+20 -32544158882103.113 
103448.27586206891 -7.277468175512226e+20 -33358259552654.35 
106583.07210031342 -7.459515950755979e+20 -34192725165009.867 
109717.86833855794 -7.646117698846311e+20 -35048065153538.223 
112852.66457680245 -7.837387338608838e+20 -35924801696232.85 
115987.46081504696 -8.033441638578553e+20 -36823470033506.25 
119122.25705329147 -8.234400288285974e+20 -37744618794950.33 
122257.05329153598 -8.440385971326766e+20 -38688810334269.5 
125391.84952978049 -8.651524440257576e+20 -39656621072599.625 
128526.645768025 -8.867944593367019e+20 -40648641850408.234 
131661.44200626953 -9.089778553370833e+20 -41665478288179.99 
134796.23824451404 -9.317161748071837e+20 -42707751156142.56 
137931.03448275855 -9.550232993032798e+20 -43776096753262.92 
141065.83072100306 -9.789134576320093e+20 -44871167295712.57 
144200.62695924757 -1.0034012345372962e+21 -45993631315023.52 
147335.42319749208 -1.0285015796046268e+21 -47144174066202.77 
150470.2194357366 -1.0542298163874773e+21 -48323497946082.3 
153605.0156739811 -1.0806016517618902e+21 -49532322922141.71 
156739.81191222562 -1.1076331855153965e+21 -50771386972042.15 
159874.60815047013 -1.1353409201759503e+21 -52041446534148.734 
163009.40438871464 -1.1637417710865959e+21 -53343276969329.555 
166144.20062695915 -1.1928530767321178e+21 -54677673034308.5 
169278.99686520366 -1.222692609324053e+21 -56045449366856.836 
172413.79310344817 -1.2532785856504888e+21 -57447440983122.54 
175548.58934169268 -1.284629678197251e+21 -58884503787401.31 
178683.3855799372 -1.3167650265472937e+21 -60357515094659.47 
181818.1818181817 -1.349704249065243e+21 -61867374166127.96 
184952.97805642622 -1.3834674548742388e+21 -63415002758294.62 
188087.77429467073 -1.418075256132384e+21 -65001345685628.34 
191222.57053291524 -1.4535487806163323e+21 -66627371397379.8 
194357.36677115975 -1.4899096846196707e+21 -68294072568808.78 
197492.16300940426 -1.5271801661738891e+21 -70002466707205.086 
200626.95924764877 -1.5653829786000236e+21 -71753596773072.36 
203761.75548589329 -1.6045414443993436e+21 -73548531816847.3 
206896.5517241378 -1.6446794694916105e+21 -75388367631543.39 
210031.3479623823 -1.6858215578094965e+21 -77274227421721.2 
213166.14420062682 -1.7279928262579963e+21 -79207262489196.88 
216300.94043887133 -1.771219020048031e+21 -81188652935905.67 
219435.73667711584 -1.8155265284136763e+21 -83219608384344.12 
222570.53291536035 -1.86094240072262e+21 -85301368716033.1 
225705.32915360486 -1.9074943629896112e+21 -87435204828453.31 
228840.12539184937 -1.955210834802975e+21 -89622419410917.42 
231974.9216300939 -2.0041209466744975e+21 -91864347739852.5 
235109.7178683384 -2.0542545578233202e+21 -94162358493977.16 
238244.5141065829 -2.1056422744047527e+21 -96517854589869.12 
241379.31034482742 -2.1583154681951043e+21 -98932274038432.02 
244514.10658307193 -2.2123062957439275e+21 -101407090822788.36 
247648.90282131644 -2.2676477180053136e+21 -103943815798134.06 
250783.69905956095 -2.324373520460263e+21 -106543997614104.14 
253918.49529780546 -2.382518333742442e+21 -109209223660210.47 
257053.29153604998 -2.442117654779902e+21 -111941121034930.28 
260188.0877742945 -2.503207868465641e+21 -114741357539036.47 
263322.884012539 -2.565826269870283e+21 -117611642693776.72 
266457.6802507835 -2.630011087010442e+21 -120553728784520.88 
269592.476489028 -2.69580150418661e+21 -123569411930515.06 
272727.27272727253 -2.7632376859048464e+21 -126660533181399.62 
275862.06896551704 -2.832360801396837e+21 -129828979641155.33 
278996.86520376155 -2.903213049753373e+21 -133076685620165.3 
282131.66144200607 -2.9758376856865944e+21 -136405633816093.3 
285266.4576802506 -3.0502790459366593e+21 -139817856524303.5 
288401.2539184951 -3.126582576338898e+21 -143315436878561.53 
291536.0501567396 -3.2047948595680945e+21 -146900510122772.12 
294670.8463949841 -3.2849636435768204e+21 -150575264914528.56 
297805.6426332286 -3.3671378707452264e+21 -154341944661266.6 
300940.43887147313 -3.451367707759986e+21 -158202848889845.75 
304075.23510971764 -3.53770457624061e+21 -162160334650392.44 
307210.03134796215 -3.626201184131886e+21 -166216817955260.7 
310344.82758620667 -3.7169115578816387e+21 -170374775253988.97 
313479.6238244512 -3.8098910754234664e+21 -174636744945150.1 
316614.4200626957 -3.905196499984515e+21 -179005328926022.4 
319749.2163009402 -4.0028860147389474e+21 -183483194181026.84 
322884.0125391847 -4.1030192583282854e+21 -188073074409899.4 
326018.8087774292 -4.2056573612703083e+21 -192777771696592.66 
329153.60501567373 -4.310862983278727e+21 -197600158219923.6 
332288.40125391824 -4.418700351516434e+21 -202543178007015.47 
335423.19749216276 -4.529235299805647e+21 -207609848730602.62 
338557.99373040727 -4.642535308818905e+21 -212803263551294.06 
341692.7899686518 -4.758669547275472e+21 -218126593005924.0 
344827.5862068963 -4.877708914168259e+21 -223583086943136.75 
347962.3824451408 -4.999726082047092e+21 -229176076507392.62 
351097.1786833853 -5.124795541384706e+21 -234908976172603.12 
354231.9749216298 -5.252993646052559e+21 -240785285826639.7 
357366.77115987433 -5.384398659934237e+21 -246808592907987.75 
360501.56739811884 -5.519090804704857e+21 -252982574595848.03 
363636.36363636336 -5.657152308805791e+21 -259311000055024.8 
366771.15987460787 -5.798667457644417e+21 -265797732736968.34 
369905.9561128524 -5.943722645049694e+21 -272446732738379.44 
373040.7523510969 -6.092406426014913e+21 -279262059218815.62 
376175.5485893414 -6.24480957075975e+21 -286247872878775.0 
379310.3448275859 -6.401025120144735e+21 -293408438499770.6 
382445.1410658304 -6.561148442471903e+21 -300748127547944.06 
385579.93730407493 -6.725277291706391e+21 -308271420842809.56 
388714.73354231945 -6.893511867154394e+21 -315982911292756.9 
391849.52978056396 -7.065954874634039e+21 -323887306698983.3 
394984.32601880847 -7.24271158917644e+21 -331989432629567.56 
398119.122257053 -7.423889919295256e+21 -340294235365438.94 
401253.9184952975 -7.609600472863885e+21 -348806784920042.75 
404388.714733542 -7.799956624640697e+21 -357532278134541.25 
407523.5109717865 -7.995074585483375e+21 -366476041850439.44 
410658.307210031 -8.195073473294676e+21 -375643536161581.2 
413793.10344827553 -8.400075385742965e+21 -385040357747490.25 
416927.89968652005 -8.610205474801788e+21 -394672243290095.1 
420062.69592476456 -8.825592023154172e+21 -404545072975928.1 
423197.49216300907 -9.046366522508067e+21 -414664874085930.8 
426332.2884012536 -9.272663753871e+21 -425037824675056.9 
429467.0846394981 -9.504621869832746e+21 -435670257343926.7 
432601.8808777426 -9.742382478906356e+21 -446568663104825.3 
435736.6771159871 -9.986090731978977e+21 -457739695344412.94 
438871.4733542316 -1.0235895410925289e+22 -469190173885562.56 
442006.26959247614 -1.0491949019437575e+22 -480927089150804.1 
445141.06583072065 -1.0754407876127971e+22 -492957606429921.1 
448275.86206896516 -1.1023432209959718e+22 -505289070254300.25 
451410.65830720967 -1.1299186258065574e+22 -517929008880708.1 
454545.4545454542 -1.1581838366013271e+22 -530885138887228.4 
457680.2507836987 -1.1871561090579061e+22 -544165369884169.0 
460815.0470219432 -1.216853130509222e+22 -557777809342816.0 
463949.8432601877 -1.2472930307414763e+22 -571730767544974.5 
467084.6394984322 -1.2784943930622255e+22 -586032762656330.2 
470219.43573667674 -1.3104762656453395e+22 -600692525926715.1 
473354.23197492125 -1.3432581731597536e+22 -615719007020467.4 
476489.02821316576 -1.3768601286891188e+22 -631121379480126.8 
479623.82445141027 -1.411302645949623e+22 -646909046326804.6 
482758.6206896548 -1.446606751813445e+22 -663091645800652.9 
485893.4169278993 -1.4827939991454879e+22 -679679057244928.9 
489028.2131661438 -1.5198864799612197e+22 -696681407137253.9 
492163.0094043883 -1.5579068389136724e+22 -714109075271740.6 
495297.8056426328 -1.5968782871178066e+22 -731972701095774.2 
498432.60188087734 -1.6368246163207226e+22 -750283190205306.4 
501567.39811912185 -1.6777702134263044e+22 -769051721002634.1 
504702.19435736636 -1.719740075383245e+22 -788289751520718.6 
507836.99059561087 -1.7627598244454576e+22 -808009026418222.2 
510971.7868338554 -1.8068557238142576e+22 -828221584149522.4 
514106.5830720999 -1.8520546936718338e+22 -848939764314092.0 
517241.3793103444 -1.898384327615789e+22 -870176215189720.4 
520376.1755485889 -1.9458729095048095e+22 -891943901454183.6 
523510.9717868334 -1.9945494307257274e+22 -914256112100073.0 
526645.768025078 -2.0444436078925196e+22 -937126468547617.2 
529780.5642633225 -2.095585900988053e+22 -960568932960440.4 
532915.360501567 -2.148007531959656e+22 -984597816769354.0 
536050.1567398115 -2.2017405037798616e+22 -1009227789409365.2 
539184.952978056 -2.256817619983953e+22 -1034473887275245.6 
542319.7492163006 -2.3132725046962542e+22 -1060351522901126.0 
545454.5454545451 -2.3711396231573804e+22 -1086876494369722.1 
548589.3416927896 -2.4304543027649787e+22 -1114064994956930.8 
551724.1379310341 -2.491252754640809e+22 -1141933623017692.8 
554858.9341692786 -2.553572095737347e+22 -1170499392119153.2 
557993.7304075231 -2.6174503714973676e+22 -1199779741427297.0 
561128.5266457676 -2.6829265790803743e+22 -1229792546353429.2 
564263.3228840121 -2.750040691170051e+22 -1260556129466950.0 
567398.1191222566 -2.8188336803772428e+22 -1292089271681142.2 
570532.9153605012 -2.8893475442534025e+22 -1324411223718757.2 
573667.7115987457 -2.961625330929744e+22 -1357541717864427.8 
576802.5078369902 -3.0357111653977784e+22 -1391500980011061.0 
579937.3040752347 -3.1116502764472542e+22 -1426309742007583.2 
583072.1003134792 -3.189489024277964e+22 -1461989254315559.0 
586206.8965517237 -3.269274928802253e+22 -1498561298982420.5 
589341.6927899682 -3.351056698655537e+22 -1536048202939231.5 
592476.4890282127 -3.43488426093252e+22 -1574472851631089.5 
595611.2852664572 -3.5208087916672767e+22 -1613858702988505.2 
598746.0815047018 -3.608882747075802e+22 -1654229801748276.0 
601880.8777429463 -3.6991598955800906e+22 -1695610794132596.8 
605015.6739811908 -3.791695350633318e+22 -1738026942895373.2 
608150.4702194353 -3.886545604366144e+22 -1781504142744928.5 
611285.2664576798 -3.9837685620746884e+22 -1826068936152503.2 
614420.0626959243 -4.083423577571259e+22 -1871748529556218.5 
617554.8589341688 -4.1855714894193246e+22 -1918570809970383.8 
620689.6551724133 -4.290274658074994e+22 -1966564362010285.8 
623824.4514106578 -4.397597003957542e+22 -2015758485342858.8 
626959.2476489024 -4.507604046472284e+22 -2066183212573891.5 
630094.0438871469 -4.620362944009656e+22 -2117869327582684.2 
633228.8401253914 -4.7359425349448486e+22 -2170848384315349.0 
636363.6363636359 -4.854413379663044e+22 -2225152726048238.2 
639498.4326018804 -4.975847803635991e+22 -2280815505133248.0 
642633.2288401249 -5.100319941576068e+22 -2337870703237049.0 
645768.0250783694 -5.227905782694937e+22 -2396353152086618.5 
648902.8213166139 -5.358683217094317e+22 -2456298554733720.5 
652037.6175548584 -5.492732083317263e+22 -2517743507351325.0 
655172.413793103 -5.6301342170889144e+22 -2580725521575265.5 
658307.2100313475 -5.770973501276542e+22 -2645283047404789.0 
661442.006269592 -5.91533591709934e+22 -2711455496675952.5 
664576.8025078365 -6.063309596619253e+22 -2779283267122229.0 
667711.598746081 -6.214984876544871e+22 -2848807767036996.0 
670846.3949843255 -6.370454353381257e+22 -2920071440552947.5 
673981.19122257 -6.52981293995933e+22 -2993117793553897.0 
677115.9874608145 -6.693157923379366e+22 -3067991420234742.5 
680250.783699059 -6.860589024403961e+22 -3144738030325866.5 
683385.5799373036 -7.032208458336763e+22 -3223404476998552.0 
686520.3761755481 -7.208120997424044e+22 -3304038785468445.5 
689655.1724137926 -7.388434034817302e+22 -3386690182314565.0 
692789.9686520371 -7.573257650135877e+22 -3471409125531709.0 
695924.7648902816 -7.762704676669656e+22 -3558247335334648.5 
699059.5611285261 -7.95689077026287e+22 -3647257825732894.5 
702194.3573667706 -8.155934479921057e+22 -3738494936895313.0 
705329.1536050151 -8.359957320184205e+22 -3832014368324361.5 
708463.9498432596 -8.5690838453104e+22 -3927873212860145.5 
711598.7460815042 -8.783441725315139e+22 -4026129991535136.0 
714733.5423197487 -9.003161823912852e+22 -4126844689300785.5 
717868.3385579932 -9.2283782784081e+22 -4230078791647835.5 
721003.1347962377 -9.459228581585333e+22 -4335895322142714.0 
724137.9310344822 -9.695853665647059e+22 -4444358880902910.5 
727272.7272727267 -9.938397988251824e+22 -4555535684034779.0 
730407.5235109712 -1.0187009620704324e+23 -4669493604057937.0 
733542.3197492157 -1.0441840338351819e+23 -4786302211340885.0 
736677.1159874602 -1.0703045713241661e+23 -4906032816573135.0 
739811.9122257048 -1.0970785209096818e+23 -5028758514299816.0 
742946.7084639493 -1.1245222278667105e+23 -5154554227545275.0 
746081.5047021938 -1.152652446351575e+23 -5283496753552967.0 
749216.3009404383 -1.181486349630212e+23 -5415664810669527.0 
752351.0971786828 -1.2110415405623052e+23 -5551139086401661.0 
755485.8934169273 -1.2413360623476947e+23 -5690002286675236.0 
758620.6896551718 -1.2723884095415977e+23 -5832339186326552.0 
761755.4858934163 -1.3042175393453832e+23 -5978236680856676.0 
764890.2821316608 -1.336842883179784e+23 -6127783839480439.0 
768025.0783699054 -1.3702843585476161e+23 -6281071959502413.0 
771159.8746081499 -1.4045623811932524e+23 -6438194622053198.0 
774294.6708463944 -1.4396978775662679e+23 -6599247749219928.0 
777429.4670846389 -1.4757122975968619e+23 -6764329662605895.0 
780564.2633228834 -1.512627627790869e+23 -6933541143355123.0 
783699.0595611279 -1.55046640465233e+23 -7106985493678367.0 
786833.8557993724 -1.5892517284418407e+23 -7284768599918248.0 
789968.6520376169 -1.6290072772790786e+23 -7466998997192042.0 
793103.4482758614 -1.6697573215980954e+23 -7653787935651463.0 
796238.244514106 -1.711526738964223e+23 -7845249448399971.0 
799373.0407523505 -1.7543410292616135e+23 -8041500421108994.0 
802507.836990595 -1.7982263302606995e+23 -8242660663375680.0 
805642.6332288395 -1.8432094335751017e+23 -8448852981865660.0 
808777.429467084 -1.88931780101768e+23 -8660203255285530.0 
811912.2257053285 -1.9365795813657558e+23 -8876840511230788.0 
815047.021943573 -1.9850236275456974e+23 -9098897004956064.0 
818181.8181818175 -2.0346795142473905e+23 -9326508300115860.0 
821316.614420062 -2.0855775559793384e+23 -9559813351525016.0 
824451.4106583066 -2.137748825575422e+23 -9798954589989516.0 
827586.2068965511 -2.1912251731646276e+23 -1.004407800925935e+16 
830721.0031347956 -2.2460392456152716e+23 -1.0295333255156486e+16 
833855.7993730401 -2.3022245064656496e+23 -1.0552873716932374e+16 
836990.5956112846 -2.3598152563532304e+23 -1.081685662091079e+16 
840125.3918495291 -2.4188466539549214e+23 -1.1087443126473196e+16 
843260.1880877736 -2.479354737451155e+23 -1.136479842444525e+16 
846394.9843260181 -2.5413764465269073e+23 -1.1649091837944506e+16 
849529.7805642626 -2.6049496449230833e+23 -1.1940496925750754e+16 
852664.5768025072 -2.6701131435519857e+23 -1.2239191588262178e+16 
855799.3730407517 -2.7369067241910537e+23 -1.2545358176102016e+16 
858934.1692789962 -2.8053711637693184e+23 -1.2859183601442108e+16 
862068.9655172407 -2.8755482592613867e+23 -1.3180859452111338e+16 
865203.7617554852 -2.9474808532041715e+23 -1.3510582108558482e+16 
868338.5579937297 -3.0212128598518913e+23 -1.3848552863740798e+16 
871473.3542319742 -3.0967892919853456e+23 -1.4194978046011592e+16 
874608.1504702187 -3.174256288391825e+23 -1.4550069145081966e+16 
877742.9467084632 -3.2536611420324794e+23 -1.4914042941133562e+16 
880877.7429467078 -3.3350523289143056e+23 -1.5287121637161244e+16 
884012.5391849523 -3.418479537684349e+23 -1.5669532994626104e+16 
887147.3354231968 -3.503993699964201e+23 -1.6061510472502026e+16 
890282.1316614413 -3.59164702144331e+23 -1.6463293369800242e+16 
893416.9278996858 -3.681493013750108e+23 -1.6875126971659378e+16 
896551.7241379303 -3.7735865271204456e+23 -1.7297262699090134e+16 
899686.5203761748 -3.867983783883246e+23 -1.7729958262465916e+16 
902821.3166144193 -3.964742412783753e+23 -1.8173477818852756e+16 
905956.1128526638 -4.0639214841653785e+23 -1.862809213327497e+16 
909090.9090909084 -4.165581546031648e+23 -1.909407874401489e+16 
912225.7053291529 -4.2697846610102636e+23 -1.957172213204763e+16 
915360.5015673974 -4.3765944442418335e+23 -2.0061313894714652e+16 
918495.2978056419 -4.4860761022164355e+23 -2.056315292374142e+16 
921630.0940438864 -4.5982964725816066e+23 -2.1077545587708424e+16 
924764.8902821309 -4.7133240649461406e+23 -2.1604805919086464e+16 
927899.6865203754 -4.831229102704661e+23 -2.2145255805950876e+16 
931034.4827586199 -4.9520835659084126e+23 -2.269922518849156e+16 
934169.2789968645 -5.0759612352085164e+23 -2.326705226043896e+16 
937304.075235109 -5.2029377368984614e+23 -2.3849083675528416e+16 
940438.8714733535 -5.3330905890832935e+23 -2.4445674759129396e+16 
943573.667711598 -5.4664992490037745e+23 -2.505718972516863e+16 
946708.4639498425 -5.603245161544381e+23 -2.5684001898479684e+16 
949843.260188087 -5.7434118089547306e+23 -2.632649394271476e+16 
952978.0564263315 -5.887084761814828e+23 -2.6985058093957772e+16 
956112.852664576 -6.034351731275212e+23 -2.7660096400181264e+16 
959247.6489028205 -6.185302622603808e+23 -2.835202096669303e+16 
962382.445141065 -6.340029590072405e+23 -2.9061254207723324e+16 
965517.2413793096 -6.498627093216081e+23 -2.9788229104305136e+16 
968652.0376175541 -6.661191954499977e+23 -3.0533389468605704e+16 
971786.8338557986 -6.827823418428598e+23 -3.1297190214869936e+16 
974921.6300940431 -6.998623212133729e+23 -3.208009763714191e+16 
978056.4263322876 -7.173695607478064e+23 -3.2882589693933492e+16 
981191.2225705321 -7.353147484712274e+23 -3.37051563000141e+16 
984326.0188087766 -7.537088397724536e+23 -3.4548299625499604e+16 
987460.8150470211 -7.725630640922272e+23 -3.5412534402422956e+16 
990595.6112852657 -7.918889317786978e+23 -3.629838823897412e+16 
993730.4075235102 -8.116982411143959e+23 -3.720640194160033e+16 
996865.2037617547 -8.320030855189791e+23 -3.813712984516386e+16 
999999.9999999992 -8.528158609321722e+23 -3.909114015135886e+16 
