#x u 
0.0 285061.1043433168 0.03108123642392881 
3134.796238244514 280138.6810796107 0.02132613209596523 
6269.592476489028 439297.48326862697 0.02067515185790965 
9404.38871473354 514521.6375214383 0.022090085164029466 
12539.184952978056 654664.0717919002 0.01876294596766465 
15673.98119122257 769490.6640098026 0.014710244155257748 
18808.777429467085 854561.0729417172 0.010088697596919138 
21943.5736677116 906585.6281617533 0.005077021373788358 
25078.369905956115 923552.5415184696 -0.00013098312934789916 
28213.16614420063 904805.702928595 -0.005333922518394336 
31347.962382445145 851070.0521363057 -0.010330599267081351 
34482.75862068966 764423.5453128109 -0.014927792019895674 
37617.55485893417 648216.8005470881 -0.0189477274567025 
40752.35109717868 506943.5295344788 -0.02223495478225481 
43887.14733542319 346066.76586626336 -0.02466235700426566 
47021.943573667704 171807.60966758552 -0.026136066544081668 
50156.739811912215 -9095.34217710586 -0.026599095093425562 
53291.53605015673 -189646.5773843786 -0.026033537350744852 
56426.33228840124 -362864.18454371154 -0.024461263418741396 
59561.12852664575 -522049.84344400023 -0.021943073088088013 
62695.92476489026 -661047.8489360039 -0.01857634471115801 
65830.72100313478 -774483.1518849425 -0.014491269583757384 
68965.51724137929 -857969.212176008 -0.009845817451216834 
72100.3134796238 -908277.626102648 -0.004819627822587521 
75235.10971786831 -923462.9686510912 0.0003929366843435746 
78369.90595611282 -902938.0230333164 0.005590306340257 
81504.70219435733 -847496.4883444563 0.010571499000313572 
84639.49843260185 -759282.2872401295 0.015143892078291083 
87774.29467084636 -641706.660505 0.01913067125681376 
90909.09090909087 -499316.2544633562 0.02237766789225096 
94043.88714733538 -337617.3022880126 0.024759320712020583 
97178.68338557989 -162862.69811157457 0.026183531265623824 
100313.4796238244 18189.802221530364 0.02659522536924922 
103448.27586206891 198538.90339184462 0.025978482822979848 
106583.07210031342 371210.5105066214 0.024357153044496014 
109717.86833855794 529527.4171617973 0.02179393281273483 
112852.66457680245 667367.5128340896 0.01838794178513462 
115987.46081504696 779400.5247303115 0.01427088954314704 
119122.25705329147 861294.1392929554 0.009601982386264023 
122257.05329153598 909881.5326489673 0.004561766828697326 
125391.84952978049 923283.8316037643 -0.0006548521294711774 
128526.645768025 900982.7696171468 -0.005846147973401691 
131661.44200626953 843840.7281564714 -0.010811373432401163 
134796.23824451404 754067.3884284969 -0.015358523371482854 
137931.03448275855 635134.2830665387 -0.019311759624773345 
141065.83072100306 491640.55205688364 -0.022518210652658684 
144200.62695924757 329135.09411919065 -0.024853883080110658 
147335.42319749208 153901.99094220862 -0.026228456517164964 
150470.2194357366 -27282.49808615072 -0.026588776245972324 
153605.0156739811 -207411.97364713295 -0.025920908712308594 
156739.81191222562 -379520.83376439905 -0.024250680335741976 
159874.60815047013 -536953.6334451463 -0.021642678802682492 
163009.40438871464 -673622.450559021 -0.018197755462285567 
166144.20062695915 -784242.3056231953 -0.014049125407491765 
169278.99686520366 -864535.531816856 -0.009357216050965246 
172413.79310344817 -911397.1922421459 -0.004303463401359353 
175548.58934169268 -923015.1477505086 0.0009167040622588393 
178683.3855799372 -898940.1323148366 0.006101422604439261 
181818.1818181817 -840103.1261346616 0.011050199298570627 
184952.97805642622 -748779.3546568688 0.015571665082961319 
188087.77429467073 -628500.3056688475 0.019490974997309278 
191222.57053291524 -483917.1667607138 0.02265656943261516 
194357.36677115975 -320620.9640262666 0.024946034937187146 
197492.16300940426 -144926.3572342825 0.026270837941526185 
200626.95924764877 36372.54789494451 0.02657974834907793 
203761.75548589329 216264.92757511573 0.02586082060268874 
206896.5517241378 387794.34832122794 0.02414185561897982 
210031.3479623823 544327.7720453803 0.021489325727649056 
213166.14420062682 679812.0554612757 0.018005804188268783 
216300.94043887133 789008.0249723364 0.013825998685096416 
219435.73667711584 867693.0753738013 0.009111542184546463 
222570.53291536035 912824.4578824524 0.0040447425927255835 
225705.32915360486 922656.9431502442 -0.0011784670863946346 
228840.12539184937 896810.3092362623 -0.006356105474972442 
231974.9216300939 836284.044778955 -0.011287953435746019 
235109.7178683384 743418.6987973619 -0.01578329654068744 
238244.5141065829 621805.3717234823 -0.01966829999280651 
241379.31034482742 476146.8476451326 -0.022792730813075854 
244514.10658307193 312075.73777172883 -0.025035767345690213 
247648.90282131644 135936.66751027427 -0.026310671428247674 
250783.69905956095 -45459.07002852493 -0.02656814255415735 
253918.49529780546 -225096.90655169543 -0.025798224321903665 
257053.29153604998 -396030.2517512712 -0.024030689448825072 
260188.0877742945 -551649.1177647073 -0.021333888460935223 
263322.884012539 -685935.7272277875 -0.017812106579920047 
266457.6802507835 -793697.2205634841 -0.013601531016419213 
269592.476489028 -870766.4637221661 -0.008864984614252744 
272727.27272727253 -914163.191143246 -0.003785629495428721 
275862.06896551704 -922209.2525442699 0.0014401158141896372 
278996.86520376155 -894593.5069472126 0.006610171883997356 
282131.66144200607 -832383.8544917402 0.011524612784795541 
285266.4576802506 -737985.9407655143 0.01599339721909754 
288401.2539184951 -615050.130554009 0.01984371741299255 
291536.0501567396 -468330.34833241213 0.022926681588116136 
294670.8463949841 -303500.24413400097 0.025123071602715798 
297805.6426332286 -126933.79365591773 0.026347953113986952 
300940.43887147313 54541.18320964562 0.02655395998682538 
304075.23510971764 233907.05398707933 0.02573312594099774 
307210.03134796215 404227.74527649226 0.023917192606984324 
310344.82758620667 558916.9605255722 0.021176382077981788 
313479.6238244512 691992.8719401639 0.01761668142344747 
316614.4200626957 798309.437604219 0.013375744171973358 
319749.2163009402 873755.3987823154 0.00861756725303698 
322884.0125391847 915413.2621844022 0.0035261492401483393 
326018.8087774292 921672.1193528855 -0.0017016248690401737 
329153.60501567373 892289.9404493577 -0.006863597190298883 
332288.40125391824 828402.9335419441 -0.011760154392767883 
335423.19749216276 732481.60746986 -0.016201946741094007 
338557.99373040727 608235.2373330299 -0.020017210244605375 
341692.7899686518 460468.4269237139 -0.02305840876621195 
344827.5862068963 294895.31482705346 -0.025207939240859838 
347962.3824451408 117918.60883563929 -0.026382679382894212 
351097.1786833853 -63618.00658866772 -0.026537202022610888 
354231.9749216298 -242694.51540885202 -0.025665531773687095 
357366.77115987433 -412386.0338441263 -0.023801376101209873 
360501.56739811884 -566130.5954395309 -0.02101682185490756 
363636.36363636336 -697982.9021322973 -0.017419547672609184 
366771.15987460787 -802844.2287680641 -0.013148660050215168 
369905.9561128524 -876659.5906655036 -0.008369314097241103 
373040.7523510969 -916574.5497649062 -0.003266326993173972 
376175.5485893414 -921045.5956711927 0.0019629688878890755 
379310.3448275859 -889899.8331593921 0.007116356814840845 
382445.1410658304 -824341.6680283399 0.011994555415118483 
385579.93730407493 -726906.2327608207 0.016408924880021943 
388714.73354231945 -601361.353018636 0.020188761661043796 
391849.52978056396 -452561.8459255678 0.023187899571500147 
394984.32601880847 -286261.78441975 0.025290362029039178 
398119.122257053 -108891.98740787644 0.02641484686696218 
401253.9184952975 72688.65982900189 0.026517870286823536 
404388.714733542 251458.43854486023 0.025595448375747447 
407523.5109717865 420504.326203797 0.02368325116423183 
410658.307210031 573289.3228756121 0.020855223267027736 
413793.10344827553 703905.2368473285 0.017220724446875585 
416927.89968652005 807301.154237866 0.012920300675420597 
420062.69592476456 879478.7577020049 0.008120249224268404 
423197.49216300907 917646.9412546108 0.003006187953963719 
426332.2884012536 920329.7422640309 -0.002224122523685661 
429467.0846394981 887423.4168873674 -0.007368426243149824 
432601.8808777426 820200.4518421021 -0.012227793117925143 
435736.6771159871 721260.3573789389 -0.01661431156163036 
438871.4733542316 594429.144290311 -0.020358355023998992 
442006.26959247614 444611.3721759197 -0.023315141445016934 
445141.06583072065 277600.4902548925 -0.02537033197329014 
448275.86206896516 99854.80484026494 -0.02644445244635343 
451410.65830720967 -81752.26319248302 -0.026495966654396224 
454545.4545454542 -260197.9734058601 -0.025522882544378563 
457680.2507836987 -428581.83498424286 -0.023562829252669032 
460815.0470219432 -580392.4485281653 -0.020691601987353078 
463949.8432601877 -709759.3016940056 -0.01702023102957443 
467084.6394984322 -811679.7817484599 -0.012690688195548751 
470219.43573667674 -882212.62646842 -0.007870396790248296 
473354.23197492125 -918630.3326451611 -0.0027457573527005464 
476489.02821316576 -919524.6285600862 0.002485060447843891 
479623.82445141027 -884860.9318142127 0.007619781027692414 
482758.6206896548 -815979.6866286113 0.012459844880092679 
485893.4169278993 -715544.5289024225 0.016818086866019606 
489028.2131661438 -587439.2834842597 0.02052597388506863 
492163.0094043883 -436617.7767697474 0.023440122045916677 
495297.8056426328 -268912.2723680135 0.02544784131754383 
498432.60188087734 -90807.9376247434 0.026471493249702986 
501567.39811912185 90807.93762468902 0.02647149324970314 
504702.19435736636 268912.27236796194 0.025447841317544326 
507836.99059561087 436617.77676969947 0.023440122045917437 
510971.7868338554 587439.2834842177 0.02052597388506965 
514106.5830720999 715544.528902388 0.016818086866020834 
517241.3793103444 815979.6866285859 0.012459844880094077 
520376.1755485889 884860.9318141969 0.00761978102769389 
523510.9717868334 919524.6285600805 0.002485060447845346 
526645.768025078 918630.3326451654 -0.0027457573526990563 
529780.5642633225 882212.626468434 -0.007870396790246922 
532915.360501567 811679.7817484854 -0.012690688195547414 
536050.1567398115 709759.3016940391 -0.017020231029573278 
539184.952978056 580392.4485282066 -0.020691601987352072 
542319.7492163006 428581.83498428826 -0.023562829252668286 
545454.5454545451 260197.97340590737 -0.025522882544378192 
548589.3416927896 81752.26319253314 -0.02649596665439608 
551724.1379310341 -99854.8048402137 -0.0264444524463537 
554858.9341692786 -277600.49025484244 -0.025370331973290583 
557993.7304075231 -444611.3721758725 -0.02331514144501771 
561128.5266457676 -594429.1442902717 -0.020358355023999897 
564263.3228840121 -721260.3573789082 -0.016614311561631453 
567398.1191222566 -820200.4518420788 -0.01222779311792643 
570532.9153605012 -887423.4168873539 -0.007368426243151201 
573667.7115987457 -920329.742264025 -0.002224122523687151 
576802.5078369902 -917646.9412546172 0.003006187953962203 
579937.3040752347 -879478.7577020203 0.008120249224266955 
583072.1003134792 -807301.1542378925 0.01292030067541925 
586206.8965517237 -703905.2368473619 0.017220724446874433 
589341.6927899682 -573289.3228756504 0.02085522326702687 
592476.4890282127 -420504.326203842 0.02368325116423117 
595611.2852664572 -251458.43854490935 0.02559544837574714 
598746.0815047018 -72688.65982905444 0.026517870286823397 
601880.8777429463 108891.98740782346 0.026414846866962396 
605015.6739811908 286261.7844197007 0.02529036202903958 
608150.4702194353 452561.84592552396 0.02318789957150079 
611285.2664576798 601361.3530185978 0.020188761661044764 
614420.0626959243 726906.2327607903 0.016408924880023067 
617554.8589341688 824341.6680283152 0.011994555415119842 
620689.6551724133 889899.8331593785 0.007116356814842314 
623824.4514106578 921045.5956711881 0.0019629688878906064 
626959.2476489024 916574.5497649135 -0.003266326993172461 
630094.0438871469 876659.5906655208 -0.008369314097239709 
633228.8401253914 802844.2287680879 -0.01314866005021394 
636363.6363636359 697982.9021323303 -0.01741954767260808 
639498.4326018804 566130.5954395722 -0.021016821854906664 
642633.2288401249 412386.03384417424 -0.023801376101209158 
645768.0250783694 242694.51540890313 -0.02566553177368673 
648902.8213166139 63618.00658872 -0.026537202022610708 
652037.6175548584 -117918.6088355893 -0.02638267938289432 
655172.413793103 -294895.31482700567 -0.02520793924086035 
658307.2100313475 -460468.4269236692 -0.023058408766212728 
661442.006269592 -608235.2373329897 -0.020017210244606412 
664576.8025078365 -732481.6074698282 -0.016201946741095204 
667711.598746081 -828402.9335419198 -0.011760154392769267 
670846.3949843255 -892289.9404493453 -0.006863597190300311 
673981.19122257 -921672.1193528834 -0.0017016248690416287 
677115.9874608145 -915413.262184408 0.0035261492401469246 
680250.783699059 -873755.3987823316 0.008617567253035585 
683385.5799373036 -798309.4376042447 0.01337574417197207 
686520.3761755481 -691992.8719401998 0.01761668142344629 
689655.1724137926 -558916.9605256141 0.0211763820779809 
692789.9686520371 -404227.7452765394 0.023917192606983592 
695924.7648902816 -233907.0539871287 0.02573312594099729 
699059.5611285261 -54541.183209695475 0.02655395998682536 
702194.3573667706 126933.79365586673 0.026347953113987195 
705329.1536050151 303500.24413395085 0.02512307160271636 
708463.9498432596 468330.34833236656 0.022926681588116872 
711598.7460815042 615050.1305539687 0.019843717412993598 
714733.5423197487 737985.9407654837 0.015993397219098697 
717868.3385579932 832383.8544917193 0.011524612784796823 
721003.1347962377 894593.5069471996 0.0066101718839987654 
724137.9310344822 922209.2525442668 0.0014401158141911074 
727272.7272727267 914163.1911432525 -0.00378562949542721 
730407.5235109712 870766.4637221845 -0.008864984614251288 
733542.3197492157 793697.2205635109 -0.013601531016417926 
736677.1159874602 685935.7272278202 -0.01781210657991901 
739811.9122257048 551649.1177647476 -0.02133388846093433 
742946.7084639493 396030.25175131694 -0.02403068944882447 
746081.5047021938 225096.9065517461 -0.02579822432190329 
749216.3009404383 45459.070028577335 -0.02656814255415736 
752351.0971786828 -135936.66751022288 -0.026310671428247827 
755485.8934169273 -312075.7377716817 -0.025035767345690633 
758620.6896551718 -476146.8476450895 -0.022792730813076638 
761755.4858934163 -621805.371723445 -0.019668299992807493 
764890.2821316608 -743418.698797331 -0.015783296540688663 
768025.0783699054 -836284.0447789335 -0.011287953435747348 
771159.8746081499 -896810.3092362487 -0.006356105474973923 
774294.6708463944 -922656.9431502429 -0.0011784670863961453 
777429.4670846389 -912824.4578824611 0.004044742592724129 
780564.2633228834 -867693.0753738177 0.009111542184545147 
783699.0595611279 -789008.0249723634 0.013825998685095132 
786833.8557993724 -679812.0554613103 0.01800580418826771 
789968.6520376169 -544327.7720454225 0.021489325727648164 
793103.4482758614 -387794.3483212751 0.024141855618979267 
796238.244514106 -216264.9275751667 0.025860820602688316 
799373.0407523505 -36372.547894995245 0.02657974834907781 
802507.836990595 144926.35723423224 0.02627083794152649 
805642.6332288395 320620.9640262188 0.024946034937187646 
808777.429467084 483917.1667606697 0.022656569432615962 
811912.2257053285 628500.3056688098 0.019490974997310277 
815047.021943573 748779.3546568373 0.015571665082962587 
818181.8181818175 840103.1261346409 0.01105019929857197 
821316.614420062 898940.1323148257 0.006101422604440661 
824451.4106583066 923015.147750506 0.0009167040622602993 
827586.2068965511 911397.1922421549 -0.004303463401357888 
830721.0031347956 864535.5318168736 -0.009357216050963856 
833855.7993730401 784242.3056232231 -0.014049125407490511 
836990.5956112846 673622.4505590566 -0.01819775546228447 
840125.3918495291 536953.6334451895 -0.02164267880268156 
843260.1880877736 379520.8337644458 -0.024250680335741313 
846394.9843260181 207411.973647182 -0.025920908712308344 
849529.7805642626 27282.49808620191 -0.02658877624597225 
852664.5768025072 -153901.99094215743 -0.026228456517165252 
855799.3730407517 -329135.09411914175 -0.024853883080111192 
858934.1692789962 -491640.55205683835 -0.022518210652659545 
862068.9655172407 -635134.2830665014 -0.01931175962477432 
865203.7617554852 -754067.3884284683 -0.015358523371484013 
868338.5579937297 -843840.7281564499 -0.010811373432402537 
871473.3542319742 -900982.7696171362 -0.005846147973403135 
874608.1504702187 -923283.8316037627 -0.0006548521294726679 
877742.9467084632 -909881.532648977 0.004561766828695811 
880877.7429467078 -861294.139292974 0.009601982386262604 
884012.5391849523 -779400.5247303409 0.01427088954314571 
887147.3354231968 -667367.5128341265 0.01838794178513349 
890282.1316614413 -529527.4171618391 0.021793932812734014 
893416.9278996858 -371210.5105066695 0.02435715304449539 
896551.7241379303 -198538.90339189602 0.02597848282297957 
899686.5203761748 -18189.80222158354 0.026595225369249163 
902821.3166144193 162862.69811152146 0.026183531265624154 
905956.1128526638 337617.30228796304 0.024759320712021103 
909090.9090909084 499316.2544633127 0.022377667892251703 
912225.7053291529 641706.6605049621 0.01913067125681485 
915360.5015673974 759282.2872401004 0.015143892078292311 
918495.2978056419 847496.4883444346 0.010571499000314996 
921630.0940438864 902938.0230333058 0.005590306340258481 
924764.8902821309 923462.9686510898 0.000392936684345131 
927899.6865203754 908277.6261026587 -0.00481962782258597 
931034.4827586199 857969.2121760283 -0.009845817451215414 
934169.2789968645 774483.1518849707 -0.014491269583756145 
937304.075235109 661047.8489360409 -0.018576344711156906 
940438.8714733535 522049.84344404354 -0.02194307308808718 
943573.667711598 362864.1845437612 -0.02446126341874077 
946708.4639498425 189646.5773844316 -0.026033537350744592 
949843.260188087 9095.342177157345 -0.026599095093425604 
952978.0564263315 -171807.60966753447 -0.026136066544081932 
956112.852664576 -346066.7658662145 -0.024662357004266274 
959247.6489028205 -506943.52953443467 -0.022234954782255626 
962382.445141065 -648216.8005470494 -0.018947727456703607 
965517.2413793096 -764423.5453127818 -0.014927792019896899 
968652.0376175541 -851070.0521362863 -0.010330599267082706 
971786.8338557986 -904805.7029285841 -0.005333922518395811 
974921.6300940431 -923552.5415184702 -0.00013098312934941997 
978056.4263322876 -906585.6281617631 0.005077021373786862 
981191.2225705321 -854561.0729417386 0.010088697596917669 
984326.0188087766 -769490.6640098327 0.014710244155256439 
987460.8150470211 -654664.0717919393 0.018762945967663466 
990595.6112852657 -514521.63752148347 0.022090085164028533 
993730.4075235102 -356601.6774698778 0.024460758521832326 
996865.2037617547 -96754.7930032575 0.030174448409876133 
999999.9999999992 285061.10434328206 0.031081236423927225 
