#x u 
0.0 -65005.525746646366 0.04555986126475877 
3134.796238244514 -97322.66428163987 0.045306965143757094 
6269.592476489028 -159410.42688052787 0.04176492350611718 
9404.38871473354 -214972.41012927506 0.03662439834847003 
12539.184952978056 -262215.9840410091 0.030067857682849163 
15673.98119122257 -299320.21293439204 0.022348569015229917 
18808.777429467085 -324849.7139686923 0.013765062851539457 
21943.5736677116 -337817.286087499 0.004649262041368547 
25078.369905956115 -337721.4728121932 -0.004646325605785465 
28213.16614420063 -324565.97917552385 -0.013762239962626441 
31347.962382445145 -298859.5260998262 -0.022345968789877137 
34482.75862068966 -261596.16317000322 -0.030065578687406544 
37617.55485893417 -214216.7221292609 -0.036622546062048233 
40752.35109717868 -158552.52622863342 -0.04176327472863878 
43887.14733542319 -96752.13171780907 -0.0452887905645736 
47021.943573667704 -31189.83160558749 -0.04706205026391392 
50156.739811912215 35649.88317139211 -0.04701215329899406 
53291.53605015673 101323.0906038996 -0.04513457670068252 
56426.33228840124 163621.94248560717 -0.041486720420909944 
59561.12852664575 220800.26088289078 -0.036179260356116454 
62695.92476489026 271754.99034234375 -0.029366646333266626 
65830.72100313478 316009.85595770914 -0.02124383383019036 
68965.51724137929 353318.5281709817 -0.012057779293853703 
72100.3134796238 382833.3244540129 -0.0021364317960113357 
75235.10971786831 402120.0336445706 0.008077287981702114 
78369.90595611282 406694.6577653357 0.01801706603130414 
81504.70219435733 390852.5031297304 0.02704514993510247 
84639.49843260185 350009.4751897912 0.03457421854876309 
87774.29467084636 283664.48942382506 0.040217758366409756 
90909.09090909087 197147.74247018385 0.043884258567318465 
94043.88714733538 100520.5376688616 0.045739768247217136 
97178.68338557989 4663.500154348854 0.04604000207702897 
100313.4796238244 -83242.62212517939 0.04493258839972272 
103448.27586206891 -161776.67713464377 0.042369675811858444 
106583.07210031342 -233349.69399472082 0.03820065094050205 
109717.86833855794 -299802.2308481551 0.032375496568138075 
112852.66457680245 -359087.2255038978 0.025095513912268892 
115987.46081504696 -405706.36565236177 0.01678916460127269 
119122.25705329147 -434314.85207547026 0.00794001392335932 
122257.05329153598 -443158.30508778605 -0.0010800347175156072 
125391.84952978049 -434320.992367576 -0.010033389781130504 
128526.645768025 -410875.5146940577 -0.01869900177941463 
131661.44200626953 -373944.7620912121 -0.026751684322608833 
134796.23824451404 -322583.9420074903 -0.033771271879766356 
137931.03448275855 -256418.4108905347 -0.039378105084660116 
141065.83072100306 -178158.51083336366 -0.04336232247548731 
144200.62695924757 -93302.54739312176 -0.04568316521012353 
147335.42319749208 -7292.0030674073105 -0.046349900649550524 
150470.2194357366 76980.73444478938 -0.04531686918427032 
153605.0156739811 158822.12040828366 -0.04250643152141906 
156739.81191222562 237058.59198840536 -0.03793599323308523 
159874.60815047013 307985.60291360004 -0.03181342346276286 
163009.40438871464 366227.0501079691 -0.02449618893823795 
166144.20062695915 407714.25378032675 -0.016350510445761517 
169278.99686520366 431753.0632760767 -0.007649661562022947 
172413.79310344817 440092.04199284187 0.0013926561304319273 
175548.58934169268 434038.0580905655 0.010501461518578283 
178683.3855799372 412693.535493337 0.019272643545626314 
181818.1818181817 374182.7047850989 0.02724320573507241 
184952.97805642622 318564.76235851564 0.03403937796102004 
188087.77429467073 249333.9794367731 0.03945993664408406 
191222.57053291524 171870.33166309725 0.04341916019300527 
194357.36677115975 90389.26994112812 0.04581986452809121 
197492.16300940426 6497.321489518347 0.046498425293940195 
200626.95924764877 -79244.69264851905 0.0453056071850788 
203761.75548589329 -164521.86314325713 0.042241665163672594 
206896.5517241378 -244303.89103768783 0.037504501745878285 
210031.3479623823 -312862.86220187234 0.0313984403478469 
213166.14420062682 -366773.4590812081 0.024195087199791243 
216300.94043887133 -405857.9154325381 0.0160855852885381 
219435.73667711584 -431186.4244440196 0.007265194707419326 
222570.53291536035 -442321.4929447991 -0.0019498424724775764 
225705.32915360486 -436766.55461516127 -0.011108481482108332 
228840.12539184937 -412236.0896737083 -0.01974194859603156 
231974.9216300939 -369372.6808812376 -0.0275023610860654 
235109.7178683384 -312042.32931735186 -0.034190855446810484 
238244.5141065829 -244861.64489494407 -0.0396587821329425 
241379.31034482742 -170496.65366169807 -0.04369782044369549 
244514.10658307193 -89489.67300434395 -0.046044824279268814 
247648.90282131644 -2692.8704787980823 -0.0465045080786428 
250783.69905956095 86367.57460496685 -0.045066876803188584 
253918.49529780546 171807.96409109823 -0.04189935543593541 
257053.29153604998 248180.84783936097 -0.037222683852599935 
260188.0877742945 312938.7148749054 -0.031199106658682734 
263322.884012539 366104.1344079637 -0.02394573475504565 
266457.6802507835 407611.2641499578 -0.015651835872207812 
269592.476489028 435216.79005215934 -0.00666739007343712 
272727.27272727253 445259.41100568837 0.0025412806447410135 
275862.06896551704 435529.4012097872 0.01153458941046813 
278996.86520376155 407268.1799184211 0.020004422184707518 
282131.66144200607 364208.98294530367 0.027744279555529074 
285266.4576802506 309655.6788529798 0.03452997896379511 
288401.2539184951 244633.00607277994 0.040049391163028095 
291536.0501567396 168989.22106160974 0.04396686952716673 
294670.8463949841 84205.76623917131 0.04606474931485716 
297805.6426332286 -5143.227305317752 0.04632129096633493 
300940.43887147313 -92931.61905963696 0.04484900738477159 
304075.23510971764 -174526.91161853343 0.041761566129244455 
307210.03134796215 -248269.5070679577 0.03710979944764076 
310344.82758620667 -313962.70812106546 0.03095189521961987 
313479.6238244512 -370088.6334383377 0.023479111599387033 
316614.4200626957 -412793.206808068 0.015057597367237463 
319749.2163009402 -437806.9768283578 0.006133018477225775 
322884.0125391847 -443363.0041746438 -0.002912857362724513 
326018.8087774292 -431104.54164076876 -0.011815397650174845 
329153.60501567373 -404066.39223781053 -0.02034772120194945 
332288.40125391824 -363865.1583085756 -0.028206058371691423 
335423.19749216276 -310037.82105807983 -0.03499404530158101 
338557.99373040727 -242182.3582727452 -0.04033535163049571 
341692.7899686518 -162584.32151866285 -0.044007916904165334 
344827.5862068963 -76482.71971340076 -0.04596877638531548 
347962.3824451408 10405.921320463192 -0.04625151738998097 
351097.1786833853 94617.99306854483 -0.044849956361869336 
354231.9749216298 175184.0979960091 -0.04171345703428944 
357366.77115987433 251260.67795843206 -0.03685916760171799 
360501.56739811884 319774.36495840235 -0.030480830448859096 
363636.36363636336 375680.71160016535 -0.022934878200957538 
366771.15987460787 414678.50193820195 -0.014611174148766446 
369905.9561128524 435624.77954614424 -0.005814860942577756 
373040.7523510969 440193.53110653616 0.0032277681574560215 
376175.5485893414 430198.3019781762 0.012258262034827066 
379310.3448275859 405430.2666133635 0.02090012266587381 
382445.1410658304 364293.91978705337 0.028702132776506555 
385579.93730407493 306554.1699960446 0.03527889681519221 
388714.73354231945 235264.2643843776 0.040413699173977205 
391849.52978056396 155783.42173367104 0.04402726711878631 
394984.32601880847 72832.6450673722 0.0460553808566518 
398119.122257053 -11419.030491791085 0.04637200305009312 
401253.9184952975 -96344.6968571964 0.04484428619631762 
404388.714733542 -180116.8702321752 0.041464540316759245 
407523.5109717865 -258247.78789587837 0.03642067909977897 
410658.307210031 -325077.04132268473 0.03002871831870443 
413793.10344827553 -376765.6650223071 0.022593346606319165 
416927.89968652005 -412762.56666635803 0.014335730064516751 
420062.69592476456 -434302.125640978 0.005454803278867553 
423197.49216300907 -441594.76553237764 -0.003753833697890497 
426332.2884012536 -432723.12132444826 -0.012859121990884107 
429467.0846394981 -405437.14316141326 -0.021390097800255845 
432601.8808777426 -359967.68121027434 -0.028979084580345045 
435736.6771159871 -299882.84774312837 -0.035415573964696696 
438871.4733542316 -230045.72539259406 -0.040567076743347766 
442006.26959247614 -153756.14673509134 -0.04426185191763692 
445141.06583072065 -71994.51022615208 -0.046266735258974304 
448275.86206896516 14543.76663023829 -0.046391148270213046 
451410.65830720967 102882.18989513343 -0.04461332274544487 
454545.4545454542 187490.85484839027 -0.04109890169863402 
457680.2507836987 262724.118103629 -0.036092598602618854 
460815.0470219432 325534.4901863222 -0.02979434280940191 
463949.8432601877 375734.23661195126 -0.022344958896937966 
467084.6394984322 413645.0800129697 -0.013928786065055437 
470219.43573667674 437706.9096311836 -0.004875590796313657 
473354.23197492125 444638.65811351966 0.004356794067151083 
476489.02821316576 432037.71450193546 0.013313509053799284 
479623.82445141027 400716.55842475005 0.02166310473231725 
482758.6206896548 354327.7860828049 0.029194611051544327 
485893.4169278993 296654.9657460735 0.03570798890820037 
489028.2131661438 229375.027301674 0.04092600521772514 
492163.0094043883 152576.7835122482 0.04453169377722941 
495297.8056426328 67400.44008727206 0.04630175890516421 
498432.60188087734 -22083.692306169673 0.046203347230952624 
501567.39811912185 -109850.70966357682 0.044357817702469285 
504702.19435736636 -190851.2230421596 0.040912418536833646 
507836.99059561087 -262946.208458838 0.03595485427775898 
510971.7868338554 -325943.76214867993 0.02955783872555686 
514106.5830720999 -378876.46089380886 0.021901422866718503 
517241.3793103444 -418495.6469088509 0.013336765664531972 
520376.1755485889 -440662.1941688264 0.004314563572638512 
523510.9717868334 -443248.10389333486 -0.004758043643252774 
526645.768025078 -427553.77036517736 -0.013594409261343228 
529780.5642633225 -396783.7411323583 -0.021971901543481432 
532915.360501567 -353191.2921475542 -0.029615306915222225 
536050.1567398115 -296874.49583493586 -0.036156280994705116 
539184.952978056 -227443.2129696472 -0.04122417741542594 
542319.7492163006 -146734.27158937775 -0.04458414680068743 
545454.5454545451 -59630.75754621271 -0.0461870286567587 
548589.3416927896 27980.929891195028 -0.046086263964189314 
551724.1379310341 112086.29240744191 -0.04431446922638258 
554858.9341692786 191355.30962631066 -0.0408520443821744 
557993.7304075231 265171.3321441224 -0.035720639320797436 
561128.5266457676 331080.4814542617 -0.02910032342779094 
564263.3228840121 384466.8570806733 -0.021341859680037625 
567398.1191222566 420905.7985015639 -0.012853454359615477 
570532.9153605012 438816.270027825 -0.003971235339240351 
573667.7115987457 439701.2354002862 0.005061961743799258 
576802.5078369902 425779.902786963 0.01400011549790796 
579937.3040752347 397533.0366742272 0.02249494873905725 
583072.1003134792 353746.48528770986 0.030112243734176713 
586206.8965517237 293984.2605658192 0.036459841615530425 
589341.6927899682 220843.5284416351 0.041305397973421615 
592476.4890282127 139551.69015666298 0.04457150232172484 
595611.2852664572 55240.8683818794 0.04622300599653972 
598746.0815047018 -29340.67535638395 0.04617257484352169 
601880.8777429463 -113394.82992410604 0.04430881815562507 
605015.6739811908 -195503.8591773681 0.040619803497512694 
608150.4702194353 -271759.1802072441 0.03528180368265905 
611285.2664576798 -336685.2704899775 0.02861705863898564 
614420.0626959243 -386108.7746640359 0.020959506670568676 
617554.8589341688 -419067.10379513743 0.012561782675917413 
620689.6551724133 -436846.6572778741 0.0036312407155302123 
623824.4514106578 -440239.9189695464 -0.0055546160860126615 
626959.2476489024 -427959.7460645383 -0.01458758589782748 
630094.0438871469 -397906.0867335957 -0.023000335276391906 
633228.8401253914 -349954.9614557398 -0.03040858906709113 
636363.6363636359 -287314.3863066251 -0.036587922995789314 
639498.4326018804 -214975.41981749103 -0.04141712800762459 
642633.2288401249 -136818.0203960472 -0.044759083371137126 
645768.0250783694 -54323.98069249354 -0.046413940366441184 
648902.8213166139 31859.114519296567 -0.04620116524554896 
652037.6175548584 119269.57730232629 -0.04408906089682772 
655172.413793103 202812.3492545195 -0.04023790937125619 
658307.2100313475 276760.5351127478 -0.03491105924340249 
661442.006269592 337601.5394971618 -0.028344432663411797 
664576.8025078365 384858.0882669771 -0.02070599473011647 
667711.598746081 419133.44695896166 -0.012179707016927244 
670846.3949843255 439532.5551629506 -0.0030755538053036905 
673981.19122257 443245.61431984056 0.0061617710768198 
677115.9874608145 427782.8990120188 0.015067518731423108 
680250.783699059 393537.5503766063 0.02328791649425345 
683385.5799373036 343984.1833654636 0.03060364887932138 
686520.3761755481 283282.424958581 0.03683464904967585 
689655.1724137926 213757.709602115 0.04173896050793509 
692789.9686520371 135835.94272887523 0.04502322060591835 
695924.7648902816 50407.06491591409 0.04646310021365175 
699059.5611285261 -38977.42923607293 0.046014285248587784 
702194.3573667706 -126504.12675709868 0.04380216708938016 
705329.1536050151 -206801.57666015823 0.04000335849492579 
708463.9498432596 -277236.29087952455 0.034743141662109046 
711598.7460815042 -337517.11806655745 0.02811342614489084 
714733.5423197487 -387148.01503998705 0.02028646995828716 
717868.3385579932 -423518.652967759 0.01159661989528578 
721003.1347962377 -442733.60032719444 0.0024940014054360563 
724137.9310344822 -442380.646081898 -0.006592876562300758 
727272.7272727267 -423378.1635674756 -0.015354095200191032 
730407.5235109712 -388986.7612889961 -0.02356663457012462 
733542.3197492157 -342026.9427005369 -0.030981241199589057 
736677.1159874602 -283203.82859107037 -0.0372602752552206 
739811.9122257048 -212249.38851761876 -0.04204437421544115 
742946.7084639493 -130606.73036014554 -0.045088916044192906 
746081.5047021938 -42740.74623836839 -0.046336113719219536 
749216.3009404383 45411.093212902706 -0.04585415200260327 
752351.0971786828 129338.94917465979 -0.04371213611590215 
755485.8934169273 207291.4097086833 -0.03992441270909054 
758620.6896551718 278770.8334430687 -0.03452208955465391 
761755.4858934163 341906.22027479374 -0.027673136336020702 
764890.2821316608 392587.8402795605 -0.019718872337085833 
768025.0783699054 426381.6487347917 -0.011080299878203402 
771159.8746081499 441302.2022999581 -0.0021225795322183686 
774294.6708463944 438601.5869513053 0.00689173400293767 
777429.4670846389 420796.5342628937 0.015724631760081532 
780564.2633228834 389034.8599761038 0.024055598851153985 
783699.0595611279 342569.6116470851 0.031471939446715884 
786833.8557993724 280865.96303544665 0.03757998695616456 
789968.6520376169 206073.18500823513 0.042132688627968866 
793103.4482758614 123189.0204467918 0.04505050331918674 
796238.244514106 37651.46847248907 0.04632294892489139 
799373.0407523505 -47218.81025248186 0.0459014124838668 
802507.836990595 -130358.95705738325 0.04370047754804567 
805642.6332288395 -210670.75903003966 0.039708224308113514 
808777.429467084 -284837.9684281759 0.03408868627494281 
811912.2257053285 -347677.5270137263 0.02716528581398114 
815047.021943573 -394775.015727122 0.019296711311956462 
818181.8181818175 -424741.16819005157 0.010767438104738247 
821316.614420062 -438809.81284452905 0.001797620904055268 
824451.4106583066 -438273.67721440154 -0.007350068033722321 
827586.2068965511 -422503.9785289515 -0.016292111220063223 
830721.0031347956 -389659.20934274676 -0.0245703579801472 
833855.7993730401 -339334.33770112717 -0.03178791973807481 
836990.5956112846 -274336.73021464265 -0.03770519940490746 
840125.3918495291 -199670.53222574887 -0.042207542309583145 
843260.1880877736 -119724.3611785329 -0.04518957909757212 
846394.9843260181 -36524.85757837741 -0.04648704184658859 
849529.7805642626 49220.74689268143 -0.04593466844154008 
852664.5768025072 135514.78199910192 -0.04349373393946908 
855799.3730407517 217765.42721313136 -0.03931684773969185 
858934.1692789962 290285.93062399555 -0.03368080622510269 
862068.9655172407 349141.7611240082 -0.026854299323456392 
865203.7617554852 393473.0786792694 -0.019033453133547297 
868338.5579937297 424025.59102263604 -0.010405107380130773 
871473.3542319742 440550.9203239354 -0.0012618641413232204 
874608.1504702187 440892.21638751146 0.007963561330773944 
877742.9467084632 422734.48373745003 0.016795162184273307 
880877.7429467078 386128.8744472274 0.024856775119862347 
884012.5391849523 334062.29666311305 0.031928104267745845 
887147.3354231968 270452.0529141098 0.03786786297047325 
890282.1316614413 197757.22261530842 0.04249107503483832 
893416.9278996858 116867.47413927762 0.04553011733467099 
896551.7241379303 29463.318168985043 0.04672143458068749 
899686.5203761748 -59791.56329492024 0.04593554736560549 
902821.3166144193 -143989.45309615415 0.04323336745397965 
905956.1128526638 -217518.64074047696 0.03881509431519959 
909090.9090909084 -279253.0193904985 0.032934598964841515 
912225.7053291529 -332249.964073517 0.025869378668522458 
915360.5015673974 -379989.9947218124 0.01795270755680974 
918495.2978056419 -422433.88752111164 0.009589502475437177 
921630.0940438864 -455283.96730143705 0.001189816802986252 
924764.8902821309 -472762.04875171627 -0.0069465161047231674 
927899.6865203754 -471060.53961222304 -0.014684461241093698 
931034.4827586199 -449444.7324534397 -0.021977183845856545 
934169.2789968645 -408719.76004778297 -0.02871256564567294 
937304.075235109 -349442.19454194297 -0.03462101237727628 
940438.8714733535 -272136.6546742881 -0.039333788904776 
943573.667711598 -179208.75119483005 -0.042541390086348455 
946708.4639498425 -76130.4244593592 -0.0441087752364568 
949843.260188087 29874.698156173614 -0.04405204709912026 
952978.0564263315 132723.27323759143 -0.04242083674549809 
956112.852664576 229217.53930990573 -0.039220189532688146 
959247.6489028205 317997.7071529423 -0.03445540273196342 
962382.445141065 396918.3085026253 -0.028248057076217227 
965517.2413793096 461696.99280832487 -0.02089343237754006 
968652.0376175541 507344.20176970307 -0.01278950774853221 
971786.8338557986 530958.5962587291 -0.004301671858740445 
974921.6300940431 533029.8553140515 0.004306166593205338 
978056.4263322876 515942.6535854246 0.012814123911489506 
981191.2225705321 481292.59837889485 0.020936048989155458 
984326.0188087766 428842.8464058951 0.028285592189853534 
987460.8150470211 358192.5273085833 0.034467200416115895 
990595.6112852657 271345.797471044 0.03920851338145789 
993730.4075235102 173405.0003073454 0.042405559991984594 
996865.2037617547 70842.80347212584 0.04402930554766331 
999999.9999999992 -65005.52579630034 0.04555986126248274 
