#x u 
0.0 -78355.15450041342 -0.04759702423197185 
3134.796238244514 -117046.59223003667 -0.043967198416097024 
6269.592476489028 -194224.47490579932 -0.04060880413943527 
9404.38871473354 -262210.0269845072 -0.03560299099395731 
12539.184952978056 -319991.19413420314 -0.029217444914388865 
15673.98119122257 -365075.5475004908 -0.021687266388447323 
18808.777429467085 -395283.3995346192 -0.013283649204026771 
21943.5736677116 -408643.71078579105 -0.00429475777595851 
25078.369905956115 -403414.16126176354 0.004987989958432378 
28213.16614420063 -378317.8901144647 0.014273428396942038 
31347.962382445145 -333134.1900939476 0.023257090839433628 
34482.75862068966 -269592.1347395043 0.03159241258143863 
37617.55485893417 -192173.2420053433 0.03886427542792724 
40752.35109717868 -108133.48909781058 0.044596107506471555 
43887.14733542319 -26150.54949075015 0.04831745833206977 
47021.943573667704 46300.022189826384 0.049687079279272045 
50156.739811912215 105697.21626017333 0.04861903386488039 
53291.53605015673 153605.0147531571 0.045331596876104885 
56426.33228840124 195021.32922504388 0.04026590497965604 
59561.12852664575 234545.82435559636 0.03390209874154278 
62695.92476489026 272740.7714189567 0.026582098507575806 
65830.72100313478 305289.2988819798 0.01845879512434705 
68965.51724137929 325685.200959225 0.009605780519845635 
72100.3134796238 329476.7073237408 0.0001974941269823259 
75235.10971786831 316799.832584077 -0.009389290661466241 
78369.90595611282 291351.6108976935 -0.018636859808920086 
81504.70219435733 256983.33584136036 -0.027056183607375658 
84639.49843260185 215063.7946111321 -0.034319864206564764 
87774.29467084636 164851.89607101903 -0.04025528942240349 
90909.09090909087 106180.63333913276 -0.044729594519052666 
94043.88714733538 41602.01248254816 -0.047556777456883526 
97178.68338557989 -24164.620307526744 -0.048525655472239165 
100313.4796238244 -86848.69063379486 -0.047519582884584695 
103448.27586206891 -144619.64165161655 -0.044604666180707096 
106583.07210031342 -197498.1698222647 -0.03999697532224848 
109717.86833855794 -244952.61897627273 -0.03394404918004672 
112852.66457680245 -284319.5188692275 -0.026641981907260782 
115987.46081504696 -311784.43890566716 -0.018268078971163705 
119122.25705329147 -324947.8036147658 -0.009084850658675012 
122257.05329153598 -324326.44243522105 0.000505564913337083 
125391.84952978049 -312253.0032896283 0.01002648474500209 
128526.645768025 -290356.3908539599 0.019056470533367127 
131661.44200626953 -258277.18525369256 0.027301620662018942 
134796.23824451404 -214951.13184845957 0.03454874020244508 
137931.03448275855 -161074.14314681193 0.040562481510506794 
141065.83072100306 -100104.31214171929 0.04504728156503327 
144200.62695924757 -36681.49555661528 0.04772510447198378 
147335.42319749208 25951.815839307175 0.04845619019740826 
150470.2194357366 86905.26927141601 0.04728247620739316 
153605.0156739811 146063.36137531657 0.04435209823554738 
156739.81191222562 201733.04667326272 0.03980562886423475 
159874.60815047013 250085.2945338995 0.033742042830262636 
163009.40438871464 287066.8575899594 0.02629573366832104 
166144.20062695915 310852.64848438546 0.0177365435331863 
169278.99686520366 322330.32106855494 0.008478305464257714 
172413.79310344817 323164.4106783764 -0.0010243215302340053 
175548.58934169268 313515.4085785358 -0.010395036105003011 
178683.3855799372 291832.2632692374 -0.019359672931181664 
181818.1818181817 256936.54089248873 -0.027664020794106507 
184952.97805642622 210188.26949320713 -0.034986464382816745 
188087.77429467073 155420.79076252473 -0.040950996684376025 
191222.57053291524 96661.81153341055 -0.04523942621763387 
194357.36677115975 35970.07616077103 -0.04769570422275375 
197492.16300940426 -26418.382079280957 -0.048321606016694184 
200626.95924764877 -89879.03938277856 -0.047174887508078904 
203761.75548589329 -151543.65055927978 -0.044280905217448915 
206896.5517241378 -206848.12223548 -0.03965166491353787 
210031.3479623823 -252001.3675480316 -0.033390433981863844 
213166.14420062682 -285868.63283243857 -0.025767355624358165 
216300.94043887133 -309371.18623250956 -0.017179474119300167 
219435.73667711584 -323104.4100381342 -0.008027832885884073 
222570.53291536035 -325734.0203505034 0.0013704921572026715 
225705.32915360486 -314893.6131135932 0.010755877516006988 
228840.12539184937 -289657.87968929944 0.019827019730320333 
231974.9216300939 -251991.11375984026 0.028187830657170444 
235109.7178683384 -205630.59238177442 0.0354104556661696 
238244.5141065829 -153543.65987334528 0.041161755773027824 
241379.31034482742 -96579.00862271618 0.045272752589169345 
244514.10658307193 -34660.672734589214 0.047688928413007314 
247648.90282131644 30812.77732832238 0.048362495453171124 
250783.69905956095 95976.397174746 0.047206301174673546 
253918.49529780546 156051.29257895713 0.044161507293428985 
257053.29153604998 207904.76574993477 0.03930874553688014 
260188.0877742945 251021.51924539724 0.032903964553035965 
263322.884012539 285955.81959707034 0.025296669695581846 
266457.6802507835 311974.1968435276 0.01680933682888144 
269592.476489028 326435.857915333 0.007695241645682904 
272727.27272727253 326614.73918020877 -0.0017924966719390992 
275862.06896551704 312083.08942472714 -0.011306277606625822 
278996.86520376155 285169.18979149894 -0.020397238374816298 
282131.66144200607 249009.00790123243 -0.02861779220396025 
285266.4576802506 205222.19609916673 -0.03563990481815104 
288401.2539184951 153618.0803370989 -0.04127838541147603 
291536.0501567396 94184.87521922568 -0.04540720485444018 
294670.8463949841 29200.337922351646 -0.047867642550103486 
297805.6426332286 -36836.11135383567 -0.04847349817551058 
300940.43887147313 -99466.96894354992 -0.047114073965007684 
304075.23510971764 -156450.33857813908 -0.043850191317238704 
307210.03134796215 -207655.92799852265 -0.03890309769547164 
310344.82758620667 -252889.35135782688 -0.03254595101410624 
313479.6238244512 -290022.6617384353 -0.025007219932967638 
316614.4200626957 -315476.3037903515 -0.0164801687147814 
319749.2163009402 -326612.14358989743 -0.007218729831292785 
322884.0125391847 -323573.68484115205 0.0023926404792579 
326018.8087774292 -308675.4516506096 0.011881564063295809 
329153.60501567373 -284002.8242280629 0.02081192318199543 
332288.40125391824 -249745.3148012759 0.02887342758776868 
335423.19749216276 -204994.5434153414 0.03585670012468948 
338557.99373040727 -150127.85815546947 0.04155372374885487 
341692.7899686518 -88215.59561056297 0.04570071105574456 
344827.5862068963 -23903.53545670368 0.04803408836754312 
347962.3824451408 39134.596025622945 0.048409224719838544 
351097.1786833853 99586.01047250582 0.04686317620569128 
354231.9749216298 157365.5232889133 0.04355897658218801 
357366.77115987433 211250.24602156 0.03867076144202764 
360501.56739811884 257864.49171258535 0.03232833714094652 
363636.36363636336 293170.03424441686 0.02467448773715171 
366771.15987460787 314973.0644339804 0.01596720877125504 
369905.9561128524 323879.0280168293 0.006609609565446387 
373040.7523510969 321744.8876416347 -0.002935546615485612 
376175.5485893414 309292.7030507957 -0.012269834118701155 
379310.3448275859 285410.50434797467 -0.021105338510101553 
382445.1410658304 248871.93597376894 -0.029198936662772144 
385579.93730407493 200644.04256437902 -0.03625808843361135 
388714.73354231945 144317.43186696956 -0.04193071736392321 
391849.52978056396 84151.91639477861 -0.04590204430085934 
394984.32601880847 22723.271305564707 -0.048007076463830956 
398119.122257053 -39437.04135265509 -0.04824893625847193 
401253.9184952975 -101922.56252899868 -0.046709821681691695 
404388.714733542 -162367.88568065513 -0.043451583708468224 
407523.5109717865 -216487.95818154782 -0.038510943217182736 
410658.307210031 -260292.54029811945 -0.03199198131620122 
413793.10344827553 -292235.0606598845 -0.024153540305367295 
416927.89968652005 -313116.1123321535 -0.015392049365345519 
420062.69592476456 -323911.1223865276 -0.006128039050017445 
423197.49216300907 -323858.605251236 0.0032960217516495474 
426332.2884012536 -310852.7410187883 0.01261232394766522 
429467.0846394981 -283741.8234389834 0.021536451440727997 
432601.8808777426 -244111.86265888944 0.029698664646157093 
435736.6771159871 -195658.5745632951 0.03668417362029988 
438871.4733542316 -141769.33556858386 0.042153464853495845 
442006.26959247614 -83801.43431200238 0.045928347003905114 
445141.06583072065 -21794.95101382795 0.04796375892935154 
448275.86206896516 43213.4920322792 0.04824338409447322 
451410.65830720967 107800.52316656025 0.04671472013084105 
454545.4545454542 167246.045934612 0.04333500527457606 
457680.2507836987 218053.00877967864 0.03818000589950247 
460815.0470219432 259341.58943934052 0.031498794199986094 
463949.8432601877 291741.1996869078 0.02365176906893204 
467084.6394984322 315025.31831014086 0.014989421263183218 
470219.43573667674 327042.1468587285 0.005789362107306165 
473354.23197492125 325114.88222285704 -0.003694040574121824 
476489.02821316576 308471.2908697941 -0.013132877444539882 
479623.82445141027 279162.75226535345 -0.022097619857320477 
482758.6206896548 240503.50757684367 -0.030141634848360882 
485893.4169278993 194649.3967121161 -0.03692356697294514 
489028.2131661438 141820.80943307793 -0.042252335345576444 
492163.0094043883 81928.00085407775 -0.04601963131498769 
495297.8056426328 16816.8025635876 -0.048101327541404025 
498432.60188087734 -49309.60199719302 -0.04833967295594339 
501567.39811912185 -111826.34797960104 -0.046630669396472535 
504702.19435736636 -168039.64850630466 -0.04302774057974597 
507836.99059561087 -217580.13927115453 -0.037752921375064565 
510971.7868338554 -260518.91516219266 -0.03110126040956591 
514106.5830720999 -295276.0822586133 -0.023333669343077006 
517241.3793103444 -318598.49733479845 -0.01466301261978363 
520376.1755485889 -327693.79351504846 -0.0053379285517451466 
523510.9717868334 -322325.65280448576 0.004275692580996089 
526645.768025078 -304700.25175056513 0.013714481454371886 
529780.5642633225 -277278.70558641595 0.02253187022232751 
532915.360501567 -240811.37381913752 0.03040110181198478 
536050.1567398115 -194636.19602643512 0.03711286053124594 
539184.952978056 -138883.88591939508 0.04248345874974268 
542319.7492163006 -76212.2163165458 0.04628221271856559 
545454.5454545451 -11174.220567859156 0.048264612296602435 
548589.3416927896 52197.57567171968 0.04828443902391743 
551724.1379310341 112141.89120729061 0.04637252235085674 
554858.9341692786 168510.6680968568 0.04270226332013965 
557993.7304075231 220492.65823191236 0.03747832109841318 
561128.5266457676 265206.73257463984 0.03086278133270353 
564263.3228840121 298730.4335003644 0.02301092787674432 
567398.1191222566 318558.26123421313 0.01417096750241103 
570532.9153605012 324968.94233679736 0.00473266312165141 
573667.7115987457 319914.0850626362 -0.004838185791523628 
576802.5078369902 304629.76378197456 -0.014123775883294703 
579937.3040752347 278495.6268353036 -0.02282056127079743 
583072.1003134792 240333.8752543864 -0.030692549022357535 
586206.8965517237 190755.96039183368 -0.03747494541387347 
589341.6927899682 133046.54680646455 -0.042842792821858044 
592476.4890282127 71597.43294324033 -0.046489499130179024 
595611.2852664572 9466.36959727617 -0.04824280719597985 
598746.0815047018 -52456.57801865027 -0.04810424809952182 
601880.8777429463 -113891.93186895878 -0.04617613040715004 
605015.6739811908 -172957.79484509787 -0.04255564933962448 
608150.4702194353 -225724.64914477427 -0.03730738546066694 
611285.2664576798 -268098.49715286447 -0.030540161003050945 
614420.0626959243 -298138.1261745177 -0.022501793073276568 
617554.8589341688 -316447.0796963814 -0.01358403675794198 
620689.6551724133 -324293.3168656148 -0.004222315237807027 
623824.4514106578 -321482.8766970517 0.005216336900391708 
626959.2476489024 -306253.61041007505 0.014452681753926463 
630094.0438871469 -277311.32867047226 0.023215867351601086 
633228.8401253914 -235859.39771029653 0.031163163427519985 
636363.6363636359 -185462.3662408905 0.037897332804338504 
639498.4326018804 -129844.76655956879 0.043076572178796436 
642633.2288401249 -70880.59967192687 0.04651328518119387 
645768.0250783694 -8813.187963688073 0.04816793742674842 
648902.8213166139 55611.88860246088 0.04805238506370204 
652037.6175548584 119436.59017914461 0.046149702937791935 
655172.413793103 178096.8958645116 0.04243739544348554 
658307.2100313475 227803.67697934574 0.03698931032017984 
661442.006269592 267287.4405739057 0.03004604164173089 
664576.8025078365 297159.82765795244 0.021974108348946843 
667711.598746081 317640.94241964194 0.013148691070799435 
670846.3949843255 327105.67000575346 0.00387288055592634 
673981.19122257 323023.8214310221 -0.005593829320297928 
677115.9874608145 304333.91547001805 -0.014941252282335189 
680250.783699059 272765.342921 -0.023761781067365668 
683385.5799373036 231711.74789201934 -0.03161472580693246 
686520.3761755481 183814.8244673335 -0.03814809337746104 
689655.1724137926 129754.79814073692 -0.043162958028013336 
692789.9686520371 69457.62441968679 -0.04656461286495298 
695924.7648902816 4373.932023797177 -0.048261901837128314 
699059.5611285261 -61651.77799146907 -0.048128331323525696 
702194.3573667706 -123927.03627695673 -0.04607100781887431 
705329.1536050151 -179342.23528580097 -0.04213733624125404 
708463.9498432596 -227227.2301012709 -0.03654693950450749 
711598.7460815042 -267827.56874825375 -0.0296121317067858 
714733.5423197487 -300089.9018707817 -0.02162476441194789 
717868.3385579932 -321160.6841963782 -0.012820095264571828 
721003.1347962377 -328186.1934789126 -0.0034451413255330637 
724137.9310344822 -320566.5147692306 0.00615261390390741 
727272.7272727267 -300322.60519986524 0.015522895619993145 
730407.5235109712 -270202.01267685567 0.024213297144730816 
733542.3197492157 -231507.13086125645 0.031881452185462164 
736677.1159874602 -183901.41884353012 0.03831484803013974 
739811.9122257048 -127350.51207024179 0.04335066382995935 
742946.7084639493 -64094.89249076902 0.04679170507530189 
746081.5047021938 1494.4917848955029 0.04841667581669819 
749216.3009404383 65109.97390078542 0.04808154487083672 
752351.0971786828 124535.67906226721 0.04581046229851969 
755485.8934169273 179475.1828259369 0.04178299803550085 
758620.6896551718 229457.69001208438 0.03623069650437393 
761755.4858934163 272118.07751954615 0.029348449366001214 
764890.2821316608 303744.23487311916 0.02130785562658605 
768025.0783699054 321589.79290370864 0.012350016255477318 
771159.8746081499 325581.3547505952 0.0028495983456183122 
774294.6708463944 317671.5830850747 -0.006729436362886358 
777429.4670846389 299547.74092050013 -0.015953346970503234 
780564.2633228834 271114.81105646695 -0.024501925775837357 
783699.0595611279 231337.29826447676 -0.03214246282265312 
786833.8557993724 180524.5296289922 -0.03863582727621102 
789968.6520376169 121609.86718903483 -0.04368653011131195 
793103.4482758614 59017.72775614693 -0.04700088438836701 
796238.244514106 -3764.4211341157225 -0.04840181383294449 
799373.0407523505 -65441.851224669415 -0.04788708124073063 
802507.836990595 -125770.038903896 -0.04557470883783467 
805642.6332288395 -183313.26329030844 -0.04159524016781832 
808777.429467084 -234557.87088466823 -0.03604350116611284 
811912.2257053285 -275404.1014299456 -0.02903708704515972 
815047.021943573 -303551.8044285459 -0.020813903707928804 
818181.8181818175 -319345.9524416834 -0.0117576472233256 
821316.614420062 -324254.9600208452 -0.002313827387582886 
824451.4106583066 -318627.8023567635 0.007127665881477505 
827586.2068965511 -301115.18545863626 0.016273553246769833 
830721.0031347956 -270370.3177313596 0.02486293923316627 
833855.7993730401 -227228.96261280126 0.03257985963180435 
836990.5956112846 -175047.18942814856 0.03904853666839143 
840125.3918495291 -117795.95506067603 0.043929301610593885 
843260.1880877736 -57854.254493324224 0.047025848064969525 
846394.9843260181 4255.184450968061 0.04830072140906089 
849529.7805642626 67997.60906545656 0.04779020214785591 
852664.5768025072 130884.24409246087 0.045512938010246626 
855799.3730407517 188594.92241755902 0.04147043262708725 
858934.1692789962 237131.47685628152 0.03573803756821446 
862068.9655172407 274829.20479164744 0.02854715435541076 
865203.7617554852 302196.7791041855 0.020265996328594882 
868338.5579937297 319828.2444270062 0.011290534661808216 
871473.3542319742 326643.4166534018 0.0019495728272312927 
874608.1504702187 320349.9895319494 -0.007488696333118925 
877742.9467084632 299665.86547825584 -0.016729219718051743 
880877.7429467078 265971.3844427887 -0.025387977232859796 
884012.5391849523 222643.47975952926 -0.03303491812717162 
887147.3354231968 172744.02118544636 -0.039310737894535014 
890282.1316614413 117446.88870757743 -0.04400771427341673 
893416.9278996858 56792.50362787957 -0.047041101580273637 
896551.7241379303 -8106.060961836054 -0.048350580829651185 
899686.5203761748 -73818.43218357998 -0.04784238707010288 
902821.3166144193 -135715.68579997114 -0.04543757464805426 
905956.1128526638 -190359.04571753356 -0.041178106908095986 
909090.9090909084 -236719.638159745 -0.03527935988639644 
912225.7053291529 -275025.49912219075 -0.028070831691670496 
915360.5015673974 -304555.5227256237 -0.019880093539653653 
918495.2978056419 -322839.61376430443 -0.010970193159460682 
921630.0940438864 -327239.51405424863 -0.0015819720071102129 
924764.8902821309 -317301.9159968019 0.007976308566244917 
927899.6865203754 -295324.6587609778 0.01729489282454429 
931034.4827586199 -264335.489002008 0.025924332666854556 
934169.2789968645 -225402.30584902564 0.03347358791565488 
937304.075235109 -177060.06761780987 0.03965466699193608 
940438.8714733535 -117675.79957385374 0.04425216320302377 
943573.667711598 -48684.58424701542 0.04708340302608867 
946708.4639498425 24308.00183937192 0.04802232706956228 
949843.260188087 93616.5938758223 0.04707757335002541 
952978.0564263315 152933.07124447415 0.0444343859247517 
956112.852664576 199309.28122791642 0.04038612615764631 
959247.6489028205 232526.2493178422 0.03518753787174333 
962382.445141065 253236.38929560798 0.028951346145491434 
965517.2413793096 262042.17528535903 0.02168458673241445 
968652.0376175541 260116.13710038163 0.013437451822464164 
971786.8338557986 249967.6320826368 0.004433844913224823 
974921.6300940431 234768.69166136024 -0.004928393048515634 
978056.4263322876 216432.5007127183 -0.014196673883143052 
981191.2225705321 194346.24253815308 -0.022985508198187354 
984326.0188087766 166299.45024419902 -0.03099752927799189 
987460.8150470211 130982.1213564998 -0.03795313967157722 
990595.6112852657 89736.76658640022 -0.04353218282026841 
993730.4075235102 45833.864698835176 -0.04740830845782095 
996865.2037617547 3793.056388928817 -0.04943337242213552 
999999.9999999992 -78355.15456778466 -0.04759702423506001 
