#x u 
0.0 35314727686.596504 1618.7377871055348 
3134.796238244514 -884181226.3217537 -40.528334529835305 
6269.592476489028 21333395.00599465 0.9879399205257489 
9404.38871473354 -1312053.0006972742 -0.04092223147266 
12539.184952978056 -723674.6664060617 -0.00554181649635793 
15673.98119122257 -702094.9661007833 0.0027893948470617508 
18808.777429467085 -653726.0230315493 0.010996204207899794 
21943.5736677116 -595636.813637526 0.018064587040324598 
25078.369905956115 -530017.1863180018 0.023723796904996104 
28213.16614420063 -459792.9188975724 0.02773719528858982 
31347.962382445145 -388132.7911928087 0.029928811204651507 
34482.75862068966 -318279.6462580822 0.03019227259690026 
37617.55485893417 -253359.70242756212 0.0284979113422042 
40752.35109717868 -196255.815184069 0.024894177238678913 
43887.14733542319 -149555.86378609505 0.01950301964503935 
47021.943573667704 -115516.29062495727 0.01251225689161561 
50156.739811912215 -95976.20465500178 0.0041682541564832445 
53291.53605015673 -92224.17365790842 -0.005230753275471628 
56426.33228840124 -104887.80060683141 -0.015343412776018856 
59561.12852664575 -133913.77795428393 -0.02579865509991832 
62695.92476489026 -178634.95648341882 -0.03621303223456044 
65830.72100313478 -237854.3498737804 -0.04620822596662111 
68965.51724137929 -309882.48245588364 -0.05542527683445087 
72100.3134796238 -392536.369307 -0.06353542010394729 
75235.10971786831 -483169.79331321537 -0.07025029562550551 
78369.90595611282 -578790.5760645338 -0.07533374797977975 
81504.70219435733 -676245.1269643079 -0.07861408208447965 
84639.49843260185 -772391.7742084264 -0.07999305444907022 
87774.29467084636 -864202.9957967661 -0.07944883425365475 
90909.09090909087 -948812.8612765695 -0.07703374582628837 
94043.88714733538 -1023580.2797158527 -0.07287016468978305 
97178.68338557989 -1086214.88109913 -0.06714692343482145 
100313.4796238244 -1134936.0279195032 -0.060115177250820266 
103448.27586206891 -1168586.606329322 -0.05208055989275597 
106583.07210031342 -1186652.7401832908 -0.0433899485064438 
109717.86833855794 -1189217.3756068717 -0.0344147916887866 
112852.66457680245 -1176919.9909276576 -0.025535031992999134 
115987.46081504696 -1150961.6613843208 -0.017126077933408583 
119122.25705329147 -1113121.0194969596 -0.009547730907203579 
122257.05329153598 -1065711.4060149798 -0.003132126105715945 
125391.84952978049 -1011450.979031587 0.001830549548382719 
128526.645768025 -953293.0698658084 0.005106404256062456 
131661.44200626953 -894294.7666281873 0.006528574697573005 
134796.23824451404 -837554.9078488383 0.006002558803487245 
137931.03448275855 -786175.899343623 0.003507617287044507 
141065.83072100306 -743175.3065955687 -0.0009030722041986051 
144200.62695924757 -711321.3851779631 -0.007102803816052648 
147335.42319749208 -692942.0277775083 -0.014894442081445317 
150470.2194357366 -689784.1506700823 -0.024018863584391703 
153605.0156739811 -702957.1957019478 -0.03416865072223496 
156739.81191222562 -732929.9794479585 -0.04500363114062046 
159874.60815047013 -779532.1395059822 -0.05616426841087524 
163009.40438871464 -841953.4732870499 -0.06728168012278904 
166144.20062695915 -918783.4980897229 -0.07798651350952139 
169278.99686520366 -1008128.633136934 -0.08791981994996162 
172413.79310344817 -1107783.4878676434 -0.09674688058579402 
175548.58934169268 -1215376.7439787537 -0.10417212863597736 
178683.3855799372 -1328421.9663568523 -0.10995267186723777 
181818.1818181817 -1444276.6403914532 -0.11390963773755476 
184952.97805642622 -1560084.2448023206 -0.1159382420181936 
188087.77429467073 -1672782.3811861011 -0.11601688264057167 
191222.57053291524 -1779205.5612330218 -0.11421313396936367 
194357.36677115975 -1876251.809680539 -0.11068298322972336 
197492.16300940426 -1961070.2058521616 -0.10566111532078837 
200626.95924764877 -2031257.1728529534 -0.09944372010042349 
203761.75548589329 -2085072.2966578668 -0.09236818910539744 
206896.5517241378 -2121662.8125221045 -0.08479396159552155 
210031.3479623823 -2141238.2727631745 -0.0770862935782822 
213166.14420062682 -2145117.7043239595 -0.06960247665184159 
216300.94043887133 -2135611.82701407 -0.06267987260031876 
219435.73667711584 -2115775.6495668953 -0.05662638917467186 
222570.53291536035 -2089113.1159655037 -0.05171454197504225 
225705.32915360486 -2059303.120979012 -0.04817889942447907 
228840.12539184937 -2029968.7057556475 -0.04621466453407974 
231974.9216300939 -2004479.473947992 -0.045974582005742066 
235109.7178683384 -1985785.8329118728 -0.047563069530464866 
238244.5141065829 -1976309.2197823774 -0.05102900271979265 
241379.31034482742 -1977914.3322758824 -0.05635973922128885 
244514.10658307193 -1991956.336968408 -0.06347803533575033 
247648.90282131644 -2019358.2479709198 -0.07224182539478294 
250783.69905956095 -2060668.7695949874 -0.08244621176704074 
253918.49529780546 -2116083.0330342413 -0.09382781163472141 
257053.29153604998 -2185445.1624863255 -0.10607252041236491 
260188.0877742945 -2268258.9726863015 -0.11882740962800542 
263322.884012539 -2363711.547758896 -0.13171599644827883 
266457.6802507835 -2470694.0333601576 -0.14435492200144326 
269592.476489028 -2587808.996886373 -0.15637025651038705 
272727.27272727253 -2713376.4549787324 -0.16741280759642563 
275862.06896551704 -2845462.7808701405 -0.17717258082069462 
278996.86520376155 -2981943.182639255 -0.18539218112010536 
282131.66144200607 -3120584.492461524 -0.19187810201842567 
285266.4576802506 -3259127.229725737 -0.19650871870974468 
288401.2539184951 -3395360.847441554 -0.19923867088139116 
291536.0501567396 -3527203.2120189816 -0.20010025141343876 
294670.8463949841 -3652792.3800110235 -0.1992023918883838 
297805.6426332286 -3770578.8387158415 -0.19672701138679932 
300940.43887147313 -3879394.839101245 -0.19292203688854367 
304075.23510971764 -3978490.7918163 -0.1880910735583973 
307210.03134796215 -4067553.1631599325 -0.18258087220172825 
310344.82758620667 -4146724.550787295 -0.17676806329013062 
313479.6238244512 -4216625.0412415555 -0.17104566024785514 
316614.4200626957 -4278348.902478323 -0.16580869295878511 
319749.2163009402 -4333414.145570612 -0.16143848066800212 
322884.0125391847 -4383675.50885758 -0.15828653681119897 
326018.8087774292 -4431238.725786297 -0.15666030114677862 
329153.60501567373 -4478402.160348529 -0.15681228827076202 
332288.40125391824 -4527610.039795346 -0.15893224126601332 
335423.19749216276 -4581375.683111516 -0.1631406009838598 
338557.99373040727 -4642156.474930913 -0.16948256884133867 
341692.7899686518 -4712214.326072543 -0.1779243164616275 
344827.5862068963 -4793519.189305578 -0.18835387943985818 
347962.3824451408 -4887717.579619964 -0.20058753530928974 
351097.1786833853 -4996126.453039368 -0.2143795457412111 
354231.9749216298 -5119692.325456177 -0.22943211956484894 
357366.77115987433 -5258903.733979762 -0.24540459344688706 
360501.56739811884 -5413714.351300279 -0.26192394699396065 
363636.36363636336 -5583547.552249815 -0.27859935463131386 
366771.15987460787 -5767389.197867018 -0.29504052972863365 
369905.9561128524 -5963897.104057441 -0.31087603715994677 
373040.7523510969 -6171448.624188865 -0.3257674586869952 
376175.5485893414 -6388126.015292127 -0.3394189325909145 
379310.3448275859 -6611722.961022192 -0.3515854943513585 
382445.1410658304 -6839851.680498452 -0.3620835482515475 
385579.93730407493 -7070134.545034246 -0.37080251784906876 
388714.73354231945 -7300374.457862197 -0.3777127173325375 
391849.52978056396 -7528613.800345529 -0.38286530698151017 
394984.32601880847 -7753104.077108393 -0.3863854534371536 
398119.122257053 -7972301.795649971 -0.3884642013580979 
401253.9184952975 -8184976.641107349 -0.38935330830598625 
404388.714733542 -8390388.81204894 -0.3893614571701271 
407523.5109717865 -8588398.00223748 -0.38884600355437665 
410658.307210031 -8779413.507146914 -0.3881966211427882 
413793.10344827553 -8964242.96599412 -0.38781402520144226 
416927.89968652005 -9143992.597347556 -0.3880913355327707 
420062.69592476456 -9320107.401358496 -0.3894026781429413 
423197.49216300907 -9494475.514378207 -0.39209606250349843 
426332.2884012536 -9669429.545631781 -0.39648333210864595 
429467.0846394981 -9847564.266142385 -0.4028238834221595 
432601.8808777426 -10031472.657869415 -0.4113071354606049 
435736.6771159871 -10223589.309547786 -0.42204262276008014 
438871.4733542316 -10426221.221601304 -0.43506148712065135 
442006.26959247614 -10641647.262558294 -0.45032392146870137 
445141.06583072065 -10872088.816165632 -0.46772340311977456 
448275.86206896516 -11119488.081827905 -0.4870845883037549 
451410.65830720967 -11385244.595219666 -0.5081614580408538 
454545.4545454542 -11670127.507242596 -0.5306452914938523 
457680.2507836987 -11974419.435624283 -0.554184561378358 
460815.0470219432 -12298118.270921756 -0.5784082787940824 
463949.8432601877 -12640969.516624514 -0.6029418180133576 
467084.6394984322 -13002290.850324942 -0.6274129104246974 
470219.43573667674 -13380791.282318966 -0.6514565413451466 
473354.23197492125 -13774622.00438538 -0.6747291075850932 
476489.02821316576 -14181675.453573877 -0.6969321358852063 
479623.82445141027 -14599896.686973777 -0.7178343618335041 
482758.6206896548 -15027356.622792171 -0.7372803875824415 
485893.4169278993 -15462087.750541938 -0.7551857410263526 
489028.2131661438 -15901942.729662968 -0.7715301733195692 
492163.0094043883 -16344725.546271138 -0.7863606475710437 
495297.8056426328 -16788561.405961152 -0.7998025852968423 
498432.60188087734 -17232206.632283363 -0.8120658982601823 
501567.39811912185 -17675039.503177613 -0.8234342466813583 
504702.19435736636 -18116789.912945803 -0.8342405763946152 
507836.99059561087 -18557333.433663715 -0.8448443253108741 
510971.7868338554 -18996804.468852073 -0.8556224901164785 
514106.5830720999 -19435934.389765635 -0.8669707854563057 
517241.3793103444 -19876255.859753687 -0.8792990038106978 
520376.1755485889 -20319922.71500763 -0.8930096292869438 
523510.9717868334 -20769277.72002163 -0.9084662782313703 
526645.768025078 -21226560.770667408 -0.9259704155396983 
529780.5642633225 -21694003.620982736 -0.9457580093914539 
532915.360501567 -22174143.22878744 -0.968008725298888 
536050.1567398115 -22669936.568361543 -0.992848738067059 
539184.952978056 -23184449.94115548 -1.0203368526928165 
542319.7492163006 -23720341.109811395 -1.050443927731245 
545454.5454545451 -24279587.10980858 -1.0830462366995075 
548589.3416927896 -24863673.958035745 -1.1179424527679354 
551724.1379310341 -25473989.621848207 -1.1548820809010647 
554858.9341692786 -26111946.38190885 -1.1935832135610818 
557993.7304075231 -26778643.914474834 -1.2337304918518608 
561128.5266457676 -27474385.144685365 -1.2749670574786156 
564263.3228840121 -28198545.692808863 -1.3169029051093708 
567398.1191222566 -28949959.062049076 -1.3591465132636358 
570532.9153605012 -29727453.57484826 -1.401342528710427 
573667.7115987457 -30530017.79811084 -1.4431910138346837 
576802.5078369902 -31356463.173882335 -1.4844417881648277 
579937.3040752347 -32204998.136691704 -1.5248824745812366 
583072.1003134792 -33073249.563200947 -1.5643445195089332 
586206.8965517237 -33958817.947411194 -1.602730952384324 
589341.6927899682 -34859889.9045915 -1.6400439580627029 
592476.4890282127 -35775352.230656594 -1.6763868062489342 
595611.2852664572 -36704359.19260487 -1.711938050435361 
598746.0815047018 -37645879.56771385 -1.746922361450949 
601880.8777429463 -38598781.09665565 -1.7816038826978873 
605015.6739811908 -39562444.085936494 -1.8163021348950203 
608150.4702194353 -40537315.25965435 -1.85140394909184 
611285.2664576798 -41524837.54681236 -1.8873460813702498 
614420.0626959243 -42526818.12455121 -1.9245719136918127 
617554.8589341688 -43544879.7563864 -1.9634923622217868 
620689.6551724133 -44580556.52208457 -2.00447725167111 
623824.4514106578 -45635910.51689073 -2.047872001498609 
626959.2476489024 -46713970.3538952 -2.0940080236551952 
630094.0438871469 -47818444.062545456 -2.143182115162045 
633228.8401253914 -48952902.79836789 -2.1956141367313484 
636363.6363636359 -50120195.680941075 -2.2514180182906065 
639498.4326018804 -51322632.60832546 -2.3106107833020477 
642633.2288401249 -52562671.944157645 -2.373147506873843 
645768.0250783694 -53843306.44880108 -2.4389451007678287 
648902.8213166139 -55167641.94492826 -2.5078715182060534 
652037.6175548584 -56538016.72366066 -2.5797160009018847 
655172.413793103 -57955524.26889509 -2.654179496568594 
658307.2100313475 -59420416.99342338 -2.7309066678570115 
661442.006269592 -60932963.51653596 -2.809539376310225 
664576.8025078365 -62493853.00504335 -2.8897495417806467 
667711.598746081 -64103711.18627936 -2.9712308659951767 
670846.3949843255 -65762242.71908282 -3.053672474465868 
673981.19122257 -67467946.55304497 -3.1367573672079496 
677115.9874608145 -69218786.80839555 -3.2202027680520535 
680250.783699059 -71013209.23783486 -3.30381404320473 
683385.5799373036 -72850515.14276323 -3.387506612230683 
686520.3761755481 -74730263.01413241 -3.471280552879163 
689655.1724137926 -76651395.18881294 -3.555179783396829 
692789.9686520371 -78612100.70002608 -3.6392822028318843 
695924.7648902816 -80610669.72745667 -3.7237326347128383 
699059.5611285261 -82646541.19120821 -3.808782215320587 
702194.3573667706 -84720506.7954552 -3.8947870406136818 
705329.1536050151 -86833892.73920076 -3.98215829081894 
708463.9498432596 -88987616.57927112 -4.071305449592695 
711598.7460815042 -91182173.26718336 -4.162621455670086 
714733.5423197487 -93418645.87674698 -4.256514714713242 
717868.3385579932 -95699747.02609906 -4.353442962489281 
721003.1347962377 -98029828.30561341 -4.453900804628474 
724137.9310344822 -100413845.99327798 -4.5583608943661025 
727272.7272727267 -102856351.39591672 -4.667218159810742 
730407.5235109712 -105361529.69824643 -4.780784380227367 
733542.3197492157 -107934153.96689945 -4.899327277339585 
736677.1159874602 -110580253.36700574 -5.02309925253564 
739811.9122257048 -113306468.05373652 -5.152308743166914 
742946.7084639493 -116118351.45898347 -5.2870461129272375 
746081.5047021938 -119018973.63206254 -5.4272259815049235 
749216.3009404383 -122008935.24882196 -5.572596610179249 
752351.0971786828 -125087558.00316815 -5.722805266115253 
755485.8934169273 -128253967.6048687 -5.877460302362931 
758620.6896551718 -131507125.88438281 -6.03614622472904 
761755.4858934163 -134845221.63715884 -6.198409996413148 
764890.2821316608 -138265715.08980665 -6.363777384717589 
768025.0783699054 -141766726.11080065 -6.531830430176452 
771159.8746081499 -145348922.29226723 -6.702306821798177 
774294.6708463944 -149016213.15017086 -6.875143044518939 
777429.4670846389 -152774379.46554133 -7.0504209372343265 
780564.2633228834 -156628546.00582922 -7.2282589300708775 
783699.0595611279 -160581402.8897693 -7.408735019979513 
786833.8557993724 -164633311.1146311 -7.591893360077569 
789968.6520376169 -168783688.12396485 -7.777806703407759 
793103.4482758614 -173032120.4473132 -7.966623557847938 
796238.244514106 -177378384.49032968 -8.158562663392797 
799373.0407523505 -181822070.0435373 -8.353886879650894 
802507.836990595 -186363069.42134258 -8.552914714976753 
805642.6332288395 -191003139.6639863 -8.756079426669661 
808777.429467084 -195747207.10471508 -8.963975179749168 
811912.2257053285 -200602838.5217253 -9.177318561558065 
815047.021943573 -205577829.6657647 -9.396823747381452 
818181.8181818175 -210677721.99593326 -9.623074874431138 
821316.614420062 -215905317.09456584 -9.856491017635708 
824451.4106583066 -221262515.82055238 -10.09739925255811 
827586.2068965511 -226752707.6882487 -10.346134900444675 
830721.0031347956 -232381541.51043993 -10.603069893945001 
833855.7993730401 -238155597.99246427 -10.86854756198627 
836990.5956112846 -244080535.22715703 -11.142796011544746 
840125.3918495291 -250160623.14145696 -11.425907996062627 
843260.1880877736 -256399942.76317194 -11.717899868968745 
846394.9843260181 -262803684.41057074 -12.018777691151172 
849529.7805642626 -269377901.93960017 -12.328534931899815 
852664.5768025072 -276127837.14934397 -12.64708664672836 
855799.3730407517 -283056609.92713505 -12.974222012722976 
858934.1692789962 -290165816.4888284 -13.309645433169198 
862068.9655172407 -297457589.84524906 -13.653085244728564 
865203.7617554852 -304936051.57442147 -14.004374549445771 
868338.5579937297 -312606610.50700754 -14.36343282770002 
871473.3542319742 -320473779.11506796 -14.730178547510357 
874608.1504702187 -328539782.9395634 -15.104476575247077 
877742.9467084632 -336805495.10209775 -15.486190182007707 
880877.7429467078 -345272839.05610764 -15.875298015217913 
884012.5391849523 -353946244.18959445 -16.271965055259994 
887147.3354231968 -362831683.32331604 -16.67649996807491 
890282.1316614413 -371934337.1087567 -17.08924669745721 
893416.9278996858 -381257396.5391691 -17.510525457517296 
896551.7241379303 -390803354.42926246 -17.94068520467793 
899686.5203761748 -400576516.9350954 -18.38020968452339 
902821.3166144193 -410584130.1483971 -18.82975799874279 
905956.1128526638 -420834913.1694438 -19.29008472109492 
909090.9090909084 -431336502.44398963 -19.7619090272626 
912225.7053291529 -442094494.1087914 -20.2458565235779 
915360.5015673974 -453114128.4361845 -20.74252218534837 
918495.2978056419 -464402867.2452463 -21.252574780457326 
921630.0940438864 -475971109.4640475 -21.776777034274467 
924764.8902821309 -487830185.9550331 -22.315882654994645 
927899.6865203754 -499989633.41635644 -22.87050231404551 
931034.4827586199 -512456558.5275598 -23.441067789537247 
934169.2789968645 -525237754.6591311 -24.027924891467887 
937304.075235109 -538342330.2812438 -24.63145261108678 
940438.8714733535 -551782012.1051686 -25.25207850578691 
943573.667711598 -565568686.7095271 -25.89017026531662 
946708.4639498425 -579711669.5997083 -26.545917382598695 
949843.260188087 -594217550.7821811 -27.219333259661916 
952978.0564263315 -609092816.0564853 -27.910386524524124 
956112.852664576 -624346519.1326842 -28.61913622449762 
959247.6489028205 -639990173.9120514 -29.345740653318668 
962382.445141065 -656034927.9942884 -30.090342078822808 
965517.2413793096 -672488974.0538942 -30.85296234443647 
968652.0376175541 -689357986.5057422 -31.63353656212345 
971786.8338557986 -706648243.5668945 -32.43206878796752 
974921.6300940431 -724369252.7934201 -33.24876334237628 
978056.4263322876 -742533158.0103734 -34.08400657659197 
981191.2225705321 -761151556.058859 -34.93822754487812 
984326.0188087766 -780233110.868287 -35.811792603490076 
987460.8150470211 -799784585.1300751 -36.70505388660201 
990595.6112852657 -819814347.0448807 -37.61850858243487 
993730.4075235102 -840334841.1237866 -38.552901067201006 
996865.2037617547 -861358489.6968888 -39.50929256442285 
999999.9999999992 -883003079.1170969 -40.48389408715039 
