#x u 
0.0 165121.68247040294 -0.02353847928165243 
3134.796238244514 259067.37158616673 -0.026261211456212873 
6269.592476489028 426614.7469123234 -0.024135481106344964 
9404.38871473354 575624.9048374454 -0.021169942991151634 
12539.184952978056 702422.1308951635 -0.01738363377490304 
15673.98119122257 802055.8830117281 -0.012925137908742317 
18808.777429467085 870674.1635439785 -0.00796682694761349 
21943.5736677116 905623.4977051491 -0.002700438997093356 
25078.369905956115 905552.3955535222 0.0026703748564473923 
28213.16614420063 870463.606616043 0.0079379253861078 
31347.962382445145 801714.0134171013 0.012898516554534353 
34482.75862068966 701962.1608770646 0.017360322434632636 
37617.55485893417 575065.4504513697 0.021150805112995226 
40752.35109717868 425930.974519982 0.02412338672637431 
43887.14733542319 260325.7592570061 0.026163117623711894 
47021.943573667704 84653.75388360865 0.0271911214660555 
50156.739811912215 -94291.80987616505 0.027167645372464196 
53291.53605015673 -269591.1118834932 0.026093597162845924 
56426.33228840124 -434465.3328434753 0.02401051025258597 
59561.12852664575 -582538.7910649847 0.02099893755649078 
62695.92476489026 -708085.4899002273 0.017175336509738404 
65830.72100313478 -806250.5418811406 0.012687565661991815 
68965.51724137929 -873237.9070872391 0.0077091669912591875 
72100.3134796238 -906457.1859072638 0.0024326550402706906 
75235.10971786831 -904623.7897224963 -0.0029379276157120303 
78369.90595611282 -867808.6159141021 -0.008194900689794775 
81504.70219435733 -797435.3062633073 -0.01313497717456049 
84639.49843260185 -696225.1947620014 -0.017567124445179803 
87774.29467084636 -568092.0737004427 -0.02131995148587636 
90909.09090909087 -417990.8474246378 -0.02424833657589836 
94043.88714733538 -251725.92631851527 -0.02623903914255766 
97178.68338557989 -75726.77041045771 -0.027215078771130677 
100313.4796238244 103200.7376731128 -0.02713871203542579 
103448.27586206891 278137.47600588645 -0.026012892035059177 
106583.07210031342 442318.64562050835 -0.02388115419917224 
109717.86833855794 589395.3651027423 -0.020825932772557208 
112852.66457680245 713680.1816650403 -0.016965373085627757 
115987.46081504696 810367.0047929029 -0.012448762877668607 
119122.25705329147 875716.9576358418 -0.007450759343971834 
122257.05329153598 907202.9592746535 -0.0021646351467913666 
125391.84952978049 903607.4468726087 0.0032051954333094258 
128526.645768025 865069.458797613 0.00845108119219044 
131661.44200626953 793079.2580122575 0.013370163868615361 
134796.23824451404 690420.7036451262 0.017772222667758873 
137931.03448275855 561063.5992331522 0.021487030094227533 
141065.83072100306 410010.1805255897 0.024370934644729326 
144200.62695924757 243101.6791620986 0.026312415807843346 
147335.42319749208 66792.44240230882 0.02723639655919753 
150470.2194357366 -112099.65630915838 0.027107146587982495 
153605.0156739811 -286656.8643254619 0.025929663987109608 
156739.81191222562 -450129.0591063795 0.023749481977092656 
159874.60815047013 -596194.7752754289 0.02065090813763481 
163009.40438871464 -719205.655515997 0.016753764235788615 
166144.20062695915 -814404.8723968905 0.012208752721445969 
169278.99686520366 -878111.0747611906 0.007191629067653088 
172413.79310344817 -907860.7454765022 0.0018964053111938204 
175548.58934169268 -902503.4655762205 -0.003472152387655759 
178683.3855799372 -862246.4009300343 -0.008706442047039376 
181818.1818181817 -788646.2911453167 -0.013604053826576454 
184952.97805642622 -684549.2504883679 -0.01797559721044696 
188087.77429467073 -553980.7087222663 -0.0216520247335455 
191222.57053291524 -401989.7478461766 -0.024491169042411418 
194357.36677115975 -234453.8542302062 -0.026383240502964193 
197492.16300940426 -57851.63637551475 -0.027255072762701265 
200626.95924764877 120987.70270221125 -0.027072952091581812 
203761.75548589329 295148.45056974987 -0.025843921091060863 
206896.5517241378 457895.8157901702 -0.023615506356880464 
210031.3479623823 602936.3621266049 -0.020473880626890262 
213166.14420062682 724661.3755523018 -0.016540530483591998 
216300.94043887133 818363.7530712227 -0.011967558471260947 
219435.73667711584 880420.0262643263 -0.006931801294648677 
222570.53291536035 908430.4807159022 -0.0016279915483654879 
225705.32915360486 901311.9529054968 0.0037387725873169993 
228840.12539184937 859339.7161121243 0.008960958487581919 
231974.9216300939 784136.8356039694 0.013836624364088335 
235109.7178683384 678611.4047481094 0.018177228348496294 
238244.5141065829 546844.0891182075 0.021814919401445722 
241379.31034482742 393930.3272665052 0.024609028107735 
244514.10658307193 225783.2902520234 0.026451506358824265 
247648.90282131644 48905.21947471108 0.02727110557028737 
250783.69905956095 -129864.01482464877 0.02703613186265571 
253918.49529780546 -303611.41116272693 0.025755671662885043 
257053.29153604998 -465618.1623951219 0.02347924033246948 
260188.0877742945 -609619.471807968 0.02029486740974393 
263322.884012539 -730046.8126384038 0.016325692510003768 
266457.6802507835 -822243.2628547552 0.01172520351989259 
269592.476489028 -882643.5882062791 0.006671301224952807 
272727.27272727253 -908912.109735771 0.0013594198910325155 
275862.06896551704 -900033.024422034 -0.004005030173519783 
278996.86520376155 -856349.6862553956 -0.009214605828955582 
282131.66144200607 -779551.3287481338 -0.014067852924762442 
285266.4576802506 -672607.7423199795 -0.018377096526247243 
288401.2539184951 -539654.4325824429 -0.02197569829921423 
291536.0501567396 -385832.7004480174 -0.024724500409867643 
294670.8463949841 -217090.82816214184 -0.026517206754502604 
297805.6426332286 -39954.05938871427 -0.027284493426977145 
300940.43887147313 138727.73178692698 -0.02699668947229871 
304075.23510971764 312044.92530469684 -0.025664924261655755 
307210.03134796215 473295.3499516869 -0.0233406971199333 
310344.82758620667 616243.4561427529 -0.020113885848204283 
313479.6238244512 735361.4444552992 -0.016109271151578917 
316614.4200626957 826043.0254843093 -0.011481711372693326 
319749.2163009402 884781.5449297805 -0.006410154123763905 
322884.0125391847 909305.5858242102 -0.0010907163872347944 
326018.8087774292 898666.8041656517 0.004270899322659759 
329153.60501567373 853276.6013547691 0.009467359470589704 
332288.40125391824 774890.2153137366 0.014297717082365166 
335423.19749216276 666538.8454829846 0.01857518235902499 
338557.99373040727 532412.4364203472 0.022134345833339925 
341692.7899686518 377697.6527576749 0.024837574749462587 
344827.5862068963 208377.31101899 0.02658033531789517 
347962.3824451408 30999.02426637597 0.02729523503431847 
351097.1786833853 -147577.9939210684 0.02695462874592173 
354231.9749216298 -320448.1750518937 0.025571687688718522 
357366.77115987433 -480926.63387017505 0.023199890156204182 
360501.56739811884 -622807.6726886057 0.019930953495184457 
363636.36363636336 -740604.7555511969 0.015891287398440652 
366771.15987460787 -829762.6724311645 0.011237105645308967 
369905.9561128524 -886833.6890801785 0.006148385319034125 
373040.7523510969 -909610.8708190364 0.0008219070977996469 
376175.5485893414 -897213.424642365 -0.004536354248806036 
379310.3448275859 -850120.7601153099 -0.009719194928608035 
382445.1410658304 -770153.934807785 -0.014526193967187831 
385579.93730407493 -660404.8426617594 -0.01877144554135534 
388714.73354231945 -525113.0429651092 -0.02229058258950066 
391849.52978056396 -369482.0710041212 -0.024946227783275682 
394984.32601880847 -199405.25257711913 -0.026629961359291365 
398119.122257053 -21048.510425065557 -0.027257836680957468 
401253.9184952975 159722.18980650936 -0.0267583112444812 
404388.714733542 337885.7320410446 -0.0250604342735683 
407523.5109717865 509281.3081611607 -0.022104781953987497 
410658.307210031 669499.2295143438 -0.017903973243665623 
413793.10344827553 811712.4198207451 -0.012649397698453205 
416927.89968652005 924932.6530157092 -0.006795845826630265 
420062.69592476456 995159.3733816496 -0.0010107401595581518 
423197.49216300907 1010665.7896876702 0.0040691599007312475 
426332.2884012536 969028.9008076475 0.00816383569242943 
429467.0846394981 880326.6714919498 0.011503094001273084 
432601.8808777426 762251.0380685371 0.014611535362868877 
435736.6771159871 629306.8717673447 0.01782453253888795 
438871.4733542316 484549.50670395524 0.02092223924663512 
442006.26959247614 321539.84438346775 0.023233124867415474 
445141.06583072065 135447.40313239497 0.024157467477051782 
448275.86206896516 -66772.75750612403 0.023648469913550765 
451410.65830720967 -267042.439515141 0.02219603453299166 
454545.4545454542 -447360.9886800144 0.020326449283369755 
457680.2507836987 -600742.2111262509 0.01811261972057669 
460815.0470219432 -731192.3864040566 0.01518464091637708 
463949.8432601877 -843104.9083431845 0.011223125918210019 
467084.6394984322 -931291.6191285354 0.006420709933294277 
470219.43573667674 -982177.7354169264 0.0014290246692656857 
473354.23197492125 -985027.8040754163 -0.003157010638961907 
476489.02821316576 -941553.4856906149 -0.007243564629197604 
479623.82445141027 -863907.7617096498 -0.01115261526934503 
482758.6206896548 -763198.4579864109 -0.015104526709366437 
485893.4169278993 -640543.9740253815 -0.018819231924617104 
489028.2131661438 -489958.6165592847 -0.021661302493969428 
492163.0094043883 -309868.06535859226 -0.023181753324492637 
495297.8056426328 -110943.59933993746 -0.02349171697756962 
498432.60188087734 88215.66015616653 -0.023079145158685054 
501567.39811912185 273272.243069424 -0.022264170478674353 
504702.19435736636 441677.5808257758 -0.020867112429363323 
507836.99059561087 597919.2646264932 -0.01843779716113955 
510971.7868338554 741779.8819799072 -0.014803183386525235 
514106.5830720999 862225.9787021835 -0.010354530844904168 
517241.3793103444 943592.7811569906 -0.005768351677136007 
520376.1755485889 977765.2083018918 -0.0014497842279448153 
523510.9717868334 969712.576746879 0.0027222476322785708 
526645.768025078 930677.2473512528 0.007087098770711939 
529780.5642633225 866242.2992965267 0.011662970757379994 
532915.360501567 771827.1120115989 0.015950365512356613 
536050.1567398115 640297.6181046381 0.019291236932234522 
539184.952978056 473597.06399235927 0.021411333557514935 
542319.7492163006 286020.57055391505 0.022580713449950447 
545454.5454545451 95456.82443434026 0.023230464480708802 
548589.3416927896 -88516.02916475665 0.02343665426117913 
551724.1379310341 -267495.43623882905 0.022819445295061726 
554858.9341692786 -445279.05969068833 0.0209605579917575 
557993.7304075231 -616526.5123630657 0.017887845469042367 
561128.5266457676 -764998.8710229128 0.014103712655851563 
564263.3228840121 -873507.0845894074 0.010125654257531144 
567398.1191222566 -935803.4369079937 0.006039027224287573 
570532.9153605012 -958824.4595103426 0.0015592065041291428 
573667.7115987457 -953583.7896508516 -0.0034463046801022105 
576802.5078369902 -924286.7866821609 -0.008537226319191474 
579937.3040752347 -866405.0196629134 -0.012865447201798467 
583072.1003134792 -774654.0190671152 -0.015808141345473495 
586206.8965517237 -651519.0239539171 -0.01745160580254264 
589341.6927899682 -506931.69485837675 -0.018438551223131767 
592476.4890282127 -349735.7956613763 -0.01932473938852699 
595611.2852664572 -180804.27392206318 -0.020076383024722602 
598746.0815047018 3951.3941841403894 -0.02018297818588464 
601880.8777429463 203306.3132106522 -0.019231691899179386 
605015.6739811908 404225.8172794623 -0.017338056589102972 
608150.4702194353 586837.4582850119 -0.015006214924155242 
611285.2664576798 736659.1295853134 -0.012598087616839622 
614420.0626959243 851997.3996823332 -0.009989864970973518 
617554.8589341688 939146.222865564 -0.006780023956214652 
620689.6551724133 1000590.6217340952 -0.002822000853046785 
623824.4514106578 1028675.6388002087 0.0014895747631545019 
626959.2476489024 1011437.8193832602 0.005489422912007179 
630094.0438871469 944502.2345982995 0.008791780333648448 
633228.8401253914 836546.8680318127 0.011548077747477946 
636363.6363636359 702557.8768163308 0.014147304978457304 
639498.4326018804 551881.6130212959 0.016679864173498697 
642633.2288401249 383489.4961852804 0.018733593292275634 
645768.0250783694 193231.69876939658 0.019740373648091142 
648902.8213166139 -14792.209119105948 0.019511947794241903 
652037.6175548584 -224972.38129477008 0.018403937354957378 
655172.413793103 -418752.81931224297 0.016937200315554124 
658307.2100313475 -586313.2990192065 0.01527510782153357 
661442.006269592 -729389.4152805825 0.013105368958072773 
664576.8025078365 -852562.3163324896 0.010048289387695709 
667711.598746081 -952448.3924783096 0.006158853927342141 
670846.3949843255 -1016386.0278342561 0.0019907941971115412 
673981.19122257 -1032181.8945650166 -0.0018491288689090838 
677115.9874608145 -998801.7872202712 -0.005193018785741096 
680250.783699059 -926849.2517502838 -0.008338442161661467 
683385.5799373036 -828359.1603174726 -0.011587877727610352 
686520.3761755481 -706606.0618614091 -0.014791189790079286 
689655.1724137926 -556545.7289784972 -0.017377477760358574 
692789.9686520371 -375268.4415580509 -0.01884736650758527 
695924.7648902816 -171269.51928398656 -0.01921209970864234 
699059.5611285261 37447.63772960275 -0.018921211075986297 
702194.3573667706 234706.46381966744 -0.01835748598588079 
705329.1536050151 415301.9595367359 -0.01743165913387554 
708463.9498432596 582647.6134503987 -0.015702952265060386 
711598.7460815042 737708.3280876238 -0.012897358013359464 
714733.5423197487 871148.1819461591 -0.00927645416406557 
717868.3385579932 967209.6568395586 -0.005466021814382934 
721003.1347962377 1015468.1084428432 -0.001920979118503594 
724137.9310344822 1018285.7770888228 0.0014154071559731654 
727272.7272727267 986267.9447476215 0.004905235496135047 
730407.5235109712 926585.4127157509 0.008685494556825024 
733542.3197492157 836464.0174110855 0.012377050577251417 
736677.1159874602 708641.8662971519 0.01534453843479014 
739811.9122257048 542951.3190467156 0.01723895086009622 
742946.7084639493 351693.81211986695 0.018257207127790255 
746081.5047021938 152960.51943338555 0.01885017729733216 
749216.3009404383 -41313.52249127611 0.019189742731631203 
752351.0971786828 -230274.1637370603 0.018957565515443867 
755485.8934169273 -417174.2221058296 0.017678581178211396 
758620.6896551718 -598144.2898085186 0.015248324354090436 
761755.4858934163 -758817.3589894284 0.012098546640951821 
764890.2821316608 -882638.0797520484 0.008825109429791783 
768025.0783699054 -962376.7728551307 0.005666510876707298 
771159.8746081499 -1002970.111374978 0.0023772677186537127 
774294.6708463944 -1012892.0984200179 -0.0013758076007771261 
777429.4670846389 -993266.8769101971 -0.005516699070691591 
780564.2633228834 -936246.114021873 -0.009490742234425757 
783699.0595611279 -834367.5160832178 -0.01270113458248055 
786833.8557993724 -691006.4895859451 -0.014997867026731504 
789968.6520376169 -520832.4549145179 -0.01671042418707215 
793103.4482758614 -339641.89150337054 -0.018195015322986 
796238.244514106 -154059.6137588715 -0.01937672958322471 
799373.0407523505 38309.40416022396 -0.01977113488187257 
802507.836990595 238719.40365266436 -0.018964505521411858 
805642.6332288395 438097.61151962716 -0.017048673661711655 
808777.429467084 618792.6786848342 -0.014553415603612922 
811912.2257053285 765713.727109473 -0.011946664554856646 
815047.021943573 875431.0360372616 -0.009226010138886583 
818181.8181818175 953934.4870474895 -0.006027618716288521 
821316.614420062 1005639.7432874315 -0.002133617244347339 
824451.4106583066 1025386.4312460038 0.0021605233789046816 
827586.2068965511 1001967.8351627222 0.006210060345866837 
830721.0031347956 929547.2128731196 0.009549344696415543 
833855.7993730401 814968.5692238829 0.012234591302403768 
836990.5956112846 673233.9693680885 0.014646526661384133 
840125.3918495291 515806.21264296625 0.01696607919343656 
843260.1880877736 343880.46815790155 0.018879288128781913 
846394.9843260181 153488.68631156784 0.019825537470566583 
849529.7805642626 -53182.904621653506 0.0195309697719677 
852664.5768025072 -262440.80058164184 0.01826832063526522 
855799.3730407517 -455614.76942425454 0.016571298907933137 
858934.1692789962 -620903.1613002588 0.014704079880336899 
862068.9655172407 -758378.4077565626 0.012442567875270974 
865203.7617554852 -873181.5927384668 0.00939487902651151 
868338.5579937297 -964328.1074784534 0.00552050595075653 
871473.3542319742 -1021118.8101514385 0.0012981337110863661 
874608.1504702187 -1031103.0334345833 -0.002638912387955869 
877742.9467084632 -991341.9050283828 -0.006021373126605696 
880877.7429467078 -911200.1858229133 -0.00907722985140999 
884012.5391849523 -803748.9192651752 -0.012145404883579014 
887147.3354231968 -674775.8470814913 -0.01518208683900373 
890282.1316614413 -520851.14830966986 -0.017684021713003612 
893416.9278996858 -338315.2800399245 -0.019113876377108638 
896551.7241379303 -133525.35985528282 -0.01938420141261807 
899686.5203761748 76659.3549957405 -0.018894334307188593 
902821.3166144193 274933.9474578924 -0.018083874681413325 
905956.1128526638 453864.2374713334 -0.01697347852951019 
909090.9090909084 615922.7281533252 -0.015175589169991812 
912225.7053291529 763513.9669461257 -0.012362256199626004 
915360.5015673974 889766.641703758 -0.008695624542225807 
918495.2978056419 980029.6624141972 -0.004765267024775667 
921630.0940438864 1022713.8483350234 -0.0010943970193710076 
924764.8902821309 1018252.3868632026 0.002270548937682927 
927899.6865203754 976886.5477263455 0.005660976861853163 
931034.4827586199 907679.7538674949 0.009287902942634495 
934169.2789968645 810322.8591292407 0.012874231426052686 
937304.075235109 678291.5806738676 0.01580965144854152 
940438.8714733535 509919.83096266387 0.01767024952774652 
943573.667711598 315580.23907635006 0.018561087844704532 
946708.4639498425 113216.23124487713 0.018925728159428574 
949843.260188087 -83318.74892740963 0.019026381162198756 
952978.0564263315 -271130.6495927913 0.01864344453003795 
956112.852664576 -453442.35590776533 0.017311091892180344 
959247.6489028205 -628442.51850247 0.014840717968976161 
962382.445141065 -783852.3060887388 0.011580490336530514 
965517.2413793096 -903201.4930927916 0.008135968972195332 
968652.0376175541 -977465.0164086081 0.004842490154916224 
971786.8338557986 -1010043.4604864762 0.0015399022255270722 
974921.6300940431 -1010030.6047113285 -0.002118668715612728 
978056.4263322876 -980975.136503183 -0.0061543868044315496 
981191.2225705321 -917018.2281352914 -0.01009113350203297 
984326.0188087766 -810467.3564972002 -0.013310700738011645 
987460.8150470211 -662782.30175118 -0.015566635700626746 
990595.6112852657 -487311.01151272707 -0.017121698418248968 
993730.4075235102 -300697.6788561859 -0.018371313415725204 
996865.2037617547 -113895.72130068779 -0.019256644724564148 
999999.9999999992 165121.6824669842 -0.02353847928180914 
