#x u 
0.0 242981.34037123527 0.041881924329259926 
3134.796238244514 314393.70559793065 0.03701182495679498 
6269.592476489028 376153.6814436382 0.030825312290644395 
9404.38871473354 422661.8542818897 0.023414426472144045 
12539.184952978056 452830.28941411554 0.015098315569927823 
15673.98119122257 465560.43595499324 0.006201683162099097 
18808.777429467085 460387.32390785613 -0.0029301866424668536 
21943.5736677116 437431.7941083814 -0.011947795181716245 
25078.369905956115 397480.12862930715 -0.020507080071915543 
28213.16614420063 342060.5704139011 -0.028277818885456073 
31347.962382445145 273402.89363615273 -0.034955543168696666 
34482.75862068966 194262.68390950124 -0.0402774144525521 
37617.55485893417 107711.56693772685 -0.044037119254964265 
40752.35109717868 17011.75303559525 -0.0460931532210158 
43887.14733542319 -74409.78139487247 -0.04636969414478111 
47021.943573667704 -162986.72962584536 -0.04485462546420775 
50156.739811912215 -245142.63884168846 -0.04159960488566661 
53291.53605015673 -317517.252833113 -0.036722102397609396 
56426.33228840124 -377173.7406107612 -0.03040440039697281 
59561.12852664575 -421679.15612254455 -0.02288502726318484 
62695.92476489026 -449071.8063697214 -0.014443725197702846 
65830.72100313478 -457839.7098668933 -0.005386167998920062 
68965.51724137929 -447021.1381158144 0.003965930796005065 
72100.3134796238 -416416.5346261265 0.013279249384618646 
75235.10971786831 -366796.6204329659 0.02221256188310904 
78369.90595611282 -300006.43719778664 0.03042379828618646 
81504.70219435733 -218969.52503742446 0.03757981038592397 
84639.49843260185 -127661.40323536494 0.04336528808543382 
87774.29467084636 -31060.863651071428 0.04749013824975623 
90909.09090909087 65040.852343685794 0.04970062436908909 
94043.88714733538 154536.88973563793 0.04980168714142267 
97178.68338557989 231838.93131205076 0.0476918983490544 
100313.4796238244 292842.17630307574 0.043401709975897776 
103448.27586206891 335652.39518665813 0.037118327230812515 
106583.07210031342 360750.7621663017 0.029182667268728694 
109717.86833855794 370496.6114933812 0.020054236316031326 
112852.66457680245 368128.2056830862 0.010251740086901918 
115987.46081504696 356588.1235375337 0.0002849238664662479 
119122.25705329147 337544.55574111524 -0.009404785061088144 
122257.05329153598 310937.890992278 -0.018479173913780983 
125391.84952978049 275263.15878176544 -0.02670348221984929 
128526.645768025 228571.40829475288 -0.03391224669260123 
131661.44200626953 169852.31480711506 -0.039955778757863984 
134796.23824451404 100191.34917472854 -0.04465470183328069 
137931.03448275855 23096.221436705848 -0.04779000033886613 
141065.83072100306 -56238.53547313646 -0.049138981265106726 
144200.62695924757 -132378.80442679787 -0.0485410163009584 
147335.42319749208 -201043.45703671605 -0.04595795349375744 
150470.2194357366 -259731.9731350318 -0.04149677274727758 
153605.0156739811 -307388.1261682927 -0.035385600733702595 
156739.81191222562 -343509.8197316828 -0.02792221396423168 
159874.60815047013 -367393.16977370024 -0.019426984238478884 
163009.40438871464 -377979.71203126136 -0.010222238546596984 
166144.20062695915 -374273.43377613707 -0.0006370343062444741 
169278.99686520366 -355910.3490519406 0.008981222721033678 
172413.79310344817 -323455.732568766 0.018267233256302723 
175548.58934169268 -278304.6412974429 0.026855488506385198 
178683.3855799372 -222376.77985099546 0.03440591825686749 
181818.1818181817 -157879.5187537404 0.04062450132168236 
184952.97805642622 -87253.35985234044 0.04527322241543364 
188087.77429467073 -13204.243615438048 0.048173469408869275 
191222.57053291524 61339.77034495767 0.049210129523933915 
194357.36677115975 133405.14523418137 0.04833894749420605 
197492.16300940426 200194.72419789457 0.045593135617214404 
200626.95924764877 259225.15835719358 0.041083430741847254 
203761.75548589329 308339.2565784179 0.03498997631846927 
206896.5517241378 345672.98439755914 0.027550019846819165 
210031.3479623823 369691.062604601 0.019047066197293877 
213166.14420062682 379326.3686656715 0.009803582980076067 
216300.94043887133 374145.54280007654 0.00017423021610722287 
219435.73667711584 354421.2918498678 -0.009465308260517578 
222570.53291536035 321057.44426440744 -0.01873580441064799 
225705.32915360486 275426.30460612976 -0.027275003952451325 
228840.12539184937 219239.1430058531 -0.034755138723933265 
231974.9216300939 154525.7742854404 -0.04089350421453518 
235109.7178683384 83686.30608196485 -0.04545742178922346 
238244.5141065829 9496.311272654617 -0.0482687449772993 
241379.31034482742 -65027.97761821531 -0.049212007749455014 
244514.10658307193 -136881.023183963 -0.0482450647131612 
247648.90282131644 -203305.13848098845 -0.04540626408947325 
250783.69905956095 -261886.72627051375 -0.040812488055912324 
253918.49529780546 -310507.29794627335 -0.034648109528351255 
257053.29153604998 -347279.5818149767 -0.027151178700626957 
260188.0877742945 -370615.30401521147 -0.01860397930171047 
263322.884012539 -379440.1304428078 -0.00932914985593045 
266457.6802507835 -373407.961570604 0.00031487425685135717 
269592.476489028 -352933.3401131616 0.009946849470589969 
272727.27272727253 -319006.78927518707 0.01918519639130412 
275862.06896551704 -272954.8777781748 0.02767199779004121 
278996.86520376155 -216358.2579253003 0.03508824480029487 
282131.66144200607 -151178.42277611876 0.041157560946392405 
285266.4576802506 -79914.08577775836 0.04564624469555303 
288401.2539184951 -5544.194001632452 0.04837048975489103 
291536.0501567396 68798.75537679042 0.04921318697194364 
294670.8463949841 140214.09016539628 0.048140565172312064 
297805.6426332286 206190.55827198204 0.04520557932383773 
300940.43887147313 264463.8081418179 0.04053487869275347 
304075.23510971764 312806.6653173907 0.03431028241230924 
307210.03134796215 349067.77847481024 0.02675957222428278 
310344.82758620667 371527.2459727777 0.018160171913495282 
313479.6238244512 379294.03677913704 0.008843587608499641 
316614.4200626957 372385.68005694286 -0.0008153381534468192 
319749.2163009402 351417.62140192586 -0.010427129709824456 
322884.0125391847 317214.8261958326 -0.01961945160131211 
326018.8087774292 270741.75450810627 -0.02805325427814054 
329153.60501567373 213417.28553530923 -0.03541974016918485 
332288.40125391824 147457.5958404194 -0.041434073091486515 
335423.19749216276 75816.0496837596 -0.045845219878664564 
338557.99373040727 1669.8814203174989 -0.04846395217150195 
341692.7899686518 -72132.36476296821 -0.0491898601931024 
344827.5862068963 -143188.07837573072 -0.04801556060014329 
347962.3824451408 -209183.02487071312 -0.045006333630100905 
351097.1786833853 -267521.11355276505 -0.04027652603715922 
354231.9749216298 -315442.6738588534 -0.03398594913799462 
357366.77115987433 -350637.19288071536 -0.0263568937708791 
360501.56739811884 -371819.7076887071 -0.017687859343631228 
363636.36363636336 -378730.6886590698 -0.008339727868648728 
366771.15987460787 -371580.6649200452 0.0013041084692755433 
369905.9561128524 -350531.2528334373 0.010875988380861885 
373040.7523510969 -315777.9906610069 0.020034115499678894 
376175.5485893414 -268170.9458057736 0.028446981813374628 
379310.3448275859 -209712.052884373 0.03578188344150602 
382445.1410658304 -143341.6337862903 0.04172402320428664 
385579.93730407493 -72130.9705665251 0.04602048259505149 
388714.73354231945 1380.7465689478595 0.04851495094747518 
391849.52978056396 75093.59617652754 0.04914501434010645 
394984.32601880847 146666.72591535954 0.04790966813267902 
398119.122257053 213056.7319559799 0.04484404691417897 
401253.9184952975 270889.4496019412 0.040029713319916095 
404388.714733542 317420.85697459243 0.033629568792658396 
407523.5109717865 351196.0441291489 0.025906895935751482 
410658.307210031 371780.0730494041 0.017200261724602366 
413793.10344827553 378874.88897306006 0.007869175407119457 
416927.89968652005 371785.3199393649 -0.001744819390976311 
420062.69592476456 349850.8261483338 -0.011312793962592793 
423197.49216300907 313439.9175810629 -0.020486743176288992 
426332.2884012536 264465.1659524808 -0.02888878264831144 
429467.0846394981 205816.91235943825 -0.03614832895862644 
432601.8808777426 140215.24041659653 -0.04196392978741402 
435736.6771159871 69601.5685408059 -0.046137987627674855 
438871.4733542316 -4348.921681181615 -0.048557471075278746 
442006.26959247614 -79191.15828497878 -0.04914782270231746 
445141.06583072065 -151338.1112038111 -0.047854453455463096 
448275.86206896516 -216889.44475230778 -0.04467647899170683 
451410.65830720967 -272943.9430548148 -0.03971999895840691 
454545.4545454542 -318130.43646234146 -0.03321318805087062 
457680.2507836987 -351861.7501085001 -0.025460844742953105 
460815.0470219432 -373140.3553900953 -0.016776817724461993 
463949.8432601877 -380237.99518224376 -0.007455415966017992 
467084.6394984322 -371676.6941891458 0.002198068328006825 
470219.43573667674 -347551.8544885856 0.011821137444902628 
473354.23197492125 -309815.3007043664 0.020994962688888844 
476489.02821316576 -261165.41649442617 0.02930799440123811 
479623.82445141027 -203635.8965898238 0.03643178196969536 
482758.6206896548 -138315.41461299994 0.04214291998200492 
485893.4169278993 -66464.20810076107 0.046278575866830166 
489028.2131661438 9196.099431129009 0.04868143028789104 
492163.0094043883 84484.1982422957 0.049201014394863546 
495297.8056426328 155206.69763074577 0.04775847182981077 
498432.60188087734 218679.8130381281 0.04441192580964905 
501567.39811912185 273825.32997028565 0.039353873145576916 
504702.19435736636 319797.51683506434 0.03283889002056605 
507836.99059561087 354647.3624094286 0.02511106012145494 
510971.7868338554 375530.30492061516 0.016400603050674742 
514106.5830720999 380360.09165295865 0.006985738794763462 
517241.3793103444 369253.5092260846 -0.002755545857739209 
520376.1755485889 344255.9953438195 -0.012372484379456424 
523510.9717868334 307590.9391540928 -0.021435584097264915 
526645.768025078 260228.6651323227 -0.029614888133409997 
529780.5642633225 202268.87016693177 -0.03667348484009612 
532915.360501567 134733.11832025286 -0.04239432856492473 
536050.1567398115 60835.57752613367 -0.04652857435240176 
539184.952978056 -14723.314530451993 -0.048831880268913046 
542319.7492163006 -87854.96431840977 -0.04916169713901093 
545454.5454545451 -156499.3179099425 -0.0475404718061799 
548589.3416927896 -219949.17744376804 -0.04412015578136453 
551724.1379310341 -276847.78713712766 -0.039083289638414946 
554858.9341692786 -324052.1663826361 -0.0325814370395785 
557993.7304075231 -357693.54619027284 -0.02477236069799277 
561128.5266457676 -375461.6652378408 -0.015911771073413045 
564263.3228840121 -377795.16617389774 -0.006393908076683035 
567398.1191222566 -366733.1068193414 0.003315570779155897 
570532.9153605012 -343606.9157646784 0.012799778531363342 
573667.7115987457 -307995.1885373051 0.021752269527222198 
576802.5078369902 -259071.84802966454 0.029927840018085017 
579937.3040752347 -197949.39442760695 0.03704606519023608 
583072.1003134792 -128502.52381863134 0.04276241842528818 
586206.8965517237 -55679.94305498232 0.046752108635821826 
589341.6927899682 17066.0560651378 0.0488316906046565 
592476.4890282127 88632.64582751694 0.04899914129665225 
595611.2852664572 158559.87251112337 0.04735375706940629 
598746.0815047018 224617.92930434487 0.04398090467364741 
601880.8777429463 282340.9966337551 0.03892339999388211 
605015.6739811908 327162.5313497408 0.03226981330076377 
608150.4702194353 357055.62827300536 0.024263978014363745 
611285.2664576798 372976.71634591685 0.015312306917285173 
614420.0626959243 376652.2351704062 0.005868317779919999 
617554.8589341688 368034.8548229151 -0.003698445070272841 
620689.6551724133 345146.5648428671 -0.013123977356353438 
623824.4514106578 306543.3847050219 -0.022150553275644847 
626959.2476489024 253839.7311100488 -0.030423540010761196 
630094.0438871469 191579.30316740455 -0.037508168076718265 
633228.8401253914 124463.51077562648 -0.04302533248198459 
636363.6363636359 54732.96373033159 -0.0467779458400417 
639498.4326018804 -17609.11615659267 -0.048744347451050364 
642633.2288401249 -92000.2343283811 -0.04895094264025837 
645768.0250783694 -164960.2633501968 -0.04736208275195838 
648902.8213166139 -230796.22326636905 -0.04390758053348913 
652037.6175548584 -284810.82126748096 -0.03862240538252705 
655172.413793103 -325781.5707277715 -0.03175064210516471 
658307.2100313475 -355162.3672314841 -0.02369728731241017 
661442.006269592 -373859.23106372444 -0.014867372671783598 
664576.8025078365 -380007.53951561893 -0.005550021686571114 
667711.598746081 -370178.9774448547 0.004040711957740816 
670846.3949843255 -342847.1299572154 0.013621343792597409 
673981.19122257 -300496.55246246175 0.02275595156393434 
677115.9874608145 -248090.9931821391 0.030938841548934476 
680250.783699059 -189400.8090070415 0.037773648165750094 
683385.5799373036 -124973.34760362172 0.04307501136741187 
686520.3761755481 -53857.84311880089 0.04679570901415117 
689655.1724137926 22749.627947158395 0.04886309173524302 
692789.9686520371 99863.66670820775 0.049104484630064726 
695924.7648902816 170965.83067203365 0.04734845045629835 
699059.5611285261 231969.73353515269 0.04360161604305433 
702194.3573667706 282843.8140701657 0.03811555677153624 
705329.1536050151 325227.22415090003 0.031267729939941 
708463.9498432596 358573.8523848029 0.023373034763475534 
711598.7460815042 378961.3101170712 0.014616073836267318 
714733.5423197487 381951.31678238173 0.005168175519070744 
717868.3385579932 366605.7313890646 -0.004643012568259666 
721003.1347962377 336454.2947266223 -0.01430349739373427 
724137.9310344822 296327.57800030685 -0.02327173040447577 
727272.7272727267 248304.03447034396 -0.03117676485848826 
730407.5235109712 191005.9738168201 -0.037861187386675675 
733542.3197492157 123000.49497718399 -0.04323375639071449 
736677.1159874602 46710.58346863957 -0.04709619426367092 
739811.9122257048 -31388.650718031502 -0.049137564011659515 
742946.7084639493 -104677.01648660604 -0.04911390456047249 
746081.5047021938 -170456.3263730551 -0.04703235559717334 
749216.3009404383 -229986.6288049746 -0.043147761264138336 
752351.0971786828 -284483.4085515631 -0.03777157362921348 
755485.8934169273 -331339.92257173604 -0.031088807943230122 
758620.6896551718 -364676.5316201545 -0.023171447156960207 
761755.4858934163 -379804.4409259503 -0.014169834887637085 
764890.2821316608 -377020.06833434413 -0.004472459468000466 
768025.0783699054 -360744.6074693219 0.005347996052758935 
771159.8746081499 -334853.19042010326 0.014763054232815112 
774294.6708463944 -299067.87853118253 0.02346730743796225 
777429.4670846389 -250235.03577509432 0.03133211105094529 
780564.2633228834 -187187.83946899857 0.0381932298840021 
783699.0595611279 -114053.2580098224 0.04370772070465237 
786833.8557993724 -38393.9953993323 0.04744519438472766 
789968.6520376169 34038.01934122994 0.0491317286043278 
793103.4482758614 102549.39598475365 0.04879922029419242 
796238.244514106 169389.61102099117 0.04668577576295928 
799373.0407523505 234527.24504754218 0.042990582299241825 
802507.836990595 292905.9667358879 0.037739803255806 
805642.6332288395 337239.5832793327 0.030904452491465468 
808777.429467084 363583.63091282494 0.022644432416998678 
811912.2257053285 373911.235799456 0.013414691632574133 
815047.021943573 372966.1898009026 0.0038084943349055316 
818181.8181818175 362657.58057141333 -0.005713081504109705 
821316.614420062 339910.07284695713 -0.014934868769356789 
824451.4106583066 300323.6676821223 -0.02373648098629157 
827586.2068965511 243877.55772013692 -0.03184742997541782 
830721.0031347956 176659.9800157816 -0.03878161697891361 
833855.7993730401 106670.1524046861 -0.04403774896170534 
836990.5956112846 37932.72658642575 -0.04736955473617968 
840125.3918495291 -31018.61363429752 -0.048849021791444645 
843260.1880877736 -102777.03046209161 -0.04865706066241137 
846394.9843260181 -175498.64793661074 -0.04682137116054835 
849529.7805642626 -242128.3233865084 -0.04318030737122352 
852664.5768025072 -295370.9891102973 -0.03761731195393483 
855799.3730407517 -333233.120043667 -0.030324761118258926 
858934.1692789962 -359231.793445879 -0.02181911951073616 
862068.9655172407 -376929.93035974447 -0.012683716121969677 
865203.7617554852 -384526.7104021288 -0.0032970676659141423 
868338.5579937297 -375369.9562601468 0.006182866641102224 
871473.3542319742 -344173.6889079453 0.015580562166838032 
874608.1504702187 -292710.2947973141 0.02448477473387021 
877742.9467084632 -229143.97037162253 0.03230640316091729 
880877.7429467078 -161671.41436682193 0.03857515305969203 
884012.5391849523 -92993.38698489901 0.04317631201924235 
887147.3354231968 -21197.1440765504 0.04627884343342612 
890282.1316614413 54179.29421501441 0.04802194188904878 
893416.9278996858 127663.50973882536 0.04828070248222413 
896551.7241379303 190085.30418404605 0.046753567187483344 
899686.5203761748 235517.7635588837 0.04328085117645421 
902821.3166144193 265741.22712200007 0.03806180147991338 
905956.1128526638 287413.5781736834 0.031542895137020396 
909090.9090909084 304675.9960078118 0.024095366105353514 
912225.7053291529 314760.923194606 0.015823297174245174 
915360.5015673974 311130.2443149241 0.006707132820483342 
918495.2978056419 290827.7261495585 -0.003069186705248643 
921630.0940438864 258281.10055232016 -0.012961052428701948 
924764.8902821309 221476.70091014425 -0.022259518462760274 
927899.6865203754 184467.64013028744 -0.030456265337323214 
931034.4827586199 144125.43833329633 -0.03741202798144784 
934169.2789968645 94666.69959274754 -0.043164992363782545 
937304.075235109 35291.384076224 -0.04759221468975325 
940438.8714733535 -27123.153569089074 -0.050293270768419183 
943573.667711598 -83248.20006547164 -0.05083285567556995 
946708.4639498425 -129113.4651761518 -0.04909818235475407 
949843.260188087 -168362.47758383956 -0.045398604800935764 
952978.0564263315 -206572.0369321534 -0.04019871615226076 
956112.852664576 -243610.19445881093 -0.03375915651448606 
959247.6489028205 -272163.94867128204 -0.026058217475575594 
962382.445141065 -284152.0479606505 -0.01707326847546633 
965517.2413793096 -278409.61951284646 -0.007119304786589578 
968652.0376175541 -261572.281479774 0.0031249179571644337 
971786.8338557986 -241144.05224020625 0.012949200850607714 
974921.6300940431 -217968.0546765441 0.021971231568230283 
978056.4263322876 -186039.48715334703 0.030158467596926836 
981191.2225705321 -139934.85034643556 0.03749950928156944 
984326.0188087766 -82065.7777868488 0.04368165938928521 
987460.8150470211 -22025.540380122766 0.048128692458373576 
990595.6112852657 31461.427990786204 0.050375322879955914 
993730.4075235102 77728.79872636526 0.05039283586009541 
996865.2037617547 120403.77676534731 0.0486445538424625 
999999.9999999992 242661.0907104619 0.041867244812911535 
