#x u 
0.0 -29192.257416362176 0.04841470166427752 
3134.796238244514 -41219.56209550815 0.047264652517873915 
6269.592476489028 -66818.61767548035 0.04359171885117087 
9404.38871473354 -90014.06460208703 0.03822483162818681 
12539.184952978056 -109708.40265255375 0.03138072020637132 
15673.98119122257 -125161.21080044127 0.023323076333000577 
18808.777429467085 -135774.007849399 0.014363531120409204 
21943.5736677116 -141136.42859179756 0.004848548503171674 
25078.369905956115 -141041.10740898125 -0.004853927353085744 
28213.16614420063 -135491.73039489638 -0.014368701969105717 
31347.962382445145 -124702.89171312386 -0.02332783926191919 
34482.75862068966 -109091.79368094838 -0.03138488955152609 
37617.55485893417 -89262.09750632134 -0.038228286024521496 
40752.35109717868 -65980.46625170352 -0.043593387813025825 
43887.14733542319 -40146.31011984454 -0.04727268578635801 
47021.943573667704 -12754.431693732986 -0.04912370891010906 
50156.739811912215 15152.26900823686 -0.04907412903546892 
53291.53605015673 42547.874433451085 -0.04712342329789207 
56426.33228840124 68519.78896283286 -0.04334029683772849 
59561.12852664575 92407.7388156508 -0.03785527215024878 
62695.92476489026 113971.224576495 -0.03084913650523255 
65830.72100313478 133509.54031497313 -0.022540875800240886 
68965.51724137929 151778.48969787612 -0.01318249341411226 
72100.3134796238 169523.2304272349 -0.0030693388969504883 
75235.10971786831 186585.9459765732 0.007431731714725511 
78369.90595611282 200892.60820697068 0.017849817976326707 
81504.70219435733 208016.5680154098 0.02760450442483323 
84639.49843260185 202085.87987709368 0.036062048494564146 
87774.29467084636 178209.183007029 0.04266067592250213 
90909.09090909087 135459.1748571534 0.047060390035493706 
94043.88714733538 78537.26271550416 0.0492307795728634 
97178.68338557989 16526.715352294916 0.04940337544489834 
100313.4796238244 -41107.913437493444 0.047895420599825024 
103448.27586206891 -88954.72053914983 0.04491113705028248 
106583.07210031342 -127453.02893311808 0.040460978840203596 
109717.86833855794 -160673.19958667588 0.03446221744325002 
112852.66457680245 -191779.3549249822 0.026942904420609766 
115987.46081504696 -219807.14308839542 0.01818287808332144 
119122.25705329147 -240300.68018802052 0.008675455523197474 
122257.05329153598 -249004.48732604203 -0.0010529756963944597 
125391.84952978049 -245160.35880004562 -0.010606890854270058 
128526.645768025 -231491.96077522007 -0.01973487308720753 
131661.44200626953 -211194.28393113145 -0.028206166844390305 
134796.23824451404 -185071.06024766443 -0.03569405015246595 
137931.03448275855 -151637.02357243118 -0.04179458098740335 
141065.83072100306 -109899.49457103998 -0.04616708653268024 
144200.62695924757 -61812.86632562512 -0.04865808545994516 
147335.42319749208 -11811.034059685502 -0.04928925493653166 
150470.2194357366 36102.59566129769 -0.04813106428054799 
153605.0156739811 80695.23663495063 -0.04519987981015418 
156739.81191222562 122893.68610503482 -0.04048752566888832 
159874.60815047013 162952.74468208058 -0.03408975039036555 
163009.40438871464 198459.4991571279 -0.026293551798322382 
166144.20062695915 225337.17751289692 -0.017524341371071166 
169278.99686520366 240847.7569980398 -0.008199087119858511 
172413.79310344817 245483.55144156053 0.0013716633499648286 
175548.58934169268 241798.16364387455 0.010943077869729997 
178683.3855799372 231433.5072725128 0.020213759176149898 
181818.1818181817 213480.83478918942 0.02876518354548116 
184952.97805642622 185894.4351465208 0.036141074988304114 
188087.77429467073 148452.03293980745 0.041997121284160735 
191222.57053291524 104117.45983234186 0.046176356293048115 
194357.36677115975 57330.53581452267 0.0486420953977714 
197492.16300940426 10969.563007782945 0.04934799149370704 
200626.95924764877 -34882.63792876531 0.048188367060589356 
203761.75548589329 -81142.48322832113 0.045084783279860575 
206896.5517241378 -126862.25610985803 0.04011869924042084 
210031.3479623823 -168383.8050949135 0.03356879433226756 
213166.14420062682 -201468.8598529207 0.02580902712016519 
216300.94043887133 -224230.89263281212 0.017167297032849888 
219435.73667711584 -237844.8921199282 0.007883574033823166 
222570.53291536035 -244339.64109728858 -0.0018002667567616113 
225705.32915360486 -243832.82450961487 -0.011526658112286163 
228840.12539184937 -234140.2641525772 -0.020818464622984048 
231974.9216300939 -213178.79429889357 -0.02920370431385952 
235109.7178683384 -181630.84692406136 -0.03635224620148624 
238244.5141065829 -143051.1621098979 -0.042094677453011174 
241379.31034482742 -101273.27464278895 -0.04631627474993197 
244514.10658307193 -57799.68714195496 -0.04884860721323359 
247648.90282131644 -11864.301214249015 -0.04948157457462288 
250783.69905956095 36963.79759806721 -0.048089525387600376 
253918.49529780546 86443.57170501818 -0.04474246428835713 
257053.29153604998 132121.38820804574 -0.039686261386769325 
260188.0877742945 170175.09402048116 -0.033210672797178084 
263322.884012539 199722.55713871113 -0.025539092427118784 
266457.6802507835 222234.3625539986 -0.01684839764254546 
269592.476489028 238728.53632987858 -0.007388090219134237 
272727.27272727253 247746.40642615632 0.002438374442447267 
275862.06896551704 246273.76134424357 0.012128827184181453 
278996.86520376155 232660.6790358434 0.02123029945590482 
282131.66144200607 208478.94747741128 0.029438754974321024 
285266.4576802506 177360.476152014 0.036560388283946706 
288401.2539184951 142020.79890516357 0.0423891210650601 
291536.0501567396 102565.25833407241 0.046641743922422714 
294670.8463949841 57812.68078061256 0.04902972906157453 
297805.6426332286 8187.595214859139 0.049400866707057484 
300940.43887147313 -42924.21444821512 0.047808038982759836 
304075.23510971764 -90850.45321686825 0.044436409960072316 
307210.03134796215 -132647.7008312985 0.0394663287851815 
310344.82758620667 -168360.06440604522 0.033013879147799526 
313479.6238244512 -199270.13446816197 0.025206484344901407 
316614.4200626957 -225048.7008546089 0.01630635692058294 
319749.2163009402 -242858.29069311454 0.006742034234227335 
322884.0125391847 -249399.6411834953 -0.0029969691826897548 
326018.8087774292 -243784.07170661472 -0.012504906060057431 
329153.60501567373 -228234.76763167433 -0.021506056655293523 
332288.40125391824 -205890.22068780067 -0.029768646222091105 
335423.19749216276 -178015.3619475243 -0.03699153552378196 
338557.99373040727 -143532.72623857204 -0.04279661766761531 
341692.7899686518 -101331.65011216847 -0.04684737801889005 
344827.5862068963 -52880.69321374831 -0.048979685969567435 
347962.3824451408 -2340.9934232263004 -0.049215940892456136 
351097.1786833853 46001.02719946691 -0.04765390283398941 
354231.9749216298 90350.93030186588 -0.04435054039656939 
357366.77115987433 131395.20428659918 -0.03932351531010863 
360501.56739811884 169748.62757732722 -0.03266628968710969 
363636.36363636336 203615.90789181224 -0.02465060726305575 
366771.15987460787 229190.9965769769 -0.015700863646139228 
369905.9561128524 243430.0243474702 -0.006257336268008588 
373040.7523510969 246328.8174618456 0.003339841904987504 
376175.5485893414 240346.8278015719 0.012837422170865656 
379310.3448275859 227607.38531161036 0.02195485863554079 
382445.1410658304 207827.15934386215 0.03030401182545947 
385579.93730407493 179144.6617303992 0.037441632511903446 
388714.73354231945 140954.39971335582 0.04301311370445162 
391849.52978056396 95732.11400633983 0.04684879479439905 
394984.32601880847 47887.08589363052 0.04892230305116981 
398119.122257053 793.6951970735445 0.049223322464722594 
401253.9184952975 -44940.55284206188 0.047684584190886156 
404388.714733542 -90220.88273076144 0.044243031813073146 
407523.5109717865 -134618.54022202874 0.038971141827890035 
410658.307210031 -174998.35765254594 0.03213779025121223 
413793.10344827553 -207132.8301106465 0.024129426829543957 
416927.89968652005 -228669.00461350274 0.015306629021165693 
420062.69592476456 -240385.56830892796 0.0059367071222592264 
423197.49216300907 -244466.83830643998 -0.003738896490031232 
426332.2884012536 -241645.12372963972 -0.013386828098696707 
429467.0846394981 -230237.8980910756 -0.022551877646716883 
432601.8808777426 -208098.11076489036 -0.03076099718987296 
435736.6771159871 -175418.47566990514 -0.037666330124639213 
438871.4733542316 -135420.09527445084 -0.043090569346285704 
442006.26959247614 -92168.46702724737 -0.04693941395477047 
445141.06583072065 -47768.13189177368 -0.04908383120659685 
448275.86206896516 -1828.6087869497314 -0.049344296247237004 
451410.65830720967 46303.3843872496 -0.04759936212443147 
454545.4545454542 94964.25147341583 -0.04390744480054651 
457680.2507836987 140031.6022919566 -0.0385140181016887 
460815.0470219432 177440.77470070956 -0.031734076718193116 
463949.8432601877 205782.88857222124 -0.02382807127195523 
467084.6394984322 226318.03258936267 -0.014993729546678306 
470219.43573667674 240448.1986279672 -0.005472011740108541 
473354.23197492125 247354.6270485644 0.004356393831899526 
476489.02821316576 244317.46778508127 0.01399899319266379 
479623.82445141027 229400.8530053492 0.02298878800667644 
482758.6206896548 203685.94914331465 0.031001261010664506 
485893.4169278993 170697.2112259812 0.037842542304913684 
489028.2131661438 133605.063641692 0.043334930793697914 
492163.0094043883 93111.9550517208 0.04723248716078136 
495297.8056426328 48196.395567655 0.049265894429688484 
498432.60188087734 -1126.4000917629673 0.049277603414395674 
501567.39811912185 -51995.861122420494 0.04731085658258514 
504702.19435736636 -99820.60495574183 0.04356199817949003 
507836.99059561087 -141215.795108462 0.038246378221601415 
510971.7868338554 -175747.3682227801 0.03151607328578995 
514106.5830720999 -204720.51646754149 0.02351030832070756 
517241.3793103444 -228352.4445731414 0.01447735370133747 
520376.1755485889 -244358.77501905334 0.004829335587738691 
523510.9717868334 -249484.4749343498 -0.004939826032105901 
526645.768025078 -242401.66839104175 -0.014400576654324006 
529780.5642633225 -224947.46144619604 -0.023258723487906637 
532915.360501567 -200407.7715552652 -0.031291402874795676 
536050.1567398115 -170644.8618962485 -0.038229855557761504 
539184.952978056 -135066.41465669603 -0.04372586519975582 
542319.7492163006 -92482.79505714939 -0.047449306751389385 
545454.5454545451 -43850.45588902107 -0.049224555124908816 
548589.3416927896 7040.740758267417 -0.049070477231255454 
551724.1379310341 55722.900379817336 -0.04710762251715288 
554858.9341692786 99851.23639599346 -0.043433082954569574 
557993.7304075231 139779.25603375788 -0.038094529520244266 
561128.5266457676 176377.90519128417 -0.031187707594444794 
564263.3228840121 208463.0083713887 -0.02296911100469173 
567398.1191222566 232599.64202042526 -0.013857129500481848 
570532.9153605012 245543.2005380638 -0.0043100652688380595 
573667.7115987457 246794.55093388734 0.0053029608740908125 
576802.5078369902 238616.27060298595 0.014716142942768589 
579937.3040752347 223514.24211561438 0.023665841040639332 
583072.1003134792 201839.07168082116 0.031795272569726016 
586206.8965517237 172019.54674899124 0.038679631634634636 
589341.6927899682 133157.67801196052 0.04395868205762411 
592476.4890282127 87219.32706758796 0.04744950936832487 
595611.2852664572 38469.66016975655 0.04913120116030061 
598746.0815047018 -9309.368797228479 0.04902567171232024 
601880.8777429463 -54958.80124332336 0.047105435457748625 
605015.6739811908 -99261.78172694032 0.04332793470328451 
608150.4702194353 -142233.07377224296 0.03776003960843426 
611285.2664576798 -181302.60592698425 0.030658698268173013 
614420.0626959243 -212371.57020284308 0.02241714694943308 
617554.8589341688 -232692.60885785962 0.013424947757428658 
620689.6551724133 -242600.42527581906 0.003978466822948439 
623824.4514106578 -244319.09742645116 -0.005676509404950244 
626959.2476489024 -239134.31300747916 -0.015228602677555901 
630094.0438871469 -225923.12494728313 -0.02424777020747823 
633228.8401253914 -202590.44288743625 -0.03226578944260618 
636363.6363636359 -168890.3588493064 -0.03891997373464877 
639498.4326018804 -127641.6314007001 -0.044022476570189345 
642633.2288401249 -83023.65117097565 -0.047494442896315874 
645768.0250783694 -37697.43570430714 -0.04924449954533236 
648902.8213166139 8279.689758200599 -0.04912725683701792 
652037.6175548584 55672.22642859367 -0.0470307090845549 
655172.413793103 103363.71589794949 -0.04300310030839433 
658307.2100313475 147648.28770233758 -0.03728551146142409 
661442.006269592 184332.72616332988 -0.030212752687331035 
664576.8025078365 211506.82441291757 -0.022080862149187072 
667711.598746081 230132.674677575 -0.013112032439852104 
670846.3949843255 241889.7350343054 -0.0035430902904852735 
673981.19122257 246587.0049400481 0.006268018435328565 
677115.9874608145 241894.74110243283 0.015843434407170204 
680250.783699059 225694.32283582963 0.024707446548966543 
683385.5799373036 198578.14467397434 0.032515721819617545 
686520.3761755481 163860.96274977777 0.03907019069985926 
689655.1724137926 125067.89504394728 0.04421743772771766 
692789.9686520371 83503.78281034346 0.0477494675496891 
695924.7648902816 38409.66222980518 0.049421233288411595 
699059.5611285261 -10518.960061213707 0.04907419922714982 
702194.3573667706 -60967.37447117703 0.046741158070082806 
705329.1536050151 -108537.17101195603 0.04262451955330921 
708463.9498432596 -149490.6401719036 0.03697048254298006 
711598.7460815042 -182890.32622631124 0.02996806752563925 
714733.5423197487 -209954.21279403433 0.021773025700353645 
717868.3385579932 -231369.26926109396 0.012622798079078271 
721003.1347962377 -245443.11611100342 0.002910839424874956 
724137.9310344822 -249079.78443059692 -0.0068703234139465795 
727272.7272727267 -240583.01500850683 -0.016271146621025367 
730407.5235109712 -221356.45978620634 -0.02497737993478079 
733542.3197492157 -194717.445915401 -0.03277033237326259 
736677.1159874602 -163062.01208208586 -0.039411260826225814 
739811.9122257048 -126337.22948635211 -0.04458482399490001 
742946.7084639493 -83387.51805686788 -0.04797289488728871 
746081.5047021938 -34707.863579672165 -0.04939101567790413 
749216.3009404383 16350.712863919005 -0.048851664049177235 
752351.0971786828 65256.34784426099 -0.04649292347488601 
755485.8934169273 109160.73470518466 -0.042449878918272455 
758620.6896551718 148014.30459714128 -0.03680332448487638 
761755.4858934163 182833.72265936944 -0.029656141015683493 
764890.2821316608 213013.83143919625 -0.021250730006675076 
768025.0783699054 235573.00886724622 -0.011995303692187152 
771159.8746081499 247177.71823099002 -0.0023605837761701155 
774294.6708463944 246859.0772865027 0.007257013875889581 
777429.4670846389 236595.7485196824 0.01657570960600618 
780564.2633228834 219168.66595627912 0.025344429195599833 
783699.0595611279 195547.06548411932 0.0332376237993556 
786833.8557993724 164541.99255563907 0.03985369450468544 
789968.6520376169 125064.00449549509 0.044831902616015815 
793103.4482758614 78571.02875825198 0.04797659257729948 
796238.244514106 29082.6537507374 0.04926799726339174 
799373.0407523505 -19312.374747188736 0.04875587659082188 
802507.836990595 -64900.651815613935 0.04645279058366578 
805642.6332288395 -108242.63648868757 0.042341302238137764 
808777.429467084 -149707.14278549055 0.0364866715524892 
811912.2257053285 -187307.7000623591 0.02913285423355699 
815047.021943573 -217183.69933698102 0.02067453442733872 
818181.8181818175 -236280.92676025993 0.01152583685919536 
821316.614420062 -244465.49354412276 0.0020128303051189494 
824451.4106583066 -243891.7426003047 -0.0076098709107506575 
827586.2068965511 -236320.25534623585 -0.01704984136358525 
830721.0031347956 -221222.74953631038 -0.02590441576203393 
833855.7993730401 -196667.26388261805 -0.03371589571542046 
836990.5956112846 -162038.73593953415 -0.04011049549138358 
840125.3918495291 -119707.41313093947 -0.04488813037494532 
843260.1880877736 -73852.17964891758 -0.04798042625735955 
846394.9843260181 -27625.68146332133 -0.04933098479559009 
849529.7805642626 18419.113117452944 -0.04883128855902611 
852664.5768025072 65054.4728358468 -0.04638432910664274 
855799.3730407517 111664.76988034272 -0.04203074375755938 
858934.1692789962 155015.30813381705 -0.036003616155247005 
862068.9655172407 190868.45077923298 -0.02865058380628577 
865203.7617554852 216827.71780165474 -0.020299329123836335 
868338.5579937297 233504.50814447532 -0.011200009020209921 
871473.3542319742 242848.0631768024 -0.0015946219024851871 
874608.1504702187 245412.8706038427 0.008173597209047865 
877742.9467084632 239396.25118349624 0.017642913602226216 
880877.7429467078 222398.2226592724 0.026344018742469395 
884012.5391849523 194051.54564404482 0.0339371859914381 
887147.3354231968 156870.46628489177 0.04023982443821977 
890282.1316614413 114623.32192732756 0.045118469307819514 
893416.9278996858 70084.2536570513 0.048362089241080874 
896551.7241379303 24448.358266253228 0.049680834646745504 
899686.5203761748 -21356.919299227928 0.04885341115168184 
902821.3166144193 -65426.48780633233 0.04589629026823183 
905956.1128526638 -105533.33548827363 0.04109948753869529 
909090.9090909084 -141177.8579602234 0.03489533922207003 
912225.7053291529 -174568.1239133851 0.027677005139216754 
915360.5015673974 -208795.74789372907 0.019715429930431336 
918495.2978056419 -244331.06701532405 0.011213623386845829 
921630.0940438864 -277016.00572756305 0.002404300631301327 
924764.8902821309 -299703.2717822541 -0.006424676949715591 
927899.6865203754 -306405.27305943606 -0.014992045636693178 
931034.4827586199 -295475.23478653195 -0.023081790647102227 
934169.2789968645 -269289.6613220796 -0.03051449066326727 
937304.075235109 -231213.87863111933 -0.03705463079770529 
940438.8714733535 -183033.16674933798 -0.0423636071452354 
943573.667711598 -125203.32442291653 -0.04607333935441181 
946708.4639498425 -59187.09046351073 -0.04793163987718868 
949843.260188087 10987.572891668493 -0.04788946146443874 
952978.0564263315 79847.95888953934 -0.046051791973015434 
956112.852664576 143229.22524185415 -0.042548375553333774 
959247.6489028205 199825.05476213578 -0.037458401122908845 
962382.445141065 249948.45499504474 -0.030862810887666826 
965517.2413793096 292856.43724847643 -0.022961538753571594 
968652.0376175541 325512.4470889985 -0.01412318602949091 
971786.8338557986 344150.4368116748 -0.004804261275370371 
974921.6300940431 347052.0306998773 0.004589144995415154 
978056.4263322876 335660.54369460436 0.01376509168061626 
981191.2225705321 312888.20568716596 0.022482043267880433 
984326.0188087766 280404.60753075016 0.030439080844273936 
987460.8150470211 237743.94059381064 0.03724957309755659 
990595.6112852657 184134.01413945179 0.04253922159076168 
993730.4075235102 121092.69101663084 0.046076249858922814 
996865.2037617547 52719.9115752888 0.047819547121787674 
999999.9999999992 -29192.257464864226 0.04841470166205429 
