#x u 
0.0 96761.29703104692 0.0445788825470263 
3134.796238244514 158641.78450404305 0.04083869933833945 
6269.592476489028 262841.60601224005 0.037740306269381824 
9404.38871473354 354833.1593243706 0.03308879553329404 
12539.184952978056 433171.65713769314 0.02716087420362561 
15673.98119122257 494757.5618175758 0.02018255748736931 
18808.777429467085 537211.2493233912 0.012423783852695325 
21943.5736677116 558890.9911918209 0.004184582781395909 
25078.369905956115 558958.433487905 -0.004216435992222666 
28213.16614420063 537410.9681903624 -0.012454405299436797 
31347.962382445145 495081.835203667 -0.020210763088614338 
34482.75862068966 433607.90096218174 -0.027185571212613845 
37617.55485893417 355366.36085001746 -0.033109114028829836 
40752.35109717868 263382.8131194309 -0.03775232829584074 
43887.14733542319 161214.25908776626 -0.04093566104279528 
47021.943573667704 52811.553992159475 -0.04253601287796713 
50156.739811912215 -57633.372476244724 -0.04249149823892294 
53291.53605015673 -165849.6179807288 -0.040803838505557605 
56426.33228840124 -267652.46321752266 -0.03753829543437995 
59561.12852664575 -359105.19489875395 -0.03282114748814336 
62695.92476489026 -436671.33834943443 -0.026834806651086715 
65830.72100313478 -497351.4128880454 -0.01981076456240891 
68965.51724137929 -538798.9216638397 -0.012020640740805624 
72100.3134796238 -559411.090626963 -0.0037656790649852226 
75235.10971786831 -558390.847757864 0.00463490131902069 
78369.90595611282 -535777.6458208567 0.012856250193650571 
81504.70219435733 -492445.93672678625 0.02058044821899096 
84639.49843260185 -430071.3565011495 0.02750880086510235 
87774.29467084636 -351065.92848404613 0.03337338892145998 
90909.09090909087 -258484.79045247592 0.03794742892562075 
94043.88714733538 -155908.0525246518 0.041054042873617705 
97178.68338557989 -47302.35439799983 0.04257309808761731 
100313.4796238244 63132.524501283 0.04244585274334095 
103448.27586206891 171126.07037570747 0.04067722741483022 
106583.07210031342 272502.17571020924 0.037335614795981055 
109717.86833855794 363340.62923746323 0.032550234956909854 
112852.66457680245 440128.71040217637 0.02650613840731667 
115987.46081504696 499897.02617050865 0.019437050198251163 
119122.25705329147 540334.3373788415 0.011616331780673141 
122257.05329153598 559876.934290091 0.0033464101254946344 
125391.84952978049 557769.1052071913 -0.005052917119253243 
128526.645768025 534092.3598240997 -0.013256848194870345 
131661.44200626953 489762.277248123 -0.020948137307262717 
134796.23824451404 426493.1005804575 -0.02782936251326959 
137931.03448275855 346731.44718156033 -0.03363442701920784 
141065.83072100306 253561.69804361073 -0.038138849136728534 
144200.62695924757 150586.72486047895 -0.041168442983669104 
147335.42319749208 41788.56707620458 -0.0426060542474328 
150470.2194357366 -68625.55347323064 -0.04239609053910664 
153605.0156739811 -176385.92571516777 -0.040546671149645774 
156739.81191222562 -277325.4589526402 -0.03712931307711056 
159874.60815047013 -367540.8241495752 -0.032276165466274626 
163009.40438871464 -443543.39555965964 -0.026174899404749978 
166144.20062695915 -502394.1557901419 -0.019061450687075376 
169278.99686520366 -541817.3475253815 -0.011210896183885741 
172413.79310344817 -560288.4770010486 -0.0029268166267213905 
175548.58934169268 -557093.2661370003 0.005470442850697423 
178683.3855799372 -532355.2736514315 0.013656160450177642 
181818.1818181817 -487031.1170485649 0.021313794692257745 
184952.97805642622 -422873.48024548613 0.028147225066706923 
188087.77429467073 -342363.33733219927 0.03389220300469327 
191222.57053291524 -248614.01337027794 0.03832657036383479 
194357.36677115975 -145250.79219645046 0.04127885027759173 
197492.16300940426 -36270.726794118076 0.042634878161084654 
200626.95924764877 74111.9266380379 0.04234221645252184 
203761.75548589329 181628.67385993886 0.04041218237230391 
206896.5517241378 282121.8451475924 0.03691941028641508 
210031.3479623823 371705.37226952356 0.03199896559749754 
213166.14420062682 446915.06264078856 0.02584112176936313 
216300.94043887133 504842.5595570869 0.018684002457264016 
219435.73667711584 543247.8082703113 0.010804373272547243 
222570.53291536035 560645.6788454213 0.002506939263906016 
225705.32915360486 556363.3960950981 -0.00588743801865994 
228840.12539184937 530566.5557781484 -0.014054148231355 
231974.9216300939 484252.721015963 -0.021677384909853527 
235109.7178683384 419212.8465534364 -0.02846235769678352 
238244.5141065829 337962.0225871414 -0.03414669187691939 
241379.31034482742 243642.21629505407 -0.038510574400364546 
244514.10658307193 139900.77205027052 -0.04138525404728028 
247648.90282131644 30749.36871217449 -0.04265956703301928 
250783.69905956095 -79591.11188718487 -0.04228423570868872 
253918.49529780546 -186853.8063300375 -0.04027377412650797 
257053.29153604998 -286890.86910652544 -0.03670592678179955 
260188.0877742945 -375833.8696890352 -0.03171866223544543 
263322.884012539 -450243.3846366805 -0.02550483787334776 
266457.6802507835 -507242.0000072742 -0.018304742116501772 
269592.476489028 -544625.5808771048 -0.010396802474217244 
272727.27272727253 -560948.5051791641 -0.002086818759820272 
275862.06896551704 -555579.5658696075 0.006303862179905304 
278996.86520376155 -528726.3796871683 0.014450772938642074 
282131.66144200607 -481427.3586194502 0.02203887269641658 
285266.4576802506 -415511.5545392912 0.028774729839636394 
288401.2539184951 -333527.9298180238 0.03439786895369753 
291536.0501567396 -238646.78901911428 0.038690843400263 
294670.8463949841 -134537.18330594513 0.04148764397292033 
297805.6426332286 -25225.02833198151 0.04268011846872964 
300940.43887147313 85062.57780928933 0.042222153931003086 
304075.23510971764 192060.81635397096 0.040131459836100114 
307210.03134796215 291632.06829467684 0.03648888326845275 
310344.82758620667 379925.91599628737 0.03143528256598462 
313479.6238244512 453528.03874236555 0.025166080331971 
316614.4200626957 509592.2444254494 0.017923706448225104 
319749.2163009402 545950.5317193161 0.009988223318087016 
322884.0125391847 561196.9266319703 0.0016664958608175182 
326018.8087774292 554741.8514821088 -0.00671967494657845 
329153.60501567373 526834.923852203 -0.014845996104479373 
332288.40125391824 478555.3038832952 -0.022398222992222494 
335423.19749216276 411769.96318136534 -0.029084311199134894 
338557.99373040727 329061.4890755288 -0.03464570987404129 
341692.7899686518 233628.21603546225 -0.038867359879726664 
344827.5862068963 129160.54616346605 -0.04158601012398951 
347962.3824451408 19698.24144440044 -0.04269653047498751 
351097.1786833853 -90525.79374164307 -0.04215597714060898 
354231.9749216298 -197249.19891789684 -0.03998525330375907 
357366.77115987433 -296344.9828759409 -0.03626830079683898 
360501.56739811884 -383981.11431476125 -0.031148854073344043 
363636.36363636336 -456768.7063881159 -0.024824882000412107 
366771.15987460787 -511893.0648677554 -0.017540932408054568 
369905.9561128524 -547222.5322935404 -0.009578675431145699 
373040.7523510969 -561390.9191101112 -0.001246011332880877 
376175.5485893414 -553850.3341802573 0.007134835990121949 
379310.3448275859 -524892.3717204593 0.015239779397239901 
382445.1410658304 -475636.8353603479 0.022755400944857136 
385579.93730407493 -407988.4353664256 0.029391071749815256 
388714.73354231945 -324563.13354743057 0.03489019060051732 
391849.52978056396 -228586.98408200062 0.039040106718901554 
394984.32601880847 -123771.38209012014 0.04168034296030141 
398119.122257053 -14169.544080381302 0.04270880146016566 
401253.9184952975 95980.22982757445 0.04208571175554458 
404388.714733542 202418.4508423897 0.039835168708387804 
407523.5109717865 301029.15577329305 0.036044200759930776 
410658.307210031 387999.07121029403 0.03085940454347417 
413793.10344827553 459965.07294002315 0.024481275985716342 
416927.89968652005 514144.2382958158 0.017156457115077677 
420062.69592476456 548441.4612008035 0.009168198444085975 
423197.49216300907 561530.4668651236 0.0008254058171152066 
426332.2884012536 552905.0961867999 -0.007549304850692657 
429467.0846394981 522898.8887327026 -0.015632083572413843 
432601.8808777426 472672.2133887639 -0.02311037087133503 
435736.6771159871 404167.4015396096 -0.029694984658973935 
438871.4733542316 320033.5214750181 -0.03513129759564694 
442006.26959247614 223523.72399359406 -0.03920907366788348 
445141.06583072065 118369.5459456687 -0.04177060272138593 
448275.86206896516 8637.622310715535 -0.04271684542780228 
451410.65830720967 -101426.24861722774 -0.042011323723522766 
454545.4545454542 -207562.70894709675 -0.03968146638031708 
457680.2507836987 -305670.53783881135 -0.03581722845682526 
460815.0470219432 -391972.1455251389 -0.03056728554946214 
463949.8432601877 -463146.7577448193 -0.024133659620278393 
467084.6394984322 -516401.73403747706 -0.016764875891095037 
470219.43573667674 -549465.7856519116 -0.008744252388537772 
473354.23197492125 -560495.1134018863 -0.00036588162717968956 
476489.02821316576 -547884.3014591151 0.008104874540706292 
479623.82445141027 -510077.81890365604 0.016467863535056564 
482758.6206896548 -445793.5053422416 0.02457398632452493 
485893.4169278993 -355318.20743935776 0.0322176078436432 
489028.2131661438 -242972.28587947652 0.038971303392023544 
492163.0094043883 -119181.7090388247 0.04411569797256906 
495297.8056426328 741.3568182498275 0.04683832539167141 
498432.60188087734 102570.73386242735 0.04668838566271464 
501567.39811912185 180823.33177038454 0.04397614821975458 
504702.19435736636 241436.55264311662 0.0397060050906185 
507836.99059561087 295359.0758680624 0.03494936646971461 
510971.7868338554 347318.9116801481 0.030096345942550055 
514106.5830720999 390231.26188268006 0.024644310969644274 
517241.3793103444 411707.47386231844 0.01776981382787577 
520376.1755485889 407083.28146587656 0.009206783221072313 
523510.9717868334 385574.77461569593 -0.0003695843172561999 
526645.768025078 362179.52172660135 -0.009804949409442335 
529780.5642633225 342787.15470238216 -0.01831288924068741 
532915.360501567 317973.07512909244 -0.025880508288483203 
536050.1567398115 272670.1830034783 -0.03286778742524904 
539184.952978056 202345.5081251316 -0.039259653526937506 
542319.7492163006 119030.70571785547 -0.04437238951485552 
545454.5454545451 40760.81923593771 -0.04732728577336116 
548589.3416927896 -24767.35269024788 -0.04779575150084388 
551724.1379310341 -85398.77608172815 -0.04623540219686148 
554858.9341692786 -153296.08630247036 -0.04337155592434244 
557993.7304075231 -229219.62154211535 -0.039470160661640406 
561128.5266457676 -298948.6748814945 -0.03416481616511372 
564263.3228840121 -345704.42012208066 -0.027015174508915843 
567398.1191222566 -365603.77569664945 -0.018202597112258637 
570532.9153605012 -369982.29864202556 -0.00862273474514625 
573667.7115987457 -372221.0602229584 0.0007328405649109047 
576802.5078369902 -372983.9413564182 0.009467949877745291 
579937.3040752347 -359411.94501417666 0.0178328816992921 
583072.1003134792 -319116.34815072967 0.026096092194977185 
586206.8965517237 -254232.6992246065 0.033911580255373545 
589341.6927899682 -180722.02761192966 0.04036051296869241 
592476.4890282127 -113603.85722022118 0.04463535032607498 
595611.2852664572 -53575.81912603976 0.04665777654610025 
598746.0815047018 11008.581582068342 0.04698983562687014 
601880.8777429463 88998.16579636578 0.04613877535351767 
605015.6739811908 174176.34892585504 0.0439907920421797 
608150.4702194353 248876.2330374347 0.03997011976253529 
611285.2664576798 299780.6329402855 0.03375421711677614 
614420.0626959243 329396.92995941173 0.025788615823149678 
617554.8589341688 351244.7429098783 0.017053550237736654 
620689.6551724133 373910.1918041777 0.008319099534401304 
623824.4514106578 390803.5406686136 -0.000338858330506988 
626959.2476489024 386430.33715865435 -0.009265806629077436 
630094.0438871469 352598.11801939574 -0.018499816094440742 
633228.8401253914 297518.5176450332 -0.027367374262930743 
636363.6363636359 238222.300747111 -0.0348425523602822 
639498.4326018804 184231.3230843034 -0.04030493036355163 
642633.2288401249 129596.54906050129 -0.04391166989315714 
645768.0250783694 61587.09626597331 -0.04620369565566161 
648902.8213166139 -23208.985744457153 -0.047369320851308974 
652037.6175548584 -112407.57021416465 -0.046946115327123374 
655172.413793103 -187889.16386969812 -0.044277996437590825 
658307.2100313475 -241924.90266138472 -0.03924766113178508 
661442.006269592 -282524.93259049987 -0.032512579927645516 
664576.8025078365 -322501.4255078897 -0.024992444388069662 
667711.598746081 -363851.4658313285 -0.01714045984006363 
670846.3949843255 -393962.8985737877 -0.008755444556020129 
673981.19122257 -397689.2510919021 0.00047925918942133707 
677115.9874608145 -372635.60614382155 0.010309718089668308 
680250.783699059 -331609.1932667132 0.01981314295844211 
683385.5799373036 -289669.72781671176 0.02800445460620776 
686520.3761755481 -249382.71250823262 0.0345236379533075 
689655.1724137926 -199736.85512146173 0.039694739448857146 
692789.9686520371 -129792.09117896616 0.04390725986924415 
695924.7648902816 -42621.27913372695 0.046981428465020666 
699059.5611285261 45204.71569099557 0.04819331049672714 
702194.3573667706 118142.64737259707 0.046939250873324394 
705329.1536050151 175046.30330762384 0.04334448993456161 
708463.9498432596 227441.2380440124 0.03817720641987175 
711598.7460815042 284641.80358142674 0.0321570400717384 
714733.5423197487 341471.38679836463 0.02538089688392108 
717868.3385579932 381588.96905151446 0.017462507905525136 
721003.1347962377 392996.4850898108 0.008229223158092021 
724137.9310344822 379481.9453603489 -0.001768052378674417 
727272.7272727267 356017.09196468734 -0.011480408821131698 
730407.5235109712 332982.2810432826 -0.020098050158395046 
733542.3197492157 305810.4171616804 -0.027537907910720145 
736677.1159874602 260911.23717896375 -0.03418339305797636 
739811.9122257048 191593.9783456375 -0.040163799977258906 
742946.7084639493 107180.38880710916 -0.044943446619169505 
746081.5047021938 25652.48201412584 -0.04766287633496191 
749216.3009404383 -42519.869448002195 -0.047881525468493495 
752351.0971786828 -102470.6044928146 -0.045947105419871626 
755485.8934169273 -166560.4336690334 -0.04260727232399181 
758620.6896551718 -238463.3377664858 -0.03827318638302177 
761755.4858934163 -306562.98442014714 -0.032707431354419225 
764890.2821316608 -353700.6359973353 -0.025459426909740755 
768025.0783699054 -373111.80008013337 -0.016582937777852066 
771159.8746081499 -373875.94097057864 -0.006871806691473432 
774294.6708463944 -370221.66067383427 0.0026448759317560626 
777429.4670846389 -365985.08567860705 0.011429738285386492 
780564.2633228834 -350584.7913632665 0.019635607939856366 
783699.0595611279 -310736.4986437053 0.02758138298100105 
786833.8557993724 -245559.557526053 0.03507080033336556 
789968.6520376169 -169148.67864536576 0.041283703911818306 
793103.4482758614 -97852.15986439676 0.04536591371469169 
796238.244514106 -35559.04809606956 0.04710768192170388 
799373.0407523505 27632.760913868904 0.047005961608951465 
802507.836990595 102082.87677571984 0.04565155748947135 
805642.6332288395 184748.55969444208 0.04308933813981771 
808777.429467084 259483.4863977761 0.03882480229520028 
811912.2257053285 311283.77903839306 0.03246758671322881 
815047.021943573 339601.8780496712 0.024330244143645346 
818181.8181818175 356828.24100339646 0.015345590876224245 
821316.614420062 373627.75822893006 0.006380452017089361 
824451.4106583066 386617.5175603378 -0.002343777880061213 
827586.2068965511 381380.5916148096 -0.011127547338003323 
830721.0031347956 347658.4699535406 -0.02011069770316519 
833855.7993730401 290742.1161271413 -0.028763098985152835 
836990.5956112846 227066.27463825178 -0.03609771845768219 
840125.3918495291 168604.13321101986 -0.041394971087720084 
843260.1880877736 112409.67409883799 -0.04468867771163398 
846394.9843260181 46215.16037844414 -0.04651340308381259 
849529.7805642626 -35907.77982680241 -0.04718766087652355 
852664.5768025072 -124400.21579220117 -0.04639278440341674 
855799.3730407517 -201305.96953132056 -0.04349329784698458 
858934.1692789962 -256250.10939850507 -0.03826207980101977 
862068.9655172407 -294615.2231275226 -0.031245537797064543 
865203.7617554852 -329431.2350446377 -0.023380267271462793 
868338.5579937297 -365609.93610882526 -0.0152572762551613 
871473.3542319742 -393182.1367049961 -0.006797843932584509 
874608.1504702187 -396702.47394909384 0.002330011065657896 
877742.9467084632 -370966.22302699357 0.012005647633114147 
880877.7429467078 -326532.29342640267 0.021416531387250182 
884012.5391849523 -279251.3433232079 0.02955094665245986 
887147.3354231968 -234793.53624645967 0.03591823595220789 
890282.1316614413 -184397.83210194786 0.04075256594340706 
893416.9278996858 -116237.60483534989 0.04449842745061932 
896551.7241379303 -30361.14259297133 0.047129571669235544 
899686.5203761748 58597.977212175596 0.04802570218232266 
902821.3166144193 133888.45390214067 0.046542008031643885 
905956.1128526638 191283.36093711306 0.042675566583952156 
909090.9090909084 240618.12281977374 0.037128461501982235 
912225.7053291529 292728.7061299733 0.03069934328095189 
915360.5015673974 345635.7496712315 0.023638464616028358 
918495.2978056419 384592.303917979 0.015636682900940353 
921630.0940438864 396014.3726790115 0.006449819510681856 
924764.8902821309 380701.8322448334 -0.003509959168426482 
927899.6865203754 352493.14561266196 -0.013250327227534569 
931034.4827586199 323797.24072309857 -0.021875828979499846 
934169.2789968645 293217.2738906096 -0.029167809386249428 
937304.075235109 248249.0756660435 -0.03547165478632279 
940438.8714733535 180160.02608160657 -0.041023587187134496 
943573.667711598 95332.32566992204 -0.04543705876227095 
946708.4639498425 11065.167126609835 -0.04789880582356264 
949843.260188087 -59838.15908597411 -0.04787612616912477 
952978.0564263315 -119595.75527737083 -0.04559724882811059 
956112.852664576 -180137.38083449483 -0.041803053921131005 
959247.6489028205 -247666.84857947065 -0.037031944212256925 
962382.445141065 -313443.5033112947 -0.03118746555268855 
965517.2413793096 -360573.54691620055 -0.02383784246991387 
968652.0376175541 -379754.11597105593 -0.01492440264155559 
971786.8338557986 -377491.70162595663 -0.00512406970350132 
974921.6300940431 -368220.97013198445 0.00452653567812838 
978056.4263322876 -358659.74863032537 0.013362727706149909 
981191.2225705321 -340869.76789770654 0.02142363096527528 
984326.0188087766 -301307.23964759504 0.029049880634521283 
987460.8150470211 -236311.1961554445 0.036184502363224395 
990595.6112852657 -157697.21835845243 0.042125363541958644 
993730.4075235102 -82451.88010905794 0.045998095668566816 
996865.2037617547 -19382.057137892592 0.047558014379867536 
999999.9999999992 96761.2970291457 0.04457888254693916 
