#x u 
0.0 224234.7823824926 0.006534907059443004 
3134.796238244514 308758.4803726613 0.0007376574897241753 
6269.592476489028 510109.0076780325 0.0008142468532902868 
9404.38871473354 688398.161670265 0.0007064588734155405 
12539.184952978056 840135.860176901 0.0005745095841387373 
15673.98119122257 959384.2952363533 0.00042028753771386484 
18808.777429467085 1041533.3904796055 0.00024981413326198576 
21943.5736677116 1083406.4168383034 6.968039177461364e-05 
25078.369905956115 1083384.1462080216 -0.00011314788777180037 
28213.16614420063 1041467.4397753078 -0.0002916007415542897 
31347.962382445145 959277.2154510913 -0.00045877740250189255 
34482.75862068966 839991.7669999306 -0.0006082131536310816 
37617.55485893417 688223.8595058976 -0.0007341293184639245 
40752.35109717868 509842.3538708137 -0.0008316567222922157 
43887.14733542319 311745.258120986 -0.0008970239830323346 
47021.943573667704 101592.98162231529 -0.0009277033504691938 
50156.739811912215 -112487.89274389886 -0.0009225084542889353 
53291.53605015673 -322218.86332245707 -0.0008816401809871779 
56426.33228840124 -519489.6391206625 -0.0008066789055935775 
59561.12852664575 -696671.7645429238 -0.0007005233786119211 
62695.92476489026 -846913.6115635126 -0.0005672786314161364 
65830.72100313478 -964405.3319980811 -0.00041209723479731456 
68965.51724137929 -1044603.5241767262 -0.00024098004919000885 
72100.3134796238 -1084406.9261643935 -6.054417156041187e-05 
75235.10971786831 -1082276.341476517 0.0001222329475554627 
78369.90595611282 -1038294.159765686 0.0003002833218761279 
81504.70219435733 -954161.1708159968 0.00046672174821436353 
84639.49843260185 -833130.7950478343 0.000615112057099073 
87774.29467084636 -679883.2738376997 0.0007397159992758775 
90909.09090909087 -500344.68471002835 0.0008357151436513121 
94043.88714733538 -301457.78007867193 0.0008993972058937635 
97178.68338557989 -90913.51119774263 0.000928299602368704 
100313.4796238244 123146.38071657905 0.0009213046781816232 
103448.27586206891 332444.20539994346 0.0008786829268627554 
106583.07210031342 528886.4215997726 0.0008020825303894936 
109717.86833855794 704876.614097866 0.0006944656240337578 
112852.66457680245 853609.2468826217 0.0005599937506704945 
115987.46081504696 969332.8330436099 0.0004038669340267814 
119122.25705329147 1047572.344615742 0.00023212259390407736 
122257.05329153598 1085302.2617903505 5.1402079316739354e-05 
125391.84952978049 1081063.5696848356 -0.00013130615229556362 
128526.645768025 1035020.1784089386 -0.0003089367785293743 
131661.44200626953 948952.5846652132 -0.0004746208278446481 
134796.23824451404 826189.0199894081 -0.0006219513025095087 
137931.03448275855 671476.748126478 -0.000745230937030294 
141065.83072100306 490798.4884692164 -0.000839692511255076 
144200.62695924757 291141.0644602095 -0.0009016831986486014 
147335.42319749208 80225.22331718386 -0.0009288058209962549 
150470.2194357366 -133792.9250542958 -0.0009200115472211817 
153605.0156739811 -342637.30461155996 -0.0008756404516537947 
156739.81191222562 -538231.9088128641 -0.0007974083633665394 
159874.60815047013 -713013.0995731981 -0.0006883405151098592 
163009.40438871464 -860222.0929456502 -0.0005526545576430304 
166144.20062695915 -974166.3211148938 -0.00039559746329279315 
169278.99686520366 -1050439.5638415357 -0.00022324262567447123 
172413.79310344817 -1086092.3368802909 -4.225500172419744e-05 
175548.58934169268 -1079745.9484564385 0.0001403666220064746 
178683.3855799372 -1031645.8132396775 0.0003175602722385847 
181818.1818181817 -943651.9621654473 0.00048247387528227263 
184952.97805642622 -819167.1150886725 0.0006287302265423145 
188087.77429467073 -663005.0976984678 0.0007506735968482604 
191222.57053291524 -481204.69100818393 0.0008435884393493635 
194357.36677115975 -280796.111856 0.000903881739584592 
197492.16300940426 -69529.15460883037 0.0009292219572550591 
200626.95924764877 144426.49317745405 0.0009186291868248323 
203761.75548589329 352797.1723561321 0.0008725130504416319 
206896.5517241378 547525.194366362 0.0007926568578593262 
210031.3479623823 721080.4318331606 0.0006821486458978235 
213166.14420062682 866751.5083905113 0.0005452617641421211 
216300.94043887133 978905.3274249743 0.000387289624628904 
219435.73667711584 1053204.9037702542 0.00021434100574535455 
222570.53291536035 1086777.074806963 3.3103825933185164e-05 
225705.32915360486 1078323.6055838517 -0.00014941347793769586 
228840.12539184937 1028171.3915284686 -0.00032615296663438724 
231974.9216300939 938259.8174097636 -0.0004902801288814368 
235109.7178683384 812065.7613812234 -0.0006354481717280938 
238244.5141065829 654469.1441961682 -0.0007560434508609238 
241379.31034482742 471564.22280343954 -0.0008474025500786742 
244514.10658307193 270423.92559505976 -0.0009059926154711424 
247648.90282131644 58826.34245550167 -0.0009295479707850732 
250783.69905956095 -155046.0537649957 -0.0009171577310638796 
253918.49529780546 -362922.8232555223 -0.0008693010265444535 
257053.29153604998 -556765.3769295949 -0.0007878284747036592 
260188.0877742945 -729077.8284489806 -0.0006758906169304696 
263322.884012539 -873196.859946832 -0.0005378160871749998 
266457.6802507835 -983549.3923504261 -0.00037894422379008237 
269592.476489028 -1055868.0961990482 -0.0002054185974607885 
272727.27272727253 -1087356.4091594869 -2.3949439491404475e-05 
275862.06896551704 -1076796.6790162548 0.000158445842658426 
278996.86520376155 -1024597.2502500499 0.00033471402833262515 
282131.66144200607 -932776.6733677704 0.0004980388315369488 
285266.4576802506 -804885.6476086167 0.0006421044865313232 
288401.2539184951 -645869.7154990663 0.0007613399782791788 
291536.0501567396 -461878.0188554014 0.000851134473405124 
294670.8463949841 -260025.51164012688 0.0009080156212315765 
297805.6426332286 -48117.82489865941 0.0009297838301784121 
300940.43887147313 165650.57679314952 0.0009155973254591152 
304075.23510971764 373013.27516982215 0.0008660046951716703 
307210.03134796215 565951.5605770713 0.00078292367050899 
310344.82758620667 737004.514752478 0.0006695669903406046 
313479.6238244512 879557.5227234657 0.0005303182385139405 
316614.4200626957 988098.060056591 0.00037056231858430136 
319749.2163009402 1058428.8714994572 0.00019647678564221026 
322884.0125391847 1087830.2930033216 1.479230609692598e-05 
326018.8087774292 1075165.3953210518 -0.00016746643725592788 
329153.60501567373 1020923.8345067309 -0.00034324714001809226 
332288.40125391824 927202.8513990798 -0.0005057395848578833 
335423.19749216276 797626.5955344222 -0.0006486584349522304 
338557.99373040727 637206.9755533242 -0.0007665319500412592 
341692.7899686518 452149.68268998567 -0.0008549059630775444 
344827.5862068963 249609.85824370227 -0.0009103163337264696 
347962.3824451408 37408.857191596864 -0.0009301227948090938 
351097.1786833853 -176262.70563500677 -0.0009128630563208055 
354231.9749216298 -383129.37289957376 -0.0008597905298088904 
357366.77115987433 -575116.5412083351 -0.0007763987926984002 
360501.56739811884 -744710.1597443763 -0.0006700339711726922 
363636.36363636336 -885427.8089814326 -0.000541336471506771 
366771.15987460787 -992224.7897965923 -0.00037709238547339007 
369905.9561128524 -1061455.7567067302 -0.00016144506642636275 
373040.7523510969 -1090260.405873124 8.887149540997061e-05 
376175.5485893414 -1076037.6235822067 0.0002960059243916947 
379310.3448275859 -1017184.3046613828 0.00035325513890866736 
382445.1410658304 -915363.6676085705 0.0002303233912137638 
385579.93730407493 -777532.268840991 7.035565521956721e-05 
388714.73354231945 -615081.2359535912 0.00015736909911562638 
391849.52978056396 -439580.5080798304 0.0007303870737833717 
394984.32601880847 -258162.30538174754 0.001783093045687605 
398119.122257053 -72528.90629350336 0.003031235793319171 
401253.9184952975 117641.724848235 0.00408274498485048 
404388.714733542 310160.5392707977 0.004660214062405368 
407523.5109717865 498459.5292100487 0.0047011268536220376 
410658.307210031 673124.1113678159 0.004301676177061114 
413793.10344827553 824679.687583522 0.0036020022225153074 
416927.89968652005 945433.2729307621 0.0027131514275140567 
420062.69592476456 1029907.5957695317 0.001706520306698342 
423197.49216300907 1074600.5969080518 0.0006318272652144491 
426332.2884012536 1077742.2622223448 -0.00046745621802837 
429467.0846394981 1039207.6632365232 -0.0015486631818896882 
432601.8808777426 960486.9318571904 -0.0025699833821502486 
435736.6771159871 844624.1966500182 -0.0034919223941288014 
438871.4733542316 696099.8664699688 -0.0042788288610226865 
442006.26959247614 520657.3731713497 -0.004900273130916677 
445141.06583072065 325081.07325244625 -0.00533222397060432 
448275.86206896516 116933.89697216038 -0.005557977852729913 
451410.65830720967 -95735.10995973718 -0.005568804880742071 
454545.4545454542 -304702.04276376724 -0.005364286373758662 
457680.2507836987 -501886.1557674289 -0.00495233105694535 
460815.0470219432 -679662.3446230659 -0.004348869231326018 
463949.8432601877 -831156.008887955 -0.0035772367494705196 
467084.6394984322 -950508.8926385717 -0.0026672726187033343 
470219.43573667674 -1033105.6230696283 -0.0016541651274926783 
473354.23197492125 -1075752.186836346 -0.0005770911152816799 
476489.02821316576 -1076799.4424646131 0.000522298994839508 
479623.82445141027 -1036206.8926074451 0.0016014918168746443 
482758.6206896548 -955544.2500763024 0.0026187549934146718 
485893.4169278993 -837930.7370888805 0.003534750984776562 
489028.2131661438 -687914.4650298264 0.004314058250605042 
492163.0094043883 -511296.55910579144 0.004926540999885794 
495297.8056426328 -314906.82898967894 0.005348514541173523 
498432.60188087734 -106339.66026424395 0.0055636611689733224 
501567.39811912185 106339.66026418249 0.005563661168973371 
504702.19435736636 314906.82898962003 0.005348514541173634 
507836.99059561087 511296.559105737 0.004926540999885957 
510971.7868338554 687914.4650297788 0.0043140582506052535 
514106.5830720999 837930.7370888413 0.003534750984776804 
517241.3793103444 955544.2500762733 0.0026187549934149675 
520376.1755485889 1036206.892607428 0.0016014918168749622 
523510.9717868334 1076799.4424646082 0.0005222989948398419 
526645.768025078 1075752.1868363533 -0.0005770911152813639 
529780.5642633225 1033105.6230696476 -0.0016541651274923712 
532915.360501567 950508.8926386014 -0.0026672726187030073 
536050.1567398115 831156.008887994 -0.0035772367494702265 
539184.952978056 679662.3446231135 -0.004348869231325775 
542319.7492163006 501886.15576748335 -0.0049523310569451525 
545454.5454545451 304702.0427638263 -0.005364286373758532 
548589.3416927896 95735.109959798 -0.0055688048807419985 
551724.1379310341 -116933.89697209962 -0.0055579778527299496 
554858.9341692786 -325081.07325238764 -0.005332223970604424 
557993.7304075231 -520657.3731712957 -0.004900273130916824 
561128.5266457676 -696099.8664699212 -0.0042788288610229085 
564263.3228840121 -844624.1966499798 -0.003491922394129084 
567398.1191222566 -960486.9318571631 -0.0025699833821505426 
570532.9153605012 -1039207.663236507 -0.0015486631818899831 
573667.7115987457 -1077742.26222234 -0.000467456218028651 
576802.5078369902 -1074600.5969080583 0.0006318272652141928 
579937.3040752347 -1029904.2436213144 0.001706673961551944 
583072.1003134792 -945379.0614459895 0.0027156363587249486 
586206.8965517237 -824252.2567208242 0.003621594681480376 
589341.6927899682 -670938.522781071 0.0044018585888491975 
592476.4890282127 -490331.1379329681 0.005073713829516345 
595611.2852664572 -286804.1753823566 0.005730816681349889 
598746.0815047018 -63929.60573028027 0.006544786408392653 
601880.8777429463 173433.0454072008 0.007656452120366163 
605015.6739811908 414539.955991983 0.008951089018306402 
608150.4702194353 639477.9437669001 0.00989323105020908 
611285.2664576798 823217.1186562945 0.009697844756271836 
614420.0626959243 948135.3882822777 0.00789041477683389 
617554.8589341688 1016043.8984408882 0.004845276271706278 
620689.6551724133 1046593.8425189324 0.001701321490442579 
623824.4514106578 1059380.7079083566 -0.00046750921987831343 
626959.2476489024 1054485.4464998087 -0.0015509713063442683 
630094.0438871469 1011264.6711070744 -0.002462090318709649 
633228.8401253914 908870.7124460852 -0.004197853782119144 
636363.6363636359 749230.7562839328 -0.006784299717267538 
639498.4326018804 558921.1182199689 -0.009186181235226262 
642633.2288401249 367166.0151180027 -0.010308378124159879 
645768.0250783694 182112.05985122957 -0.010073967138385776 
648902.8213166139 -10173.260528430295 -0.009458663875016945 
652037.6175548584 -223070.42526968927 -0.009440426965900644 
655172.413793103 -447080.2953042666 -0.009961912210999756 
658307.2100313475 -651548.1738512488 -0.00999487945681228 
661442.006269592 -808966.6754985577 -0.008639606092421032 
664576.8025078365 -916632.1870516926 -0.006103604185742646 
667711.598746081 -993175.9777867382 -0.0035297977057112987 
670846.3949843255 -1053870.5149220703 -0.0018534480645543256 
673981.19122257 -1090876.941399562 -0.0008876479886152423 
677115.9874608145 -1079337.53985956 0.00040408080156519033 
680250.783699059 -1002975.5076020621 0.0027383329110764643 
683385.5799373036 -872299.1186301167 0.005678522519669599 
686520.3761755481 -716236.340954138 0.00801658989304578 
689655.1724137926 -555907.5611566366 0.00897063961141362 
692789.9686520371 -387956.943619728 0.008941792233370237 
695924.7648902816 -194744.335925324 0.009037447567992829 
699059.5611285261 29591.73416880749 0.009865060968113484 
702194.3573667706 264899.0583049736 0.010866542708009717 
705329.1536050151 477873.0791104531 0.010893652828200429 
708463.9498432596 648798.3895631961 0.009419139295099783 
711598.7460815042 784369.9339312504 0.007109875104971499 
714733.5423197487 903431.0146884741 0.00515920006631652 
717868.3385579932 1010917.8474977387 0.0040798525963145985 
721003.1347962377 1087649.8517690406 0.0032249019291455197 
724137.9310344822 1106881.8127135644 0.0015374799714899543 
727272.7272727267 1060339.8658590156 -0.0012623263611044044 
730407.5235109712 966446.0151058779 -0.004304323489800453 
733542.3197492157 852115.5848333491 -0.006403571139923797 
736677.1159874602 727234.9162148929 -0.007228379737052052 
739811.9122257048 578546.310038391 -0.007575913180951538 
742946.7084639493 389190.06401993573 -0.008469099828757938 
746081.5047021938 163126.9162185551 -0.01002749116047937 
749216.3009404383 -71494.59955875098 -0.011301266229446636 
752351.0971786828 -283842.9157088583 -0.011243796103803142 
755485.8934169273 -464470.37202760554 -0.009800640546946921 
758620.6896551718 -626963.8356982862 -0.007970567497434921 
761755.4858934163 -785778.9903254228 -0.006774988258809608 
764890.2821316608 -933879.825879432 -0.0062191279387798365 
768025.0783699054 -1043966.1196200893 -0.005335616694350963 
771159.8746081499 -1092221.388399768 -0.003262059202775637 
774294.6708463944 -1079793.5987127358 -0.000216794620873166 
777429.4670846389 -1029566.826872803 0.0026554915212603438 
780564.2633228834 -961712.120878672 0.004408162160694241 
783699.0595611279 -873748.0673467759 0.005207459347032487 
786833.8557993724 -746019.6796091346 0.006079334306443801 
789968.6520376169 -566708.1775191951 0.007758221811650227 
793103.4482758614 -349899.9049833598 0.009851350813529404 
796238.244514106 -127506.4302852387 0.011199328458720723 
799373.0407523505 76713.27312839193 0.011055173303457328 
802507.836990595 264001.1430771045 0.009843375768160481 
805642.6332288395 450928.0747371421 0.008702344115677496 
808777.429467084 643710.154682051 0.008292469430956639 
811912.2257053285 823842.3885514607 0.008123089339009517 
815047.021943573 960447.2266692602 0.007104689334949725 
818181.8181818175 1036613.8901622467 0.004743637301690079 
821316.614420062 1062267.5967911803 0.0017211932102901312 
824451.4106583066 1060239.1192931202 -0.0007537820772192076 
827586.2068965511 1040331.5475730252 -0.0021398255444343263 
830721.0031347956 988728.2833445778 -0.0030519474203884915 
833855.7993730401 883877.5455408591 -0.004534229660168525 
836990.5956112846 722085.1404163662 -0.006884538401246541 
840125.3918495291 525791.9933164836 -0.009270130370631168 
843260.1880877736 325676.5723320003 -0.010540461733894268 
846394.9843260181 135193.60155004013 -0.01038438816775889 
849529.7805642626 -55943.2326119785 -0.009617085641279279 
852664.5768025072 -262791.0744496347 -0.009297209365546155 
855799.3730407517 -480994.3070681883 -0.009604124200236645 
858934.1692789962 -683136.2232365544 -0.009656016984827494 
862068.9655172407 -839765.5900108907 -0.00845920883704799 
865203.7617554852 -943279.7046500619 -0.005989122076616136 
868338.5579937297 -1009829.5227689273 -0.003265081264166614 
871473.3542319742 -1057494.1517353123 -0.0013390926202601894 
874608.1504702187 -1083871.1492620166 -0.0002599992169602608 
877742.9467084632 -1066771.9774582114 0.0009007881836987611 
880877.7429467078 -987346.8896619008 0.0029927205238103423 
884012.5391849523 -851322.862466983 0.005813175684484769 
887147.3354231968 -685975.2062325852 0.008243957050822915 
890282.1316614413 -515916.7496234646 0.009355956203111982 
893416.9278996858 -342996.83149934665 0.009322838712566749 
896551.7241379303 -151214.52910055855 0.009185839254916237 
899686.5203761748 68800.56889028616 0.009719716448465391 
902821.3166144193 301783.78983718983 0.010594113752498444 
905956.1128526638 515544.6475549442 0.010712652475249496 
909090.9090909084 686591.1660615939 0.009372830409373097 
912225.7053291529 817038.40475599 0.007026595372445988 
915360.5015673974 925333.643037703 0.004841480981790812 
918495.2978056419 1020838.1069932384 0.003523040909680188 
921630.0940438864 1089228.9768390248 0.0026350195340077006 
924764.8902821309 1104243.9858090193 0.001129179819367576 
927899.6865203754 1053533.0443917627 -0.0014757327189114191 
931034.4827586199 951499.8217663621 -0.004508642092384574 
934169.2789968645 825648.136379639 -0.006772411611457934 
937304.075235109 690746.0539480135 -0.007725644418810782 
940438.8714733535 537855.7950134103 -0.007980286346866271 
943573.667711598 349575.29339007725 -0.008595166206266703 
946708.4639498425 125225.75522649102 -0.009911356383751319 
949843.260188087 -110765.48437280889 -0.011155935685105723 
952978.0564263315 -326384.36804588215 -0.01123162943118163 
956112.852664576 -507333.4578504257 -0.009862342380394837 
959247.6489028205 -663837.7723978236 -0.007890456592323462 
962382.445141065 -812129.0685668157 -0.006413662397962872 
965517.2413793096 -950389.7007622661 -0.005668603442817649 
968652.0376175541 -1054718.2433564772 -0.004833577132378312 
971786.8338557986 -1099574.4034430676 -0.0029550918473884168 
974921.6300940431 -1081375.9647833984 -2.10974169548414e-05 
978056.4263322876 -1020565.9762516427 0.0029501433178477556 
981191.2225705321 -940057.1045288529 0.004901256367873175 
984326.0188087766 -842730.9203194128 0.0057674131459404965 
987460.8150470211 -711584.3744656867 0.006467012327627882 
990595.6112852657 -532233.2155828249 0.007864946305867287 
993730.4075235102 -313851.0718776272 0.009798443118596257 
996865.2037617547 -89273.12682395948 0.01132787811838274 
999999.9999999992 224234.7823817314 0.006534907059408113 
