#x u 
0.0 2183231778385191.8 100074381.05289203 
3134.796238244514 -54635751578742.13 -2504378.6225742167 
6269.592476489028 1344550460224.6135 61631.158138228515 
9404.38871473354 -56366198361.00593 -2583.6684090463955 
12539.184952978056 -21890479937.71661 -1003.3729799785102 
15673.98119122257 -23335686970.428513 -1069.612531081364 
18808.777429467085 -23896889828.311687 -1095.3329765607768 
21943.5736677116 -24495141426.62663 -1122.7534356254914 
25078.369905956115 -25107778825.030598 -1150.8351692704987 
28213.16614420063 -25735755974.315125 -1179.62191108255 
31347.962382445145 -26379445734.70774 -1209.1306865130578 
34482.75862068966 -27039245287.74572 -1239.3795660895976 
37617.55485893417 -27715561077.15592 -1270.3869804102533 
40752.35109717868 -28408809281.314808 -1302.1717495256632 
43887.14733542319 -29119415927.432205 -1334.7530981078824 
47021.943573667704 -29847817053.980057 -1368.150674586924 
50156.739811912215 -30594458902.84556 -1402.3845730823678 
53291.53605015673 -31359798132.992786 -1437.4753571310532 
56426.33228840124 -32144302056.329838 -1473.4440847681344 
59561.12852664575 -32948448909.430817 -1510.3123349821951 
62695.92476489026 -33772728172.294636 -1548.1022355807688 
65830.72100313478 -34617640933.36834 -1586.8364918567079 
68965.51724137929 -35483700286.99664 -1626.5384149845752 
72100.3134796238 -36371431750.2123 -1667.231949176369 
75235.10971786831 -37281373697.55281 -1708.9416971944959 
78369.90595611282 -38214077820.66728 -1751.6929443176796 
81504.70219435733 -39170109615.55215 -1795.511680787874 
84639.49843260185 -40150048888.379776 -1840.42462232438 
87774.29467084636 -41154490263.74299 -1886.4592280612549 
90909.09090909087 -42184043683.95011 -1933.6437155862152 
94043.88714733538 -43239334899.0412 -1982.0070733711932 
97178.68338557989 -44321005952.60873 -2031.5790712273504 
100313.4796238244 -45429715663.48133 -2082.3902692434986 
103448.27586206891 -46566140094.58278 -2134.47202530597 
106583.07210031342 -47730972998.38261 -2187.8565012547147 
109717.86833855794 -48924926236.175285 -2242.576668109155 
112852.66457680245 -50148730177.97139 -2298.6663112180604 
115987.46081504696 -51403134091.50855 -2356.1600362253585 
119122.25705329147 -52688906522.34997 -2415.093276402516 
122257.05329153598 -54006835661.4015 -2475.5023015723145 
125391.84952978049 -55357729698.93168 -2537.424228887044 
128526.645768025 -56742417172.8247 -2600.897036023717 
131661.44200626953 -58161747323.89879 -2665.95957749361 
134796.23824451404 -59616590467.35566 -2732.6516044831483 
137931.03448275855 -61107838381.66139 -2801.0137881741307 
141065.83072100306 -62636404713.742004 -2871.087746279508 
144200.62695924757 -64203225405.35965 -2942.9160727108783 
147335.42319749208 -65809259152.6363 -3016.542370534451 
150470.2194357366 -67455487909.672844 -3092.011288256701 
153605.0156739811 -69142917437.92578 -3169.368559006041 
156739.81191222562 -70872577895.14275 -3248.661041785621 
159874.60815047013 -72645524459.773 -3329.936764058368 
163009.40438871464 -74462837995.984 -3413.2449653592535 
166144.20062695915 -76325625769.00409 -3498.6361418728497 
169278.99686520366 -78235022213.17796 -3586.1620916291386 
172413.79310344817 -80192189742.10449 -3675.8759594432654 
175548.58934169268 -82198319585.2426 -3767.8322805832504 
178683.3855799372 -84254632644.2401 -3862.087022651885 
181818.1818181817 -86362380375.21675 -3958.697625865287 
184952.97805642622 -88522845704.93747 -4057.723042096804 
188087.77429467073 -90737343975.6805 -4159.223772563306 
191222.57053291524 -93007223899.17139 -4263.261903472695 
194357.36677115975 -95333868500.8597 -4369.901139086201 
197492.16300940426 -97718696052.95245 -4479.206832517213 
200626.95924764877 -100163161010.6158 -4591.246015390543 
203761.75548589329 -102668754963.07155 -4706.087427412572 
206896.5517241378 -105237007592.12819 -4823.80154605302 
210031.3479623823 -107869487616.24852 -4944.460615885197 
213166.14420062682 -110567803706.49199 -5068.138677497003 
216300.94043887133 -113333605385.64209 -5194.911596996503 
219435.73667711584 -116168583938.23387 -5324.857097835812 
222570.53291536035 -119074473349.1033 -5458.054796143908 
225705.32915360486 -122053051261.5586 -5594.586239457596 
228840.12539184937 -125106139932.44809 -5734.534948009209 
231974.9216300939 -128235607177.48322 -5877.98645836286 
235109.7178683384 -131443367331.3533 -6025.0283705120555 
238244.5141065829 -134731382260.45927 -6175.750400053367 
241379.31034482742 -138101662445.52426 -6330.244436004873 
244514.10658307193 -141556268116.91504 -6488.6046031657215 
247648.90282131644 -145097310413.80164 -6650.927327294232 
250783.69905956095 -148726952563.31924 -6817.3114024628785 
253918.49529780546 -152447411112.08917 -6987.858061558774 
257053.29153604998 -156260957249.9379 -7162.6710512125865 
260188.0877742945 -160169918233.1503 -7341.856710940893 
263322.884012539 -164176678873.7909 -7525.524054430425 
266457.6802507835 -168283683055.44424 -7713.7848506431665 
269592.476489028 -172493435272.05685 -7906.753704140949 
272727.27272727253 -176808502227.444 -8104.548135972705 
275862.06896551704 -181231514533.0806 -8307.288666556242 
278996.86520376155 -185765168497.48166 -8515.09890005183 
282131.66144200607 -190412227956.54294 -8728.10560781577 
285266.4576802506 -195175526098.07513 -8946.438808807543 
288401.2539184951 -200057967284.02298 -9170.23184723559 
291536.0501567396 -205062528918.8916 -9399.621469893133 
294670.8463949841 -210192263403.9907 -9634.747905320994 
297805.6426332286 -215450300161.5364 -9875.754944468406 
300940.43887147313 -220839847669.05246 -10122.790020590659 
304075.23510971764 -226364195462.003 -10376.004286971794 
307210.03134796215 -232026716126.85843 -10635.552694034006 
310344.82758620667 -237830867351.64456 -10901.59406945816 
313479.6238244512 -243780194077.02603 -11174.291203825262 
316614.4200626957 -249878330719.59122 -11453.810940981371 
319749.2163009402 -256129003393.203 -11740.324270174475 
322884.0125391847 -262536032082.5265 -12034.00641823385 
326018.8087774292 -269103332795.8874 -12335.036943325105 
329153.60501567373 -275834919763.9759 -12643.599833519871 
332288.40125391824 -282734907712.1759 -12959.88361153954 
335423.19749216276 -289807514158.336 -13284.08144344169 
338557.99373040727 -297057061661.8776 -13616.391247722273 
341692.7899686518 -304487980016.4648 -13957.015804244966 
344827.5862068963 -312104808485.18555 -14306.162867207564 
347962.3824451408 -319912198226.92957 -14664.045288554329 
351097.1786833853 -327914915010.9279 -15030.881155807538 
354231.9749216298 -336117842217.3704 -15406.89394370434 
357366.77115987433 -344525984070.43335 -15792.312676633817 
360501.56739811884 -353144469079.4333 -16187.372100210447 
363636.36363636336 -361978553709.1779 -16592.312862414718 
366771.15987460787 -371033626270.2949 -17007.381703379324 
369905.9561128524 -380315210904.0662 -17432.83164762644 
373040.7523510969 -389828971432.4385 -17868.92218787344 
376175.5485893414 -399580714869.4842 -18315.919450785557 
379310.3448275859 -409576394561.1374 -18774.09634296901 
382445.1410658304 -419822113123.672 -19243.732684938725 
385579.93730407493 -430324125448.7403 -19725.115345364233 
388714.73354231945 -441088841993.3434 -20218.538385739404 
391849.52978056396 -452122832460.0354 -20724.30322053935 
394984.32601880847 -463432829902.4282 -21242.718794802742 
398119.122257053 -475025735277.97437 -21774.101780556008 
401253.9184952975 -486908622431.48566 -22318.77679179603 
404388.714733542 -499088743363.49207 -22877.076611863435 
407523.5109717865 -511573533474.9884 -23449.342419613757 
410658.307210031 -524370616437.25964 -24035.923998834314 
413793.10344827553 -537487808511.11584 -24637.179923388896 
416927.89968652005 -550933122457.2183 -25253.477725081386 
420062.69592476456 -564714771426.6964 -25885.194062517985 
423197.49216300907 -578841173230.2964 -26532.714909587652 
426332.2884012536 -593320955175.3872 -27196.43577251658 
429467.0846394981 -608162959414.559 -27876.761933096313 
432601.8808777426 -623376248635.6019 -28574.108710359127 
435736.6771159871 -638970111952.4899 -29288.901734235365 
438871.4733542316 -654954070912.5209 -30021.57722716695 
442006.26959247614 -671337885523.6716 -30772.582289041387 
445141.06583072065 -688131560171.5022 -31542.37517912216 
448275.86206896516 -705345349355.3854 -32331.42559133885 
451410.65830720967 -722989763362.1973 -33140.21492786432 
454545.4545454542 -741075574180.2893 -33969.23658432625 
457680.2507836987 -759613821951.9053 -34818.99625976897 
460815.0470219432 -778615822025.8483 -35690.01229365226 
463949.8432601877 -798093172379.0815 -36582.81601877421 
467084.6394984322 -818057761073.2007 -37497.952114337655 
470219.43573667674 -838521773583.7305 -38435.97895132147 
473354.23197492125 -859497700121.9535 -39397.4689352836 
476489.02821316576 -880998343201.7333 -40383.00885786453 
479623.82445141027 -903036825585.6151 -41393.2002629129 
482758.6206896548 -925626598522.4564 -42428.65982307135 
485893.4169278993 -948781450100.0955 -43490.01971872867 
489028.2131661438 -972515513662.007 -44577.92801715852 
492163.0094043883 -996843276422.763 -45693.049058361976 
495297.8056426328 -1021779588446.1663 -46836.06385561073 
498432.60188087734 -1047339671979.7177 -48007.67051096714 
501567.39811912185 -1073539130953.0438 -49208.584637518565 
504702.19435736636 -1100393960459.9114 -50439.53978052186 
507836.99059561087 -1127920556261.7356 -51701.28783952441 
510971.7868338554 -1156135724555.9485 -52994.59950284857 
514106.5830720999 -1185056692224.3494 -54320.26470452224 
517241.3793103444 -1214701117530.7268 -55679.0931025944 
520376.1755485889 -1245087101022.1777 -57071.914568139044 
523510.9717868334 -1276233196431.0984 -58499.57967642798 
526645.768025078 -1308158421637.818 -59962.96020391483 
529780.5642633225 -1340882269966.5156 -61462.949644308486 
532915.360501567 -1374424722024.7148 -63000.463753776 
536050.1567398115 -1408806258020.8484 -64576.44112208646 
539184.952978056 -1444047870296.0457 -66191.8437567745 
542319.7492163006 -1480171075902.5227 -67847.65767131896 
545454.5454545451 -1517197929360.1724 -69544.8934818898 
548589.3416927896 -1555151035911.723 -71284.58702612949 
551724.1379310341 -1594053565466.4854 -73067.80001209606 
554858.9341692786 -1633929267095.8997 -74895.62069132445 
557993.7304075231 -1674802483755.7983 -76769.16454204656 
561128.5266457676 -1716698167059.9292 -78689.57495581295 
564263.3228840121 -1759641892265.0264 -80658.02393596296 
567398.1191222566 -1803659873799.0273 -82675.71282352552 
570532.9153605012 -1848778981488.3606 -84743.87305702305 
573667.7115987457 -1895026757302.4722 -86863.76695608685 
576802.5078369902 -1942431432297.9414 -89036.68851180172 
579937.3040752347 -1991021943668.7803 -91263.96417681096 
583072.1003134792 -2040827952168.62 -93546.95366519512 
586206.8965517237 -2091879860282.5103 -95887.05077839807 
589341.6927899682 -2144208831255.187 -98285.6842625073 
592476.4890282127 -2197846808694.1443 -100744.31868580924 
595611.2852664572 -2252826536358.9546 -103264.45532167137 
598746.0815047018 -2309181578038.1294 -105847.63303550635 
601880.8777429463 -2366946337802.8843 -108495.42919208124 
605015.6739811908 -2426156081006.841 -111209.4606022197 
608150.4702194353 -2486846956086.3486 -113991.38451232703 
611285.2664576798 -2549056016842.2314 -116842.89962178135 
614420.0626959243 -2612821244859.4077 -119765.74711110523 
617554.8589341688 -2678181572093.49 -122761.71168034332 
620689.6551724133 -2745176904045.774 -125832.62261497825 
623824.4514106578 -2813848143944.9253 -128980.35489695345 
626959.2476489024 -2884237217944.1587 -132206.8303602703 
630094.0438871469 -2956387100944.175 -135514.0188731427 
633228.8401253914 -3030341842681.764 -138903.93953075094 
636363.6363636359 -3106146594155.8696 -142378.66186292752 
639498.4326018804 -3183847634844.0103 -145940.30707878544 
642633.2288401249 -3263492401081.8975 -149591.04936655975 
645768.0250783694 -3345129515508.037 -153333.1172450571 
648902.8213166139 -3428808817103.734 -157168.7949456598 
652037.6175548584 -3514581391487.5664 -161100.42380927235 
655172.413793103 -3602499601633.6826 -165130.4037055737 
658307.2100313475 -3692617119547.2173 -169261.19449830177 
661442.006269592 -3784988959259.443 -173495.31757228338 
664576.8025078365 -3879671510967.3687 -177835.3574132001 
667711.598746081 -3976722575799.345 -182283.9632153816 
670846.3949843255 -4076201400910.104 -186843.8505032062 
673981.19122257 -4178168715175.3306 -191517.80277782338 
677115.9874608145 -4282686766074.9585 -196308.67321571076 
680250.783699059 -4389819358078.3228 -201219.38643311188 
683385.5799373036 -4499631892249.658 -206252.94030330417 
686520.3761755481 -4612191406500.716 -211412.40780042383 
689655.1724137926 -4727566616247.363 -216700.93885883724 
692789.9686520371 -4845827955846.246 -222121.76226553586 
695924.7648902816 -4967047621447.256 -227678.18761503187 
699059.5611285261 -5091299615513.519 -233373.60733869797 
702194.3573667706 -5218659792623.731 -239211.49879137008 
705329.1536050151 -5349205905952.76 -245195.42636803727 
708463.9498432596 -5483017654270.512 -251329.043643828 
711598.7460815042 -5620176729954.515 -257616.09556055837 
714733.5423197487 -5760766868690.492 -264060.4206912962 
717868.3385579932 -5904873901036.075 -270665.9535914927 
721003.1347962377 -6052585805359.246 -277436.72721476306 
724137.9310344822 -6203992761535.194 -284376.8753654822 
727272.7272727267 -6359187205344.77 -291490.63518592546 
730407.5235109712 -6518263884190.446 -298782.34970642364 
733542.3197492157 -6681319914821.872 -306256.4704904011 
736677.1159874602 -6848454843148.144 -313917.5603778719 
739811.9122257048 -7019770705542.637 -321770.2963000751 
742946.7084639493 -7195372091028.983 -329819.472137058 
746081.5047021938 -7375366204410.197 -338070.00162076973 
749216.3009404383 -7559862931070.445 -346526.92131673323 
752351.0971786828 -7748974904133.591 -355195.3937152306 
755485.8934169273 -7942817573935.757 -364080.71042953065 
758620.6896551718 -8141509279112.972 -373188.2954686068 
761755.4858934163 -8345171318718.577 -382523.7085569484 
764890.2821316608 -8553928025565.513 -392092.64850987535 
768025.0783699054 -8767906841627.572 -401900.9567020643 
771159.8746081499 -8987238396150.258 -411954.62065863 
774294.6708463944 -9212056586291.615 -422259.7777601243 
777429.4670846389 -9442498659500.92 -432822.71902480366 
780564.2633228834 -9678705297102.652 -443649.89294351503 
783699.0595611279 -9920820699432.021 -454747.9093829359 
786833.8557993724 -10168992673451.56 -466123.54359974404 
789968.6520376169 -10423372723443.059 -477783.7403930243 
793103.4482758614 -10684116144450.27 -489735.6183802328 
796238.244514106 -10951382117606.797 -501986.47435730573 
799373.0407523505 -11225333806903.09 -514543.7877228437 
802507.836990595 -11506138457906.49 -527415.2249903679 
805642.6332288395 -11793967499447.752 -540608.644435595 
808777.429467084 -12088996648788.865 -554132.100902865 
811912.2257053285 -12391406019798.836 -567993.8507495755 
815047.021943573 -12701380233223.047 -582202.3568872571 
818181.8181818175 -13019108528718.895 -596766.2939047967 
821316.614420062 -13344784879349.365 -611694.5533060029 
824451.4106583066 -13678608109611.533 -626996.2489112637 
827586.2068965511 -14020782017408.162 -642680.7224423651 
830721.0031347956 -14371515499337.07 -658757.549262014 
833855.7993730401 -14731022678359.795 -675236.5442252017 
836990.5956112846 -15099523033668.277 -692127.7676341124 
840125.3918495291 -15477241533618.947 -709441.5313363556 
843260.1880877736 -15864408772844.455 -727188.4050172127 
846394.9843260181 -16261261113814.936 -745379.2226980965 
849529.7805642626 -16668040832069.96 -764025.0894051257 
852664.5768025072 -17084996264185.53 -783137.3879645073 
855799.3730407517 -17512381958465.08 -802727.7859237045 
858934.1692789962 -17950458829393.676 -822808.242645502 
862068.9655172407 -18399494316965.707 -843391.0166252962 
865203.7617554852 -18859762550994.426 -864488.673036052 
868338.5579937297 -19331544519478.08 -886114.0914579771 
871473.3542319742 -19815128240124.17 -908280.4737512827 
874608.1504702187 -20310808935215.746 -931001.3520800298 
877742.9467084632 -20818889211019.496 -954290.5971417523 
880877.7429467078 -21339679242812.875 -978162.4266519984 
884012.5391849523 -21873496965457.48 -1002631.4140803185 
887147.3354231968 -22420668268466.426 -1027712.4975894534 
890282.1316614413 -22981527194746.793 -1053420.9891402752 
893416.9278996858 -23556416143421.996 -1079772.5837812193 
896551.7241379303 -24145686078081.992 -1106783.3691842929 
899686.5203761748 -24749696741475.06 -1134469.835474494 
902821.3166144193 -25368816876376.117 -1162848.88534095 
905956.1128526638 -26003424451482.684 -1191937.8443776048 
909090.9090909084 -26653906891644.285 -1221754.471622168 
912225.7053291529 -27320661313071.28 -1252316.9703235088 
915360.5015673974 -28004094765000.348 -1283643.9990057158 
918495.2978056419 -28704624478732.184 -1315754.6828713394 
921630.0940438864 -29422678123578.12 -1348668.6255230217 
924764.8902821309 -30158694068503.645 -1382405.9209483825 
927899.6865203754 -30913121648941.08 -1416987.1657442653 
931034.4827586199 -31686421439669.117 -1452433.4716217353 
934169.2789968645 -32479065535332.84 -1488766.4782640827 
937304.075235109 -33291537839384.434 -1526008.3665736064 
940438.8714733535 -34124334360780.555 -1564181.872276627 
943573.667711598 -34977963517194.793 -1603310.299829674 
946708.4639498425 -35852946444422.83 -1643417.536611719 
949843.260188087 -36749817313127.805 -1684528.0674547022 
952978.0564263315 -37669123654555.86 -1726666.9895866273 
956112.852664576 -38611426695829.86 -1769860.0280145525 
959247.6489028205 -39577301703958.86 -1814133.5513074491 
962382.445141065 -40567338337337.27 -1859514.5877221602 
965517.2413793096 -41582141004651.336 -1906030.8416681213 
968652.0376175541 -42622329232581.79 -1953710.7105740379 
971786.8338557986 -43688538043948.66 -2002583.302231454 
974921.6300940431 -44781418346701.67 -2052678.4526333483 
978056.4263322876 -45901637332717.67 -2104026.7442597933 
981191.2225705321 -47049878885244.66 -2156659.5247573163 
984326.0188087766 -48226843995187.26 -2210608.9260207424 
987460.8150470211 -49433251187853.164 -2265907.8837517314 
990595.6112852657 -50669836961778.164 -2322590.1575684473 
993730.4075235102 -51937356239884.414 -2380690.351671684 
996865.2037617547 -53236582828836.086 -2440243.9361487976 
999999.9999999992 -54568310003231.53 -2501287.2634746325 
