#x u 
0.0 -198170.3453072292 0.005650739862421367 
3134.796238244514 -303828.57089671167 0.009862130693041413 
6269.592476489028 -499652.51184891217 0.009020612394492311 
9404.38871473354 -674271.8500711744 0.007916582149920026 
12539.184952978056 -822863.3881972213 0.0065042967816674275 
15673.98119122257 -939633.3867765543 0.004840556183764031 
18808.777429467085 -1020067.8254484496 0.0029896296714716003 
21943.5736677116 -1061056.2680970817 0.001023094289617267 
25078.369905956115 -1061013.6933918607 -0.0009830041210030162 
28213.16614420063 -1019941.7476936091 -0.0029510897887073733 
31347.962382445145 -939428.6820378307 -0.004805056893635606 
34482.75862068966 -822587.934508481 -0.006473212577692846 
37617.55485893417 -673937.7336707215 -0.007891049305432583 
40752.35109717868 -499226.3787938095 -0.009003739368718138 
43887.14733542319 -305209.953272922 -0.009768255072722037 
47021.943573667704 -99391.06706593433 -0.010155032615727925 
50156.739811912215 110271.26903191091 -0.010149115320548041 
53291.53605015673 315669.4181214381 -0.009750732008827905 
56426.33228840124 508860.63930042327 -0.008975288152519367 
59561.12852664575 682374.2332407036 -0.007852770144694482 
62695.92476489026 829500.4339303134 -0.0064265857265318966 
65830.72100313478 944549.8751447465 -0.004751885411132414 
68965.51724137929 1023073.5980858698 -0.002893429814660572 
72100.3134796238 1062035.0924990196 -0.0009230853650588866 
75235.10971786831 1059927.7184428964 0.0010829547707882615 
78369.90595611282 1016832.9680155837 0.0030471170747692006 
81504.70219435733 934417.3140573069 0.004893447443404475 
84639.49843260185 815867.7676905114 0.006550548330986006 
87774.29467084636 665768.6366854552 0.007954339690749733 
90909.09090909087 489924.2504020032 0.009050536948560875 
94043.88714733538 295134.506529357 0.00979675018593619 
97178.68338557989 88931.91922526038 0.010164123357051746 
100313.4796238244 -120709.6630039363 0.010138450151258995 
103448.27586206891 -325683.4058106013 0.00972072335073559 
106583.07210031342 -518062.9800720564 0.00892709643962531 
109717.86833855794 -690409.072824615 0.007788258949240475 
112852.66457680245 -836057.0652958474 0.006348249694711419 
115987.46081504696 -949374.7535333018 0.004662753795189544 
119122.25705329147 -1025980.1455799002 0.002796949331787135 
122257.05329153598 -1062910.9129850855 0.0008229869129332671 
125391.84952978049 -1058738.9439663528 -0.0011828003877139485 
128526.645768025 -1013625.568453473 -0.0031428488291732706 
131661.44200626953 -929315.3194644505 -0.004981363390918296 
134796.23824451404 -809068.4720606246 -0.006627248764283218 
137931.03448275855 -657534.9685977157 -0.008016858606137158 
141065.83072100306 -480574.605579965 -0.009096456741261635 
144200.62695924757 -285030.4354868801 -0.00982429513880133 
147335.42319749208 -78464.14611786212 -0.01017222830749462 
150470.2194357366 131136.34967166625 -0.010126801681063904 
153605.0156739811 335665.8063455919 -0.009689771905931783 
156739.81191222562 527215.0753140417 -0.008878038911751027 
159874.60815047013 698376.9514966824 -0.007722992391579501 
163009.40438871464 842532.6097440007 -0.00626929796329349 
166144.20062695915 954107.5546278562 -0.004573169951345664 
169278.99686520366 1028787.186029791 -0.0027001975803498416 
172413.79310344817 1063683.6446115968 -0.000722808641529052 
175548.58934169268 1057447.485258265 0.0012825312880236372 
178683.3855799372 1010319.8600843019 0.003238275767155217 
181818.1818181817 924123.1930879427 0.005068796209446654 
184952.97805642622 802190.7070641457 0.006703306438616555 
188087.77429467073 649237.5279687388 0.008078599988054158 
191222.57053291524 471178.351124497 0.00914149429318379 
194357.36677115975 274898.7201120535 0.009850887259806845 
197492.16300940426 67988.76298478483 0.010179346680979253 
200626.95924764877 -141550.31777891767 0.010114171039716423 
203761.75548589329 -345615.65156033606 0.00965788067631343 
206896.5517241378 -536316.0373893718 0.008828120326853615 
210031.3479623823 -706277.0964738666 0.007656976801738683 
213166.14420062682 -848926.439229203 0.006189738189593373 
216300.94043887133 -958747.8194068101 0.0044831425680958645 
219435.73667711584 -1031494.4471882704 0.002603183944039878 
222570.53291536035 -1064353.2124333996 0.0006225602668663097 
225705.32915360486 -1056053.467573721 -0.0013821377990868636 
228840.12539184937 -1006916.1635197855 -0.003333388633514562 
231974.9216300939 -918841.4384981333 -0.0051557374191151676 
235109.7178683384 -795235.1397571175 -0.006778713977349068 
238244.5141065829 -640877.1195449468 -0.008139557848368235 
241379.31034482742 -461736.39835146116 -0.00918564523632527 
244514.10658307193 -264740.3430494246 -0.009876523970000438 
247648.90282131644 -57506.78581140289 -0.010185477786827742 
250783.69905956095 151950.55726698486 -0.010100559450575957 
253918.49529780546 355531.9764277294 -0.009625052754077943 
257053.29153604998 545364.9838496522 -0.008777345536914748 
260188.0877742945 714108.7420922656 -0.007590218607595171 
263322.884012539 855237.9330749428 -0.0061095780644016655 
266457.6802507835 963295.0931755627 -0.004392680163906359 
269592.476489028 1034101.6614441591 -0.0025059176008694873 
272727.27272727253 1064919.5707039256 -0.0005222523915280545 
275862.06896551704 1054557.0916248965 0.0014816072575000389 
278996.86520376155 1003414.8217391446 0.0034281776138601885 
282131.66144200607 913470.2328861429 0.005242193946669079 
285266.4576802506 788201.7469328814 0.006853496052855459 
288401.2539184951 632454.9320778019 0.008199708952954734 
291536.0501567396 452253.76514079445 0.00922871725627248 
294670.8463949841 254562.3440422103 0.0099009252579893 
297805.6426332286 47012.57804452804 0.010190925996672023 
300940.43887147313 -162374.54647810158 0.010087732391901864 
304075.23510971764 -365461.2038352296 0.009593463327514054 
307210.03134796215 -554304.686621549 0.008723136490369092 
310344.82758620667 -721587.6649618102 0.007509730946808472 
313479.6238244512 -861105.9760634876 0.006012300720527502 
316614.4200626957 -967968.9826397377 0.004311878000293558 
319749.2163009402 -1038164.4099152457 0.002479723877030285 
322884.0125391847 -1067850.7818746213 0.00053502763347779 
326018.8087774292 -1053656.8440918655 -0.001548919627018678 
329153.60501567373 -994879.6339684675 -0.0037489133015105943 
332288.40125391824 -896213.1584420467 -0.0058689022583107145 
335423.19749216276 -767757.2948948145 -0.007538841799388362 
338557.99373040727 -620719.1596627797 -0.008408140299790217 
341692.7899686518 -461781.20200043585 -0.008397505241735933 
344827.5862068963 -291373.3576373544 -0.007769365073791221 
347962.3824451408 -107583.50472766011 -0.006937712619838256 
351097.1786833853 88192.91308443088 -0.006196519430481384 
354231.9749216298 288965.78962034144 -0.005601059097625115 
357366.77115987433 484219.9364366083 -0.005048244412117497 
360501.56739811884 663351.6816332414 -0.004419500988976252 
363636.36363636336 817638.2259954766 -0.003656827872500869 
366771.15987460787 940460.23327056 -0.002759781921535179 
369905.9561128524 1026928.3300463695 -0.0017566414868895922 
373040.7523510969 1073685.1359129443 -0.0006855717731812975 
376175.5485893414 1078922.5664446943 0.0004120089825612142 
379310.3448275859 1042438.0903437893 0.0014936573620267825 
382445.1410658304 965642.5613199996 0.0025175460514666155 
385579.93730407493 851505.6604156769 0.00344408130279194 
388714.73354231945 704441.058519698 0.004237434022748171 
391849.52978056396 530135.7398328778 0.004866925282987497 
394984.32601880847 335330.08634184115 0.005308212673403203 
398119.122257053 127557.22742884602 0.00554423162247393 
401253.9184952975 -85148.26603886358 0.005565855283785583 
404388.714733542 -294561.07834845077 0.005372247470936713 
407523.5109717865 -492583.22167892277 0.004970894992844152 
410658.307210031 -671557.1850724204 0.004377318139043478 
413793.10344827553 -824562.0501770498 0.0036144705105102225 
416927.89968652005 -945681.1229734495 0.002711851404527053 
420062.69592476456 -1030230.7321734229 0.0017043650776513426 
423197.49216300907 -1074941.3466627088 0.0006309709990524957 
426332.2884012536 -1078084.0081812553 -0.00046682271111320444 
429467.0846394981 -1039537.1900926455 -0.0015465643995927827 
432601.8808777426 -960791.4968158588 -0.002566500484326566 
435736.6771159871 -844892.02219247 -0.0034871900643435455 
438871.4733542316 -696320.5957896792 -0.004273030098341349 
442006.26959247614 -520822.4706714613 -0.004893632173336231 
445141.06583072065 -325184.1546170688 -0.005324997623775852 
448275.86206896516 -116970.9760476959 -0.005550445559290979 
451410.65830720967 95765.4670201424 -0.005561257914277404 
454545.4545454542 304798.6620534034 -0.005357016575258538 
457680.2507836987 502045.30102096376 -0.004945619549322277 
460815.0470219432 679877.8616978249 -0.004342975548399272 
463949.8432601877 831419.5637444528 -0.003572388799800411 
467084.6394984322 950810.293617595 -0.002663657872373275 
470219.43573667674 1033433.215003422 -0.0016519233666460569 
473354.23197492125 1076093.3017536388 -0.0005763090287501557 
476489.02821316576 1077140.8894607262 0.0005215911637908338 
479623.82445141027 1036535.4679362194 0.0015993214400534085 
482758.6206896548 955847.2477386099 0.002615205999234158 
485893.4169278993 838196.4401732674 0.0035299606127462725 
489028.2131661438 688132.5988051641 0.00430821174428264 
492163.0094043883 511458.6883448531 0.004919864443513514 
495297.8056426328 315006.6841591494 0.005341266117006745 
498432.60188087734 106373.37996740529 0.005556121173379672 
501567.39811912185 -106373.37996734437 0.005556121173379697 
504702.19435736636 -315006.6841590909 0.005341266117006822 
507836.99059561087 -511458.6883447988 0.004919864443513616 
510971.7868338554 -688132.5988051172 0.004308211744282799 
514106.5830720999 -838196.4401732293 0.0035299606127465084 
517241.3793103444 -955847.2477385822 0.0026152059992344233 
520376.1755485889 -1036535.4679362029 0.0015993214400537186 
523510.9717868334 -1077140.8894607204 0.0005215911637911863 
526645.768025078 -1076093.3017536446 -0.000576309028749798 
529780.5642633225 -1033433.2150034398 -0.0016519233666457559 
532915.360501567 -950810.293617624 -0.0026636578723730053 
536050.1567398115 -831419.5637444919 -0.003572388799800209 
539184.952978056 -679877.8616978724 -0.004342975548399118 
542319.7492163006 -502045.301021018 -0.004945619549322147 
545454.5454545451 -304798.6620534622 -0.005357016575258484 
548589.3416927896 -95765.46702020327 -0.005561257914277418 
551724.1379310341 116970.97604763538 -0.0055504455592910625 
554858.9341692786 325184.15461701114 -0.005324997623775991 
557993.7304075231 520822.47067140834 -0.004893632173336408 
561128.5266457676 696320.5957896329 -0.004273030098341575 
564263.3228840121 844892.0221924314 -0.003487190064343785 
567398.1191222566 960791.49681583 -0.0025665004843268653 
570532.9153605012 1039537.1900926282 -0.0015465643995930776 
573667.7115987457 1078084.0081812502 -0.0004668227111134884 
576802.5078369902 1074941.346662716 0.0006309709990521798 
579937.3040752347 1030230.7321734425 0.0017043650776510442 
583072.1003134792 945681.1229734807 0.002711851404526797 
586206.8965517237 824562.0501770902 0.0036144705105099935 
589341.6927899682 671557.1850724685 0.004377318139043348 
592476.4890282127 492583.22167897713 0.004970894992844055 
595611.2852664572 294561.078348509 0.005372247470936703 
598746.0815047018 85148.26603892434 0.005565855283785634 
601880.8777429463 -127557.22742878574 0.005544231622474019 
605015.6739811908 -335330.0863417832 0.005308212673403322 
608150.4702194353 -530135.7398328246 0.004866925282987673 
611285.2664576798 -704441.0585196512 0.004237434022748407 
614420.0626959243 -851505.6604156392 0.0034440813027922113 
617554.8589341688 -965642.5613199729 0.002517546051466908 
620689.6551724133 -1042438.0903437738 0.0014936573620271095 
623824.4514106578 -1078922.5664446906 0.0004120089825615423 
626959.2476489024 -1073685.135912952 -0.0006855717731809529 
630094.0438871469 -1026928.3300463879 -0.0017566414868892444 
633228.8401253914 -940460.233270589 -0.002759781921534912 
636363.6363636359 -817624.9148559327 -0.0036562177201256195 
639498.4326018804 -663161.6328321754 -0.00441078958401718 
642633.2288401249 -482899.1543337793 -0.004987702763376458 
645768.0250783694 -283025.6571450461 -0.005328776930103019 
648902.8213166139 -68821.15774626884 -0.005308562208301396 
652037.6175548584 156173.52606120944 -0.004710456513422239 
655172.413793103 388253.3485886733 -0.0033286065494329015 
658307.2100313475 617930.1252252148 -0.001239993612445327 
661442.006269592 824923.5115604418 0.0009521229237679455 
664576.8025078365 982021.6227625727 0.0022825478508477917 
667711.598746081 1070286.9594497925 0.0021102450155643404 
670846.3949843255 1094285.4907228523 0.0008076251685929393 
673981.19122257 1079979.619099156 -0.0003423434666528272 
677115.9874608145 1051963.9118765993 -0.00019319036774552824 
680250.783699059 1009748.4722593621 0.0011772018997476125 
683385.5799373036 928168.4543608079 0.002487512272209463 
686520.3761755481 784288.4333338479 0.0024911592098069164 
689655.1724137926 584594.0260783676 0.0012302540013563908 
692789.9686520371 363889.8328293819 -5.047491054802067e-06 
695924.7648902816 155970.12586283503 -9.131399710260446e-06 
699059.5611285261 -33987.12708130443 0.0010869597126997779 
702194.3573667706 -226614.06214546354 0.0019584022972301777 
705329.1536050151 -438214.9922310943 0.0014827054072530169 
708463.9498432596 -655206.0933706362 -7.415604888314116e-05 
711598.7460815042 -840332.1405275257 -0.0013289096645516365 
714733.5423197487 -964453.5146220195 -0.0012254842619936314 
717868.3385579932 -1030771.2559054657 -0.00013461825958469183 
721003.1347962377 -1066273.453821511 0.0005468808310248356 
724137.9310344822 -1089611.9952634505 -0.00012522982645040996 
727272.7272727267 -1089337.7872473812 -0.001641527922007109 
730407.5235109712 -1035451.1144613263 -0.0025677734591353146 
733542.3197492157 -912122.2753763299 -0.002047034539603935 
736677.1159874602 -737126.2400992448 -0.000695606590439728 
739811.9122257048 -547462.0475311818 4.8486992614333105e-05 
742946.7084639493 -366129.98110351816 -0.0005616205095658553 
746081.5047021938 -184783.95955827142 -0.0017983518637860255 
749216.3009404383 19779.57721195044 -0.002228840521952437 
752351.0971786828 252950.4942200051 -0.0012267825431051017 
755485.8934169273 488126.7633941028 0.0003630016599067247 
758620.6896551718 686250.3940713145 0.0011055658851882397 
761755.4858934163 828824.5788583137 0.00047552637987478916 
764890.2821316608 930006.0135841043 -0.0006011235285334616 
768025.0783699054 1015359.0076766496 -0.0007315914848421172 
771159.8746081499 1089873.5801694435 0.00046919073842875106 
774294.6708463944 1129071.9449164174 0.001964863191633451 
777429.4670846389 1102678.0104714886 0.002379281875844416 
780564.2633228834 1006026.2576241028 0.0014357800374484725 
783699.0595611279 866203.5784426583 0.0002411249656348747 
786833.8557993724 716436.6319435409 0.000116706644927962 
789968.6520376169 565559.469824915 0.0012068007237631849 
793103.4482758614 394490.66443411796 0.0023271676767061163 
796238.244514106 183182.3311587127 0.00221230656828467 
799373.0407523505 -60574.842835156276 0.0008492132174656008 
802507.836990595 -301070.936100801 -0.0005046102122526763 
805642.6332288395 -503705.99622847524 -0.0006371180741267749 
808777.429467084 -662922.9651497441 0.0003523571259435197 
811912.2257053285 -800007.9742983409 0.001167625511438855 
815047.021943573 -933401.3714772917 0.000688907895041265 
818181.8181818175 -1053029.9347063347 -0.0008399957512848447 
821316.614420062 -1125882.810035789 -0.0020588671212527416 
824451.4106583066 -1127142.7114466645 -0.0019121394253390203 
827586.2068965511 -1064267.917186905 -0.0007495903680113884 
830721.0031347956 -968792.0228743374 4.984429709731144e-05 
833855.7993730401 -864497.0147122643 -0.00046562653505419563 
836990.5956112846 -745381.0761629115 -0.0018160925421506543 
840125.3918495291 -586460.3013858051 -0.002592987597842337 
843260.1880877736 -375853.8082928472 -0.00193998255788852 
846394.9843260181 -134184.68171256984 -0.0004543352288085469 
849529.7805642626 99356.60559126962 0.000438471352481911 
852664.5768025072 299913.238777178 -2.150537408580379e-05 
855799.3730407517 474549.827080866 -0.001137157108670116 
858934.1692789962 646378.9460372694 -0.0014963627380410426 
862068.9655172407 822261.7369238654 -0.00046615805950223684 
865203.7617554852 978356.4726133615 0.001132528297459124 
868338.5579937297 1078974.6332547355 0.0018786792963017078 
871473.3542319742 1109140.5793890033 0.0012353421146003073 
874608.1504702187 1086810.2323416665 0.00010392365012110746 
877742.9467084632 1042054.1161729404 -0.000133041234105887 
880877.7429467078 985184.8155106567 0.0009269841513604 
884012.5391849523 897351.0842850469 0.002278107074911515 
887147.3354231968 753415.7043311514 0.0025601575967986543 
890282.1316614413 552927.7162577347 0.0014864261340268997 
893416.9278996858 326449.3704163546 0.00014396421484033986 
896551.7241379303 110376.87481902548 -0.00014843852120375797 
899686.5203761748 -83524.0790253208 0.0007768397508873936 
902821.3166144193 -272141.3656858486 0.00176621886590206 
905956.1128526638 -474709.2974998023 0.001565450038908284 
909090.9090909084 -684176.6689298743 0.0001464477245223944 
912225.7053291529 -866675.0760930697 -0.001254754722211402 
915360.5015673974 -989934.8968249283 -0.0014282931193848724 
918495.2978056419 -1051036.3525060546 -0.0004521041406554704 
921630.0940438864 -1074562.4693214123 0.0004009279854296001 
924764.8902821309 -1083305.3526688737 1.1377167932961614e-05 
927899.6865203754 -1072471.3901066706 -0.001401461520018496 
931034.4827586199 -1014569.7790428738 -0.0025036340835289652 
934169.2789968645 -889830.8575385252 -0.002243690050116315 
937304.075235109 -710102.3347353732 -0.0009536483161799933 
940438.8714733535 -510987.3048776101 3.216995872466419e-06 
943573.667711598 -320332.1676089025 -0.0003335716378178033 
946708.4639498425 -135977.32017070818 -0.0015140547765259572 
949843.260188087 64118.42808750193 -0.0021554880871158724 
952978.0564263315 290347.9137097693 -0.001402004914227822 
956112.852664576 522002.33115872636 0.00016901464271125433 
959247.6489028205 720665.8712612255 0.001146543513719827 
962382.445141065 862679.6672335502 0.00076045181613412 
965517.2413793096 956842.1029692618 -0.00031930672811213883 
968652.0376175541 1029025.7936329568 -0.0006981290010254246 
971786.8338557986 1090141.2460162495 0.0002666956128048977 
974921.6300940431 1121322.3358238663 0.0017814069337699196 
978056.4263322876 1092024.6590808127 0.0024426149243540747 
981191.2225705321 992056.6630638419 0.0017056616730797246 
984326.0188087766 843865.7425615566 0.0004507850075228933 
987460.8150470211 682116.2767440917 5.277476473118832e-05 
990595.6112852657 521927.72094173875 0.0009332381850695763 
993730.4075235102 348924.8800874044 0.002120679299672086 
996865.2037617547 144070.31858016137 0.0021537569363141024 
999999.9999999992 -198170.34530772825 0.0056507398623984965 
